id,avg_x,avg_y,x,y,bg,Square_intensity,circular_intensity,Gaussian_intensity
1,137.870,72.660,134.67,73.48,1191.0,45258.0,12362.0,12362.0
2,137.870,72.660,134.67,73.48,1191.0,42806.0,11867.0,11867.0
3,137.870,72.660,134.67,73.48,1191.0,43112.0,11877.0,11877.0
4,137.870,72.660,134.67,73.48,1191.0,40898.0,10291.0,10291.0
5,137.870,72.660,134.67,73.48,1191.0,42628.0,11187.0,11187.0
6,137.870,72.660,134.67,73.48,1191.0,43615.0,11345.0,11345.0
7,137.870,72.660,134.67,73.48,1191.0,39730.0,7481.0,7481.0
8,137.870,72.660,134.67,73.48,1191.0,41235.0,9326.0,9326.0
9,137.870,72.660,134.67,73.48,1191.0,43550.0,11154.0,11154.0
10,137.870,72.660,134.67,73.48,1191.0,45051.0,13342.0,13342.0
11,137.870,72.660,134.67,73.48,1191.0,42704.0,11326.0,11326.0
12,137.870,72.660,134.67,73.48,1191.0,42732.0,10986.0,10986.0
13,137.870,72.660,134.67,73.48,1191.0,41864.0,10113.0,10113.0
14,137.870,72.660,134.67,73.48,1191.0,40242.0,8407.0,8407.0
15,137.870,72.660,134.67,73.48,1191.0,41901.0,10426.0,10426.0
16,137.870,72.660,134.67,73.48,1191.0,44385.0,13266.0,13266.0
17,137.870,72.660,134.67,73.48,1191.0,43180.0,11518.0,11518.0
18,137.870,72.660,134.67,73.48,1191.0,42831.0,10565.0,10565.0
19,137.870,72.660,134.67,73.48,1191.0,44935.0,13794.0,13794.0
20,137.870,72.660,134.67,73.48,1191.0,44496.0,13028.0,13028.0
21,137.870,72.660,134.67,73.48,1191.0,44710.0,12587.0,12587.0
22,137.870,72.660,134.67,73.48,1191.0,46809.0,15522.0,15522.0
23,137.870,72.660,134.67,73.48,1191.0,43203.0,11510.0,11510.0
24,137.870,72.660,134.67,73.48,1191.0,46178.0,15036.0,15036.0
25,137.870,72.660,134.67,73.48,1191.0,43641.0,12442.0,12442.0
26,137.870,72.660,134.67,73.48,1191.0,41675.0,9593.0,9593.0
27,137.870,72.660,134.67,73.48,1191.0,44540.0,12040.0,12040.0
28,137.870,72.660,134.67,73.48,1191.0,43998.0,11899.0,11899.0
29,137.870,72.660,134.67,73.48,1191.0,45507.0,14078.0,14078.0
30,137.870,72.660,134.67,73.48,1191.0,47579.0,16570.0,16570.0
31,137.870,72.660,134.67,73.48,1191.0,43912.0,12293.0,12293.0
32,137.870,72.660,134.67,73.48,1191.0,42901.0,11788.0,11788.0
33,137.870,72.660,134.67,73.48,1191.0,43455.0,11873.0,11873.0
34,137.870,72.660,134.67,73.48,1191.0,42978.0,10776.0,10776.0
35,137.870,72.660,134.67,73.48,1191.0,45710.0,13585.0,13585.0
36,137.870,72.660,134.67,73.48,1191.0,42495.0,11381.0,11381.0
37,137.870,72.660,134.67,73.48,1191.0,45886.0,14853.0,14853.0
38,137.870,72.660,134.67,73.48,1191.0,44752.0,12071.0,12071.0
39,137.870,72.660,134.67,73.48,1191.0,42951.0,10172.0,10172.0
40,137.870,72.660,134.67,73.48,1191.0,41466.0,9032.0,9032.0
41,137.870,72.660,134.67,73.48,1191.0,43305.0,11235.0,11235.0
42,137.870,72.660,134.67,73.48,1191.0,43672.0,11539.0,11539.0
43,137.870,72.660,134.67,73.48,1191.0,46923.0,14423.0,14423.0
44,137.870,72.660,134.67,73.48,1191.0,42372.0,9973.0,9973.0
45,137.870,72.660,134.67,73.48,1191.0,42924.0,10418.0,10418.0
46,137.870,72.660,134.67,73.48,1191.0,44535.0,11716.0,11716.0
47,137.870,72.660,134.67,73.48,1191.0,44534.0,12596.0,12596.0
48,137.870,72.660,134.67,73.48,1191.0,45748.0,13246.0,13246.0
49,137.870,72.660,134.67,73.48,1191.0,43025.0,11104.0,11104.0
50,137.870,72.660,134.67,73.48,1191.0,43600.0,11132.0,11132.0
51,137.870,72.660,134.67,73.48,1191.0,47188.0,14544.0,14544.0
52,137.870,72.660,134.67,73.48,1191.0,42852.0,10367.0,10367.0
53,137.870,72.660,134.67,73.48,1191.0,42799.0,9776.0,9776.0
54,137.870,72.660,134.67,73.48,1191.0,43362.0,11422.0,11422.0
55,137.870,72.660,134.67,73.48,1191.0,43444.0,11839.0,11839.0
56,137.870,72.660,134.67,73.48,1191.0,43855.0,11967.0,11967.0
57,137.870,72.660,134.67,73.48,1191.0,44602.0,11520.0,11520.0
58,137.870,72.660,134.67,73.48,1191.0,42286.0,9980.0,9980.0
59,137.870,72.660,134.67,73.48,1191.0,43322.0,11855.0,11855.0
60,137.870,72.660,134.67,73.48,1191.0,42122.0,10049.0,10049.0
61,137.870,72.660,134.67,73.48,1191.0,42754.0,11426.0,11426.0
62,137.870,72.660,134.67,73.48,1191.0,43286.0,10983.0,10983.0
63,137.870,72.660,134.67,73.48,1191.0,44246.0,12201.0,12201.0
64,137.870,72.660,134.67,73.48,1191.0,43749.0,11619.0,11619.0
65,137.870,72.660,134.67,73.48,1191.0,40670.0,8892.0,8892.0
66,137.870,72.660,134.67,73.48,1191.0,42525.0,10429.0,10429.0
67,137.870,72.660,134.67,73.48,1191.0,44832.0,13145.0,13145.0
68,137.870,72.660,134.67,73.48,1191.0,39800.0,8449.0,8449.0
69,137.870,72.660,134.67,73.48,1191.0,43631.0,11452.0,11452.0
70,137.870,72.660,134.67,73.48,1191.0,43213.0,11001.0,11001.0
71,137.870,72.660,134.67,73.48,1191.0,45440.0,14318.0,14318.0
72,137.870,72.660,134.67,73.48,1191.0,44930.0,13412.0,13412.0
73,137.870,72.660,134.67,73.48,1191.0,43072.0,11350.0,11350.0
74,137.870,72.660,134.67,73.48,1191.0,46659.0,14674.0,14674.0
75,137.870,72.660,134.67,73.48,1191.0,41997.0,11628.0,11628.0
76,137.870,72.660,134.67,73.48,1191.0,44777.0,13215.0,13215.0
77,137.870,72.660,134.67,73.48,1191.0,45042.0,13223.0,13223.0
78,137.870,72.660,134.67,73.48,1191.0,42558.0,10682.0,10682.0
79,137.870,72.660,134.67,73.48,1191.0,43521.0,11733.0,11733.0
80,137.870,72.660,134.67,73.48,1191.0,42578.0,10342.0,10342.0
81,137.870,72.660,134.67,73.48,1191.0,42227.0,10403.0,10403.0
82,137.870,72.660,134.67,73.48,1191.0,41656.0,10086.0,10086.0
83,137.870,72.660,134.67,73.48,1191.0,43102.0,11257.0,11257.0
84,137.870,72.660,134.67,73.48,1191.0,44001.0,13055.0,13055.0
85,137.870,72.660,134.67,73.48,1191.0,44663.0,13464.0,13464.0
86,137.870,72.660,134.67,73.48,1191.0,44943.0,13929.0,13929.0
87,137.870,72.660,134.67,73.48,1191.0,41119.0,9821.0,9821.0
88,137.870,72.660,134.67,73.48,1191.0,43914.0,11973.0,11973.0
89,137.870,72.660,134.67,73.48,1191.0,42623.0,10730.0,10730.0
90,137.870,72.660,134.67,73.48,1191.0,42522.0,10011.0,10011.0
91,137.870,72.660,134.67,73.48,1191.0,42763.0,11349.0,11349.0
92,137.870,72.660,134.67,73.48,1191.0,42431.0,10153.0,10153.0
93,137.870,72.660,134.67,73.48,1191.0,45738.0,13624.0,13624.0
94,137.870,72.660,134.67,73.48,1191.0,44149.0,13325.0,13325.0
95,137.870,72.660,134.67,73.48,1191.0,46643.0,15813.0,15813.0
96,137.870,72.660,134.67,73.48,1191.0,45483.0,13889.0,13889.0
97,137.870,72.660,134.67,73.48,1191.0,45891.0,14711.0,14711.0
98,137.870,72.660,134.67,73.48,1191.0,46931.0,15596.0,15596.0
99,137.870,72.660,134.67,73.48,1191.0,45292.0,13783.0,13783.0
100,137.870,72.660,134.67,73.48,1191.0,43013.0,10610.0,10610.0
101,137.870,72.660,134.4,73.73,1191.0,42049.0,11406.0,11406.0
102,137.870,72.660,134.67,73.48,1191.0,42808.0,11349.0,11349.0
103,137.870,72.660,134.48,73.26,1191.0,43307.0,12960.0,12960.0
104,137.870,72.660,134.67,73.48,1191.0,42673.0,12215.0,12215.0
105,137.870,72.660,134.53,73.31,1191.0,44710.0,13901.0,13901.0
106,137.870,72.660,134.67,73.48,1191.0,46741.0,15895.0,15895.0
107,137.870,72.660,134.67,73.48,1191.0,44803.0,12711.0,12711.0
108,137.870,72.660,134.67,73.48,1191.0,40670.0,8595.0,8595.0
109,137.870,72.660,134.65,73.43,1191.0,42834.0,10908.0,10908.0
110,137.870,72.660,134.47,73.39,1191.0,43068.0,9727.0,9727.0
111,137.870,72.660,134.95,73.4,1191.0,44192.0,13299.0,13299.0
112,137.870,72.660,134.68,73.42,1191.0,43906.0,12526.0,12526.0
113,137.870,72.660,134.31,73.37,1191.0,42317.0,10350.0,10350.0
114,137.870,72.660,134.42,73.46,1191.0,43243.0,9918.0,9918.0
115,137.870,72.660,134.54,73.57,1191.0,43744.0,10139.0,10139.0
116,137.870,72.660,134.83,73.27,1191.0,44058.0,11972.0,11972.0
117,137.870,72.660,134.55,73.52,1191.0,43302.0,9920.0,9920.0
118,137.870,72.660,134.44,73.17,1191.0,42342.0,10085.0,10085.0
119,137.870,72.660,134.64,73.16,1191.0,42398.0,9646.0,9646.0
120,137.870,72.660,134.67,73.48,1191.0,41950.0,10013.0,10013.0
121,137.870,72.660,133.2,73.7,1191.0,42543.0,9482.0,9482.0
122,137.870,72.660,134.67,73.48,1191.0,40761.0,8689.0,8689.0
123,137.870,72.660,134.67,73.48,1191.0,39062.0,7466.0,7466.0
124,137.870,72.660,134.57,73.41,1191.0,38917.0,6805.0,6805.0
125,137.870,72.660,134.39,73.44,1191.0,44760.0,11172.0,11172.0
126,137.870,72.660,134.59,73.32,1191.0,41425.0,9965.0,9965.0
127,137.870,72.660,134.67,73.48,1191.0,39357.0,7919.0,7919.0
128,137.870,72.660,134.4,73.16,1191.0,41776.0,8817.0,8817.0
129,137.870,72.660,134.85,72.99,1191.0,41689.0,10664.0,10664.0
130,137.870,72.660,134.49,73.35,1191.0,43408.0,10293.0,10293.0
131,137.870,72.660,134.36,73.16,1191.0,43930.0,11406.0,11406.0
132,137.870,72.660,134.91,73.48,1191.0,41841.0,10949.0,10949.0
133,137.870,72.660,134.73,73.29,1191.0,40798.0,8501.0,8501.0
134,137.870,72.660,134.62,73.16,1191.0,42011.0,10623.0,10623.0
135,137.870,72.660,134.59,73.52,1191.0,40990.0,8926.0,8926.0
136,137.870,72.660,134.67,73.48,1191.0,39133.0,6816.0,6816.0
137,137.870,72.660,134.75,73.21,1191.0,41036.0,9439.0,9439.0
138,137.870,72.660,134.46,73.02,1191.0,40947.0,9064.0,9064.0
139,137.870,72.660,134.57,73.51,1191.0,40422.0,7193.0,7193.0
140,137.870,72.660,134.67,73.48,1191.0,40262.0,8396.0,8396.0
141,137.870,72.660,134.53,73.41,1191.0,43281.0,10043.0,10043.0
142,137.870,72.660,134.61,73.54,1191.0,42074.0,8516.0,8516.0
143,137.870,72.660,134.52,73.09,1191.0,39539.0,8765.0,8765.0
144,137.870,72.660,134.66,73.44,1191.0,42470.0,9965.0,9965.0
145,137.870,72.660,134.56,73.5,1191.0,42371.0,9727.0,9727.0
146,137.870,72.660,134.45,73.52,1191.0,44624.0,11415.0,11415.0
147,137.870,72.660,134.49,73.09,1191.0,42058.0,10764.0,10764.0
148,137.870,72.660,134.57,73.48,1191.0,40807.0,9124.0,9124.0
149,137.870,72.660,134.48,73.25,1191.0,41435.0,10271.0,10271.0
150,137.870,72.660,134.21,73.55,1191.0,42191.0,10508.0,10508.0
151,137.870,72.660,134.64,73.24,1191.0,42434.0,9895.0,9895.0
152,137.870,72.660,134.56,73.16,1191.0,43837.0,11542.0,11542.0
153,137.870,72.660,134.46,73.43,1191.0,42369.0,10708.0,10708.0
154,137.870,72.660,134.47,73.17,1191.0,41768.0,9297.0,9297.0
155,137.870,72.660,134.84,73.26,1191.0,43870.0,11420.0,11420.0
156,137.870,72.660,134.67,73.48,1191.0,43495.0,10885.0,10885.0
157,137.870,72.660,134.51,73.47,1191.0,42935.0,9495.0,9495.0
158,137.870,72.660,134.59,73.27,1191.0,41391.0,10249.0,10249.0
159,137.870,72.660,134.45,73.05,1191.0,44510.0,13197.0,13197.0
160,137.870,72.660,134.67,73.48,1191.0,42163.0,10771.0,10771.0
161,137.870,72.660,134.47,73.36,1191.0,43611.0,11774.0,11774.0
162,137.870,72.660,134.31,73.54,1191.0,45829.0,13343.0,13343.0
163,137.870,72.660,134.67,73.48,1191.0,41739.0,10819.0,10819.0
164,137.870,72.660,134.67,73.48,1191.0,41235.0,9928.0,9928.0
165,137.870,72.660,134.67,73.48,1191.0,43117.0,11445.0,11445.0
166,137.870,72.660,134.66,73.42,1191.0,44496.0,12978.0,12978.0
167,137.870,72.660,134.67,73.48,1191.0,42761.0,11766.0,11766.0
168,137.870,72.660,134.67,73.48,1191.0,42662.0,11007.0,11007.0
169,137.870,72.660,134.67,73.48,1191.0,44552.0,12876.0,12876.0
170,137.870,72.660,134.53,73.27,1191.0,40322.0,9759.0,9759.0
171,137.870,72.660,134.77,73.37,1191.0,43477.0,11677.0,11677.0
172,137.870,72.660,134.34,73.49,1191.0,41124.0,8082.0,8082.0
173,137.870,72.660,134.45,73.39,1191.0,43022.0,10062.0,10062.0
174,137.870,72.660,134.69,73.33,1191.0,42247.0,10727.0,10727.0
175,137.870,72.660,134.64,73.45,1191.0,46857.0,14049.0,14049.0
176,137.870,72.660,134.51,73.32,1191.0,42645.0,11767.0,11767.0
177,137.870,72.660,134.67,73.48,1191.0,41202.0,9595.0,9595.0
178,137.870,72.660,134.6,73.24,1191.0,42427.0,11055.0,11055.0
179,137.870,72.660,134.48,73.46,1191.0,45215.0,10632.0,10632.0
180,137.870,72.660,134.6,73.23,1191.0,44446.0,12859.0,12859.0
181,137.870,72.660,134.66,73.2,1191.0,45801.0,14925.0,14925.0
182,137.870,72.660,134.44,73.18,1191.0,47888.0,15807.0,15807.0
183,137.870,72.660,134.8,73.32,1191.0,45889.0,13968.0,13968.0
184,137.870,72.660,134.67,73.48,1191.0,43347.0,12312.0,12312.0
185,137.870,72.660,134.47,73.5,1191.0,44274.0,10966.0,10966.0
186,137.870,72.660,134.54,73.19,1191.0,42010.0,10400.0,10400.0
187,137.870,72.660,134.64,73.42,1191.0,42057.0,10224.0,10224.0
188,137.870,72.660,134.63,73.11,1191.0,41113.0,9166.0,9166.0
189,137.870,72.660,134.4,73.48,1191.0,45635.0,11049.0,11049.0
190,137.870,72.660,134.67,73.48,1191.0,43769.0,12731.0,12731.0
191,137.870,72.660,134.54,73.44,1191.0,46808.0,12446.0,12446.0
192,137.870,72.660,134.53,73.36,1191.0,41667.0,8693.0,8693.0
193,137.870,72.660,134.46,73.29,1191.0,41781.0,10953.0,10953.0
194,137.870,72.660,134.56,73.31,1191.0,44074.0,12004.0,12004.0
195,137.870,72.660,134.51,73.11,1191.0,45230.0,15098.0,15098.0
196,137.870,72.660,134.77,73.16,1191.0,46149.0,13936.0,13936.0
197,137.870,72.660,134.67,73.48,1191.0,44083.0,12620.0,12620.0
198,137.870,72.660,134.67,73.48,1191.0,43373.0,12436.0,12436.0
199,137.870,72.660,134.77,73.2,1191.0,45288.0,13990.0,13990.0
200,137.870,72.660,134.69,73.35,1191.0,43584.0,12944.0,12944.0
201,137.870,72.660,134.55,73.21,1191.0,46474.0,15404.0,15404.0
202,137.870,72.660,134.45,73.4,1191.0,47066.0,14040.0,14040.0
203,137.870,72.660,134.52,73.31,1191.0,44023.0,13228.0,13228.0
204,137.870,72.660,134.38,73.38,1191.0,46196.0,15142.0,15142.0
205,137.870,72.660,134.65,73.1,1191.0,46907.0,14253.0,14253.0
206,137.870,72.660,134.44,73.21,1191.0,44831.0,13614.0,13614.0
207,137.870,72.660,134.54,73.12,1191.0,45959.0,13895.0,13895.0
208,137.870,72.660,134.49,73.29,1191.0,44499.0,13380.0,13380.0
209,137.870,72.660,134.67,73.48,1191.0,47082.0,15341.0,15341.0
210,137.870,72.660,134.67,73.48,1191.0,45270.0,13770.0,13770.0
211,137.870,72.660,134.66,73.24,1191.0,48201.0,15867.0,15867.0
212,137.870,72.660,134.34,73.21,1191.0,46966.0,15884.0,15884.0
213,137.870,72.660,134.68,73.17,1191.0,46419.0,14484.0,14484.0
214,137.870,72.660,134.5,73.27,1191.0,42667.0,11603.0,11603.0
215,137.870,72.660,134.46,73.38,1191.0,44146.0,10924.0,10924.0
216,137.870,72.660,134.33,73.25,1191.0,46497.0,13888.0,13888.0
217,137.870,72.660,134.67,73.48,1191.0,43496.0,11633.0,11633.0
218,137.870,72.660,134.59,73.45,1191.0,45620.0,13517.0,13517.0
219,137.870,72.660,134.67,73.1,1191.0,44074.0,12035.0,12035.0
220,137.870,72.660,134.56,73.11,1191.0,45787.0,14208.0,14208.0
221,137.870,72.660,134.64,73.4,1191.0,47110.0,15214.0,15214.0
222,137.870,72.660,134.33,73.45,1191.0,46365.0,13835.0,13835.0
223,137.870,72.660,134.54,73.19,1191.0,44282.0,12815.0,12815.0
224,137.870,72.660,134.54,73.33,1191.0,42993.0,10871.0,10871.0
225,137.870,72.660,134.36,73.0,1191.0,45802.0,14060.0,14060.0
226,137.870,72.660,134.67,73.48,1191.0,44698.0,14029.0,14029.0
227,137.870,72.660,134.59,73.23,1191.0,45126.0,12803.0,12803.0
228,137.870,72.660,134.31,73.31,1191.0,43463.0,11939.0,11939.0
229,137.870,72.660,134.4,73.47,1191.0,45421.0,12609.0,12609.0
230,137.870,72.660,134.4,73.25,1191.0,43718.0,11875.0,11875.0
231,137.870,72.660,134.5,73.11,1191.0,43200.0,11772.0,11772.0
232,137.870,72.660,134.37,73.13,1191.0,44226.0,11903.0,11903.0
233,137.870,72.660,134.53,73.33,1191.0,43441.0,11445.0,11445.0
234,137.870,72.660,134.54,73.36,1191.0,46839.0,13197.0,13197.0
235,137.870,72.660,134.63,73.12,1191.0,43153.0,11439.0,11439.0
236,137.870,72.660,134.53,73.35,1191.0,43901.0,12646.0,12646.0
237,137.870,72.660,134.66,73.18,1191.0,41400.0,8892.0,8892.0
238,137.870,72.660,134.77,73.03,1191.0,47330.0,14750.0,14750.0
239,137.870,72.660,134.67,73.48,1191.0,43180.0,10996.0,10996.0
240,137.870,72.660,134.6,73.3,1191.0,44038.0,12772.0,12772.0
241,137.870,72.660,134.67,73.48,1191.0,41509.0,10216.0,10216.0
242,137.870,72.660,134.67,73.48,1191.0,40600.0,9773.0,9773.0
243,137.870,72.660,134.39,73.24,1191.0,44358.0,12262.0,12262.0
244,137.870,72.660,134.52,73.25,1191.0,47773.0,16207.0,16207.0
245,137.870,72.660,134.68,72.85,1191.0,46613.0,14815.0,14815.0
246,137.870,72.660,134.73,73.28,1191.0,47143.0,15283.0,15283.0
247,137.870,72.660,134.48,73.22,1191.0,47738.0,15449.0,15449.0
248,137.870,72.660,134.55,73.24,1191.0,43283.0,12935.0,12935.0
249,137.870,72.660,134.46,73.24,1191.0,47522.0,16554.0,16554.0
250,137.870,72.660,134.44,73.31,1191.0,49041.0,16269.0,16269.0
251,137.870,72.660,134.41,73.33,1191.0,47290.0,16209.0,16209.0
252,137.870,72.660,134.32,73.23,1191.0,47123.0,14163.0,14163.0
253,137.870,72.660,134.64,73.13,1191.0,50300.0,17463.0,17463.0
254,137.870,72.660,134.57,73.45,1191.0,44989.0,11302.0,11302.0
255,137.870,72.660,134.37,73.15,1191.0,49395.0,17639.0,17639.0
256,137.870,72.660,134.66,73.3,1191.0,48912.0,17301.0,17301.0
257,137.870,72.660,134.54,73.48,1191.0,49030.0,15663.0,15663.0
258,137.870,72.660,134.49,73.2,1191.0,47222.0,15178.0,15178.0
259,137.870,72.660,134.52,73.29,1191.0,45319.0,14524.0,14524.0
260,137.870,72.660,134.56,73.21,1191.0,48322.0,17416.0,17416.0
261,137.870,72.660,134.41,73.32,1191.0,47948.0,15731.0,15731.0
262,137.870,72.660,134.68,73.04,1191.0,46443.0,13401.0,13401.0
263,137.870,72.660,134.58,73.2,1191.0,47488.0,15600.0,15600.0
264,137.870,72.660,134.53,73.41,1191.0,49621.0,15283.0,15283.0
265,137.870,72.660,134.57,73.32,1191.0,52747.0,20961.0,20961.0
266,137.870,72.660,134.26,73.16,1191.0,51293.0,18689.0,18689.0
267,137.870,72.660,134.68,73.18,1191.0,50310.0,17154.0,17154.0
268,137.870,72.660,134.45,73.37,1191.0,51007.0,17542.0,17542.0
269,137.870,72.660,134.51,73.24,1191.0,48015.0,16478.0,16478.0
270,137.870,72.660,134.54,73.27,1191.0,49481.0,18795.0,18795.0
271,137.870,72.660,134.7,73.18,1191.0,48278.0,15745.0,15745.0
272,137.870,72.660,134.43,73.32,1191.0,49907.0,17252.0,17252.0
273,137.870,72.660,134.54,73.16,1191.0,48208.0,16685.0,16685.0
274,137.870,72.660,134.56,73.23,1191.0,46775.0,15761.0,15761.0
275,137.870,72.660,134.56,73.35,1191.0,49306.0,16517.0,16517.0
276,137.870,72.660,134.44,73.36,1191.0,45640.0,12736.0,12736.0
277,137.870,72.660,134.33,73.08,1191.0,47715.0,15877.0,15877.0
278,137.870,72.660,134.48,73.24,1191.0,47339.0,15362.0,15362.0
279,137.870,72.660,134.71,73.22,1191.0,45572.0,12726.0,12726.0
280,137.870,72.660,134.45,73.07,1191.0,48954.0,16590.0,16590.0
281,137.870,72.660,134.31,73.22,1191.0,46179.0,14508.0,14508.0
282,137.870,72.660,134.35,73.27,1191.0,48566.0,15232.0,15232.0
283,137.870,72.660,134.56,73.35,1191.0,47979.0,15309.0,15309.0
284,137.870,72.660,134.63,73.12,1191.0,47616.0,14089.0,14089.0
285,137.870,72.660,134.44,73.13,1191.0,44184.0,12536.0,12536.0
286,137.870,72.660,134.53,73.14,1191.0,46005.0,13816.0,13816.0
287,137.870,72.660,134.54,73.4,1191.0,48097.0,15318.0,15318.0
288,137.870,72.660,134.38,73.06,1191.0,45008.0,13320.0,13320.0
289,137.870,72.660,134.55,73.2,1191.0,45471.0,14038.0,14038.0
290,137.870,72.660,134.28,73.42,1191.0,47080.0,15619.0,15619.0
291,137.870,72.660,134.51,73.26,1191.0,48181.0,16355.0,16355.0
292,137.870,72.660,134.41,73.14,1191.0,47328.0,14572.0,14572.0
293,137.870,72.660,134.54,73.16,1191.0,46651.0,14336.0,14336.0
294,137.870,72.660,134.32,73.12,1191.0,47182.0,14240.0,14240.0
295,137.870,72.660,134.6,73.27,1191.0,47599.0,17105.0,17105.0
296,137.870,72.660,134.65,73.11,1191.0,48350.0,15203.0,15203.0
297,137.870,72.660,134.56,73.3,1191.0,46705.0,15594.0,15594.0
298,137.870,72.660,134.53,73.18,1191.0,52002.0,19830.0,19830.0
299,137.870,72.660,134.56,73.21,1191.0,45164.0,13335.0,13335.0
300,137.870,72.660,134.48,73.01,1191.0,47257.0,15226.0,15226.0
301,137.870,72.660,134.4,73.07,1191.0,47738.0,15785.0,15785.0
302,137.870,72.660,134.68,73.18,1191.0,49248.0,16874.0,16874.0
303,137.870,72.660,134.47,73.17,1191.0,51630.0,19240.0,19240.0
304,137.870,72.660,134.38,73.21,1191.0,47189.0,15430.0,15430.0
305,137.870,72.660,134.82,73.26,1191.0,49632.0,16112.0,16112.0
306,137.870,72.660,134.61,73.0,1191.0,49048.0,16295.0,16295.0
307,137.870,72.660,134.56,73.15,1191.0,51349.0,18872.0,18872.0
308,137.870,72.660,134.47,73.3,1191.0,46455.0,15018.0,15018.0
309,137.870,72.660,134.25,73.19,1191.0,50377.0,17219.0,17219.0
310,137.870,72.660,134.41,73.12,1191.0,50149.0,18114.0,18114.0
311,137.870,72.660,134.64,73.19,1191.0,49734.0,16593.0,16593.0
312,137.870,72.660,134.4,73.14,1191.0,44353.0,12569.0,12569.0
313,137.870,72.660,134.67,73.48,1191.0,47497.0,15958.0,15958.0
314,137.870,72.660,134.25,73.06,1191.0,49139.0,16322.0,16322.0
315,137.870,72.660,134.63,73.08,1191.0,49023.0,16789.0,16789.0
316,137.870,72.660,134.45,73.13,1191.0,51706.0,19593.0,19593.0
317,137.870,72.660,134.35,72.98,1191.0,48919.0,17481.0,17481.0
318,137.870,72.660,134.55,72.89,1191.0,52348.0,21839.0,21839.0
319,137.870,72.660,134.57,73.02,1191.0,47828.0,16954.0,16954.0
320,137.870,72.660,134.56,73.15,1191.0,47528.0,15796.0,15796.0
321,137.870,72.660,134.43,73.38,1191.0,48587.0,15659.0,15659.0
322,137.870,72.660,134.42,73.16,1191.0,49895.0,17775.0,17775.0
323,137.870,72.660,134.56,73.13,1191.0,51455.0,18555.0,18555.0
324,137.870,72.660,134.49,73.27,1191.0,48263.0,17180.0,17180.0
325,137.870,72.660,134.28,73.16,1191.0,46143.0,13237.0,13237.0
326,137.870,72.660,134.41,73.29,1191.0,50233.0,19021.0,19021.0
327,137.870,72.660,134.39,73.15,1191.0,46066.0,14168.0,14168.0
328,137.870,72.660,134.54,73.23,1191.0,48702.0,18170.0,18170.0
329,137.870,72.660,134.68,73.04,1191.0,44997.0,11998.0,11998.0
330,137.870,72.660,134.56,73.45,1191.0,46736.0,13451.0,13451.0
331,137.870,72.660,134.58,73.11,1191.0,47617.0,15237.0,15237.0
332,137.870,72.660,134.35,73.08,1191.0,46874.0,14853.0,14853.0
333,137.870,72.660,134.5,73.3,1191.0,43955.0,12958.0,12958.0
334,137.870,72.660,134.69,73.21,1191.0,45527.0,14804.0,14804.0
335,137.870,72.660,134.43,73.16,1191.0,46175.0,14405.0,14405.0
336,137.870,72.660,134.49,73.12,1191.0,46297.0,14822.0,14822.0
337,137.870,72.660,134.49,73.32,1191.0,48987.0,17205.0,17205.0
338,137.870,72.660,134.59,73.18,1191.0,46607.0,13979.0,13979.0
339,137.870,72.660,134.39,73.21,1191.0,46463.0,14270.0,14270.0
340,137.870,72.660,134.6,73.03,1191.0,44073.0,10740.0,10740.0
341,137.870,72.660,134.44,73.24,1191.0,44420.0,12661.0,12661.0
342,137.870,72.660,134.23,73.33,1191.0,46953.0,15017.0,15017.0
343,137.870,72.660,134.21,73.29,1191.0,44529.0,12663.0,12663.0
344,137.870,72.660,134.58,73.24,1191.0,44412.0,12748.0,12748.0
345,137.870,72.660,134.63,73.03,1191.0,45630.0,14534.0,14534.0
346,137.870,72.660,134.43,73.33,1191.0,44387.0,12055.0,12055.0
347,137.870,72.660,134.63,73.07,1191.0,45365.0,12805.0,12805.0
348,137.870,72.660,134.6,73.27,1191.0,43228.0,11819.0,11819.0
349,137.870,72.660,134.39,72.96,1191.0,40715.0,10063.0,10063.0
350,137.870,72.660,134.39,73.22,1191.0,41596.0,9738.0,9738.0
351,137.870,72.660,134.48,73.4,1191.0,42000.0,11091.0,11091.0
352,137.870,72.660,134.67,73.48,1191.0,28878.0,0.0,0.0
353,137.870,72.660,134.67,73.48,1191.0,28356.0,0.0,0.0
354,137.870,72.660,134.67,73.48,1191.0,31992.0,2992.0,2992.0
355,137.870,72.660,134.35,73.02,1191.0,45520.0,13682.0,13682.0
356,137.870,72.660,134.7,73.17,1191.0,41706.0,9324.0,9324.0
357,137.870,72.660,134.69,73.21,1191.0,44113.0,12392.0,12392.0
358,137.870,72.660,134.47,73.25,1191.0,47699.0,16335.0,16335.0
359,137.870,72.660,134.39,73.26,1191.0,44976.0,13709.0,13709.0
360,137.870,72.660,134.52,73.11,1191.0,44092.0,12536.0,12536.0
361,137.870,72.660,134.44,73.3,1191.0,42639.0,12187.0,12187.0
362,137.870,72.660,134.67,73.48,1191.0,44791.0,12469.0,12469.0
363,137.870,72.660,134.37,73.22,1191.0,47289.0,15109.0,15109.0
364,137.870,72.660,134.4,73.17,1191.0,45236.0,12989.0,12989.0
365,137.870,72.660,134.47,73.35,1191.0,45680.0,12883.0,12883.0
366,137.870,72.660,134.43,73.28,1191.0,46535.0,15294.0,15294.0
367,137.870,72.660,134.57,73.21,1191.0,46928.0,15191.0,15191.0
368,137.870,72.660,134.25,73.02,1191.0,46768.0,12958.0,12958.0
369,137.870,72.660,134.46,73.2,1191.0,42590.0,11028.0,11028.0
370,137.870,72.660,134.49,73.44,1191.0,46579.0,12268.0,12268.0
371,137.870,72.660,134.48,73.03,1191.0,46046.0,15078.0,15078.0
372,137.870,72.660,134.51,73.07,1191.0,46103.0,15238.0,15238.0
373,137.870,72.660,134.56,73.3,1191.0,45433.0,12875.0,12875.0
374,137.870,72.660,134.52,73.01,1191.0,48751.0,17374.0,17374.0
375,137.870,72.660,134.5,73.12,1191.0,49394.0,18100.0,18100.0
376,137.870,72.660,134.29,72.99,1191.0,45921.0,13944.0,13944.0
377,137.870,72.660,134.55,73.44,1191.0,44583.0,11659.0,11659.0
378,137.870,72.660,134.52,73.04,1191.0,45796.0,15099.0,15099.0
379,137.870,72.660,134.65,73.16,1191.0,46486.0,13733.0,13733.0
380,137.870,72.660,134.46,73.17,1191.0,45719.0,13672.0,13672.0
381,137.870,72.660,134.67,73.17,1191.0,44701.0,12145.0,12145.0
382,137.870,72.660,134.59,73.03,1191.0,44571.0,13263.0,13263.0
383,137.870,72.660,134.58,73.4,1191.0,43954.0,11924.0,11924.0
384,137.870,72.660,134.25,73.03,1191.0,44844.0,11392.0,11392.0
385,137.870,72.660,134.67,73.48,1191.0,43299.0,11186.0,11186.0
386,137.870,72.660,134.43,73.06,1191.0,44655.0,12482.0,12482.0
387,137.870,72.660,134.36,73.06,1191.0,41852.0,10390.0,10390.0
388,137.870,72.660,134.4,73.2,1191.0,44203.0,12054.0,12054.0
389,137.870,72.660,134.74,72.88,1191.0,45577.0,13550.0,13550.0
390,137.870,72.660,134.3,73.14,1191.0,42358.0,9184.0,9184.0
391,137.870,72.660,134.62,73.04,1191.0,46853.0,13500.0,13500.0
392,137.870,72.660,134.62,72.98,1191.0,43413.0,12349.0,12349.0
393,137.870,72.660,134.54,73.13,1191.0,45432.0,13964.0,13964.0
394,137.870,72.660,134.41,73.19,1191.0,46020.0,14061.0,14061.0
395,137.870,72.660,134.67,73.48,1191.0,44594.0,13270.0,13270.0
396,137.870,72.660,134.6,73.46,1191.0,44496.0,10625.0,10625.0
397,137.870,72.660,134.47,73.19,1191.0,45363.0,13509.0,13509.0
398,137.870,72.660,134.67,73.48,1191.0,44458.0,12574.0,12574.0
399,137.870,72.660,134.35,72.93,1191.0,49441.0,17813.0,17813.0
400,137.870,72.660,134.6,73.06,1191.0,48754.0,17946.0,17946.0
401,137.870,72.660,134.5,73.0,1191.0,46355.0,14900.0,14900.0
402,137.870,72.660,134.61,72.98,1191.0,46225.0,14374.0,14374.0
403,137.870,72.660,134.35,73.09,1191.0,48619.0,15852.0,15852.0
404,137.870,72.660,134.48,72.96,1191.0,49554.0,20241.0,20241.0
405,137.870,72.660,134.63,73.12,1191.0,52065.0,20617.0,20617.0
406,137.870,72.660,134.59,73.27,1191.0,47503.0,17660.0,17660.0
407,137.870,72.660,134.55,73.12,1191.0,52074.0,21019.0,21019.0
408,137.870,72.660,134.67,73.48,1191.0,48263.0,17299.0,17299.0
409,137.870,72.660,134.36,73.2,1191.0,50945.0,19674.0,19674.0
410,137.870,72.660,134.29,73.05,1191.0,46958.0,14109.0,14109.0
411,137.870,72.660,134.47,72.93,1191.0,48046.0,18728.0,18728.0
412,137.870,72.660,134.33,73.04,1191.0,43442.0,11657.0,11657.0
413,137.870,72.660,134.44,73.16,1191.0,47377.0,15938.0,15938.0
414,137.870,72.660,134.5,72.98,1191.0,50089.0,19076.0,19076.0
415,137.870,72.660,134.67,73.0,1191.0,49991.0,17956.0,17956.0
416,137.870,72.660,134.6,73.12,1191.0,50383.0,18205.0,18205.0
417,137.870,72.660,134.43,72.97,1191.0,51601.0,20124.0,20124.0
418,137.870,72.660,134.3,73.15,1191.0,46974.0,13673.0,13673.0
419,137.870,72.660,134.55,73.06,1191.0,51120.0,19836.0,19836.0
420,137.870,72.660,134.64,73.01,1191.0,48080.0,15652.0,15652.0
421,137.870,72.660,134.69,73.11,1191.0,49013.0,15940.0,15940.0
422,137.870,72.660,134.46,73.08,1191.0,52994.0,21742.0,21742.0
423,137.870,72.660,134.64,73.31,1191.0,53213.0,21983.0,21983.0
424,137.870,72.660,134.67,73.48,1191.0,51974.0,20003.0,20003.0
425,137.870,72.660,134.39,73.1,1191.0,51332.0,19070.0,19070.0
426,137.870,72.660,134.37,73.17,1191.0,51130.0,18584.0,18584.0
427,137.870,72.660,134.5,73.12,1191.0,50394.0,19384.0,19384.0
428,137.870,72.660,134.6,73.25,1191.0,50756.0,18791.0,18791.0
429,137.870,72.660,134.67,73.07,1191.0,51217.0,19492.0,19492.0
430,137.870,72.660,134.55,73.1,1191.0,50486.0,18869.0,18869.0
431,137.870,72.660,134.47,73.12,1191.0,51868.0,20135.0,20135.0
432,137.870,72.660,134.43,73.1,1191.0,51099.0,18586.0,18586.0
433,137.870,72.660,134.43,73.12,1191.0,52783.0,20860.0,20860.0
434,137.870,72.660,134.43,73.05,1191.0,55736.0,23179.0,23179.0
435,137.870,72.660,134.31,73.17,1191.0,50154.0,18011.0,18011.0
436,137.870,72.660,134.42,73.14,1191.0,51681.0,20739.0,20739.0
437,137.870,72.660,134.61,73.2,1191.0,47872.0,17444.0,17444.0
438,137.870,72.660,134.41,73.1,1191.0,55924.0,24201.0,24201.0
439,137.870,72.660,134.4,73.11,1191.0,53936.0,22169.0,22169.0
440,137.870,72.660,134.64,73.13,1191.0,48421.0,15548.0,15548.0
441,137.870,72.660,134.65,73.2,1191.0,57110.0,25559.0,25559.0
442,137.870,72.660,134.41,73.21,1191.0,49918.0,19101.0,19101.0
443,137.870,72.660,134.67,73.48,1191.0,51980.0,21154.0,21154.0
444,137.870,72.660,134.32,73.17,1191.0,52182.0,19969.0,19969.0
445,137.870,72.660,134.67,73.48,1191.0,49676.0,19217.0,19217.0
446,137.870,72.660,134.39,73.1,1191.0,47873.0,15833.0,15833.0
447,137.870,72.660,134.37,73.05,1191.0,53971.0,22234.0,22234.0
448,137.870,72.660,134.66,73.05,1191.0,49814.0,17624.0,17624.0
449,137.870,72.660,134.53,73.31,1191.0,50228.0,18714.0,18714.0
450,137.870,72.660,134.54,73.07,1191.0,49939.0,18703.0,18703.0
451,137.870,72.660,134.51,73.15,1191.0,45571.0,14857.0,14857.0
452,137.870,72.660,134.63,73.04,1191.0,47526.0,15378.0,15378.0
453,137.870,72.660,134.47,73.18,1191.0,47794.0,17202.0,17202.0
454,137.870,72.660,134.47,73.25,1191.0,49403.0,18303.0,18303.0
455,137.870,72.660,134.67,73.48,1191.0,47531.0,15851.0,15851.0
456,137.870,72.660,134.3,73.09,1191.0,50976.0,17779.0,17779.0
457,137.870,72.660,134.44,73.11,1191.0,49434.0,17563.0,17563.0
458,137.870,72.660,134.47,73.16,1191.0,50165.0,19399.0,19399.0
459,137.870,72.660,134.68,73.08,1191.0,51355.0,20384.0,20384.0
460,137.870,72.660,134.59,73.23,1191.0,50003.0,18404.0,18404.0
461,137.870,72.660,134.46,73.05,1191.0,48722.0,18714.0,18714.0
462,137.870,72.660,134.43,73.15,1191.0,53327.0,22124.0,22124.0
463,137.870,72.660,134.57,73.0,1191.0,51628.0,18947.0,18947.0
464,137.870,72.660,134.48,73.13,1191.0,49803.0,19053.0,19053.0
465,137.870,72.660,134.6,72.97,1191.0,49290.0,17397.0,17397.0
466,137.870,72.660,134.46,73.18,1191.0,50371.0,19441.0,19441.0
467,137.870,72.660,134.67,73.48,1191.0,46171.0,14336.0,14336.0
468,137.870,72.660,134.54,72.98,1191.0,49555.0,18160.0,18160.0
469,137.870,72.660,134.36,73.38,1191.0,47106.0,15832.0,15832.0
470,137.870,72.660,134.37,73.23,1191.0,47264.0,15780.0,15780.0
471,137.870,72.660,134.6,73.24,1191.0,49701.0,18579.0,18579.0
472,137.870,72.660,134.51,73.21,1191.0,47586.0,14940.0,14940.0
473,137.870,72.660,134.73,73.01,1191.0,50506.0,18797.0,18797.0
474,137.870,72.660,134.67,73.48,1191.0,49272.0,17583.0,17583.0
475,137.870,72.660,134.45,73.19,1191.0,48468.0,16979.0,16979.0
476,137.870,72.660,134.35,73.12,1191.0,45956.0,13937.0,13937.0
477,137.870,72.660,134.51,73.19,1191.0,46947.0,15609.0,15609.0
478,137.870,72.660,134.67,73.48,1191.0,45407.0,14348.0,14348.0
479,137.870,72.660,134.55,72.93,1191.0,47587.0,19459.0,19459.0
480,137.870,72.660,134.44,73.0,1191.0,47470.0,16682.0,16682.0
481,137.870,72.660,134.37,73.38,1191.0,51224.0,19194.0,19194.0
482,137.870,72.660,134.52,73.05,1191.0,51379.0,20287.0,20287.0
483,137.870,72.660,134.56,73.24,1191.0,48318.0,16430.0,16430.0
484,137.870,72.660,134.62,73.02,1191.0,46459.0,14941.0,14941.0
485,137.870,72.660,134.6,73.17,1191.0,51915.0,19015.0,19015.0
486,137.870,72.660,134.57,73.04,1191.0,48446.0,17324.0,17324.0
487,137.870,72.660,134.47,73.19,1191.0,48154.0,16756.0,16756.0
488,137.870,72.660,134.64,73.09,1191.0,46605.0,14183.0,14183.0
489,137.870,72.660,134.55,73.03,1191.0,46146.0,15589.0,15589.0
490,137.870,72.660,134.62,73.06,1191.0,46551.0,14610.0,14610.0
491,137.870,72.660,134.57,72.99,1191.0,46951.0,15373.0,15373.0
492,137.870,72.660,134.31,73.01,1191.0,51267.0,19320.0,19320.0
493,137.870,72.660,134.6,73.18,1191.0,48035.0,16786.0,16786.0
494,137.870,72.660,134.69,73.05,1191.0,47474.0,16515.0,16515.0
495,137.870,72.660,134.49,73.16,1191.0,45201.0,14684.0,14684.0
496,137.870,72.660,134.39,73.26,1191.0,46118.0,15322.0,15322.0
497,137.870,72.660,134.53,73.13,1191.0,46956.0,16129.0,16129.0
498,137.870,72.660,134.54,73.02,1191.0,48499.0,18511.0,18511.0
499,137.870,72.660,134.64,73.0,1191.0,46195.0,14215.0,14215.0
500,137.870,72.660,134.67,73.48,1191.0,45143.0,14116.0,14116.0
501,137.870,72.660,134.47,72.99,1191.0,45964.0,13561.0,13561.0
502,137.870,72.660,134.62,73.17,1191.0,47087.0,16169.0,16169.0
503,137.870,72.660,134.67,73.48,1191.0,46035.0,13810.0,13810.0
504,137.870,72.660,134.64,73.04,1191.0,51804.0,18352.0,18352.0
505,137.870,72.660,134.59,73.16,1191.0,48438.0,17576.0,17576.0
506,137.870,72.660,134.6,73.07,1191.0,49855.0,18934.0,18934.0
507,137.870,72.660,134.46,73.07,1191.0,48738.0,17842.0,17842.0
508,137.870,72.660,134.57,72.91,1191.0,52267.0,25371.0,25371.0
509,137.870,72.660,134.56,73.05,1191.0,47212.0,17124.0,17124.0
510,137.870,72.660,134.7,73.08,1191.0,50014.0,17138.0,17138.0
511,137.870,72.660,134.61,73.12,1191.0,52585.0,20601.0,20601.0
512,137.870,72.660,134.51,73.19,1191.0,50311.0,19346.0,19346.0
513,137.870,72.660,134.44,73.05,1191.0,49599.0,19306.0,19306.0
514,137.870,72.660,134.51,73.35,1191.0,48406.0,14875.0,14875.0
515,137.870,72.660,134.53,73.14,1191.0,50492.0,19692.0,19692.0
516,137.870,72.660,134.67,73.48,1191.0,48771.0,17260.0,17260.0
517,137.870,72.660,134.67,73.48,1191.0,48779.0,17403.0,17403.0
518,137.870,72.660,134.53,73.14,1191.0,46181.0,14140.0,14140.0
519,137.870,72.660,134.41,73.05,1191.0,49854.0,17584.0,17584.0
520,137.870,72.660,134.47,73.12,1191.0,48876.0,17338.0,17338.0
521,137.870,72.660,134.54,72.89,1191.0,47634.0,16757.0,16757.0
522,137.870,72.660,134.35,73.14,1191.0,51294.0,17984.0,17984.0
523,137.870,72.660,134.55,73.07,1191.0,48642.0,17719.0,17719.0
524,137.870,72.660,134.58,73.25,1191.0,49141.0,17617.0,17617.0
525,137.870,72.660,134.47,73.06,1191.0,49051.0,17515.0,17515.0
526,137.870,72.660,134.38,73.2,1191.0,49940.0,17610.0,17610.0
527,137.870,72.660,134.37,73.08,1191.0,48513.0,16394.0,16394.0
528,137.870,72.660,134.58,73.19,1191.0,50433.0,19503.0,19503.0
529,137.870,72.660,134.59,73.08,1191.0,49662.0,17353.0,17353.0
530,137.870,72.660,134.62,72.96,1191.0,50860.0,20850.0,20850.0
531,137.870,72.660,134.54,73.03,1191.0,49410.0,19578.0,19578.0
532,137.870,72.660,134.5,73.1,1191.0,49468.0,17966.0,17966.0
533,137.870,72.660,134.43,73.1,1191.0,51209.0,19868.0,19868.0
534,137.870,72.660,134.45,73.04,1191.0,49611.0,18617.0,18617.0
535,137.870,72.660,134.56,73.07,1191.0,48291.0,16489.0,16489.0
536,137.870,72.660,134.67,73.48,1191.0,47809.0,15735.0,15735.0
537,137.870,72.660,134.67,73.48,1191.0,47729.0,16928.0,16928.0
538,137.870,72.660,134.48,73.1,1191.0,50999.0,20862.0,20862.0
539,137.870,72.660,134.61,73.04,1191.0,48649.0,16766.0,16766.0
540,137.870,72.660,134.33,73.05,1191.0,48900.0,16985.0,16985.0
541,137.870,72.660,134.48,73.21,1191.0,50066.0,18383.0,18383.0
542,137.870,72.660,134.37,73.1,1191.0,50193.0,17077.0,17077.0
543,137.870,72.660,134.4,73.09,1191.0,49537.0,17347.0,17347.0
544,137.870,72.660,134.42,73.0,1191.0,49475.0,18627.0,18627.0
545,137.870,72.660,134.63,73.09,1191.0,47542.0,15008.0,15008.0
546,137.870,72.660,134.62,72.99,1191.0,45461.0,13859.0,13859.0
547,137.870,72.660,134.57,73.01,1191.0,50605.0,18711.0,18711.0
548,137.870,72.660,134.47,72.94,1191.0,50224.0,21939.0,21939.0
549,137.870,72.660,134.57,73.12,1191.0,46853.0,16056.0,16056.0
550,137.870,72.660,134.66,72.94,1191.0,47112.0,16601.0,16601.0
551,137.870,72.660,134.6,73.04,1191.0,51528.0,20252.0,20252.0
552,137.870,72.660,134.46,73.03,1191.0,51871.0,21758.0,21758.0
553,137.870,72.660,134.34,72.91,1191.0,53599.0,23916.0,23916.0
554,137.870,72.660,134.57,73.07,1191.0,51111.0,19964.0,19964.0
555,137.870,72.660,134.43,72.99,1191.0,48448.0,18247.0,18247.0
556,137.870,72.660,134.37,72.84,1191.0,51940.0,23401.0,23401.0
557,137.870,72.660,134.34,73.04,1191.0,51382.0,19419.0,19419.0
558,137.870,72.660,134.35,73.06,1191.0,50122.0,18559.0,18559.0
559,137.870,72.660,134.74,72.9,1191.0,49129.0,16642.0,16642.0
560,137.870,72.660,134.51,73.06,1191.0,48615.0,17959.0,17959.0
561,137.870,72.660,134.52,73.16,1191.0,48299.0,17150.0,17150.0
562,137.870,72.660,134.5,72.96,1191.0,50316.0,21486.0,21486.0
563,137.870,72.660,134.59,73.19,1191.0,49792.0,18270.0,18270.0
564,137.870,72.660,134.2,73.06,1191.0,48138.0,15217.0,15217.0
565,137.870,72.660,134.41,72.93,1191.0,48521.0,17605.0,17605.0
566,137.870,72.660,134.67,73.48,1191.0,48626.0,18356.0,18356.0
567,137.870,72.660,134.67,73.48,1191.0,49896.0,19529.0,19529.0
568,137.870,72.660,134.68,72.97,1191.0,54043.0,23815.0,23815.0
569,137.870,72.660,134.62,73.04,1191.0,51819.0,20659.0,20659.0
570,137.870,72.660,134.46,72.91,1191.0,50871.0,23548.0,23548.0
571,137.870,72.660,134.48,72.94,1191.0,50083.0,21458.0,21458.0
572,137.870,72.660,134.45,73.05,1191.0,46306.0,15395.0,15395.0
573,137.870,72.660,134.67,73.48,1191.0,46641.0,16353.0,16353.0
574,137.870,72.660,134.28,73.05,1191.0,50479.0,17746.0,17746.0
575,137.870,72.660,134.43,73.08,1191.0,47218.0,15131.0,15131.0
576,137.870,72.660,134.67,73.48,1191.0,46906.0,17004.0,17004.0
577,137.870,72.660,134.38,72.95,1191.0,49064.0,18740.0,18740.0
578,137.870,72.660,134.37,73.03,1191.0,48390.0,15878.0,15878.0
579,137.870,72.660,134.67,73.48,1191.0,47346.0,16555.0,16555.0
580,137.870,72.660,134.61,72.99,1191.0,53162.0,21361.0,21361.0
581,137.870,72.660,134.67,73.48,1191.0,47649.0,16676.0,16676.0
582,137.870,72.660,134.66,72.96,1191.0,49205.0,17870.0,17870.0
583,137.870,72.660,134.7,72.99,1191.0,48887.0,17020.0,17020.0
584,137.870,72.660,134.53,73.13,1191.0,47331.0,17021.0,17021.0
585,137.870,72.660,134.5,72.81,1191.0,45014.0,14455.0,14455.0
586,137.870,72.660,134.6,73.15,1191.0,47408.0,15567.0,15567.0
587,137.870,72.660,134.45,73.08,1191.0,51319.0,19371.0,19371.0
588,137.870,72.660,134.62,73.1,1191.0,47008.0,16089.0,16089.0
589,137.870,72.660,134.61,73.09,1191.0,52079.0,19899.0,19899.0
590,137.870,72.660,134.43,72.95,1191.0,47606.0,16786.0,16786.0
591,137.870,72.660,134.64,72.92,1191.0,43276.0,13460.0,13460.0
592,137.870,72.660,134.67,73.48,1191.0,45032.0,13897.0,13897.0
593,137.870,72.660,134.62,72.99,1191.0,52312.0,19757.0,19757.0
594,137.870,72.660,134.48,72.98,1191.0,48170.0,17504.0,17504.0
595,137.870,72.660,134.51,73.09,1191.0,47206.0,17243.0,17243.0
596,137.870,72.660,134.44,73.1,1191.0,46655.0,15417.0,15417.0
597,137.870,72.660,134.58,72.96,1191.0,50590.0,21174.0,21174.0
598,137.870,72.660,134.77,73.06,1191.0,52588.0,19415.0,19415.0
599,137.870,72.660,134.6,72.95,1191.0,48564.0,19395.0,19395.0
600,137.870,72.660,134.67,73.48,1191.0,47576.0,16524.0,16524.0
601,137.870,72.660,134.53,72.92,1191.0,54591.0,26597.0,26597.0
602,137.870,72.660,134.47,73.19,1191.0,48807.0,18613.0,18613.0
603,137.870,72.660,134.56,73.07,1191.0,47884.0,16533.0,16533.0
604,137.870,72.660,134.67,73.48,1191.0,45949.0,15166.0,15166.0
605,137.870,72.660,134.28,72.8,1191.0,50714.0,19808.0,19808.0
606,137.870,72.660,134.46,72.93,1191.0,50058.0,23371.0,23371.0
607,137.870,72.660,134.67,73.48,1191.0,49554.0,18832.0,18832.0
608,137.870,72.660,134.67,73.48,1191.0,49450.0,18407.0,18407.0
609,137.870,72.660,134.57,73.07,1191.0,52465.0,19975.0,19975.0
610,137.870,72.660,134.64,72.99,1191.0,54083.0,21645.0,21645.0
611,137.870,72.660,134.5,72.88,1191.0,51687.0,24450.0,24450.0
612,137.870,72.660,134.54,72.99,1191.0,53839.0,23138.0,23138.0
613,137.870,72.660,134.56,72.92,1191.0,47988.0,17991.0,17991.0
614,137.870,72.660,134.56,73.03,1191.0,47813.0,18163.0,18163.0
615,137.870,72.660,134.67,73.48,1191.0,49655.0,18347.0,18347.0
616,137.870,72.660,134.67,73.48,1191.0,48636.0,17344.0,17344.0
617,137.870,72.660,134.72,73.06,1191.0,50231.0,17728.0,17728.0
618,137.870,72.660,134.53,73.04,1191.0,51155.0,20810.0,20810.0
619,137.870,72.660,134.62,72.91,1191.0,46459.0,18554.0,18554.0
620,137.870,72.660,134.58,72.94,1191.0,50330.0,20723.0,20723.0
621,137.870,72.660,134.5,72.79,1191.0,52146.0,20938.0,20938.0
622,137.870,72.660,134.68,73.04,1191.0,45680.0,13692.0,13692.0
623,137.870,72.660,134.53,72.95,1191.0,53809.0,27434.0,27434.0
624,137.870,72.660,134.6,72.99,1191.0,50893.0,18437.0,18437.0
625,137.870,72.660,134.67,73.48,1191.0,51882.0,20133.0,20133.0
626,137.870,72.660,134.67,73.48,1191.0,50661.0,19812.0,19812.0
627,137.870,72.660,134.67,73.48,1191.0,50035.0,20181.0,20181.0
628,137.870,72.660,134.37,72.91,1191.0,55231.0,26836.0,26836.0
629,137.870,72.660,134.67,73.48,1191.0,51509.0,21233.0,21233.0
630,137.870,72.660,134.58,72.94,1191.0,53111.0,23833.0,23833.0
631,137.870,72.660,134.67,73.48,1191.0,49162.0,18232.0,18232.0
632,137.870,72.660,134.5,72.91,1191.0,52640.0,26364.0,26364.0
633,137.870,72.660,134.67,73.48,1191.0,50613.0,19656.0,19656.0
634,137.870,72.660,134.67,73.48,1191.0,47114.0,16696.0,16696.0
635,137.870,72.660,134.67,73.48,1191.0,47517.0,17295.0,17295.0
636,137.870,72.660,134.54,72.92,1191.0,51655.0,25276.0,25276.0
637,137.870,72.660,134.38,72.96,1191.0,53346.0,23630.0,23630.0
638,137.870,72.660,134.46,73.13,1191.0,48764.0,19187.0,19187.0
639,137.870,72.660,134.67,73.48,1191.0,53174.0,22191.0,22191.0
640,137.870,72.660,134.65,72.89,1191.0,56386.0,28464.0,28464.0
641,137.870,72.660,134.67,73.48,1191.0,52335.0,22079.0,22079.0
642,137.870,72.660,134.56,73.08,1191.0,48870.0,17909.0,17909.0
643,137.870,72.660,134.49,72.98,1191.0,52762.0,22205.0,22205.0
644,137.870,72.660,134.61,73.01,1191.0,52834.0,20567.0,20567.0
645,137.870,72.660,134.41,73.02,1191.0,50953.0,20006.0,20006.0
646,137.870,72.660,134.65,73.17,1191.0,49256.0,16389.0,16389.0
647,137.870,72.660,134.67,73.48,1191.0,49641.0,19027.0,19027.0
648,137.870,72.660,134.58,72.85,1191.0,51990.0,23449.0,23449.0
649,137.870,72.660,134.67,73.48,1191.0,49351.0,17938.0,17938.0
650,137.870,72.660,134.58,73.15,1191.0,53361.0,22610.0,22610.0
651,137.870,72.660,134.5,73.07,1191.0,47890.0,18030.0,18030.0
652,137.870,72.660,134.28,73.02,1191.0,55174.0,21862.0,21862.0
653,137.870,72.660,134.45,72.88,1191.0,53359.0,25011.0,25011.0
654,137.870,72.660,134.68,72.97,1191.0,51442.0,20470.0,20470.0
655,137.870,72.660,134.45,73.15,1191.0,52206.0,20954.0,20954.0
656,137.870,72.660,134.73,72.88,1191.0,49661.0,19718.0,19718.0
657,137.870,72.660,134.44,72.96,1191.0,51548.0,22850.0,22850.0
658,137.870,72.660,134.67,73.48,1191.0,51369.0,19866.0,19866.0
659,137.870,72.660,134.63,73.09,1191.0,50651.0,19480.0,19480.0
660,137.870,72.660,134.77,72.94,1191.0,51254.0,21504.0,21504.0
661,137.870,72.660,134.58,73.04,1191.0,47580.0,16819.0,16819.0
662,137.870,72.660,134.59,72.96,1191.0,50647.0,21751.0,21751.0
663,137.870,72.660,134.67,73.48,1191.0,52013.0,21758.0,21758.0
664,137.870,72.660,134.46,72.99,1191.0,49348.0,18900.0,18900.0
665,137.870,72.660,134.52,73.03,1191.0,55093.0,25945.0,25945.0
666,137.870,72.660,134.46,73.02,1191.0,51308.0,20783.0,20783.0
667,137.870,72.660,134.45,72.8,1191.0,53962.0,23558.0,23558.0
668,137.870,72.660,134.61,73.05,1191.0,53638.0,23297.0,23297.0
669,137.870,72.660,134.42,73.08,1191.0,51716.0,21033.0,21033.0
670,137.870,72.660,134.65,73.07,1191.0,54032.0,22704.0,22704.0
671,137.870,72.660,134.61,73.04,1191.0,56621.0,25314.0,25314.0
672,137.870,72.660,134.45,73.02,1191.0,53422.0,23467.0,23467.0
673,137.870,72.660,134.32,72.96,1191.0,52980.0,23254.0,23254.0
674,137.870,72.660,134.67,73.48,1191.0,50711.0,19615.0,19615.0
675,137.870,72.660,134.56,72.91,1191.0,51699.0,23727.0,23727.0
676,137.870,72.660,134.4,72.96,1191.0,53842.0,25504.0,25504.0
677,137.870,72.660,134.77,72.99,1191.0,54048.0,23395.0,23395.0
678,137.870,72.660,134.69,72.98,1191.0,49204.0,18256.0,18256.0
679,137.870,72.660,134.67,73.48,1191.0,49559.0,18024.0,18024.0
680,137.870,72.660,134.67,73.48,1191.0,52627.0,20903.0,20903.0
681,137.870,72.660,134.61,73.07,1191.0,54193.0,23381.0,23381.0
682,137.870,72.660,134.67,72.85,1191.0,54672.0,26509.0,26509.0
683,137.870,72.660,137.5,72.52,1191.0,51708.0,20014.0,20014.0
684,137.870,72.660,137.5,72.55,1191.0,60269.0,21855.0,21855.0
685,137.870,72.660,137.87,72.66,1191.0,58396.0,26762.0,26762.0
686,137.870,72.660,134.79,72.92,1083.14,51523.0,19586.0,19586.0
687,137.870,72.660,134.6,72.91,1083.14,51523.0,23008.0,23008.0
688,137.870,72.660,134.66,72.91,1083.14,52550.0,23273.0,23273.0
689,137.870,72.660,134.34,72.86,1083.14,54762.0,23813.0,23813.0
690,137.870,72.660,134.43,73.09,1083.14,52754.0,21214.0,21214.0
691,137.870,72.660,134.42,72.98,1083.14,50666.0,19717.0,19717.0
692,137.870,72.660,134.72,72.97,1083.14,49788.0,17967.0,17967.0
693,137.870,72.660,134.63,73.31,1083.14,45749.0,16070.0,16070.0
694,137.870,72.660,134.51,72.91,1083.14,48031.0,18617.0,18617.0
695,137.870,72.660,134.5,72.97,1083.14,46738.0,16139.0,16139.0
696,137.870,72.660,134.46,73.08,1083.14,44588.0,15279.0,15279.0
697,137.870,72.660,134.69,73.05,1083.14,48995.0,18642.0,18642.0
698,137.870,72.660,134.46,72.9,1083.14,47798.0,17863.0,17863.0
699,137.870,72.660,134.66,72.98,1083.14,47445.0,17581.0,17581.0
700,137.870,72.660,134.55,73.04,1083.14,45143.0,16317.0,16317.0
701,137.870,72.660,134.64,72.88,1083.14,46453.0,17081.0,17081.0
702,137.870,72.660,134.59,73.06,1083.14,46213.0,16149.0,16149.0
703,137.870,72.660,134.59,72.99,1083.14,46559.0,16802.0,16802.0
704,137.870,72.660,134.6,72.99,1083.14,45562.0,15463.0,15463.0
705,137.870,72.660,134.48,72.93,1083.14,45807.0,16261.0,16261.0
706,137.870,72.660,134.71,73.13,1083.14,46488.0,16609.0,16609.0
707,137.870,72.660,134.42,72.81,1083.14,46435.0,16584.0,16584.0
708,137.870,72.660,134.53,73.0,1083.14,46342.0,15661.0,15661.0
709,137.870,72.660,134.58,72.98,1083.14,45743.0,16595.0,16595.0
710,137.870,72.660,134.64,73.26,1083.14,46392.0,17260.0,17260.0
711,137.870,72.660,134.72,73.05,1083.14,49585.0,19271.0,19271.0
712,137.870,72.660,134.57,73.26,1083.14,46193.0,17439.0,17439.0
713,137.870,72.660,134.68,72.93,1083.14,48500.0,17710.0,17710.0
714,137.870,72.660,134.59,72.92,1083.14,47049.0,16814.0,16814.0
715,137.870,72.660,134.44,72.99,1083.14,47185.0,17620.0,17620.0
716,137.870,72.660,134.66,72.98,1083.14,45833.0,16736.0,16736.0
717,137.870,72.660,134.62,73.11,1083.14,44313.0,15349.0,15349.0
718,137.870,72.660,134.66,72.95,1083.14,44350.0,15702.0,15702.0
719,137.870,72.660,134.39,73.07,1083.14,46053.0,16856.0,16856.0
720,137.870,72.660,134.48,73.02,1083.14,43384.0,14756.0,14756.0
721,137.870,72.660,134.67,73.02,1083.14,42807.0,13399.0,13399.0
722,137.870,72.660,134.75,73.02,1083.14,46797.0,17793.0,17793.0
723,137.870,72.660,134.4,72.95,1083.14,44540.0,14832.0,14832.0
724,137.870,72.660,134.54,73.17,1083.14,43455.0,15199.0,15199.0
725,137.870,72.660,134.58,73.04,1083.14,46898.0,17493.0,17493.0
726,137.870,72.660,134.54,73.18,1083.14,42903.0,13455.0,13455.0
727,137.870,72.660,134.65,73.09,1083.14,45872.0,16663.0,16663.0
728,137.870,72.660,134.6,73.01,1083.14,47562.0,17128.0,17128.0
729,137.870,72.660,134.4,73.02,1083.14,44410.0,15991.0,15991.0
730,137.870,72.660,134.24,72.94,1083.14,43792.0,15246.0,15246.0
731,137.870,72.660,134.67,72.97,1083.14,46986.0,18529.0,18529.0
732,137.870,72.660,134.56,72.94,1083.14,43579.0,15399.0,15399.0
733,137.870,72.660,134.46,73.06,1083.14,48344.0,19330.0,19330.0
734,137.870,72.660,134.57,73.18,1083.14,44244.0,15578.0,15578.0
735,137.870,72.660,134.6,73.04,1083.14,44860.0,15791.0,15791.0
736,137.870,72.660,134.55,72.88,1083.14,42954.0,13642.0,13642.0
737,137.870,72.660,134.48,72.91,1083.14,41938.0,13974.0,13974.0
738,137.870,72.660,134.36,73.06,1083.14,45124.0,16181.0,16181.0
739,137.870,72.660,134.65,73.05,1083.14,47407.0,16920.0,16920.0
740,137.870,72.660,134.6,72.56,1083.14,46586.0,19095.0,19095.0
741,137.870,72.660,134.69,73.07,1083.14,43084.0,14551.0,14551.0
742,137.870,72.660,134.38,73.2,1083.14,43159.0,15525.0,15525.0
743,137.870,72.660,134.49,73.38,1083.14,45216.0,17014.0,17014.0
744,137.870,72.660,134.54,72.95,1083.14,45507.0,15560.0,15560.0
745,137.870,72.660,134.61,72.83,1083.14,43747.0,14142.0,14142.0
746,137.870,72.660,134.65,72.88,1083.14,43057.0,14953.0,14953.0
747,137.870,72.660,134.48,73.14,1083.14,45240.0,17118.0,17118.0
748,137.870,72.660,134.31,72.93,1083.14,45931.0,17188.0,17188.0
749,137.870,72.660,134.46,73.0,1083.14,46591.0,16488.0,16488.0
750,137.870,72.660,134.51,72.9,1083.14,44908.0,15359.0,15359.0
751,137.870,72.660,134.57,73.02,1083.14,43642.0,13944.0,13944.0
752,137.870,72.660,134.88,73.12,1083.14,43937.0,14008.0,14008.0
753,137.870,72.660,134.6,72.98,1083.14,43230.0,14499.0,14499.0
754,137.870,72.660,134.52,73.12,1083.14,44595.0,16297.0,16297.0
755,137.870,72.660,134.69,73.09,1083.14,43756.0,15216.0,15216.0
756,137.870,72.660,134.6,73.18,1083.14,42873.0,14974.0,14974.0
757,137.870,72.660,134.58,72.98,1083.14,41798.0,13166.0,13166.0
758,137.870,72.660,134.36,72.95,1083.14,42198.0,14259.0,14259.0
759,137.870,72.660,134.63,73.21,1083.14,40720.0,12236.0,12236.0
760,137.870,72.660,134.6,72.87,1083.14,40579.0,12087.0,12087.0
761,137.870,72.660,134.79,72.92,1083.14,34941.0,6747.0,6747.0
762,137.870,72.660,134.45,72.96,1083.14,42005.0,13212.0,13212.0
763,137.870,72.660,134.44,72.97,1083.14,42655.0,13887.0,13887.0
764,137.870,72.660,134.73,72.76,1083.14,41374.0,13305.0,13305.0
765,137.870,72.660,134.67,72.93,1083.14,45492.0,17101.0,17101.0
766,137.870,72.660,134.46,73.12,1083.14,42681.0,14708.0,14708.0
767,137.870,72.660,134.58,73.03,1083.14,48084.0,18775.0,18775.0
768,137.870,72.660,134.62,73.04,1083.14,43348.0,15183.0,15183.0
769,137.870,72.660,134.48,72.98,1083.14,42190.0,12901.0,12901.0
770,137.870,72.660,134.74,72.87,1083.14,42796.0,14283.0,14283.0
771,137.870,72.660,134.62,73.04,1083.14,42514.0,14042.0,14042.0
772,137.870,72.660,134.54,73.07,1083.14,43885.0,14543.0,14543.0
773,137.870,72.660,134.47,72.92,1083.14,48023.0,18564.0,18564.0
774,137.870,72.660,134.7,72.96,1083.14,45621.0,17316.0,17316.0
775,137.870,72.660,134.6,72.96,1083.14,45508.0,17265.0,17265.0
776,137.870,72.660,134.77,73.05,1083.14,50817.0,20486.0,20486.0
777,137.870,72.660,134.33,73.0,1083.14,45425.0,14806.0,14806.0
778,137.870,72.660,134.65,73.11,1083.14,47246.0,17954.0,17954.0
779,137.870,72.660,134.71,73.02,1083.14,46452.0,17287.0,17287.0
780,137.870,72.660,134.67,72.94,1083.14,46573.0,17771.0,17771.0
781,137.870,72.660,134.56,73.1,1083.14,48416.0,18257.0,18257.0
782,137.870,72.660,134.61,73.15,1083.14,44185.0,15700.0,15700.0
783,137.870,72.660,134.66,72.98,1083.14,45039.0,15337.0,15337.0
784,137.870,72.660,134.59,72.92,1083.14,46805.0,17629.0,17629.0
785,137.870,72.660,134.73,72.94,1083.14,46937.0,17178.0,17178.0
786,137.870,72.660,134.71,73.07,1083.14,47015.0,17681.0,17681.0
787,137.870,72.660,134.7,73.04,1083.14,49786.0,19297.0,19297.0
788,137.870,72.660,134.68,72.95,1083.14,46229.0,16792.0,16792.0
789,137.870,72.660,134.69,73.08,1083.14,46298.0,16816.0,16816.0
790,137.870,72.660,134.7,73.01,1083.14,46754.0,18356.0,18356.0
791,137.870,72.660,134.71,72.96,1083.14,49676.0,20489.0,20489.0
792,137.870,72.660,134.51,72.95,1083.14,45588.0,15931.0,15931.0
793,137.870,72.660,134.52,73.24,1083.14,44898.0,16610.0,16610.0
794,137.870,72.660,134.74,73.08,1083.14,44389.0,15732.0,15732.0
795,137.870,72.660,134.6,73.04,1083.14,45371.0,16791.0,16791.0
796,137.870,72.660,134.67,73.12,1083.14,47434.0,19139.0,19139.0
797,137.870,72.660,134.58,73.07,1083.14,45784.0,17210.0,17210.0
798,137.870,72.660,134.5,73.2,1083.14,43927.0,16706.0,16706.0
799,137.870,72.660,134.73,73.09,1083.14,46985.0,17985.0,17985.0
800,137.870,72.660,134.71,72.86,1083.14,48242.0,17608.0,17608.0
801,137.870,72.660,134.5,72.96,1083.14,47437.0,17323.0,17323.0
802,137.870,72.660,134.67,72.99,1083.14,45660.0,15941.0,15941.0
803,137.870,72.660,134.48,73.01,1083.14,46944.0,17519.0,17519.0
804,137.870,72.660,134.62,73.01,1083.14,45402.0,14981.0,14981.0
805,137.870,72.660,134.55,72.93,1083.14,45607.0,16695.0,16695.0
806,137.870,72.660,134.68,73.0,1083.14,46650.0,17155.0,17155.0
807,137.870,72.660,134.64,73.18,1083.14,48450.0,17995.0,17995.0
808,137.870,72.660,134.6,72.94,1083.14,43853.0,14720.0,14720.0
809,137.870,72.660,134.53,73.0,1083.14,45554.0,16660.0,16660.0
810,137.870,72.660,134.58,72.99,1083.14,48126.0,18163.0,18163.0
811,137.870,72.660,134.51,72.85,1083.14,44518.0,15190.0,15190.0
812,137.870,72.660,134.51,72.84,1083.14,43335.0,14734.0,14734.0
813,137.870,72.660,134.56,73.1,1083.14,47301.0,17870.0,17870.0
814,137.870,72.660,134.77,72.8,1083.14,43814.0,14397.0,14397.0
815,137.870,72.660,134.74,73.05,1083.14,46901.0,17781.0,17781.0
816,137.870,72.660,134.65,73.09,1083.14,47158.0,17308.0,17308.0
817,137.870,72.660,134.57,72.97,1083.14,43120.0,14643.0,14643.0
818,137.870,72.660,134.48,73.0,1083.14,43891.0,14545.0,14545.0
819,137.870,72.660,134.44,73.07,1083.14,47621.0,17225.0,17225.0
820,137.870,72.660,134.47,72.94,1083.14,48247.0,18766.0,18766.0
821,137.870,72.660,134.49,72.95,1083.14,48474.0,18420.0,18420.0
822,137.870,72.660,134.59,72.99,1083.14,49870.0,20165.0,20165.0
823,137.870,72.660,134.54,73.05,1083.14,43965.0,14534.0,14534.0
824,137.870,72.660,134.5,73.04,1083.14,50690.0,20789.0,20789.0
825,137.870,72.660,134.69,72.81,1083.14,46946.0,18257.0,18257.0
826,137.870,72.660,134.47,72.86,1083.14,45765.0,16601.0,16601.0
827,137.870,72.660,134.65,73.03,1083.14,46650.0,17710.0,17710.0
828,137.870,72.660,134.7,73.02,1083.14,52101.0,21307.0,21307.0
829,137.870,72.660,134.44,73.09,1083.14,44392.0,16658.0,16658.0
830,137.870,72.660,134.76,72.94,1083.14,43101.0,14736.0,14736.0
831,137.870,72.660,134.54,73.06,1083.14,43730.0,15032.0,15032.0
832,137.870,72.660,134.27,73.07,1083.14,45693.0,15662.0,15662.0
833,137.870,72.660,134.49,72.89,1083.14,43005.0,14921.0,14921.0
834,137.870,72.660,134.75,72.79,1083.14,45379.0,16518.0,16518.0
835,137.870,72.660,134.64,72.81,1083.14,46515.0,18141.0,18141.0
836,137.870,72.660,134.67,72.89,1083.14,44985.0,15940.0,15940.0
837,137.870,72.660,134.47,72.87,1083.14,42622.0,12252.0,12252.0
838,137.870,72.660,134.73,72.93,1083.14,44249.0,15379.0,15379.0
839,137.870,72.660,134.55,73.02,1083.14,45995.0,16902.0,16902.0
840,137.870,72.660,134.65,72.91,1083.14,47264.0,17461.0,17461.0
841,137.870,72.660,134.58,72.97,1083.14,44532.0,15362.0,15362.0
842,137.870,72.660,134.68,72.81,1083.14,44240.0,14842.0,14842.0
843,137.870,72.660,134.69,73.02,1083.14,47879.0,18580.0,18580.0
844,137.870,72.660,134.5,72.94,1083.14,46507.0,16961.0,16961.0
845,137.870,72.660,134.72,73.19,1083.14,43612.0,15682.0,15682.0
846,137.870,72.660,134.52,72.93,1083.14,45435.0,16350.0,16350.0
847,137.870,72.660,134.5,73.01,1083.14,46564.0,16530.0,16530.0
848,137.870,72.660,134.49,72.97,1083.14,46973.0,17382.0,17382.0
849,137.870,72.660,134.48,72.73,1083.14,43230.0,14857.0,14857.0
850,137.870,72.660,134.66,73.04,1083.14,45863.0,16545.0,16545.0
851,137.870,72.660,134.57,73.01,1083.14,48967.0,19345.0,19345.0
852,137.870,72.660,134.42,72.77,1083.14,45519.0,16205.0,16205.0
853,137.870,72.660,134.72,73.12,1083.14,44538.0,15500.0,15500.0
854,137.870,72.660,134.52,72.96,1083.14,46483.0,17758.0,17758.0
855,137.870,72.660,134.61,72.53,1083.14,45355.0,16829.0,16829.0
856,137.870,72.660,134.71,73.15,1083.14,45950.0,16554.0,16554.0
857,137.870,72.660,134.54,72.77,1083.14,46903.0,16578.0,16578.0
858,137.870,72.660,134.45,72.82,1083.14,41992.0,13683.0,13683.0
859,137.870,72.660,134.43,72.85,1083.14,44453.0,14568.0,14568.0
860,137.870,72.660,134.58,72.95,1083.14,46218.0,16479.0,16479.0
861,137.870,72.660,134.41,72.97,1083.14,39640.0,11589.0,11589.0
862,137.870,72.660,134.53,73.02,1083.14,47359.0,18271.0,18271.0
863,137.870,72.660,134.71,72.95,1083.14,43480.0,14507.0,14507.0
864,137.870,72.660,134.56,72.99,1083.14,48008.0,19341.0,19341.0
865,137.870,72.660,134.8,72.83,1083.14,45174.0,16773.0,16773.0
866,137.870,72.660,134.58,72.98,1083.14,44177.0,16044.0,16044.0
867,137.870,72.660,134.73,72.99,1083.14,49368.0,20299.0,20299.0
868,137.870,72.660,134.67,72.89,1083.14,45871.0,17621.0,17621.0
869,137.870,72.660,134.7,72.86,1083.14,42204.0,15487.0,15487.0
870,137.870,72.660,134.76,72.96,1083.14,44932.0,15729.0,15729.0
871,137.870,72.660,134.74,73.04,1083.14,45255.0,16401.0,16401.0
872,137.870,72.660,134.66,72.94,1083.14,43778.0,15521.0,15521.0
873,137.870,72.660,134.78,72.99,1083.14,44019.0,16025.0,16025.0
874,137.870,72.660,134.6,72.88,1083.14,45467.0,17537.0,17537.0
875,137.870,72.660,134.51,73.01,1083.14,44009.0,14263.0,14263.0
876,137.870,72.660,134.63,73.09,1083.14,43019.0,14439.0,14439.0
877,137.870,72.660,134.28,72.71,1083.14,46917.0,18626.0,18626.0
878,137.870,72.660,134.69,72.89,1083.14,43943.0,15415.0,15415.0
879,137.870,72.660,134.64,73.1,1083.14,43620.0,15815.0,15815.0
880,137.870,72.660,134.49,72.96,1083.14,43150.0,14050.0,14050.0
881,137.870,72.660,134.43,72.94,1083.14,43941.0,15651.0,15651.0
882,137.870,72.660,134.46,72.97,1083.14,42076.0,13049.0,13049.0
883,137.870,72.660,134.51,72.98,1083.14,45935.0,16087.0,16087.0
884,137.870,72.660,134.46,72.85,1083.14,45595.0,16793.0,16793.0
885,137.870,72.660,134.78,73.01,1083.14,43149.0,15550.0,15550.0
886,137.870,72.660,134.63,73.02,1083.14,45647.0,15835.0,15835.0
887,137.870,72.660,134.66,73.04,1083.14,44846.0,16170.0,16170.0
888,137.870,72.660,134.68,73.01,1083.14,45136.0,16015.0,16015.0
889,137.870,72.660,134.43,73.15,1083.14,44837.0,16576.0,16576.0
890,137.870,72.660,134.49,73.11,1083.14,46997.0,17855.0,17855.0
891,137.870,72.660,134.63,73.05,1083.14,43957.0,15890.0,15890.0
892,137.870,72.660,134.33,72.92,1083.14,44362.0,15640.0,15640.0
893,137.870,72.660,134.6,73.01,1083.14,43943.0,14962.0,14962.0
894,137.870,72.660,134.7,72.87,1083.14,42759.0,13756.0,13756.0
895,137.870,72.660,134.72,72.97,1083.14,40356.0,12829.0,12829.0
896,137.870,72.660,134.61,73.02,1083.14,42008.0,12675.0,12675.0
897,137.870,72.660,134.7,73.01,1083.14,41067.0,13116.0,13116.0
898,137.870,72.660,134.73,72.89,1083.14,44066.0,15623.0,15623.0
899,137.870,72.660,134.46,72.98,1083.14,43062.0,14630.0,14630.0
900,137.870,72.660,134.62,73.08,1083.14,45971.0,15947.0,15947.0
901,137.870,72.660,134.64,72.98,1083.14,42984.0,14843.0,14843.0
902,137.870,72.660,134.53,73.02,1083.14,45414.0,16104.0,16104.0
903,137.870,72.660,134.67,73.08,1083.14,44660.0,15986.0,15986.0
904,137.870,72.660,134.78,73.01,1083.14,44188.0,16825.0,16825.0
905,137.870,72.660,134.54,72.84,1083.14,45845.0,16250.0,16250.0
906,137.870,72.660,134.57,73.03,1083.14,45787.0,16977.0,16977.0
907,137.870,72.660,134.61,73.03,1083.14,43762.0,16185.0,16185.0
908,137.870,72.660,134.64,73.07,1083.14,43945.0,15141.0,15141.0
909,137.870,72.660,134.45,72.96,1083.14,44978.0,15346.0,15346.0
910,137.870,72.660,134.83,73.06,1083.14,40533.0,11339.0,11339.0
911,137.870,72.660,134.57,72.81,1083.14,43401.0,15822.0,15822.0
912,137.870,72.660,134.44,73.04,1083.14,46965.0,17037.0,17037.0
913,137.870,72.660,134.54,72.89,1083.14,45604.0,16185.0,16185.0
914,137.870,72.660,134.54,72.99,1083.14,45643.0,16702.0,16702.0
915,137.870,72.660,134.8,73.05,1083.14,45361.0,16241.0,16241.0
916,137.870,72.660,134.68,72.93,1083.14,44513.0,15943.0,15943.0
917,137.870,72.660,134.61,72.92,1083.14,45456.0,15767.0,15767.0
918,137.870,72.660,134.53,73.09,1083.14,43203.0,14341.0,14341.0
919,137.870,72.660,134.56,72.86,1083.14,44444.0,15319.0,15319.0
920,137.870,72.660,134.54,72.76,1083.14,43528.0,15461.0,15461.0
921,137.870,72.660,134.72,72.89,1083.14,43871.0,14896.0,14896.0
922,137.870,72.660,134.62,72.85,1083.14,43888.0,15784.0,15784.0
923,137.870,72.660,134.57,72.76,1083.14,47277.0,17714.0,17714.0
924,137.870,72.660,134.6,72.83,1083.14,41572.0,13630.0,13630.0
925,137.870,72.660,134.83,72.97,1083.14,45230.0,17286.0,17286.0
926,137.870,72.660,134.57,73.04,1083.14,42968.0,14675.0,14675.0
927,137.870,72.660,134.6,72.86,1083.14,44416.0,15849.0,15849.0
928,137.870,72.660,134.34,73.06,1083.14,45380.0,16660.0,16660.0
929,137.870,72.660,134.58,72.72,1083.14,43834.0,15146.0,15146.0
930,137.870,72.660,134.63,72.83,1083.14,46851.0,17991.0,17991.0
931,137.870,72.660,134.64,72.71,1083.14,46050.0,17004.0,17004.0
932,137.870,72.660,134.66,72.85,1083.14,41220.0,12546.0,12546.0
933,137.870,72.660,134.7,72.81,1083.14,45728.0,17974.0,17974.0
934,137.870,72.660,134.61,72.85,1083.14,45486.0,16444.0,16444.0
935,137.870,72.660,134.65,73.02,1083.14,44962.0,17154.0,17154.0
936,137.870,72.660,134.81,72.74,1083.14,48122.0,18234.0,18234.0
937,137.870,72.660,134.59,72.89,1083.14,46314.0,18770.0,18770.0
938,137.870,72.660,134.6,72.99,1083.14,47401.0,18688.0,18688.0
939,137.870,72.660,134.61,72.88,1083.14,45600.0,16283.0,16283.0
940,137.870,72.660,134.59,73.05,1083.14,42580.0,14817.0,14817.0
941,137.870,72.660,134.69,72.99,1083.14,47258.0,18206.0,18206.0
942,137.870,72.660,134.56,72.72,1083.14,46187.0,17256.0,17256.0
943,137.870,72.660,134.61,72.94,1083.14,44490.0,16491.0,16491.0
944,137.870,72.660,134.72,73.0,1083.14,45828.0,15776.0,15776.0
945,137.870,72.660,134.45,72.8,1083.14,47475.0,18832.0,18832.0
946,137.870,72.660,134.75,73.01,1083.14,45662.0,15763.0,15763.0
947,137.870,72.660,134.63,72.96,1083.14,45696.0,16779.0,16779.0
948,137.870,72.660,134.44,73.0,1083.14,46903.0,16716.0,16716.0
949,137.870,72.660,134.72,73.05,1083.14,44876.0,15425.0,15425.0
950,137.870,72.660,134.47,72.83,1083.14,43638.0,15591.0,15591.0
951,137.870,72.660,134.52,72.89,1083.14,43294.0,14642.0,14642.0
952,137.870,72.660,134.47,72.91,1083.14,42676.0,14638.0,14638.0
953,137.870,72.660,134.66,72.95,1083.14,44113.0,15680.0,15680.0
954,137.870,72.660,134.38,72.91,1083.14,48995.0,19000.0,19000.0
955,137.870,72.660,134.69,72.9,1083.14,45540.0,17575.0,17575.0
956,137.870,72.660,134.67,72.97,1083.14,43965.0,15400.0,15400.0
957,137.870,72.660,134.61,72.84,1083.14,47999.0,18651.0,18651.0
958,137.870,72.660,134.79,72.64,1083.14,44486.0,16397.0,16397.0
959,137.870,72.660,134.59,72.92,1083.14,47217.0,17609.0,17609.0
960,137.870,72.660,134.49,72.96,1083.14,43947.0,16007.0,16007.0
961,137.870,72.660,134.65,72.93,1083.14,42754.0,15095.0,15095.0
962,137.870,72.660,134.75,72.86,1083.14,45183.0,16784.0,16784.0
963,137.870,72.660,134.76,72.88,1083.14,45253.0,17257.0,17257.0
964,137.870,72.660,134.59,72.88,1083.14,44382.0,16286.0,16286.0
965,137.870,72.660,134.63,72.84,1083.14,46362.0,17831.0,17831.0
966,137.870,72.660,134.54,72.79,1083.14,41126.0,13178.0,13178.0
967,137.870,72.660,134.65,72.94,1083.14,43276.0,15108.0,15108.0
968,137.870,72.660,134.73,72.83,1083.14,44007.0,16681.0,16681.0
969,137.870,72.660,134.68,72.72,1083.14,41609.0,14303.0,14303.0
970,137.870,72.660,134.51,72.91,1083.14,40827.0,12616.0,12616.0
971,137.870,72.660,134.47,72.95,1083.14,44084.0,15814.0,15814.0
972,137.870,72.660,134.45,72.76,1083.14,42569.0,13438.0,13438.0
973,137.870,72.660,134.57,73.06,1083.14,40618.0,13390.0,13390.0
974,137.870,72.660,134.63,72.61,1083.14,43267.0,15214.0,15214.0
975,137.870,72.660,134.59,72.9,1083.14,42343.0,14325.0,14325.0
976,137.870,72.660,134.58,73.04,1083.14,44675.0,17918.0,17918.0
977,137.870,72.660,134.61,72.84,1083.14,42541.0,13533.0,13533.0
978,137.870,72.660,134.49,72.94,1083.14,44847.0,16731.0,16731.0
979,137.870,72.660,134.62,73.34,1083.14,47059.0,18260.0,18260.0
980,137.870,72.660,134.67,73.11,1083.14,46566.0,17623.0,17623.0
981,137.870,72.660,134.62,72.69,1083.14,46083.0,17745.0,17745.0
982,137.870,72.660,134.66,72.86,1083.14,41652.0,13775.0,13775.0
983,137.870,72.660,134.57,72.92,1083.14,41426.0,13472.0,13472.0
984,137.870,72.660,134.56,72.96,1083.14,46483.0,18206.0,18206.0
985,137.870,72.660,134.67,72.52,1083.14,44437.0,15957.0,15957.0
986,137.870,72.660,134.74,72.94,1083.14,41189.0,13360.0,13360.0
987,137.870,72.660,134.69,72.97,1083.14,45610.0,17370.0,17370.0
988,137.870,72.660,134.52,72.68,1083.14,44284.0,16896.0,16896.0
989,137.870,72.660,134.49,72.85,1083.14,42542.0,14782.0,14782.0
990,137.870,72.660,134.55,72.81,1083.14,42969.0,14807.0,14807.0
991,137.870,72.660,134.68,72.93,1083.14,41946.0,14004.0,14004.0
992,137.870,72.660,134.68,72.93,1083.14,45629.0,17830.0,17830.0
993,137.870,72.660,134.66,72.8,1083.14,42857.0,15818.0,15818.0
994,137.870,72.660,134.8,72.86,1083.14,41075.0,12836.0,12836.0
995,137.870,72.660,134.68,72.86,1083.14,42300.0,14247.0,14247.0
996,137.870,72.660,134.74,72.74,1083.14,40553.0,12678.0,12678.0
997,137.870,72.660,134.72,72.97,1083.14,40703.0,13038.0,13038.0
998,137.870,72.660,134.73,72.82,1083.14,43476.0,15081.0,15081.0
999,137.870,72.660,134.77,72.92,1083.14,42225.0,15186.0,15186.0
1000,137.870,72.660,134.59,72.77,1083.14,42866.0,15554.0,15554.0
1001,137.870,72.660,134.6,73.02,1083.14,40238.0,11415.0,11415.0
1002,137.870,72.660,134.73,72.94,1083.14,38009.0,10740.0,10740.0
1003,137.870,72.660,134.4,72.97,1083.14,45688.0,17386.0,17386.0
1004,137.870,72.660,134.6,72.6,1083.14,41748.0,14097.0,14097.0
1005,137.870,72.660,134.81,72.93,1083.14,44194.0,16218.0,16218.0
1006,137.870,72.660,134.63,72.85,1083.14,42605.0,15147.0,15147.0
1007,137.870,72.660,134.72,72.99,1083.14,43464.0,14789.0,14789.0
1008,137.870,72.660,134.66,72.77,1083.14,44022.0,16709.0,16709.0
1009,137.870,72.660,134.76,72.97,1083.14,43547.0,15837.0,15837.0
1010,137.870,72.660,134.57,72.84,1083.14,42897.0,14727.0,14727.0
1011,137.870,72.660,134.79,72.87,1083.14,42157.0,13468.0,13468.0
1012,137.870,72.660,134.5,72.93,1083.14,41994.0,14799.0,14799.0
1013,137.870,72.660,134.61,72.51,1083.14,39122.0,12933.0,12933.0
1014,137.870,72.660,134.87,73.06,1083.14,42163.0,13909.0,13909.0
1015,137.870,72.660,134.56,72.89,1083.14,41916.0,13479.0,13479.0
1016,137.870,72.660,134.47,73.03,1083.14,41635.0,13858.0,13858.0
1017,137.870,72.660,134.64,72.64,1083.14,44548.0,16801.0,16801.0
1018,137.870,72.660,134.58,72.86,1083.14,43158.0,14807.0,14807.0
1019,137.870,72.660,134.61,72.53,1083.14,40615.0,13426.0,13426.0
1020,137.870,72.660,134.39,72.91,1083.14,46405.0,17615.0,17615.0
1021,137.870,72.660,134.42,72.62,1083.14,41658.0,13581.0,13581.0
1022,137.870,72.660,134.4,72.75,1083.14,42199.0,14121.0,14121.0
1023,137.870,72.660,134.74,72.84,1083.14,40076.0,12869.0,12869.0
1024,137.870,72.660,134.76,72.81,1083.14,40435.0,12334.0,12334.0
1025,137.870,72.660,134.76,72.81,1083.14,25000.0,0.0,0.0
1026,137.870,72.660,134.76,72.81,1083.14,24866.0,0.0,0.0
1027,137.870,72.660,134.76,72.81,1083.14,25564.0,596.0,596.0
1028,137.870,72.660,134.76,72.81,1083.14,23628.0,0.0,0.0
1029,137.870,72.660,134.76,72.81,1083.14,23732.0,0.0,0.0
1030,137.870,72.660,134.76,72.81,1083.14,25640.0,352.0,352.0
1031,137.870,72.660,134.76,72.81,1083.14,23587.0,0.0,0.0
1032,137.870,72.660,134.76,72.81,1083.14,25207.0,371.0,371.0
1033,137.870,72.660,134.76,72.81,1083.14,25851.0,399.0,399.0
1034,137.870,72.660,134.76,72.81,1083.14,25865.0,1011.0,1011.0
1035,137.870,72.660,134.76,72.81,1083.14,26002.0,774.0,774.0
1036,137.870,72.660,134.76,72.81,1083.14,23081.0,0.0,0.0
1037,137.870,72.660,134.76,72.81,1083.14,23692.0,0.0,0.0
1038,137.870,72.660,134.76,72.81,1083.14,25832.0,813.0,813.0
1039,137.870,72.660,134.76,72.81,1083.14,25076.0,75.0,75.0
1040,137.870,72.660,134.76,72.81,1083.14,23712.0,0.0,0.0
1041,137.870,72.660,134.76,72.81,1083.14,26325.0,1345.0,1345.0
1042,137.870,72.660,134.76,72.81,1083.14,25753.0,0.0,0.0
1043,137.870,72.660,134.76,72.81,1083.14,24642.0,41.0,41.0
1044,137.870,72.660,134.76,72.81,1083.14,24321.0,0.0,0.0
1045,137.870,72.660,134.76,72.81,1083.14,24965.0,415.0,415.0
1046,137.870,72.660,134.76,72.81,1083.14,24553.0,0.0,0.0
1047,137.870,72.660,134.76,72.81,1083.14,24959.0,0.0,0.0
1048,137.870,72.660,134.76,72.81,1083.14,26122.0,778.0,778.0
1049,137.870,72.660,134.76,72.81,1083.14,25093.0,0.0,0.0
1050,137.870,72.660,134.76,72.81,1083.14,23542.0,0.0,0.0
1051,137.870,72.660,134.76,72.81,1083.14,25048.0,0.0,0.0
1052,137.870,72.660,134.76,72.81,1083.14,24128.0,0.0,0.0
1053,137.870,72.660,134.76,72.81,1083.14,24509.0,0.0,0.0
1054,137.870,72.660,134.76,72.81,1083.14,26174.0,660.0,660.0
1055,137.870,72.660,134.76,72.81,1083.14,26588.0,1665.0,1665.0
1056,137.870,72.660,134.76,72.81,1083.14,24953.0,0.0,0.0
1057,137.870,72.660,134.76,72.81,1083.14,24912.0,372.0,372.0
1058,137.870,72.660,134.76,72.81,1083.14,24664.0,391.0,391.0
1059,137.870,72.660,134.76,72.81,1083.14,23995.0,0.0,0.0
1060,137.870,72.660,134.76,72.81,1083.14,23710.0,0.0,0.0
1061,137.870,72.660,134.76,72.81,1083.14,24973.0,0.0,0.0
1062,137.870,72.660,134.76,72.81,1083.14,23411.0,0.0,0.0
1063,137.870,72.660,134.76,72.81,1083.14,25067.0,57.0,57.0
1064,137.870,72.660,134.76,72.81,1083.14,24869.0,448.0,448.0
1065,137.870,72.660,134.76,72.81,1083.14,24304.0,0.0,0.0
1066,137.870,72.660,134.76,72.81,1083.14,25903.0,910.0,910.0
1067,137.870,72.660,134.76,72.81,1083.14,26709.0,1145.0,1145.0
1068,137.870,72.660,134.76,72.81,1083.14,26256.0,694.0,694.0
1069,137.870,72.660,134.76,72.81,1083.14,25149.0,0.0,0.0
1070,137.870,72.660,134.76,72.81,1083.14,26052.0,718.0,718.0
1071,137.870,72.660,134.76,72.81,1083.14,23755.0,0.0,0.0
1072,137.870,72.660,134.76,72.81,1083.14,25453.0,756.0,756.0
1073,137.870,72.660,134.76,72.81,1083.14,24312.0,0.0,0.0
1074,137.870,72.660,134.76,72.81,1083.14,25256.0,577.0,577.0
1075,137.870,72.660,134.76,72.81,1083.14,25898.0,1407.0,1407.0
1076,137.870,72.660,134.76,72.81,1083.14,26033.0,0.0,0.0
1077,137.870,72.660,134.76,72.81,1083.14,24259.0,0.0,0.0
1078,137.870,72.660,134.76,72.81,1083.14,23270.0,0.0,0.0
1079,137.870,72.660,134.76,72.81,1083.14,24679.0,24.0,24.0
1080,137.870,72.660,134.76,72.81,1083.14,23283.0,0.0,0.0
1081,137.870,72.660,134.76,72.81,1083.14,24478.0,0.0,0.0
1082,137.870,72.660,134.76,72.81,1083.14,24312.0,0.0,0.0
1083,137.870,72.660,134.76,72.81,1083.14,25743.0,0.0,0.0
1084,137.870,72.660,134.76,72.81,1083.14,25297.0,0.0,0.0
1085,137.870,72.660,134.76,72.81,1083.14,25039.0,195.0,195.0
1086,137.870,72.660,134.76,72.81,1083.14,25295.0,0.0,0.0
1087,137.870,72.660,134.76,72.81,1083.14,26645.0,776.0,776.0
1088,137.870,72.660,134.76,72.81,1083.14,23947.0,0.0,0.0
1089,137.870,72.660,134.76,72.81,1083.14,25177.0,110.0,110.0
1090,137.870,72.660,134.76,72.81,1083.14,23658.0,0.0,0.0
1091,137.870,72.660,134.76,72.81,1083.14,23818.0,0.0,0.0
1092,137.870,72.660,134.76,72.81,1083.14,25264.0,0.0,0.0
1093,137.870,72.660,134.76,72.81,1083.14,24768.0,0.0,0.0
1094,137.870,72.660,134.76,72.81,1083.14,25219.0,0.0,0.0
1095,137.870,72.660,134.76,72.81,1083.14,24939.0,213.0,213.0
1096,137.870,72.660,134.76,72.81,1083.14,24316.0,0.0,0.0
1097,137.870,72.660,134.76,72.81,1083.14,25058.0,0.0,0.0
1098,137.870,72.660,134.76,72.81,1083.14,23876.0,0.0,0.0
1099,137.870,72.660,134.76,72.81,1083.14,25576.0,1079.0,1079.0
1100,137.870,72.660,134.76,72.81,1083.14,24627.0,0.0,0.0
1101,137.870,72.660,134.76,72.81,1083.14,24359.0,0.0,0.0
1102,137.870,72.660,134.76,72.81,1083.14,25280.0,105.0,105.0
1103,137.870,72.660,134.76,72.81,1083.14,24979.0,379.0,379.0
1104,137.870,72.660,134.76,72.81,1083.14,27198.0,1398.0,1398.0
1105,137.870,72.660,134.76,72.81,1083.14,24427.0,0.0,0.0
1106,137.870,72.660,134.76,72.81,1083.14,23928.0,0.0,0.0
1107,137.870,72.660,134.76,72.81,1083.14,24130.0,0.0,0.0
1108,137.870,72.660,134.76,72.81,1083.14,26993.0,367.0,367.0
1109,137.870,72.660,134.76,72.81,1083.14,25880.0,107.0,107.0
1110,137.870,72.660,134.76,72.81,1083.14,25352.0,0.0,0.0
1111,137.870,72.660,134.76,72.81,1083.14,25730.0,344.0,344.0
1112,137.870,72.660,134.76,72.81,1083.14,24449.0,681.0,681.0
1113,137.870,72.660,134.76,72.81,1083.14,23124.0,0.0,0.0
1114,137.870,72.660,134.76,72.81,1083.14,26224.0,749.0,749.0
1115,137.870,72.660,134.76,72.81,1083.14,25431.0,0.0,0.0
1116,137.870,72.660,134.76,72.81,1083.14,24888.0,0.0,0.0
1117,137.870,72.660,134.76,72.81,1083.14,24683.0,0.0,0.0
1118,137.870,72.660,134.76,72.81,1083.14,24298.0,0.0,0.0
1119,137.870,72.660,134.76,72.81,1083.14,24644.0,0.0,0.0
1120,137.870,72.660,134.76,72.81,1083.14,24898.0,75.0,75.0
1121,137.870,72.660,134.76,72.81,1083.14,23867.0,0.0,0.0
1122,137.870,72.660,134.76,72.81,1083.14,24819.0,0.0,0.0
1123,137.870,72.660,134.76,72.81,1083.14,23913.0,0.0,0.0
1124,137.870,72.660,134.76,72.81,1083.14,23376.0,0.0,0.0
1125,137.870,72.660,134.76,72.81,1083.14,23829.0,0.0,0.0
1126,137.870,72.660,134.76,72.81,1083.14,24359.0,0.0,0.0
1127,137.870,72.660,134.76,72.81,1083.14,25105.0,0.0,0.0
1128,137.870,72.660,134.76,72.81,1083.14,25521.0,405.0,405.0
1129,137.870,72.660,134.76,72.81,1083.14,23406.0,0.0,0.0
1130,137.870,72.660,134.76,72.81,1083.14,25761.0,370.0,370.0
1131,137.870,72.660,134.76,72.81,1083.14,26876.0,1615.0,1615.0
1132,137.870,72.660,134.76,72.81,1083.14,23669.0,0.0,0.0
1133,137.870,72.660,134.76,72.81,1083.14,24521.0,0.0,0.0
1134,137.870,72.660,134.76,72.81,1083.14,26644.0,726.0,726.0
1135,137.870,72.660,134.76,72.81,1083.14,23883.0,0.0,0.0
1136,137.870,72.660,134.76,72.81,1083.14,23882.0,0.0,0.0
1137,137.870,72.660,134.76,72.81,1083.14,25626.0,618.0,618.0
1138,137.870,72.660,134.76,72.81,1083.14,24456.0,45.0,45.0
1139,137.870,72.660,134.76,72.81,1083.14,23804.0,34.0,34.0
1140,137.870,72.660,134.76,72.81,1083.14,25177.0,295.0,295.0
1141,137.870,72.660,134.76,72.81,1083.14,23122.0,0.0,0.0
1142,137.870,72.660,134.76,72.81,1083.14,24453.0,0.0,0.0
1143,137.870,72.660,134.76,72.81,1083.14,24606.0,0.0,0.0
1144,137.870,72.660,134.76,72.81,1083.14,23834.0,0.0,0.0
1145,137.870,72.660,134.76,72.81,1083.14,26867.0,807.0,807.0
1146,137.870,72.660,134.76,72.81,1083.14,24378.0,327.0,327.0
1147,137.870,72.660,134.76,72.81,1083.14,25628.0,467.0,467.0
1148,137.870,72.660,134.76,72.81,1083.14,24489.0,0.0,0.0
1149,137.870,72.660,134.76,72.81,1083.14,24615.0,0.0,0.0
1150,137.870,72.660,134.76,72.81,1083.14,23196.0,0.0,0.0
1151,137.870,72.660,134.76,72.81,1083.14,24268.0,0.0,0.0
1152,137.870,72.660,134.76,72.81,1083.14,23940.0,262.0,262.0
1153,137.870,72.660,134.76,72.81,1083.14,24607.0,0.0,0.0
1154,137.870,72.660,134.76,72.81,1083.14,24888.0,118.0,118.0
1155,137.870,72.660,134.76,72.81,1083.14,24462.0,413.0,413.0
1156,137.870,72.660,134.76,72.81,1083.14,23319.0,0.0,0.0
1157,137.870,72.660,134.76,72.81,1083.14,24056.0,0.0,0.0
1158,137.870,72.660,134.76,72.81,1083.14,24392.0,0.0,0.0
1159,137.870,72.660,134.76,72.81,1083.14,23677.0,167.0,167.0
1160,137.870,72.660,134.76,72.81,1083.14,24628.0,0.0,0.0
1161,137.870,72.660,134.76,72.81,1083.14,25969.0,0.0,0.0
1162,137.870,72.660,134.76,72.81,1083.14,24256.0,0.0,0.0
1163,137.870,72.660,134.76,72.81,1083.14,23811.0,0.0,0.0
1164,137.870,72.660,134.76,72.81,1083.14,24569.0,0.0,0.0
1165,137.870,72.660,134.76,72.81,1083.14,24773.0,0.0,0.0
1166,137.870,72.660,134.76,72.81,1083.14,25444.0,728.0,728.0
1167,137.870,72.660,134.76,72.81,1083.14,25343.0,0.0,0.0
1168,137.870,72.660,134.76,72.81,1083.14,24774.0,0.0,0.0
1169,137.870,72.660,134.76,72.81,1083.14,26700.0,993.0,993.0
1170,137.870,72.660,134.76,72.81,1083.14,22422.0,0.0,0.0
1171,137.870,72.660,134.76,72.81,1083.14,26053.0,1140.0,1140.0
1172,137.870,72.660,134.76,72.81,1083.14,24599.0,0.0,0.0
1173,137.870,72.660,134.76,72.81,1083.14,26063.0,560.0,560.0
1174,137.870,72.660,134.76,72.81,1083.14,24797.0,323.0,323.0
1175,137.870,72.660,134.76,72.81,1083.14,23822.0,0.0,0.0
1176,137.870,72.660,134.76,72.81,1083.14,24961.0,0.0,0.0
1177,137.870,72.660,134.76,72.81,1083.14,24525.0,0.0,0.0
1178,137.870,72.660,134.76,72.81,1083.14,24494.0,0.0,0.0
1179,137.870,72.660,134.76,72.81,1083.14,25058.0,0.0,0.0
1180,137.870,72.660,134.76,72.81,1083.14,24219.0,0.0,0.0
1181,137.870,72.660,134.76,72.81,1083.14,25460.0,748.0,748.0
1182,137.870,72.660,134.76,72.81,1083.14,22575.0,0.0,0.0
1183,137.870,72.660,134.76,72.81,1083.14,25874.0,977.0,977.0
1184,137.870,72.660,134.76,72.81,1083.14,26194.0,1200.0,1200.0
1185,137.870,72.660,134.76,72.81,1083.14,24202.0,275.0,275.0
1186,137.870,72.660,134.76,72.81,1083.14,24790.0,0.0,0.0
1187,137.870,72.660,134.76,72.81,1083.14,24209.0,0.0,0.0
1188,137.870,72.660,134.76,72.81,1083.14,25161.0,1036.0,1036.0
1189,137.870,72.660,134.76,72.81,1083.14,23943.0,0.0,0.0
1190,137.870,72.660,134.76,72.81,1083.14,25266.0,440.0,440.0
1191,137.870,72.660,134.76,72.81,1083.14,25613.0,351.0,351.0
1192,137.870,72.660,134.76,72.81,1083.14,26442.0,693.0,693.0
1193,137.870,72.660,134.76,72.81,1083.14,28621.0,1324.0,1324.0
1194,137.870,72.660,134.76,72.81,1083.14,23543.0,0.0,0.0
1195,137.870,72.660,134.76,72.81,1083.14,25302.0,0.0,0.0
1196,137.870,72.660,134.76,72.81,1083.14,24770.0,630.0,630.0
1197,137.870,72.660,134.76,72.81,1083.14,24522.0,0.0,0.0
1198,137.870,72.660,134.76,72.81,1083.14,25760.0,1342.0,1342.0
1199,137.870,72.660,134.76,72.81,1083.14,23657.0,0.0,0.0
1200,137.870,72.660,134.76,72.81,1083.14,25497.0,217.0,217.0
1201,137.870,72.660,134.76,72.81,1083.14,23733.0,0.0,0.0
1202,137.870,72.660,134.76,72.81,1083.14,23117.0,0.0,0.0
1203,137.870,72.660,134.76,72.81,1083.14,25218.0,0.0,0.0
1204,137.870,72.660,134.76,72.81,1083.14,25849.0,819.0,819.0
1205,137.870,72.660,134.76,72.81,1083.14,24301.0,0.0,0.0
1206,137.870,72.660,134.76,72.81,1083.14,24090.0,0.0,0.0
1207,137.870,72.660,134.76,72.81,1083.14,25190.0,0.0,0.0
1208,137.870,72.660,134.76,72.81,1083.14,25807.0,1142.0,1142.0
1209,137.870,72.660,134.76,72.81,1083.14,26330.0,236.0,236.0
1210,137.870,72.660,134.76,72.81,1083.14,25866.0,831.0,831.0
1211,137.870,72.660,134.76,72.81,1083.14,25844.0,286.0,286.0
1212,137.870,72.660,134.76,72.81,1083.14,26442.0,764.0,764.0
1213,137.870,72.660,134.76,72.81,1083.14,25778.0,539.0,539.0
1214,137.870,72.660,134.76,72.81,1083.14,24028.0,0.0,0.0
1215,137.870,72.660,134.76,72.81,1083.14,25057.0,0.0,0.0
1216,137.870,72.660,134.76,72.81,1083.14,25095.0,1196.0,1196.0
1217,137.870,72.660,134.76,72.81,1083.14,26848.0,887.0,887.0
1218,137.870,72.660,134.76,72.81,1083.14,25643.0,0.0,0.0
1219,137.870,72.660,134.76,72.81,1083.14,25151.0,0.0,0.0
1220,137.870,72.660,134.76,72.81,1083.14,24716.0,0.0,0.0
1221,137.870,72.660,134.76,72.81,1083.14,24710.0,0.0,0.0
1222,137.870,72.660,134.76,72.81,1083.14,25336.0,802.0,802.0
1223,137.870,72.660,134.76,72.81,1083.14,25643.0,368.0,368.0
1224,137.870,72.660,134.76,72.81,1083.14,24287.0,0.0,0.0
