id,avg_x,avg_y,x,y,bg,Square_intensity,circular_intensity,Gaussian_intensity
1,133.050,117.680,133.62,117.96,1181.64,41208.0,8419.0,8419.0
2,133.050,117.680,133.57,117.81,1181.64,45943.0,13776.0,13776.0
3,133.050,117.680,133.45,118,1181.64,47247.0,14955.0,14955.0
4,133.050,117.680,133.77,117.97,1181.64,45717.0,11855.0,11855.0
5,133.050,117.680,133.69,118.13,1181.64,42300.0,9175.0,9175.0
6,133.050,117.680,133.61,118.09,1181.64,41325.0,8456.0,8456.0
7,133.050,117.680,133.62,117.96,1181.64,36015.0,3764.0,3764.0
8,133.050,117.680,133.55,118.46,1181.64,38418.0,6128.0,6128.0
9,133.050,117.680,133.62,117.96,1181.64,37087.0,4382.0,4382.0
10,133.050,117.680,133.69,118.22,1181.64,39713.0,7091.0,7091.0
11,133.050,117.680,133.48,118.12,1181.64,42495.0,10699.0,10699.0
12,133.050,117.680,133.66,117.76,1181.64,42765.0,9746.0,9746.0
13,133.050,117.680,133.66,118.06,1181.64,42517.0,10314.0,10314.0
14,133.050,117.680,133.42,118.26,1181.64,45692.0,13060.0,13060.0
15,133.050,117.680,133.51,118.05,1181.64,45674.0,13239.0,13239.0
16,133.050,117.680,133.68,117.98,1181.64,45522.0,11457.0,11457.0
17,133.050,117.680,133.69,118.26,1181.64,41838.0,9041.0,9041.0
18,133.050,117.680,133.6,117.94,1181.64,44759.0,12174.0,12174.0
19,133.050,117.680,133.52,117.94,1181.64,40564.0,8640.0,8640.0
20,133.050,117.680,133.55,117.96,1181.64,41229.0,9807.0,9807.0
21,133.050,117.680,133.38,117.93,1181.64,41083.0,8472.0,8472.0
22,133.050,117.680,133.45,118.07,1181.64,48552.0,16331.0,16331.0
23,133.050,117.680,133.08,117.69,1181.64,41460.0,10154.0,10154.0
24,133.050,117.680,133.44,117.91,1181.64,42939.0,11202.0,11202.0
25,133.050,117.680,133.24,118.07,1181.64,38895.0,6655.0,6655.0
26,133.050,117.680,133.32,117.89,1181.64,39318.0,7638.0,7638.0
27,133.050,117.680,133.71,117.78,1181.64,37829.0,6523.0,6523.0
28,133.050,117.680,133.11,117.95,1181.64,37395.0,6000.0,6000.0
29,133.050,117.680,133.36,117.96,1181.64,45296.0,12792.0,12792.0
30,133.050,117.680,133.36,118.07,1181.64,40579.0,9956.0,9956.0
31,133.050,117.680,133.11,117.94,1181.64,45346.0,12384.0,12384.0
32,133.050,117.680,133.51,117.95,1181.64,47174.0,13571.0,13571.0
33,133.050,117.680,133.34,118.13,1181.64,38810.0,7732.0,7732.0
34,133.050,117.680,133.16,117.92,1181.64,42335.0,10140.0,10140.0
35,133.050,117.680,133.25,118.1,1181.64,38907.0,7766.0,7766.0
36,133.050,117.680,133.34,117.83,1181.64,42085.0,10065.0,10065.0
37,133.050,117.680,133.41,118,1181.64,40223.0,7666.0,7666.0
38,133.050,117.680,133.34,117.84,1181.64,40438.0,8490.0,8490.0
39,133.050,117.680,133.29,117.85,1181.64,39064.0,8767.0,8767.0
40,133.050,117.680,133.62,117.96,1181.64,37296.0,5697.0,5697.0
41,133.050,117.680,133.2,117.77,1181.64,42924.0,10866.0,10866.0
42,133.050,117.680,133.12,118.15,1181.64,45171.0,13266.0,13266.0
43,133.050,117.680,133.18,117.48,1181.64,37952.0,8687.0,8687.0
44,133.050,117.680,133.18,117.79,1181.64,39333.0,9340.0,9340.0
45,133.050,117.680,133.33,118.15,1181.64,38697.0,7067.0,7067.0
46,133.050,117.680,133.36,117.61,1181.64,37864.0,8283.0,8283.0
47,133.050,117.680,133.39,118.03,1181.64,37666.0,6972.0,6972.0
48,133.050,117.680,133.09,117.86,1181.64,37799.0,6251.0,6251.0
49,133.050,117.680,133.2,118.17,1181.64,41197.0,10541.0,10541.0
50,133.050,117.680,133.3,117.6,1181.64,41353.0,10517.0,10517.0
51,133.050,117.680,133.09,117.85,1181.64,43868.0,11083.0,11083.0
52,133.050,117.680,133.49,117.88,1181.64,39031.0,8240.0,8240.0
53,133.050,117.680,133.17,117.87,1181.64,40539.0,9495.0,9495.0
54,133.050,117.680,133.29,117.81,1181.64,41389.0,9228.0,9228.0
55,133.050,117.680,133.15,117.89,1181.64,44226.0,12896.0,12896.0
56,133.050,117.680,133.29,117.82,1181.64,41558.0,10955.0,10955.0
57,133.050,117.680,133.02,117.76,1181.64,41501.0,10732.0,10732.0
58,133.050,117.680,133.23,117.95,1181.64,42179.0,10864.0,10864.0
59,133.050,117.680,133.38,118.07,1181.64,42680.0,11579.0,11579.0
60,133.050,117.680,133.48,117.74,1181.64,47453.0,15862.0,15862.0
61,133.050,117.680,133.51,117.89,1181.64,41008.0,10560.0,10560.0
62,133.050,117.680,132.93,117.84,1181.64,39383.0,8549.0,8549.0
63,133.050,117.680,133.14,117.74,1181.64,41052.0,10227.0,10227.0
64,133.050,117.680,133.27,117.85,1181.64,38863.0,8503.0,8503.0
65,133.050,117.680,133.5,117.79,1181.64,39833.0,8239.0,8239.0
66,133.050,117.680,133.4,117.57,1181.64,39673.0,9641.0,9641.0
67,133.050,117.680,133.38,117.65,1181.64,41985.0,11355.0,11355.0
68,133.050,117.680,133.28,118,1181.64,41380.0,9305.0,9305.0
69,133.050,117.680,133.19,117.98,1181.64,37581.0,6959.0,6959.0
70,133.050,117.680,133.61,117.77,1181.64,48278.0,16896.0,16896.0
71,133.050,117.680,133.41,117.85,1181.64,47347.0,15525.0,15525.0
72,133.050,117.680,133.26,117.89,1181.64,37745.0,8266.0,8266.0
73,133.050,117.680,133.19,118.01,1181.64,41537.0,11124.0,11124.0
74,133.050,117.680,133.5,117.98,1181.64,38738.0,8278.0,8278.0
75,133.050,117.680,133.11,117.81,1181.64,41002.0,11593.0,11593.0
76,133.050,117.680,133.04,117.79,1181.64,39669.0,9125.0,9125.0
77,133.050,117.680,133.23,117.85,1181.64,41737.0,10767.0,10767.0
78,133.050,117.680,133.5,117.76,1181.64,38506.0,8058.0,8058.0
79,133.050,117.680,133.39,117.93,1181.64,39757.0,9824.0,9824.0
80,133.050,117.680,133.38,117.78,1181.64,37532.0,7814.0,7814.0
81,133.050,117.680,133.26,118.12,1181.64,39584.0,9108.0,9108.0
82,133.050,117.680,133.55,117.56,1181.64,37542.0,8019.0,8019.0
83,133.050,117.680,133.24,118.04,1181.64,39452.0,8978.0,8978.0
84,133.050,117.680,133.34,118.07,1181.64,37689.0,8724.0,8724.0
85,133.050,117.680,132.65,117.61,1181.64,46393.0,14900.0,14900.0
86,133.050,117.680,133.1,117.93,1181.64,45336.0,15076.0,15076.0
87,133.050,117.680,133.27,118.2,1181.64,47331.0,15691.0,15691.0
88,133.050,117.680,133.12,117.65,1181.64,39163.0,9333.0,9333.0
89,133.050,117.680,133.37,117.95,1181.64,42612.0,12059.0,12059.0
90,133.050,117.680,133.36,117.94,1181.64,42765.0,12810.0,12810.0
91,133.050,117.680,132.97,118.02,1181.64,45743.0,13646.0,13646.0
92,133.050,117.680,133.19,117.89,1181.64,41332.0,10498.0,10498.0
93,133.050,117.680,133.44,117.87,1181.64,43313.0,13720.0,13720.0
94,133.050,117.680,133.39,118.04,1181.64,43863.0,12511.0,12511.0
95,133.050,117.680,133.27,118.09,1181.64,43662.0,13784.0,13784.0
96,133.050,117.680,133.45,117.62,1181.64,43149.0,12944.0,12944.0
97,133.050,117.680,133.31,117.51,1181.64,37295.0,8785.0,8785.0
98,133.050,117.680,133.23,118.04,1181.64,35612.0,6419.0,6419.0
99,133.050,117.680,133.43,117.6,1181.64,36192.0,7124.0,7124.0
100,133.050,117.680,133.1,117.96,1181.64,38716.0,8016.0,8016.0
101,133.050,117.680,133.09,118.08,1181.64,38801.0,9311.0,9311.0
102,133.050,117.680,133.28,117.57,1181.64,38745.0,8681.0,8681.0
103,133.050,117.680,133.23,117.93,1181.64,43075.0,12445.0,12445.0
104,133.050,117.680,133.19,117.89,1181.64,51545.0,18436.0,18436.0
105,133.050,117.680,133.21,117.79,1181.64,45492.0,14066.0,14066.0
106,133.050,117.680,133.12,117.87,1181.64,47851.0,17111.0,17111.0
107,133.050,117.680,133.29,117.94,1181.64,41529.0,11164.0,11164.0
108,133.050,117.680,133.24,117.91,1181.64,42578.0,11672.0,11672.0
109,133.050,117.680,133.18,117.94,1181.64,46751.0,16260.0,16260.0
110,133.050,117.680,133.33,117.81,1181.64,53981.0,21800.0,21800.0
111,133.050,117.680,133.35,117.87,1181.64,40867.0,11420.0,11420.0
112,133.050,117.680,133.26,117.89,1181.64,44198.0,13705.0,13705.0
113,133.050,117.680,133.19,117.88,1181.64,49157.0,18050.0,18050.0
114,133.050,117.680,133.21,117.84,1181.64,54892.0,21693.0,21693.0
115,133.050,117.680,133.14,117.85,1181.64,46564.0,15339.0,15339.0
116,133.050,117.680,133.21,117.77,1181.64,40830.0,9660.0,9660.0
117,133.050,117.680,133.28,117.78,1181.64,51261.0,19705.0,19705.0
118,133.050,117.680,133.24,117.81,1181.64,54294.0,21646.0,21646.0
119,133.050,117.680,133.17,117.8,1181.64,48163.0,16839.0,16839.0
120,133.050,117.680,133.2,118.02,1181.64,45117.0,14617.0,14617.0
121,133.050,117.680,133.14,117.81,1181.64,49779.0,17276.0,17276.0
122,133.050,117.680,133.24,117.71,1181.64,47300.0,16304.0,16304.0
123,133.050,117.680,133.29,117.79,1181.64,45486.0,15216.0,15216.0
124,133.050,117.680,133.5,117.78,1181.64,46959.0,15526.0,15526.0
125,133.050,117.680,133.12,117.87,1181.64,41421.0,12082.0,12082.0
126,133.050,117.680,133.09,117.89,1181.64,38992.0,9536.0,9536.0
127,133.050,117.680,132.96,118.09,1181.64,38459.0,9412.0,9412.0
128,133.050,117.680,133.18,117.89,1181.64,40818.0,11036.0,11036.0
129,133.050,117.680,133.16,117.93,1181.64,37559.0,8997.0,8997.0
130,133.050,117.680,133.14,117.88,1181.64,39816.0,10746.0,10746.0
131,133.050,117.680,133.04,118.04,1181.64,39337.0,9807.0,9807.0
132,133.050,117.680,133.39,117.77,1181.64,39182.0,10897.0,10897.0
133,133.050,117.680,133.25,118.16,1181.64,39259.0,10007.0,10007.0
134,133.050,117.680,133.53,117.97,1181.64,43856.0,13692.0,13692.0
135,133.050,117.680,133.46,117.81,1181.64,38045.0,8544.0,8544.0
136,133.050,117.680,133,117.6,1181.64,39672.0,11394.0,11394.0
137,133.050,117.680,133.48,117.89,1181.64,38746.0,8693.0,8693.0
138,133.050,117.680,133,117.86,1181.64,38533.0,9937.0,9937.0
139,133.050,117.680,133.3,117.57,1181.64,40190.0,10931.0,10931.0
140,133.050,117.680,133.2,117.79,1181.64,38797.0,9773.0,9773.0
141,133.050,117.680,133.14,117.99,1181.64,37863.0,8444.0,8444.0
142,133.050,117.680,133.15,117.9,1181.64,37114.0,8080.0,8080.0
143,133.050,117.680,133.19,117.88,1181.64,38074.0,9704.0,9704.0
144,133.050,117.680,133.32,117.65,1181.64,40980.0,10709.0,10709.0
145,133.050,117.680,133.16,117.81,1181.64,46133.0,15077.0,15077.0
146,133.050,117.680,133.14,117.81,1181.64,37792.0,9269.0,9269.0
147,133.050,117.680,133.47,117.69,1181.64,39386.0,11097.0,11097.0
148,133.050,117.680,133.47,117.69,1181.64,44009.0,14039.0,14039.0
149,133.050,117.680,133.3,117.78,1181.64,47204.0,17554.0,17554.0
150,133.050,117.680,133.6,117.54,1181.64,42006.0,12085.0,12085.0
151,133.050,117.680,133.42,117.81,1181.64,45497.0,16981.0,16981.0
152,133.050,117.680,133.23,117.78,1181.64,46469.0,16106.0,16106.0
153,133.050,117.680,133.16,117.84,1181.64,54397.0,21667.0,21667.0
154,133.050,117.680,133.29,118,1181.64,47966.0,16797.0,16797.0
155,133.050,117.680,133.27,117.96,1181.64,45824.0,15439.0,15439.0
156,133.050,117.680,133.19,117.92,1181.64,43042.0,14187.0,14187.0
157,133.050,117.680,133.24,117.83,1181.64,49799.0,19300.0,19300.0
158,133.050,117.680,133.22,117.74,1181.64,50578.0,21092.0,21092.0
159,133.050,117.680,133.14,117.76,1181.64,43865.0,14224.0,14224.0
160,133.050,117.680,133.41,117.93,1181.64,57179.0,25730.0,25730.0
161,133.050,117.680,133.41,117.82,1181.64,53740.0,22330.0,22330.0
162,133.050,117.680,133.41,118.02,1181.64,47500.0,15588.0,15588.0
163,133.050,117.680,133.41,117.74,1181.64,48064.0,16237.0,16237.0
164,133.050,117.680,133.41,117.59,1181.64,48616.0,16746.0,16746.0
165,133.050,117.680,133.35,117.63,1181.64,53525.0,21699.0,21699.0
166,133.050,117.680,133.32,117.87,1181.64,50343.0,18500.0,18500.0
167,133.050,117.680,133.25,117.93,1181.64,48113.0,16462.0,16462.0
168,133.050,117.680,133.32,117.83,1181.64,46838.0,14977.0,14977.0
169,133.050,117.680,133.34,117.92,1181.64,48244.0,15903.0,15903.0
170,133.050,117.680,133.56,117.78,1181.64,49760.0,17870.0,17870.0
171,133.050,117.680,133.54,117.97,1181.64,43235.0,12440.0,12440.0
172,133.050,117.680,133.3,117.7,1181.64,47261.0,15733.0,15733.0
173,133.050,117.680,133.08,117.94,1181.64,39911.0,9911.0,9911.0
174,133.050,117.680,133.54,117.94,1181.64,42576.0,10539.0,10539.0
175,133.050,117.680,133.55,117.76,1181.64,41816.0,10576.0,10576.0
176,133.050,117.680,133.26,117.89,1181.64,42698.0,11458.0,11458.0
177,133.050,117.680,133.23,117.85,1181.64,42518.0,11162.0,11162.0
178,133.050,117.680,133.26,117.78,1181.64,45020.0,13898.0,13898.0
179,133.050,117.680,133.49,117.78,1181.64,44409.0,12678.0,12678.0
180,133.050,117.680,133.37,117.91,1181.64,40394.0,10248.0,10248.0
181,133.050,117.680,133.37,117.96,1181.64,36858.0,5708.0,5708.0
182,133.050,117.680,133.62,117.96,1181.64,34911.0,4781.0,4781.0
183,133.050,117.680,133.25,117.99,1181.64,37274.0,6214.0,6214.0
184,133.050,117.680,133.36,117.5,1181.64,34367.0,6361.0,6361.0
185,133.050,117.680,133.16,117.89,1181.64,36983.0,7231.0,7231.0
186,133.050,117.680,133.31,117.88,1181.64,35002.0,4064.0,4064.0
187,133.050,117.680,133.38,117.65,1181.64,42220.0,11527.0,11527.0
188,133.050,117.680,133.47,117.61,1181.64,42708.0,12341.0,12341.0
189,133.050,117.680,133.5,117.63,1181.64,43807.0,13420.0,13420.0
190,133.050,117.680,133.14,117.84,1181.64,42084.0,10707.0,10707.0
191,133.050,117.680,133.24,117.84,1181.64,46279.0,13827.0,13827.0
192,133.050,117.680,133.15,117.95,1181.64,45222.0,13940.0,13940.0
193,133.050,117.680,133.3,117.81,1181.64,47153.0,15384.0,15384.0
194,133.050,117.680,133.44,117.61,1181.64,44089.0,13203.0,13203.0
195,133.050,117.680,133.21,117.84,1181.64,46953.0,14746.0,14746.0
196,133.050,117.680,133.2,118.04,1181.64,46776.0,14517.0,14517.0
197,133.050,117.680,133.49,117.97,1181.64,44910.0,13765.0,13765.0
198,133.050,117.680,133.19,117.76,1181.64,42835.0,11870.0,11870.0
199,133.050,117.680,133.36,118,1181.64,40207.0,9333.0,9333.0
200,133.050,117.680,133.16,118.06,1181.64,41771.0,10600.0,10600.0
201,133.050,117.680,133.22,118,1181.64,39624.0,8833.0,8833.0
202,133.050,117.680,133.62,117.61,1181.64,40140.0,8961.0,8961.0
203,133.050,117.680,133.24,118.09,1181.64,43023.0,10387.0,10387.0
204,133.050,117.680,133.29,117.73,1181.64,47930.0,17158.0,17158.0
205,133.050,117.680,133.33,117.86,1181.64,47950.0,14587.0,14587.0
206,133.050,117.680,133.32,117.9,1181.64,56040.0,22189.0,22189.0
207,133.050,117.680,133.14,117.81,1181.64,54183.0,20606.0,20606.0
208,133.050,117.680,133.34,117.91,1181.64,54358.0,20623.0,20623.0
209,133.050,117.680,133.42,117.74,1181.64,42218.0,11477.0,11477.0
210,133.050,117.680,133.17,117.91,1181.64,48944.0,16267.0,16267.0
211,133.050,117.680,133.15,117.68,1181.64,51619.0,18861.0,18861.0
212,133.050,117.680,133.23,117.69,1181.64,46426.0,14459.0,14459.0
213,133.050,117.680,133.27,117.82,1181.64,52250.0,19550.0,19550.0
214,133.050,117.680,133.28,117.77,1181.64,47963.0,15718.0,15718.0
215,133.050,117.680,133.2,117.94,1181.64,48858.0,15595.0,15595.0
216,133.050,117.680,133.26,117.83,1181.64,48383.0,16633.0,16633.0
217,133.050,117.680,133.37,117.74,1181.64,49002.0,17109.0,17109.0
218,133.050,117.680,133.27,117.82,1181.64,45899.0,13082.0,13082.0
219,133.050,117.680,133.15,117.93,1181.64,44934.0,12707.0,12707.0
220,133.050,117.680,133.6,117.83,1181.64,41986.0,9573.0,9573.0
221,133.050,117.680,133.57,117.7,1181.64,40001.0,7424.0,7424.0
222,133.050,117.680,133.52,117.67,1181.64,44944.0,11937.0,11937.0
223,133.050,117.680,133.35,117.9,1181.64,44093.0,12117.0,12117.0
224,133.050,117.680,133.54,117.58,1181.64,41668.0,10432.0,10432.0
225,133.050,117.680,133.18,117.84,1181.64,37000.0,6786.0,6786.0
226,133.050,117.680,133.42,118.01,1181.64,41838.0,8750.0,8750.0
227,133.050,117.680,133.23,117.79,1181.64,36629.0,6500.0,6500.0
228,133.050,117.680,133.12,117.78,1181.64,38127.0,8583.0,8583.0
229,133.050,117.680,133.27,117.66,1181.64,42932.0,12028.0,12028.0
230,133.050,117.680,133.59,117.69,1181.64,46340.0,14252.0,14252.0
231,133.050,117.680,133.42,117.59,1181.64,39391.0,8419.0,8419.0
232,133.050,117.680,133.24,117.8,1181.64,39893.0,8963.0,8963.0
233,133.050,117.680,133.23,117.33,1181.64,36907.0,7127.0,7127.0
234,133.050,117.680,133.3,117.71,1181.64,43162.0,11557.0,11557.0
235,133.050,117.680,133.48,117.73,1181.64,41940.0,10146.0,10146.0
236,133.050,117.680,133.2,117.9,1181.64,41654.0,10690.0,10690.0
237,133.050,117.680,133.21,117.79,1181.64,45680.0,15217.0,15217.0
238,133.050,117.680,133.35,117.7,1181.64,50129.0,17172.0,17172.0
239,133.050,117.680,133.18,117.82,1181.64,47643.0,15093.0,15093.0
240,133.050,117.680,133.11,117.68,1181.64,48114.0,15726.0,15726.0
241,133.050,117.680,133.16,117.89,1181.64,46479.0,14409.0,14409.0
242,133.050,117.680,133.4,117.64,1181.64,43525.0,12495.0,12495.0
243,133.050,117.680,133.27,117.6,1181.64,49745.0,17936.0,17936.0
244,133.050,117.680,133.27,117.8,1181.64,50595.0,17226.0,17226.0
245,133.050,117.680,133.4,117.85,1181.64,47208.0,14605.0,14605.0
246,133.050,117.680,133.43,117.57,1181.64,42787.0,12574.0,12574.0
247,133.050,117.680,133.34,117.81,1181.64,45288.0,13015.0,13015.0
248,133.050,117.680,133.2,117.69,1181.64,43673.0,12739.0,12739.0
249,133.050,117.680,133.18,117.81,1181.64,45727.0,12902.0,12902.0
250,133.050,117.680,133.26,117.97,1181.64,45929.0,14352.0,14352.0
251,133.050,117.680,133.13,117.79,1181.64,43053.0,12051.0,12051.0
252,133.050,117.680,133.23,117.73,1181.64,44286.0,13210.0,13210.0
253,133.050,117.680,133.34,117.97,1181.64,43881.0,11228.0,11228.0
254,133.050,117.680,133.26,117.88,1181.64,43437.0,11332.0,11332.0
255,133.050,117.680,133.26,117.93,1181.64,42949.0,10518.0,10518.0
256,133.050,117.680,133.33,117.74,1181.64,43569.0,12340.0,12340.0
257,133.050,117.680,133.38,117.65,1181.64,42467.0,11179.0,11179.0
258,133.050,117.680,133.12,117.76,1181.64,42041.0,12273.0,12273.0
259,133.050,117.680,132.89,117.72,1181.64,40535.0,10225.0,10225.0
260,133.050,117.680,133.01,117.61,1181.64,38281.0,7543.0,7543.0
261,133.050,117.680,133.31,117.52,1181.64,37952.0,7731.0,7731.0
262,133.050,117.680,133.08,117.65,1181.64,40991.0,9720.0,9720.0
263,133.050,117.680,133.13,117.82,1181.64,39853.0,9328.0,9328.0
264,133.050,117.680,133.62,117.96,1181.64,34264.0,4250.0,4250.0
265,133.050,117.680,133.51,117.55,1181.64,38139.0,7315.0,7315.0
266,133.050,117.680,133.14,117.62,1181.64,37949.0,8514.0,8514.0
267,133.050,117.680,133.15,118.04,1181.64,37765.0,6487.0,6487.0
268,133.050,117.680,133.62,117.96,1181.64,33946.0,3706.0,3706.0
269,133.050,117.680,133.62,117.96,1181.64,35048.0,3329.0,3329.0
270,133.050,117.680,133.05,117.92,1181.64,39989.0,9290.0,9290.0
271,133.050,117.680,132.95,117.71,1181.64,44243.0,12371.0,12371.0
272,133.050,117.680,133.23,117.68,1181.64,44141.0,13717.0,13717.0
273,133.050,117.680,133.04,117.69,1181.64,46900.0,14404.0,14404.0
274,133.050,117.680,133.41,117.66,1181.64,46398.0,14926.0,14926.0
275,133.050,117.680,133.16,117.81,1181.64,41218.0,10713.0,10713.0
276,133.050,117.680,133.1,117.66,1181.64,46817.0,14839.0,14839.0
277,133.050,117.680,133.19,117.78,1181.64,47388.0,15841.0,15841.0
278,133.050,117.680,133.11,117.87,1181.64,50228.0,17240.0,17240.0
279,133.050,117.680,133.3,117.8,1181.64,49184.0,16197.0,16197.0
280,133.050,117.680,133.4,117.93,1181.64,46609.0,14138.0,14138.0
281,133.050,117.680,133.24,117.64,1181.64,45052.0,14403.0,14403.0
282,133.050,117.680,133.21,117.81,1181.64,47699.0,16974.0,16974.0
283,133.050,117.680,133.08,117.82,1181.64,43172.0,12761.0,12761.0
284,133.050,117.680,133.19,117.82,1181.64,48466.0,16082.0,16082.0
285,133.050,117.680,133.2,117.86,1181.64,46950.0,12998.0,12998.0
286,133.050,117.680,133.45,117.84,1181.64,46645.0,13850.0,13850.0
287,133.050,117.680,133.35,117.62,1181.64,38704.0,7337.0,7337.0
288,133.050,117.680,133.36,117.73,1181.64,38938.0,8100.0,8100.0
289,133.050,117.680,133.19,117.91,1181.64,37883.0,7579.0,7579.0
290,133.050,117.680,133.3,117.83,1181.64,39824.0,9368.0,9368.0
291,133.050,117.680,133.53,117.76,1181.64,50487.0,17557.0,17557.0
292,133.050,117.680,132.97,117.93,1181.64,36410.0,6712.0,6712.0
293,133.050,117.680,133.21,117.72,1181.64,37835.0,7816.0,7816.0
294,133.050,117.680,133.2,117.56,1181.64,39876.0,9537.0,9537.0
295,133.050,117.680,133.15,117.89,1181.64,39303.0,9322.0,9322.0
296,133.050,117.680,133.54,117.54,1181.64,44081.0,12263.0,12263.0
297,133.050,117.680,133.26,117.76,1181.64,42755.0,11775.0,11775.0
298,133.050,117.680,133.3,117.71,1181.64,38805.0,8123.0,8123.0
299,133.050,117.680,133.13,117.78,1181.64,37990.0,8060.0,8060.0
300,133.050,117.680,133.23,117.68,1181.64,42670.0,12239.0,12239.0
301,133.050,117.680,133.09,117.87,1181.64,38104.0,8000.0,8000.0
302,133.050,117.680,133.27,117.81,1181.64,34321.0,4893.0,4893.0
303,133.050,117.680,133.17,117.89,1181.64,41912.0,10246.0,10246.0
304,133.050,117.680,133.2,117.96,1181.64,39863.0,9357.0,9357.0
305,133.050,117.680,133.28,117.94,1181.64,42122.0,11948.0,11948.0
306,133.050,117.680,133.18,117.77,1181.64,36978.0,7978.0,7978.0
307,133.050,117.680,133.22,118.07,1181.64,51459.0,18113.0,18113.0
308,133.050,117.680,133.35,117.9,1181.64,54206.0,21167.0,21167.0
309,133.050,117.680,133.09,117.75,1181.64,55802.0,23338.0,23338.0
310,133.050,117.680,133.31,117.85,1181.64,52463.0,19510.0,19510.0
311,133.050,117.680,133.33,117.9,1181.64,51874.0,17740.0,17740.0
312,133.050,117.680,133.12,117.67,1181.64,55374.0,22755.0,22755.0
313,133.050,117.680,133.19,117.66,1181.64,56327.0,24725.0,24725.0
314,133.050,117.680,133.38,117.84,1181.64,55681.0,22048.0,22048.0
315,133.050,117.680,133.23,117.7,1181.64,56714.0,24840.0,24840.0
316,133.050,117.680,133.25,117.8,1181.64,54211.0,21079.0,21079.0
317,133.050,117.680,133.4,117.63,1181.64,55753.0,22337.0,22337.0
318,133.050,117.680,133.47,117.59,1181.64,48197.0,16199.0,16199.0
319,133.050,117.680,132.98,117.72,1181.64,44325.0,13359.0,13359.0
320,133.050,117.680,133.11,117.93,1181.64,48818.0,15280.0,15280.0
321,133.050,117.680,133.21,117.6,1181.64,49613.0,18578.0,18578.0
322,133.050,117.680,133.14,117.82,1181.64,46869.0,14972.0,14972.0
323,133.050,117.680,133.13,117.71,1181.64,44248.0,13518.0,13518.0
324,133.050,117.680,132.99,117.53,1181.64,44635.0,13024.0,13024.0
325,133.050,117.680,133,117.71,1181.64,49908.0,17300.0,17300.0
326,133.050,117.680,133.16,117.63,1181.64,52654.0,20911.0,20911.0
327,133.050,117.680,133.03,117.73,1181.64,53548.0,20393.0,20393.0
328,133.050,117.680,132.89,117.74,1181.64,52554.0,21123.0,21123.0
329,133.050,117.680,133.07,117.64,1181.64,53317.0,20128.0,20128.0
330,133.050,117.680,133.11,117.68,1181.64,48736.0,17291.0,17291.0
331,133.050,117.680,133.46,117.61,1181.64,43541.0,13812.0,13812.0
332,133.050,117.680,133.21,117.63,1181.64,48699.0,18055.0,18055.0
333,133.050,117.680,133.18,117.85,1181.64,48089.0,16395.0,16395.0
334,133.050,117.680,133.05,117.71,1181.64,50019.0,17378.0,17378.0
335,133.050,117.680,133.32,117.62,1181.64,46383.0,14032.0,14032.0
336,133.050,117.680,133.16,117.77,1181.64,51100.0,18867.0,18867.0
337,133.050,117.680,133.03,117.53,1181.64,49583.0,18271.0,18271.0
338,133.050,117.680,132.94,117.83,1181.64,49080.0,16819.0,16819.0
339,133.050,117.680,133.12,117.82,1181.64,48504.0,16761.0,16761.0
340,133.050,117.680,133.06,117.82,1181.64,55378.0,21947.0,21947.0
341,133.050,117.680,133.37,117.62,1181.64,55109.0,21364.0,21364.0
342,133.050,117.680,133.09,117.65,1181.64,51159.0,19171.0,19171.0
343,133.050,117.680,132.99,117.84,1181.64,44481.0,13055.0,13055.0
344,133.050,117.680,133.14,117.62,1181.64,44366.0,12735.0,12735.0
345,133.050,117.680,133.05,117.8,1181.64,51446.0,19881.0,19881.0
346,133.050,117.680,133.18,117.65,1181.64,51819.0,20118.0,20118.0
347,133.050,117.680,133.1,117.81,1181.64,46632.0,14859.0,14859.0
348,133.050,117.680,133.19,117.65,1181.64,49264.0,18597.0,18597.0
349,133.050,117.680,133.11,117.7,1181.64,45372.0,13441.0,13441.0
350,133.050,117.680,133.32,117.55,1181.64,46990.0,15313.0,15313.0
351,133.050,117.680,133.18,117.66,1181.64,41745.0,11067.0,11067.0
352,133.050,117.680,133.1,117.68,1181.64,49367.0,18162.0,18162.0
353,133.050,117.680,133.08,117.84,1181.64,51184.0,19222.0,19222.0
354,133.050,117.680,132.95,117.82,1181.64,51224.0,19895.0,19895.0
355,133.050,117.680,133.02,117.72,1181.64,48357.0,16448.0,16448.0
356,133.050,117.680,133.09,117.57,1181.64,45405.0,14166.0,14166.0
357,133.050,117.680,133.03,117.8,1181.64,52712.0,21054.0,21054.0
358,133.050,117.680,132.97,117.68,1181.64,49238.0,16771.0,16771.0
359,133.050,117.680,133.11,117.85,1181.64,55295.0,22749.0,22749.0
360,133.050,117.680,133.24,117.85,1181.64,47233.0,14960.0,14960.0
361,133.050,117.680,133.22,117.75,1181.64,48222.0,16221.0,16221.0
362,133.050,117.680,133.27,117.55,1181.64,50944.0,19753.0,19753.0
363,133.050,117.680,133.21,117.57,1181.64,48697.0,16697.0,16697.0
364,133.050,117.680,133.15,117.84,1181.64,47072.0,15706.0,15706.0
365,133.050,117.680,133,117.73,1181.64,51285.0,18948.0,18948.0
366,133.050,117.680,133.06,117.59,1181.64,48117.0,15136.0,15136.0
367,133.050,117.680,133.04,117.84,1181.64,50566.0,18357.0,18357.0
368,133.050,117.680,132.94,117.8,1181.64,53305.0,20435.0,20435.0
369,133.050,117.680,133.16,117.68,1181.64,52342.0,20853.0,20853.0
370,133.050,117.680,133.11,117.65,1181.64,50343.0,18383.0,18383.0
371,133.050,117.680,132.95,117.79,1181.64,53999.0,19711.0,19711.0
372,133.050,117.680,133.09,117.68,1181.64,47118.0,16484.0,16484.0
373,133.050,117.680,133.07,117.75,1181.64,50011.0,17990.0,17990.0
374,133.050,117.680,133.06,117.88,1181.64,52411.0,20350.0,20350.0
375,133.050,117.680,132.99,117.68,1181.64,50359.0,19586.0,19586.0
376,133.050,117.680,133.05,117.71,1181.64,51102.0,19391.0,19391.0
377,133.050,117.680,133.12,117.86,1181.64,48160.0,16727.0,16727.0
378,133.050,117.680,132.97,117.71,1181.64,49850.0,18654.0,18654.0
379,133.050,117.680,133.13,117.74,1181.64,50223.0,20144.0,20144.0
380,133.050,117.680,133.15,117.66,1181.64,52029.0,20402.0,20402.0
381,133.050,117.680,133.15,117.79,1181.64,50341.0,18086.0,18086.0
382,133.050,117.680,133.08,117.78,1181.64,53102.0,21402.0,21402.0
383,133.050,117.680,133,117.72,1181.64,45519.0,14647.0,14647.0
384,133.050,117.680,133.03,117.79,1181.64,49342.0,18168.0,18168.0
385,133.050,117.680,132.87,117.75,1181.64,49173.0,17739.0,17739.0
386,133.050,117.680,133.19,117.65,1181.64,51915.0,21059.0,21059.0
387,133.050,117.680,133.12,117.51,1181.64,49601.0,18509.0,18509.0
388,133.050,117.680,133.15,117.89,1181.64,48442.0,15299.0,15299.0
389,133.050,117.680,133.06,117.76,1181.64,46698.0,15710.0,15710.0
390,133.050,117.680,133.15,117.68,1181.64,53758.0,21886.0,21886.0
391,133.050,117.680,133.13,117.74,1181.64,54370.0,21875.0,21875.0
392,133.050,117.680,133.05,117.86,1181.64,50067.0,17731.0,17731.0
393,133.050,117.680,133.14,117.72,1181.64,47984.0,17116.0,17116.0
394,133.050,117.680,132.88,117.65,1181.64,57100.0,24241.0,24241.0
395,133.050,117.680,133.15,117.87,1181.64,49417.0,17102.0,17102.0
396,133.050,117.680,133.12,117.75,1181.64,47654.0,15676.0,15676.0
397,133.050,117.680,133.04,117.86,1181.64,52164.0,20209.0,20209.0
398,133.050,117.680,133.15,117.67,1181.64,50246.0,19674.0,19674.0
399,133.050,117.680,133.12,117.48,1181.64,53245.0,21581.0,21581.0
400,133.050,117.680,133.16,117.7,1181.64,51207.0,19314.0,19314.0
401,133.050,117.680,133.1,117.72,1181.64,44619.0,14165.0,14165.0
402,133.050,117.680,133.17,117.71,1181.64,45325.0,14928.0,14928.0
403,133.050,117.680,133.1,117.75,1181.64,49893.0,18709.0,18709.0
404,133.050,117.680,133.16,117.79,1181.64,47687.0,16129.0,16129.0
405,133.050,117.680,133.03,117.76,1181.64,46258.0,15501.0,15501.0
406,133.050,117.680,133.1,117.78,1181.64,46721.0,15563.0,15563.0
407,133.050,117.680,133.06,117.62,1181.64,49770.0,17628.0,17628.0
408,133.050,117.680,133.36,117.63,1181.64,47200.0,15610.0,15610.0
409,133.050,117.680,133.43,117.78,1181.64,46162.0,13860.0,13860.0
410,133.050,117.680,133.05,117.46,1181.64,47280.0,15736.0,15736.0
411,133.050,117.680,133.25,117.7,1181.64,49055.0,15972.0,15972.0
412,133.050,117.680,133.24,117.48,1181.64,52395.0,20122.0,20122.0
413,133.050,117.680,133.16,117.69,1181.64,47465.0,15864.0,15864.0
414,133.050,117.680,132.98,117.68,1181.64,42736.0,10524.0,10524.0
415,133.050,117.680,132.94,117.95,1181.64,42010.0,12455.0,12455.0
416,133.050,117.680,133.07,117.7,1181.64,42087.0,11198.0,11198.0
417,133.050,117.680,132.98,117.75,1181.64,46834.0,14860.0,14860.0
418,133.050,117.680,133.08,117.77,1181.64,42940.0,13363.0,13363.0
419,133.050,117.680,133.03,117.71,1181.64,43388.0,13420.0,13420.0
420,133.050,117.680,133.35,117.55,1181.64,48276.0,17759.0,17759.0
421,133.050,117.680,133.29,117.65,1181.64,45139.0,13708.0,13708.0
422,133.050,117.680,133.03,117.42,1181.64,52904.0,21649.0,21649.0
423,133.050,117.680,133.08,117.82,1181.64,54730.0,21629.0,21629.0
424,133.050,117.680,133.25,117.66,1181.64,50122.0,18475.0,18475.0
425,133.050,117.680,133.06,117.72,1181.64,46637.0,15728.0,15728.0
426,133.050,117.680,133.06,117.78,1181.64,52829.0,19733.0,19733.0
427,133.050,117.680,133.2,117.74,1181.64,53009.0,22248.0,22248.0
428,133.050,117.680,133.2,117.72,1181.64,52881.0,21667.0,21667.0
429,133.050,117.680,133.13,117.67,1181.64,53013.0,19717.0,19717.0
430,133.050,117.680,132.92,117.49,1181.64,47182.0,15188.0,15188.0
431,133.050,117.680,133.29,117.71,1181.64,50149.0,18264.0,18264.0
432,133.050,117.680,133.23,117.57,1181.64,46905.0,14708.0,14708.0
433,133.050,117.680,133.07,117.61,1181.64,50525.0,18003.0,18003.0
434,133.050,117.680,133.13,117.79,1181.64,54968.0,22757.0,22757.0
435,133.050,117.680,133.11,117.63,1181.64,46502.0,14780.0,14780.0
436,133.050,117.680,133.04,117.73,1181.64,50619.0,18862.0,18862.0
437,133.050,117.680,132.94,117.95,1181.64,46742.0,15110.0,15110.0
438,133.050,117.680,133.27,117.56,1181.64,53592.0,20892.0,20892.0
439,133.050,117.680,133.22,117.76,1181.64,48329.0,16757.0,16757.0
440,133.050,117.680,133.15,117.74,1181.64,46204.0,15840.0,15840.0
441,133.050,117.680,133.09,117.77,1181.64,53903.0,21099.0,21099.0
442,133.050,117.680,133.21,117.82,1181.64,49640.0,17180.0,17180.0
443,133.050,117.680,133.26,117.66,1181.64,45623.0,14085.0,14085.0
444,133.050,117.680,133.06,117.6,1181.64,54210.0,21961.0,21961.0
445,133.050,117.680,133.23,117.61,1181.64,50511.0,17964.0,17964.0
446,133.050,117.680,132.94,117.5,1181.64,53641.0,21140.0,21140.0
447,133.050,117.680,133.01,117.75,1181.64,50266.0,17973.0,17973.0
448,133.050,117.680,132.91,117.68,1181.64,49248.0,17553.0,17553.0
449,133.050,117.680,133.13,117.49,1181.64,51398.0,19665.0,19665.0
450,133.050,117.680,133.19,117.79,1181.64,45536.0,14934.0,14934.0
451,133.050,117.680,133.13,117.62,1181.64,49078.0,17494.0,17494.0
452,133.050,117.680,133.25,117.73,1181.64,47388.0,15750.0,15750.0
453,133.050,117.680,133.03,117.39,1181.64,51697.0,19044.0,19044.0
454,133.050,117.680,133.15,117.67,1181.64,52810.0,20891.0,20891.0
455,133.050,117.680,132.99,117.72,1181.64,50881.0,17078.0,17078.0
456,133.050,117.680,133.12,117.66,1181.64,49838.0,18068.0,18068.0
457,133.050,117.680,133.19,117.72,1181.64,50336.0,18178.0,18178.0
458,133.050,117.680,133.03,117.65,1181.64,44743.0,13784.0,13784.0
459,133.050,117.680,133.17,117.77,1181.64,44152.0,13485.0,13485.0
460,133.050,117.680,133.12,117.71,1181.64,45348.0,13671.0,13671.0
461,133.050,117.680,133.07,117.74,1181.64,47476.0,16164.0,16164.0
462,133.050,117.680,133.24,117.47,1181.64,46120.0,14734.0,14734.0
463,133.050,117.680,133.22,117.76,1181.64,43415.0,13142.0,13142.0
464,133.050,117.680,133.05,117.67,1181.64,47390.0,15984.0,15984.0
465,133.050,117.680,132.94,117.67,1181.64,43124.0,12434.0,12434.0
466,133.050,117.680,133.2,117.68,1181.64,44527.0,14001.0,14001.0
467,133.050,117.680,133.15,117.5,1181.64,43784.0,13270.0,13270.0
468,133.050,117.680,133.29,117.56,1181.64,45068.0,15027.0,15027.0
469,133.050,117.680,132.95,117.48,1181.64,41342.0,11862.0,11862.0
470,133.050,117.680,133.38,117.58,1181.64,39369.0,8942.0,8942.0
471,133.050,117.680,132.97,117.61,1181.64,39588.0,8971.0,8971.0
472,133.050,117.680,133.03,117.7,1181.64,39931.0,9406.0,9406.0
473,133.050,117.680,133.02,117.77,1181.64,41372.0,10912.0,10912.0
474,133.050,117.680,133.21,117.75,1181.64,38095.0,7211.0,7211.0
475,133.050,117.680,133.55,117.83,1181.64,40453.0,9619.0,9619.0
476,133.050,117.680,133.43,117.47,1181.64,40973.0,11015.0,11015.0
477,133.050,117.680,133.01,117.79,1181.64,40337.0,10462.0,10462.0
478,133.050,117.680,133.47,117.6,1181.64,41820.0,9802.0,9802.0
479,133.050,117.680,132.89,117.81,1181.64,42845.0,12751.0,12751.0
480,133.050,117.680,133.21,117.5,1181.64,38910.0,8890.0,8890.0
481,133.050,117.680,133.32,117.68,1181.64,37289.0,8086.0,8086.0
482,133.050,117.680,132.97,117.75,1181.64,45011.0,13068.0,13068.0
483,133.050,117.680,133.12,117.59,1181.64,44123.0,13221.0,13221.0
484,133.050,117.680,133.08,117.58,1181.64,43275.0,12275.0,12275.0
485,133.050,117.680,133.17,117.67,1181.64,41504.0,11065.0,11065.0
486,133.050,117.680,133.1,117.63,1181.64,42735.0,10735.0,10735.0
487,133.050,117.680,133.15,117.36,1181.64,43259.0,13145.0,13145.0
488,133.050,117.680,133.14,117.79,1181.64,37607.0,8517.0,8517.0
489,133.050,117.680,133.03,117.6,1181.64,40530.0,10861.0,10861.0
490,133.050,117.680,133.17,117.65,1181.64,39846.0,10723.0,10723.0
491,133.050,117.680,133.33,117.51,1181.64,37573.0,9007.0,9007.0
492,133.050,117.680,133.13,117.69,1181.64,42145.0,12027.0,12027.0
493,133.050,117.680,133.2,117.64,1181.64,39806.0,11282.0,11282.0
494,133.050,117.680,133.17,117.39,1181.64,43068.0,12827.0,12827.0
495,133.050,117.680,133.06,117.67,1181.64,39301.0,9438.0,9438.0
496,133.050,117.680,133.16,117.54,1181.64,35624.0,6158.0,6158.0
497,133.050,117.680,133.1,117.78,1181.64,37320.0,7592.0,7592.0
498,133.050,117.680,133.2,117.6,1181.64,39298.0,10862.0,10862.0
499,133.050,117.680,133.35,117.42,1181.64,41521.0,11964.0,11964.0
500,133.050,117.680,133.25,117.49,1181.64,41652.0,11765.0,11765.0
501,133.050,117.680,133.22,117.84,1181.64,40277.0,9117.0,9117.0
502,133.050,117.680,133.33,117.62,1181.64,37728.0,8766.0,8766.0
503,133.050,117.680,133.18,117.65,1181.64,40788.0,10510.0,10510.0
504,133.050,117.680,133.18,117.62,1181.64,40084.0,10548.0,10548.0
505,133.050,117.680,133,117.72,1181.64,42891.0,12076.0,12076.0
506,133.050,117.680,133.27,117.6,1181.64,43998.0,12849.0,12849.0
507,133.050,117.680,133.06,117.55,1181.64,43486.0,12656.0,12656.0
508,133.050,117.680,133.23,117.73,1181.64,45728.0,14417.0,14417.0
509,133.050,117.680,133.15,117.64,1181.64,45188.0,14388.0,14388.0
510,133.050,117.680,133.02,117.56,1181.64,41770.0,11332.0,11332.0
511,133.050,117.680,133.28,117.7,1181.64,42616.0,11608.0,11608.0
512,133.050,117.680,133.14,117.57,1181.64,45600.0,14436.0,14436.0
513,133.050,117.680,133.09,117.73,1181.64,39718.0,10390.0,10390.0
514,133.050,117.680,133.28,117.85,1181.64,39478.0,9432.0,9432.0
515,133.050,117.680,133.21,117.79,1181.64,43317.0,11712.0,11712.0
516,133.050,117.680,133.05,117.68,1181.64,42964.0,12707.0,12707.0
517,133.050,117.680,133.05,117.68,1181.64,26484.0,0.0,0.0
518,133.050,117.680,133.05,117.68,1181.64,24096.0,0.0,0.0
519,133.050,117.680,133.05,117.68,1181.64,25849.0,0.0,0.0
520,133.050,117.680,133.05,117.68,1181.64,24972.0,0.0,0.0
521,133.050,117.680,133.05,117.68,1181.64,24312.0,0.0,0.0
522,133.050,117.680,133.05,117.68,1181.64,26167.0,0.0,0.0
523,133.050,117.680,133.05,117.68,1181.64,26329.0,0.0,0.0
524,133.050,117.680,133.05,117.68,1181.64,25446.0,0.0,0.0
525,133.050,117.680,133.05,117.68,1181.64,25565.0,0.0,0.0
526,133.050,117.680,133.05,117.68,1181.64,27849.0,0.0,0.0
527,133.050,117.680,133.05,117.68,1181.64,24649.0,0.0,0.0
528,133.050,117.680,133.05,117.68,1181.64,26061.0,0.0,0.0
529,133.050,117.680,133.05,117.68,1181.64,25978.0,0.0,0.0
530,133.050,117.680,133.05,117.68,1181.64,25594.0,0.0,0.0
531,133.050,117.680,133.05,117.68,1181.64,24797.0,0.0,0.0
532,133.050,117.680,133.05,117.68,1181.64,25192.0,0.0,0.0
533,133.050,117.680,133.05,117.68,1181.64,26086.0,0.0,0.0
534,133.050,117.680,133.05,117.68,1181.64,27211.0,0.0,0.0
535,133.050,117.680,133.05,117.68,1181.64,26832.0,0.0,0.0
536,133.050,117.680,133.05,117.68,1181.64,26029.0,0.0,0.0
537,133.050,117.680,133.05,117.68,1181.64,25808.0,0.0,0.0
538,133.050,117.680,133.05,117.68,1181.64,26512.0,0.0,0.0
539,133.050,117.680,133.05,117.68,1181.64,24058.0,0.0,0.0
540,133.050,117.680,133.05,117.68,1181.64,25892.0,0.0,0.0
541,133.050,117.680,133.05,117.68,1181.64,27685.0,0.0,0.0
542,133.050,117.680,133.05,117.68,1181.64,25232.0,0.0,0.0
543,133.050,117.680,133.05,117.68,1181.64,24613.0,0.0,0.0
544,133.050,117.680,133.05,117.68,1181.64,25751.0,0.0,0.0
545,133.050,117.680,133.05,117.68,1181.64,25771.0,0.0,0.0
546,133.050,117.680,133.05,117.68,1181.64,26639.0,0.0,0.0
547,133.050,117.680,133.05,117.68,1181.64,25896.0,0.0,0.0
548,133.050,117.680,133.05,117.68,1181.64,26266.0,0.0,0.0
549,133.050,117.680,133.05,117.68,1181.64,25564.0,0.0,0.0
550,133.050,117.680,133.05,117.68,1181.64,25455.0,0.0,0.0
551,133.050,117.680,133.05,117.68,1181.64,27292.0,0.0,0.0
552,133.050,117.680,133.05,117.68,1181.64,27433.0,0.0,0.0
553,133.050,117.680,133.05,117.68,1181.64,27884.0,0.0,0.0
554,133.050,117.680,133.05,117.68,1181.64,23880.0,0.0,0.0
555,133.050,117.680,133.05,117.68,1181.64,28151.0,43.0,43.0
556,133.050,117.680,133.05,117.68,1181.64,27557.0,0.0,0.0
557,133.050,117.680,133.05,117.68,1181.64,25357.0,0.0,0.0
558,133.050,117.680,133.05,117.68,1181.64,25499.0,0.0,0.0
559,133.050,117.680,133.05,117.68,1181.64,26022.0,0.0,0.0
560,133.050,117.680,133.05,117.68,1181.64,27833.0,0.0,0.0
561,133.050,117.680,133.05,117.68,1181.64,25964.0,0.0,0.0
562,133.050,117.680,133.05,117.68,1181.64,27356.0,0.0,0.0
563,133.050,117.680,133.05,117.68,1181.64,27749.0,0.0,0.0
564,133.050,117.680,133.05,117.68,1181.64,27392.0,0.0,0.0
565,133.050,117.680,133.05,117.68,1181.64,26638.0,0.0,0.0
566,133.050,117.680,133.05,117.68,1181.64,27487.0,0.0,0.0
567,133.050,117.680,133.05,117.68,1181.64,27394.0,0.0,0.0
568,133.050,117.680,133.05,117.68,1181.64,26721.0,0.0,0.0
569,133.050,117.680,133.05,117.68,1181.64,25731.0,0.0,0.0
570,133.050,117.680,133.05,117.68,1181.64,26339.0,0.0,0.0
571,133.050,117.680,133.05,117.68,1181.64,27006.0,0.0,0.0
572,133.050,117.680,133.05,117.68,1181.64,26452.0,0.0,0.0
573,133.050,117.680,133.05,117.68,1181.64,24537.0,0.0,0.0
574,133.050,117.680,133.05,117.68,1181.64,27351.0,0.0,0.0
575,133.050,117.680,133.05,117.68,1181.64,26155.0,0.0,0.0
576,133.050,117.680,133.05,117.68,1181.64,23667.0,0.0,0.0
577,133.050,117.680,133.05,117.68,1181.64,24602.0,0.0,0.0
578,133.050,117.680,133.05,117.68,1181.64,25481.0,0.0,0.0
579,133.050,117.680,133.05,117.68,1181.64,26319.0,0.0,0.0
580,133.050,117.680,133.05,117.68,1181.64,25329.0,0.0,0.0
581,133.050,117.680,133.05,117.68,1181.64,27982.0,0.0,0.0
582,133.050,117.680,133.05,117.68,1181.64,26736.0,0.0,0.0
583,133.050,117.680,133.05,117.68,1181.64,26645.0,0.0,0.0
584,133.050,117.680,133.05,117.68,1181.64,25903.0,0.0,0.0
585,133.050,117.680,133.05,117.68,1181.64,26172.0,0.0,0.0
586,133.050,117.680,133.05,117.68,1181.64,25578.0,0.0,0.0
587,133.050,117.680,133.05,117.68,1181.64,24955.0,0.0,0.0
588,133.050,117.680,133.05,117.68,1181.64,27104.0,0.0,0.0
589,133.050,117.680,133.05,117.68,1181.64,25864.0,0.0,0.0
590,133.050,117.680,133.05,117.68,1181.64,25986.0,0.0,0.0
591,133.050,117.680,133.05,117.68,1181.64,26972.0,0.0,0.0
592,133.050,117.680,133.05,117.68,1181.64,25364.0,0.0,0.0
593,133.050,117.680,133.05,117.68,1181.64,24648.0,0.0,0.0
594,133.050,117.680,133.05,117.68,1181.64,27093.0,0.0,0.0
595,133.050,117.680,133.05,117.68,1181.64,25626.0,0.0,0.0
596,133.050,117.680,133.05,117.68,1181.64,26018.0,0.0,0.0
597,133.050,117.680,133.05,117.68,1181.64,24842.0,0.0,0.0
598,133.050,117.680,133.05,117.68,1181.64,27256.0,0.0,0.0
599,133.050,117.680,133.05,117.68,1181.64,26067.0,0.0,0.0
600,133.050,117.680,133.05,117.68,1181.64,25680.0,0.0,0.0
601,133.050,117.680,133.05,117.68,1181.64,28363.0,589.0,589.0
602,133.050,117.680,133.05,117.68,1181.64,24729.0,0.0,0.0
603,133.050,117.680,133.05,117.68,1181.64,26316.0,0.0,0.0
604,133.050,117.680,133.05,117.68,1181.64,26412.0,0.0,0.0
605,133.050,117.680,133.05,117.68,1181.64,26443.0,0.0,0.0
606,133.050,117.680,133.05,117.68,1181.64,26555.0,0.0,0.0
607,133.050,117.680,133.05,117.68,1181.64,24743.0,0.0,0.0
608,133.050,117.680,133.05,117.68,1181.64,24543.0,0.0,0.0
609,133.050,117.680,133.05,117.68,1181.64,25390.0,0.0,0.0
610,133.050,117.680,133.05,117.68,1181.64,25414.0,0.0,0.0
611,133.050,117.680,133.05,117.68,1181.64,26451.0,0.0,0.0
612,133.050,117.680,133.05,117.68,1181.64,26419.0,0.0,0.0
613,133.050,117.680,133.05,117.68,1181.64,26502.0,0.0,0.0
614,133.050,117.680,133.05,117.68,1181.64,24587.0,0.0,0.0
615,133.050,117.680,133.05,117.68,1181.64,27632.0,0.0,0.0
616,133.050,117.680,133.05,117.68,1181.64,27363.0,0.0,0.0
617,133.050,117.680,133.05,117.68,1181.64,26719.0,0.0,0.0
618,133.050,117.680,133.05,117.68,1181.64,25511.0,0.0,0.0
619,133.050,117.680,133.05,117.68,1181.64,26231.0,0.0,0.0
620,133.050,117.680,133.05,117.68,1181.64,25736.0,0.0,0.0
621,133.050,117.680,133.05,117.68,1181.64,26763.0,0.0,0.0
622,133.050,117.680,133.05,117.68,1181.64,27080.0,0.0,0.0
623,133.050,117.680,133.05,117.68,1181.64,26871.0,0.0,0.0
624,133.050,117.680,133.05,117.68,1181.64,25659.0,0.0,0.0
625,133.050,117.680,133.05,117.68,1181.64,26285.0,0.0,0.0
626,133.050,117.680,133.05,117.68,1181.64,24687.0,0.0,0.0
627,133.050,117.680,133.05,117.68,1181.64,27143.0,0.0,0.0
628,133.050,117.680,133.05,117.68,1181.64,24100.0,0.0,0.0
629,133.050,117.680,133.05,117.68,1181.64,26177.0,0.0,0.0
630,133.050,117.680,133.05,117.68,1181.64,24609.0,0.0,0.0
631,133.050,117.680,133.05,117.68,1181.64,25874.0,0.0,0.0
632,133.050,117.680,133.05,117.68,1181.64,24238.0,0.0,0.0
633,133.050,117.680,133.05,117.68,1181.64,26717.0,0.0,0.0
634,133.050,117.680,133.05,117.68,1181.64,26029.0,0.0,0.0
635,133.050,117.680,133.05,117.68,1181.64,25517.0,0.0,0.0
636,133.050,117.680,133.05,117.68,1181.64,25798.0,0.0,0.0
637,133.050,117.680,133.05,117.68,1181.64,24333.0,0.0,0.0
638,133.050,117.680,133.05,117.68,1181.64,27334.0,0.0,0.0
639,133.050,117.680,133.05,117.68,1181.64,26697.0,0.0,0.0
640,133.050,117.680,133.05,117.68,1181.64,26471.0,0.0,0.0
641,133.050,117.680,133.05,117.68,1181.64,25825.0,0.0,0.0
642,133.050,117.680,133.05,117.68,1181.64,25735.0,0.0,0.0
643,133.050,117.680,133.05,117.68,1181.64,26601.0,0.0,0.0
644,133.050,117.680,133.05,117.68,1181.64,26593.0,0.0,0.0
645,133.050,117.680,133.05,117.68,1181.64,26077.0,0.0,0.0
646,133.050,117.680,133.05,117.68,1181.64,26946.0,0.0,0.0
647,133.050,117.680,133.05,117.68,1181.64,25365.0,0.0,0.0
648,133.050,117.680,133.05,117.68,1181.64,25983.0,0.0,0.0
649,133.050,117.680,133.05,117.68,1181.64,25860.0,0.0,0.0
650,133.050,117.680,133.05,117.68,1181.64,27054.0,0.0,0.0
651,133.050,117.680,133.05,117.68,1181.64,26459.0,0.0,0.0
652,133.050,117.680,133.05,117.68,1181.64,24140.0,0.0,0.0
653,133.050,117.680,133.05,117.68,1181.64,26213.0,0.0,0.0
654,133.050,117.680,133.05,117.68,1181.64,25524.0,0.0,0.0
655,133.050,117.680,133.05,117.68,1181.64,25066.0,0.0,0.0
656,133.050,117.680,133.05,117.68,1181.64,26693.0,0.0,0.0
657,133.050,117.680,133.05,117.68,1181.64,27303.0,0.0,0.0
658,133.050,117.680,133.05,117.68,1181.64,26445.0,0.0,0.0
659,133.050,117.680,133.05,117.68,1181.64,24666.0,0.0,0.0
660,133.050,117.680,133.05,117.68,1181.64,26647.0,0.0,0.0
661,133.050,117.680,133.05,117.68,1181.64,26331.0,0.0,0.0
662,133.050,117.680,133.05,117.68,1181.64,25249.0,0.0,0.0
663,133.050,117.680,133.05,117.68,1181.64,27885.0,0.0,0.0
664,133.050,117.680,133.05,117.68,1181.64,27167.0,0.0,0.0
665,133.050,117.680,133.05,117.68,1181.64,27138.0,0.0,0.0
666,133.050,117.680,133.05,117.68,1181.64,26270.0,0.0,0.0
667,133.050,117.680,133.05,117.68,1181.64,25718.0,0.0,0.0
668,133.050,117.680,133.05,117.68,1181.64,24182.0,0.0,0.0
669,133.050,117.680,133.05,117.68,1181.64,28979.0,784.0,784.0
670,133.050,117.680,133.05,117.68,1181.64,25757.0,0.0,0.0
671,133.050,117.680,133.05,117.68,1181.64,24537.0,0.0,0.0
672,133.050,117.680,133.05,117.68,1181.64,25528.0,0.0,0.0
673,133.050,117.680,133.05,117.68,1181.64,25204.0,0.0,0.0
674,133.050,117.680,133.05,117.68,1181.64,27965.0,589.0,589.0
675,133.050,117.680,133.05,117.68,1181.64,23812.0,0.0,0.0
676,133.050,117.680,133.05,117.68,1181.64,26027.0,0.0,0.0
677,133.050,117.680,133.05,117.68,1181.64,26403.0,0.0,0.0
678,133.050,117.680,133.05,117.68,1181.64,25605.0,0.0,0.0
679,133.050,117.680,133.05,117.68,1181.64,24963.0,0.0,0.0
680,133.050,117.680,133.05,117.68,1181.64,26445.0,0.0,0.0
681,133.050,117.680,133.05,117.68,1181.64,25710.0,0.0,0.0
682,133.050,117.680,133.05,117.68,1181.64,24796.0,0.0,0.0
683,133.050,117.680,133.05,117.68,1181.64,25215.0,0.0,0.0
684,133.050,117.680,133.05,117.68,1181.64,25298.0,0.0,0.0
685,133.050,117.680,133.05,117.68,1181.64,26271.0,0.0,0.0
686,133.050,117.680,133.05,117.68,1181.64,24637.0,0.0,0.0
687,133.050,117.680,133.05,117.68,1181.64,25509.0,0.0,0.0
688,133.050,117.680,133.05,117.68,1181.64,26230.0,0.0,0.0
689,133.050,117.680,133.05,117.68,1181.64,25050.0,0.0,0.0
690,133.050,117.680,133.05,117.68,1181.64,24834.0,0.0,0.0
691,133.050,117.680,133.05,117.68,1181.64,26671.0,0.0,0.0
692,133.050,117.680,133.05,117.68,1181.64,25247.0,0.0,0.0
693,133.050,117.680,133.05,117.68,1181.64,26710.0,0.0,0.0
694,133.050,117.680,133.05,117.68,1181.64,24773.0,0.0,0.0
695,133.050,117.680,133.05,117.68,1181.64,25475.0,0.0,0.0
696,133.050,117.680,133.05,117.68,1181.64,25784.0,0.0,0.0
697,133.050,117.680,133.05,117.68,1181.64,25688.0,0.0,0.0
698,133.050,117.680,133.05,117.68,1181.64,27587.0,0.0,0.0
699,133.050,117.680,133.05,117.68,1181.64,25502.0,0.0,0.0
700,133.050,117.680,133.05,117.68,1181.64,26610.0,0.0,0.0
701,133.050,117.680,133.05,117.68,1181.64,27254.0,0.0,0.0
702,133.050,117.680,133.05,117.68,1181.64,24783.0,0.0,0.0
703,133.050,117.680,133.05,117.68,1181.64,25934.0,0.0,0.0
704,133.050,117.680,133.05,117.68,1181.64,26464.0,0.0,0.0
705,133.050,117.680,133.05,117.68,1181.64,24974.0,0.0,0.0
706,133.050,117.680,133.05,117.68,1181.64,25647.0,0.0,0.0
707,133.050,117.680,133.05,117.68,1181.64,27206.0,0.0,0.0
708,133.050,117.680,133.05,117.68,1181.64,24213.0,0.0,0.0
709,133.050,117.680,133.05,117.68,1181.64,24701.0,0.0,0.0
710,133.050,117.680,133.05,117.68,1181.64,25085.0,0.0,0.0
711,133.050,117.680,133.05,117.68,1181.64,23606.0,0.0,0.0
712,133.050,117.680,133.05,117.68,1181.64,27185.0,0.0,0.0
713,133.050,117.680,133.05,117.68,1181.64,25544.0,0.0,0.0
714,133.050,117.680,133.05,117.68,1181.64,25465.0,0.0,0.0
715,133.050,117.680,133.05,117.68,1181.64,26512.0,0.0,0.0
716,133.050,117.680,133.05,117.68,1181.64,24362.0,0.0,0.0
