id,avg_x,avg_y,x,y,bg,Square_intensity,circular_intensity,Gaussian_intensity
1,95.430,139.860,95.53,140.12,1172.04,32630.0,7.0,7.0
2,95.430,139.860,95.53,140.12,1172.04,33768.0,1196.0,1196.0
3,95.430,139.860,95.53,140.12,1172.04,32697.0,1225.0,1225.0
4,95.430,139.860,95.53,140.12,1172.04,32952.0,1242.0,1242.0
5,95.430,139.860,95.53,140.12,1172.04,31344.0,0.0,0.0
6,95.430,139.860,95.53,140.12,1172.04,33044.0,761.0,761.0
7,95.430,139.860,95.53,140.12,1172.04,32605.0,485.0,485.0
8,95.430,139.860,95.53,140.12,1172.04,31366.0,0.0,0.0
9,95.430,139.860,95.53,140.12,1172.04,30513.0,0.0,0.0
10,95.430,139.860,95.53,140.12,1172.04,30583.0,185.0,185.0
11,95.430,139.860,95.53,140.12,1172.04,30245.0,0.0,0.0
12,95.430,139.860,95.53,140.12,1172.04,31345.0,384.0,384.0
13,95.430,139.860,95.53,140.12,1172.04,29534.0,0.0,0.0
14,95.430,139.860,95.53,140.12,1172.04,29927.0,0.0,0.0
15,95.430,139.860,95.53,140.12,1172.04,31799.0,74.0,74.0
16,95.430,139.860,95.53,140.12,1172.04,30453.0,0.0,0.0
17,95.430,139.860,95.53,140.12,1172.04,33497.0,2496.0,2496.0
18,95.430,139.860,95.53,140.12,1172.04,30324.0,517.0,517.0
19,95.430,139.860,95.53,140.12,1172.04,31298.0,605.0,605.0
20,95.430,139.860,95.53,140.12,1172.04,32658.0,2167.0,2167.0
21,95.430,139.860,95.53,140.12,1172.04,29857.0,0.0,0.0
22,95.430,139.860,95.53,140.12,1172.04,31549.0,1133.0,1133.0
23,95.430,139.860,95.53,140.12,1172.04,31586.0,488.0,488.0
24,95.430,139.860,95.53,140.12,1172.04,31694.0,517.0,517.0
25,95.430,139.860,95.53,140.12,1172.04,34995.0,2792.0,2792.0
26,95.430,139.860,95.53,140.12,1172.04,32495.0,2091.0,2091.0
27,95.430,139.860,95.53,140.12,1172.04,31502.0,1134.0,1134.0
28,95.430,139.860,95.53,140.12,1172.04,30634.0,944.0,944.0
29,95.430,139.860,95.53,140.12,1172.04,32284.0,1139.0,1139.0
30,95.430,139.860,95.53,140.12,1172.04,32126.0,480.0,480.0
31,95.430,139.860,95.53,140.12,1172.04,29992.0,0.0,0.0
32,95.430,139.860,95.53,140.12,1172.04,30063.0,204.0,204.0
33,95.430,139.860,95.53,140.12,1172.04,29642.0,0.0,0.0
34,95.430,139.860,95.53,140.12,1172.04,30047.0,0.0,0.0
35,95.430,139.860,95.53,140.12,1172.04,29648.0,0.0,0.0
36,95.430,139.860,95.53,140.12,1172.04,30198.0,1174.0,1174.0
37,95.430,139.860,95.53,140.12,1172.04,31278.0,159.0,159.0
38,95.430,139.860,95.53,140.12,1172.04,28077.0,0.0,0.0
39,95.430,139.860,95.53,140.12,1172.04,28211.0,0.0,0.0
40,95.430,139.860,95.53,140.12,1172.04,29554.0,529.0,529.0
41,95.430,139.860,95.53,140.12,1172.04,29176.0,0.0,0.0
42,95.430,139.860,95.53,140.12,1172.04,29342.0,0.0,0.0
43,95.430,139.860,95.53,140.12,1172.04,28396.0,0.0,0.0
44,95.430,139.860,95.53,140.12,1172.04,28892.0,0.0,0.0
45,95.430,139.860,95.53,140.12,1172.04,31108.0,1925.0,1925.0
46,95.430,139.860,95.53,140.12,1172.04,28131.0,0.0,0.0
47,95.430,139.860,95.53,140.12,1172.04,29644.0,665.0,665.0
48,95.430,139.860,95.53,140.12,1172.04,26568.0,0.0,0.0
49,95.430,139.860,95.53,140.12,1172.04,30145.0,0.0,0.0
50,95.430,139.860,95.53,140.12,1172.04,28354.0,0.0,0.0
51,95.430,139.860,95.53,140.12,1172.04,28718.0,458.0,458.0
52,95.430,139.860,95.53,140.12,1172.04,28542.0,0.0,0.0
53,95.430,139.860,95.53,140.12,1172.04,35462.0,4993.0,4993.0
54,95.430,139.860,95.53,140.12,1172.04,42484.0,11196.0,11196.0
55,95.430,139.860,95.35,140.2,1172.04,41754.0,11382.0,11382.0
56,95.430,139.860,95.42,140.07,1172.04,43200.0,12902.0,12902.0
57,95.430,139.860,95.24,140.12,1172.04,44390.0,12414.0,12414.0
58,95.430,139.860,95.44,139.93,1172.04,43986.0,13403.0,13403.0
59,95.430,139.860,95.35,140.3,1172.04,41789.0,10835.0,10835.0
60,95.430,139.860,95.36,140.07,1172.04,45281.0,13147.0,13147.0
61,95.430,139.860,95.39,140.07,1172.04,44846.0,13136.0,13136.0
62,95.430,139.860,95.39,140.4,1172.04,43480.0,11685.0,11685.0
63,95.430,139.860,95.56,140.15,1172.04,45316.0,13306.0,13306.0
64,95.430,139.860,95.49,140.03,1172.04,40237.0,9554.0,9554.0
65,95.430,139.860,95.5,140.05,1172.04,42553.0,10448.0,10448.0
66,95.430,139.860,95.4,140.1,1172.04,44456.0,13783.0,13783.0
67,95.430,139.860,95.35,140.07,1172.04,44584.0,13007.0,13007.0
68,95.430,139.860,95.51,139.98,1172.04,43776.0,11337.0,11337.0
69,95.430,139.860,95.54,140.18,1172.04,41311.0,10766.0,10766.0
70,95.430,139.860,95.45,139.96,1172.04,41943.0,11805.0,11805.0
71,95.430,139.860,95.46,139.91,1172.04,43817.0,12605.0,12605.0
72,95.430,139.860,95.33,139.89,1172.04,43479.0,13053.0,13053.0
73,95.430,139.860,95.29,140.14,1172.04,44046.0,13397.0,13397.0
74,95.430,139.860,95.52,140.08,1172.04,41215.0,11377.0,11377.0
75,95.430,139.860,95.43,140.01,1172.04,40506.0,9286.0,9286.0
76,95.430,139.860,95.46,140.05,1172.04,43053.0,12984.0,12984.0
77,95.430,139.860,95.35,140.15,1172.04,41908.0,11231.0,11231.0
78,95.430,139.860,95.32,139.99,1172.04,43046.0,12219.0,12219.0
79,95.430,139.860,95.58,140.17,1172.04,43580.0,12603.0,12603.0
80,95.430,139.860,95.38,139.95,1172.04,43884.0,13472.0,13472.0
81,95.430,139.860,95.58,140.12,1172.04,42697.0,12663.0,12663.0
82,95.430,139.860,95.45,139.9,1172.04,42425.0,11418.0,11418.0
83,95.430,139.860,95.58,140.09,1172.04,43160.0,13147.0,13147.0
84,95.430,139.860,95.62,139.96,1172.04,41520.0,10766.0,10766.0
85,95.430,139.860,95.44,140.09,1172.04,44501.0,12943.0,12943.0
86,95.430,139.860,95.66,139.97,1172.04,42694.0,11918.0,11918.0
87,95.430,139.860,95.57,140.09,1172.04,45085.0,13270.0,13270.0
88,95.430,139.860,95.34,139.99,1172.04,44882.0,12592.0,12592.0
89,95.430,139.860,95.38,140.17,1172.04,44373.0,13846.0,13846.0
90,95.430,139.860,95.59,140.04,1172.04,42427.0,11445.0,11445.0
91,95.430,139.860,95.35,140.09,1172.04,41939.0,10905.0,10905.0
92,95.430,139.860,95.32,140.09,1172.04,42114.0,11543.0,11543.0
93,95.430,139.860,95.63,140.01,1172.04,41538.0,11465.0,11465.0
94,95.430,139.860,95.22,140.1,1172.04,43470.0,12335.0,12335.0
95,95.430,139.860,95.46,139.98,1172.04,42424.0,12197.0,12197.0
96,95.430,139.860,95.36,140,1172.04,41930.0,10594.0,10594.0
97,95.430,139.860,95.48,140.08,1172.04,42690.0,12507.0,12507.0
98,95.430,139.860,95.85,140.27,1172.04,40878.0,12090.0,12090.0
99,95.430,139.860,95.22,140.04,1172.04,41895.0,10674.0,10674.0
100,95.430,139.860,95.31,139.96,1172.04,41306.0,10096.0,10096.0
101,95.430,139.860,95.58,140.13,1172.04,43588.0,12792.0,12792.0
102,95.430,139.860,95.46,140.22,1172.04,42674.0,12357.0,12357.0
103,95.430,139.860,95.33,140.15,1172.04,40532.0,9859.0,9859.0
104,95.430,139.860,95.47,140.09,1172.04,41635.0,11442.0,11442.0
105,95.430,139.860,95.19,139.84,1172.04,44607.0,14258.0,14258.0
106,95.430,139.860,95.44,139.92,1172.04,44286.0,14429.0,14429.0
107,95.430,139.860,95.38,140.08,1172.04,41399.0,10752.0,10752.0
108,95.430,139.860,95.3,139.82,1172.04,40892.0,11110.0,11110.0
109,95.430,139.860,95.37,139.96,1172.04,42898.0,13621.0,13621.0
110,95.430,139.860,95.39,140.01,1172.04,43647.0,13231.0,13231.0
111,95.430,139.860,95.59,140.15,1172.04,44916.0,13958.0,13958.0
112,95.430,139.860,95.36,139.9,1172.04,42708.0,12638.0,12638.0
113,95.430,139.860,95.43,139.91,1172.04,43787.0,13524.0,13524.0
114,95.430,139.860,95.52,140.1,1172.04,39497.0,9088.0,9088.0
115,95.430,139.860,95.53,139.93,1172.04,41806.0,11618.0,11618.0
116,95.430,139.860,95.49,140.06,1172.04,41098.0,11564.0,11564.0
117,95.430,139.860,95.33,140.03,1172.04,37834.0,9227.0,9227.0
118,95.430,139.860,95.5,139.88,1172.04,39756.0,10395.0,10395.0
119,95.430,139.860,95.41,139.93,1172.04,41327.0,12397.0,12397.0
120,95.430,139.860,95.42,140.08,1172.04,37826.0,7541.0,7541.0
121,95.430,139.860,95.34,140,1172.04,41559.0,10432.0,10432.0
122,95.430,139.860,95.43,140.06,1172.04,40385.0,11069.0,11069.0
123,95.430,139.860,95.23,140.09,1172.04,41460.0,10856.0,10856.0
124,95.430,139.860,95.36,140.18,1172.04,40389.0,9882.0,9882.0
125,95.430,139.860,95.61,140.13,1172.04,40678.0,10637.0,10637.0
126,95.430,139.860,95.41,140.12,1172.04,40608.0,10571.0,10571.0
127,95.430,139.860,95.39,140.33,1172.04,42825.0,13990.0,13990.0
128,95.430,139.860,95.46,140.18,1172.04,41497.0,11507.0,11507.0
129,95.430,139.860,95.32,140.34,1172.04,38803.0,10212.0,10212.0
130,95.430,139.860,95.36,140.03,1172.04,39715.0,9622.0,9622.0
131,95.430,139.860,95.49,139.85,1172.04,42657.0,12280.0,12280.0
132,95.430,139.860,95.42,139.96,1172.04,41210.0,11960.0,11960.0
133,95.430,139.860,95.25,140.12,1172.04,38683.0,10137.0,10137.0
134,95.430,139.860,95.43,139.63,1172.04,40308.0,11599.0,11599.0
135,95.430,139.860,95.35,140.13,1172.04,40957.0,10588.0,10588.0
136,95.430,139.860,95.26,140.21,1172.04,42799.0,12881.0,12881.0
137,95.430,139.860,95.4,140.17,1172.04,42490.0,12729.0,12729.0
138,95.430,139.860,95.23,140.09,1172.04,44255.0,13867.0,13867.0
139,95.430,139.860,95.66,140.12,1172.04,41390.0,11393.0,11393.0
140,95.430,139.860,95.39,140.16,1172.04,40164.0,10825.0,10825.0
141,95.430,139.860,95.54,140.34,1172.04,45968.0,15498.0,15498.0
142,95.430,139.860,95.61,140.04,1172.04,40060.0,10287.0,10287.0
143,95.430,139.860,95.46,140.2,1172.04,44040.0,14353.0,14353.0
144,95.430,139.860,95.69,139.96,1172.04,42528.0,12646.0,12646.0
145,95.430,139.860,95.49,140.32,1172.04,42231.0,13423.0,13423.0
146,95.430,139.860,95.48,140.13,1172.04,40045.0,10637.0,10637.0
147,95.430,139.860,95.59,140.03,1172.04,42558.0,12136.0,12136.0
148,95.430,139.860,95.51,139.95,1172.04,43385.0,12518.0,12518.0
149,95.430,139.860,95.57,139.99,1172.04,43305.0,12863.0,12863.0
150,95.430,139.860,95.38,140.12,1172.04,44021.0,12847.0,12847.0
151,95.430,139.860,95.45,139.56,1172.04,42226.0,12943.0,12943.0
152,95.430,139.860,95.38,140.26,1172.04,44591.0,13809.0,13809.0
153,95.430,139.860,95.42,139.97,1172.04,42406.0,12276.0,12276.0
154,95.430,139.860,95.43,139.94,1172.04,44723.0,14927.0,14927.0
155,95.430,139.860,95.36,140.15,1172.04,42104.0,12445.0,12445.0
156,95.430,139.860,95.55,140.16,1172.04,42551.0,13061.0,13061.0
157,95.430,139.860,95.4,139.95,1172.04,41521.0,12477.0,12477.0
158,95.430,139.860,95.26,140.05,1172.04,44997.0,13997.0,13997.0
159,95.430,139.860,94.93,140.08,1172.04,38108.0,8926.0,8926.0
160,95.430,139.860,95.26,139.92,1172.04,41016.0,12071.0,12071.0
161,95.430,139.860,95.41,139.86,1172.04,42087.0,12484.0,12484.0
162,95.430,139.860,95.36,140.03,1172.04,38289.0,9581.0,9581.0
163,95.430,139.860,95.55,140.31,1172.04,39907.0,10631.0,10631.0
164,95.430,139.860,95.37,139.97,1172.04,42422.0,12616.0,12616.0
165,95.430,139.860,95.37,140.13,1172.04,40528.0,10740.0,10740.0
166,95.430,139.860,95.37,140.01,1172.04,42401.0,12504.0,12504.0
167,95.430,139.860,95.37,139.88,1172.04,38567.0,10590.0,10590.0
168,95.430,139.860,95.42,139.76,1172.04,44095.0,14767.0,14767.0
169,95.430,139.860,95.23,140.11,1172.04,39957.0,10511.0,10511.0
170,95.430,139.860,95.43,139.97,1172.04,41336.0,12300.0,12300.0
171,95.430,139.860,95.49,140.14,1172.04,41725.0,13232.0,13232.0
172,95.430,139.860,95.3,140.02,1172.04,41270.0,11216.0,11216.0
173,95.430,139.860,95.32,140.21,1172.04,38628.0,9592.0,9592.0
174,95.430,139.860,95.53,140.09,1172.04,41001.0,12427.0,12427.0
175,95.430,139.860,95.42,139.97,1172.04,39433.0,9934.0,9934.0
176,95.430,139.860,95.39,139.96,1172.04,41250.0,12239.0,12239.0
177,95.430,139.860,95.59,139.91,1172.04,45745.0,15279.0,15279.0
178,95.430,139.860,95.34,140.07,1172.04,43689.0,13957.0,13957.0
179,95.430,139.860,95.5,140.13,1172.04,42938.0,14031.0,14031.0
180,95.430,139.860,95.36,139.77,1172.04,41568.0,12134.0,12134.0
181,95.430,139.860,95.46,139.99,1172.04,39512.0,10751.0,10751.0
182,95.430,139.860,95.49,139.9,1172.04,42504.0,12053.0,12053.0
183,95.430,139.860,95.42,140.04,1172.04,42971.0,13171.0,13171.0
184,95.430,139.860,95.4,140.35,1172.04,40949.0,11914.0,11914.0
185,95.430,139.860,95.21,139.98,1172.04,41247.0,11920.0,11920.0
186,95.430,139.860,95.45,140.01,1172.04,44339.0,13726.0,13726.0
187,95.430,139.860,95.18,140.07,1172.04,45430.0,14333.0,14333.0
188,95.430,139.860,95.29,139.96,1172.04,42908.0,13259.0,13259.0
189,95.430,139.860,95.2,140.16,1172.04,44379.0,15297.0,15297.0
190,95.430,139.860,95.17,140.07,1172.04,43112.0,14359.0,14359.0
191,95.430,139.860,95.5,140.05,1172.04,44477.0,14197.0,14197.0
192,95.430,139.860,95.36,140.19,1172.04,42223.0,12790.0,12790.0
193,95.430,139.860,95.36,140.02,1172.04,41718.0,12258.0,12258.0
194,95.430,139.860,95.5,140.15,1172.04,41982.0,12099.0,12099.0
195,95.430,139.860,95.45,140.08,1172.04,44066.0,15026.0,15026.0
196,95.430,139.860,95.53,140.12,1172.04,41609.0,11462.0,11462.0
197,95.430,139.860,95.19,140.12,1172.04,44666.0,13993.0,13993.0
198,95.430,139.860,95.41,140.06,1172.04,45721.0,14921.0,14921.0
199,95.430,139.860,95.32,139.89,1172.04,43828.0,15233.0,15233.0
200,95.430,139.860,95.37,140.15,1172.04,42498.0,12581.0,12581.0
201,95.430,139.860,95.51,140.11,1172.04,43784.0,13949.0,13949.0
202,95.430,139.860,95.43,140.04,1172.04,44660.0,15057.0,15057.0
203,95.430,139.860,95.24,139.97,1172.04,43640.0,13452.0,13452.0
204,95.430,139.860,95.41,140,1172.04,43669.0,13893.0,13893.0
205,95.430,139.860,95.46,140.45,1172.04,45909.0,17088.0,17088.0
206,95.430,139.860,95.16,140.17,1172.04,42448.0,11888.0,11888.0
207,95.430,139.860,95.51,140.03,1172.04,45975.0,16361.0,16361.0
208,95.430,139.860,95.29,140.1,1172.04,49856.0,19643.0,19643.0
209,95.430,139.860,95.3,140.09,1172.04,44563.0,13790.0,13790.0
210,95.430,139.860,95.32,139.95,1172.04,46232.0,15734.0,15734.0
211,95.430,139.860,95.2,140.07,1172.04,46177.0,16159.0,16159.0
212,95.430,139.860,95.31,139.94,1172.04,43803.0,14435.0,14435.0
213,95.430,139.860,95.23,139.91,1172.04,44312.0,16076.0,16076.0
214,95.430,139.860,95.37,140.03,1172.04,44605.0,14759.0,14759.0
215,95.430,139.860,95.22,139.95,1172.04,46967.0,15953.0,15953.0
216,95.430,139.860,95.33,140.16,1172.04,43904.0,14414.0,14414.0
217,95.430,139.860,94.9,139.99,1172.04,43963.0,14391.0,14391.0
218,95.430,139.860,95.29,139.99,1172.04,44603.0,15006.0,15006.0
219,95.430,139.860,95.2,140.03,1172.04,45650.0,15421.0,15421.0
220,95.430,139.860,95.12,139.96,1172.04,47318.0,15604.0,15604.0
221,95.430,139.860,95.28,140.05,1172.04,47409.0,17653.0,17653.0
222,95.430,139.860,95.25,140.12,1172.04,43585.0,14565.0,14565.0
223,95.430,139.860,95.19,140.13,1172.04,47874.0,17236.0,17236.0
224,95.430,139.860,95.34,140.12,1172.04,45873.0,17203.0,17203.0
225,95.430,139.860,95.32,140.19,1172.04,45719.0,15621.0,15621.0
226,95.430,139.860,95.28,140.18,1172.04,44618.0,15140.0,15140.0
227,95.430,139.860,95.2,140.18,1172.04,45471.0,16199.0,16199.0
228,95.430,139.860,95.34,140.09,1172.04,40409.0,10928.0,10928.0
229,95.430,139.860,95.21,140.13,1172.04,42465.0,13029.0,13029.0
230,95.430,139.860,95.45,140.16,1172.04,45173.0,15110.0,15110.0
231,95.430,139.860,95.33,139.93,1172.04,44719.0,15041.0,15041.0
232,95.430,139.860,95.38,139.95,1172.04,46063.0,15955.0,15955.0
233,95.430,139.860,95.3,139.87,1172.04,44235.0,14900.0,14900.0
234,95.430,139.860,95.42,139.97,1172.04,43270.0,13502.0,13502.0
235,95.430,139.860,95.32,140.05,1172.04,45497.0,17137.0,17137.0
236,95.430,139.860,95.26,140.17,1172.04,43540.0,15254.0,15254.0
237,95.430,139.860,95.19,140.06,1172.04,46648.0,16557.0,16557.0
238,95.430,139.860,95.28,140.13,1172.04,44065.0,13792.0,13792.0
239,95.430,139.860,95.17,139.98,1172.04,43627.0,14981.0,14981.0
240,95.430,139.860,95.35,140.12,1172.04,43038.0,13578.0,13578.0
241,95.430,139.860,95.29,139.92,1172.04,44174.0,14904.0,14904.0
242,95.430,139.860,95.25,140.1,1172.04,44507.0,15358.0,15358.0
243,95.430,139.860,95.16,140.09,1172.04,43470.0,14337.0,14337.0
244,95.430,139.860,95.41,140.1,1172.04,45862.0,15680.0,15680.0
245,95.430,139.860,95.35,139.98,1172.04,43417.0,14488.0,14488.0
246,95.430,139.860,95.32,140.09,1172.04,46066.0,15545.0,15545.0
247,95.430,139.860,95.42,140.18,1172.04,42639.0,13077.0,13077.0
248,95.430,139.860,95.39,139.98,1172.04,44435.0,13745.0,13745.0
249,95.430,139.860,95.35,139.89,1172.04,44173.0,15029.0,15029.0
250,95.430,139.860,95.42,139.86,1172.04,44814.0,15558.0,15558.0
251,95.430,139.860,95.38,140.17,1172.04,44099.0,14636.0,14636.0
252,95.430,139.860,95.16,140.07,1172.04,42374.0,13060.0,13060.0
253,95.430,139.860,95.32,140.36,1172.04,43294.0,14686.0,14686.0
254,95.430,139.860,95.39,139.95,1172.04,47883.0,17549.0,17549.0
255,95.430,139.860,95.33,140.03,1172.04,47904.0,17229.0,17229.0
256,95.430,139.860,95.18,140.07,1172.04,48048.0,17557.0,17557.0
257,95.430,139.860,95.36,139.99,1172.04,46791.0,16426.0,16426.0
258,95.430,139.860,95.25,139.82,1172.04,42749.0,14117.0,14117.0
259,95.430,139.860,95.37,140.22,1172.04,47622.0,17253.0,17253.0
260,95.430,139.860,95.41,139.88,1172.04,45514.0,15861.0,15861.0
261,95.430,139.860,95.25,139.91,1172.04,47385.0,16670.0,16670.0
262,95.430,139.860,95.46,140.02,1172.04,45582.0,15050.0,15050.0
263,95.430,139.860,95.29,140.03,1172.04,47009.0,17194.0,17194.0
264,95.430,139.860,95.33,140.1,1172.04,48155.0,18389.0,18389.0
265,95.430,139.860,95.3,140.12,1172.04,45274.0,16066.0,16066.0
266,95.430,139.860,95.29,140.05,1172.04,42942.0,13345.0,13345.0
267,95.430,139.860,95.36,140.19,1172.04,44797.0,15763.0,15763.0
268,95.430,139.860,95.24,140.18,1172.04,43971.0,14683.0,14683.0
269,95.430,139.860,95.34,140.09,1172.04,46341.0,17026.0,17026.0
270,95.430,139.860,95.46,139.95,1172.04,46426.0,17151.0,17151.0
271,95.430,139.860,95.08,140.18,1172.04,46002.0,16339.0,16339.0
272,95.430,139.860,95.35,139.99,1172.04,48113.0,18043.0,18043.0
273,95.430,139.860,95.3,140.06,1172.04,48150.0,16940.0,16940.0
274,95.430,139.860,95.23,139.99,1172.04,45575.0,16328.0,16328.0
275,95.430,139.860,95.41,139.95,1172.04,48377.0,18113.0,18113.0
276,95.430,139.860,95.49,140.1,1172.04,44758.0,15840.0,15840.0
277,95.430,139.860,95.32,139.93,1172.04,46058.0,17017.0,17017.0
278,95.430,139.860,95.2,139.84,1172.04,48032.0,18483.0,18483.0
279,95.430,139.860,95.21,140.11,1172.04,47881.0,18209.0,18209.0
280,95.430,139.860,95.16,140.01,1172.04,44705.0,16282.0,16282.0
281,95.430,139.860,95.21,139.98,1172.04,45054.0,15730.0,15730.0
282,95.430,139.860,95.35,140,1172.04,44282.0,15171.0,15171.0
283,95.430,139.860,95.17,140.13,1172.04,45579.0,16278.0,16278.0
284,95.430,139.860,95.16,140.05,1172.04,43413.0,14812.0,14812.0
285,95.430,139.860,95.2,140.07,1172.04,43954.0,15878.0,15878.0
286,95.430,139.860,95.24,140.13,1172.04,43462.0,14674.0,14674.0
287,95.430,139.860,95.3,140.1,1172.04,44748.0,15972.0,15972.0
288,95.430,139.860,95.19,139.9,1172.04,43695.0,15078.0,15078.0
289,95.430,139.860,95.18,140.01,1172.04,43978.0,14645.0,14645.0
290,95.430,139.860,95.3,140,1172.04,47012.0,16430.0,16430.0
291,95.430,139.860,95.37,140.15,1172.04,47533.0,17376.0,17376.0
292,95.430,139.860,95.17,139.95,1172.04,46046.0,17357.0,17357.0
293,95.430,139.860,95.39,139.98,1172.04,45768.0,16107.0,16107.0
294,95.430,139.860,95.24,140.02,1172.04,45207.0,16003.0,16003.0
295,95.430,139.860,95.18,139.9,1172.04,43022.0,13653.0,13653.0
296,95.430,139.860,95.14,139.93,1172.04,44873.0,16326.0,16326.0
297,95.430,139.860,95.24,139.94,1172.04,47205.0,17992.0,17992.0
298,95.430,139.860,95.46,139.87,1172.04,45721.0,16709.0,16709.0
299,95.430,139.860,95.17,139.96,1172.04,47612.0,17386.0,17386.0
300,95.430,139.860,95.41,139.98,1172.04,47668.0,18397.0,18397.0
301,95.430,139.860,95.39,140.1,1172.04,48213.0,18663.0,18663.0
302,95.430,139.860,95.05,139.95,1172.04,44581.0,15906.0,15906.0
303,95.430,139.860,95.08,139.98,1172.04,45918.0,15786.0,15786.0
304,95.430,139.860,95.33,140,1172.04,44816.0,15403.0,15403.0
305,95.430,139.860,95.4,140.04,1172.04,47702.0,18597.0,18597.0
306,95.430,139.860,95.49,140.11,1172.04,44340.0,15505.0,15505.0
307,95.430,139.860,95.25,139.96,1172.04,45881.0,16288.0,16288.0
308,95.430,139.860,95.38,139.87,1172.04,47484.0,18749.0,18749.0
309,95.430,139.860,95.13,139.96,1172.04,44559.0,15567.0,15567.0
310,95.430,139.860,95.15,140.01,1172.04,45277.0,15358.0,15358.0
311,95.430,139.860,95.2,140.05,1172.04,47871.0,18226.0,18226.0
312,95.430,139.860,95.38,139.61,1172.04,44098.0,14772.0,14772.0
313,95.430,139.860,95.23,139.99,1172.04,43700.0,14100.0,14100.0
314,95.430,139.860,95.27,140.14,1172.04,45098.0,16299.0,16299.0
315,95.430,139.860,95.4,139.95,1172.04,45944.0,16199.0,16199.0
316,95.430,139.860,95.29,140.07,1172.04,46603.0,17353.0,17353.0
317,95.430,139.860,95.33,139.88,1172.04,47608.0,18881.0,18881.0
318,95.430,139.860,95.24,139.86,1172.04,49574.0,19797.0,19797.0
319,95.430,139.860,95.13,139.95,1172.04,48952.0,19298.0,19298.0
320,95.430,139.860,95.2,140,1172.04,48461.0,18770.0,18770.0
321,95.430,139.860,95.42,139.98,1172.04,49197.0,20110.0,20110.0
322,95.430,139.860,95.29,139.84,1172.04,48801.0,18533.0,18533.0
323,95.430,139.860,95.36,140.08,1172.04,51179.0,21573.0,21573.0
324,95.430,139.860,95.31,140.03,1172.04,53262.0,22465.0,22465.0
325,95.430,139.860,95.47,140.15,1172.04,49169.0,19701.0,19701.0
326,95.430,139.860,95.2,140.01,1172.04,49269.0,19921.0,19921.0
327,95.430,139.860,95.17,139.98,1172.04,47374.0,17200.0,17200.0
328,95.430,139.860,95.11,140.01,1172.04,47265.0,16557.0,16557.0
329,95.430,139.860,95.52,140.04,1172.04,45284.0,16212.0,16212.0
330,95.430,139.860,95.11,139.77,1172.04,47346.0,18715.0,18715.0
331,95.430,139.860,95.22,140.02,1172.04,44486.0,14987.0,14987.0
332,95.430,139.860,95.42,139.93,1172.04,44725.0,16120.0,16120.0
333,95.430,139.860,95.36,140.14,1172.04,44892.0,15498.0,15498.0
334,95.430,139.860,95.19,140,1172.04,44657.0,15239.0,15239.0
335,95.430,139.860,95.23,139.97,1172.04,44491.0,15990.0,15990.0
336,95.430,139.860,95.37,139.82,1172.04,46740.0,18512.0,18512.0
337,95.430,139.860,95.45,139.99,1172.04,45162.0,15705.0,15705.0
338,95.430,139.860,95.47,140.34,1172.04,46058.0,17201.0,17201.0
339,95.430,139.860,95.21,139.85,1172.04,46831.0,17683.0,17683.0
340,95.430,139.860,95.43,139.93,1172.04,46555.0,16119.0,16119.0
341,95.430,139.860,95.3,139.94,1172.04,44526.0,15779.0,15779.0
342,95.430,139.860,95.13,140.01,1172.04,46215.0,17190.0,17190.0
343,95.430,139.860,95.17,140.06,1172.04,42627.0,14195.0,14195.0
344,95.430,139.860,95.42,140.09,1172.04,44918.0,15799.0,15799.0
345,95.430,139.860,95.28,139.92,1172.04,45436.0,15411.0,15411.0
346,95.430,139.860,95.16,140.25,1172.04,42350.0,14811.0,14811.0
347,95.430,139.860,95.08,139.92,1172.04,42322.0,14103.0,14103.0
348,95.430,139.860,95.38,139.99,1172.04,41739.0,12870.0,12870.0
349,95.430,139.860,95.51,140.01,1172.04,43048.0,14486.0,14486.0
350,95.430,139.860,95.34,139.92,1172.04,45228.0,15777.0,15777.0
351,95.430,139.860,95.4,139.98,1172.04,44715.0,15454.0,15454.0
352,95.430,139.860,95.41,139.96,1172.04,41866.0,13039.0,13039.0
353,95.430,139.860,95.27,140.06,1172.04,44840.0,15473.0,15473.0
354,95.430,139.860,95.2,139.88,1172.04,46315.0,17467.0,17467.0
355,95.430,139.860,95.43,139.72,1172.04,43905.0,14925.0,14925.0
356,95.430,139.860,95.21,140.1,1172.04,43662.0,15472.0,15472.0
357,95.430,139.860,95.35,140.11,1172.04,46329.0,17173.0,17173.0
358,95.430,139.860,95.3,139.92,1172.04,45500.0,15679.0,15679.0
359,95.430,139.860,95.34,139.99,1172.04,46739.0,16812.0,16812.0
360,95.430,139.860,95.37,139.99,1172.04,44850.0,15868.0,15868.0
361,95.430,139.860,95.2,140.08,1172.04,47432.0,18038.0,18038.0
362,95.430,139.860,95.26,139.83,1172.04,44113.0,14463.0,14463.0
363,95.430,139.860,95.23,140.06,1172.04,44761.0,16174.0,16174.0
364,95.430,139.860,95.12,140.06,1172.04,44951.0,14894.0,14894.0
365,95.430,139.860,95.49,139.99,1172.04,46451.0,15829.0,15829.0
366,95.430,139.860,95.48,139.76,1172.04,44515.0,16372.0,16372.0
367,95.430,139.860,95.27,140.01,1172.04,46511.0,16494.0,16494.0
368,95.430,139.860,95.43,139.64,1172.04,46364.0,18363.0,18363.0
369,95.430,139.860,95.21,139.74,1172.04,43778.0,14926.0,14926.0
370,95.430,139.860,95.2,140,1172.04,46040.0,17860.0,17860.0
371,95.430,139.860,95.45,139.75,1172.04,45769.0,16042.0,16042.0
372,95.430,139.860,95.21,140.02,1172.04,46128.0,16769.0,16769.0
373,95.430,139.860,95.45,140.05,1172.04,45694.0,16825.0,16825.0
374,95.430,139.860,95.06,139.92,1172.04,45672.0,16721.0,16721.0
375,95.430,139.860,95.21,139.98,1172.04,47006.0,17415.0,17415.0
376,95.430,139.860,95.3,139.92,1172.04,43669.0,16116.0,16116.0
377,95.430,139.860,95.24,139.95,1172.04,45978.0,16979.0,16979.0
378,95.430,139.860,95.27,139.8,1172.04,46265.0,17459.0,17459.0
379,95.430,139.860,95.21,140.01,1172.04,46314.0,17354.0,17354.0
380,95.430,139.860,95.27,139.98,1172.04,47751.0,18305.0,18305.0
381,95.430,139.860,95.39,140.02,1172.04,44870.0,15101.0,15101.0
382,95.430,139.860,95.28,139.9,1172.04,47448.0,18943.0,18943.0
383,95.430,139.860,95.2,139.91,1172.04,44137.0,16833.0,16833.0
384,95.430,139.860,95.31,139.98,1172.04,43011.0,14003.0,14003.0
385,95.430,139.860,95.23,139.85,1172.04,46565.0,16812.0,16812.0
386,95.430,139.860,95.42,139.86,1172.04,47675.0,18937.0,18937.0
387,95.430,139.860,95.25,139.92,1172.04,45271.0,17305.0,17305.0
388,95.430,139.860,95.27,139.92,1172.04,47116.0,18376.0,18376.0
389,95.430,139.860,95.12,139.94,1172.04,45036.0,16193.0,16193.0
390,95.430,139.860,95.33,139.9,1172.04,46020.0,16228.0,16228.0
391,95.430,139.860,95.2,140.03,1172.04,46123.0,17274.0,17274.0
392,95.430,139.860,95.22,140.03,1172.04,46746.0,17242.0,17242.0
393,95.430,139.860,95.28,139.99,1172.04,48108.0,18168.0,18168.0
394,95.430,139.860,95.43,139.94,1172.04,46217.0,17150.0,17150.0
395,95.430,139.860,95.43,139.81,1172.04,45960.0,17432.0,17432.0
396,95.430,139.860,95.27,139.97,1172.04,46847.0,17274.0,17274.0
397,95.430,139.860,95.11,139.9,1172.04,42642.0,14291.0,14291.0
398,95.430,139.860,95.32,139.88,1172.04,48174.0,19308.0,19308.0
399,95.430,139.860,95.25,139.96,1172.04,45547.0,16348.0,16348.0
400,95.430,139.860,95.39,139.79,1172.04,45586.0,16330.0,16330.0
401,95.430,139.860,95.2,139.95,1172.04,42089.0,13568.0,13568.0
402,95.430,139.860,95.43,139.71,1172.04,45762.0,16298.0,16298.0
403,95.430,139.860,95.31,139.94,1172.04,46194.0,17570.0,17570.0
404,95.430,139.860,95.06,139.97,1172.04,43212.0,14381.0,14381.0
405,95.430,139.860,95.16,139.96,1172.04,46069.0,16924.0,16924.0
406,95.430,139.860,95.33,140.05,1172.04,43657.0,14394.0,14394.0
407,95.430,139.860,95.19,139.89,1172.04,44472.0,15528.0,15528.0
408,95.430,139.860,95.19,139.95,1172.04,42610.0,13599.0,13599.0
409,95.430,139.860,95.24,139.95,1172.04,46945.0,18364.0,18364.0
410,95.430,139.860,95.45,140.01,1172.04,42480.0,14020.0,14020.0
411,95.430,139.860,95.11,139.86,1172.04,46242.0,15777.0,15777.0
412,95.430,139.860,95.38,139.59,1172.04,44942.0,15891.0,15891.0
413,95.430,139.860,95.21,140.03,1172.04,45734.0,16353.0,16353.0
414,95.430,139.860,95.41,139.64,1172.04,44603.0,15926.0,15926.0
415,95.430,139.860,95.17,139.64,1172.04,44808.0,16121.0,16121.0
416,95.430,139.860,95.18,140.02,1172.04,44635.0,16491.0,16491.0
417,95.430,139.860,95.35,140.12,1172.04,44293.0,15366.0,15366.0
418,95.430,139.860,95.54,139.9,1172.04,44714.0,16446.0,16446.0
419,95.430,139.860,95.41,139.87,1172.04,43250.0,14722.0,14722.0
420,95.430,139.860,95.4,140.09,1172.04,45662.0,16502.0,16502.0
421,95.430,139.860,95.39,139.83,1172.04,44788.0,16810.0,16810.0
422,95.430,139.860,95.46,139.94,1172.04,44544.0,15603.0,15603.0
423,95.430,139.860,95.16,139.94,1172.04,44761.0,15738.0,15738.0
424,95.430,139.860,95.22,139.91,1172.04,44687.0,15669.0,15669.0
425,95.430,139.860,95.34,139.93,1172.04,43098.0,13213.0,13213.0
426,95.430,139.860,95.36,139.88,1172.04,45732.0,15609.0,15609.0
427,95.430,139.860,95.32,139.79,1172.04,48266.0,18944.0,18944.0
428,95.430,139.860,95.26,140.02,1172.04,44317.0,16335.0,16335.0
429,95.430,139.860,95.25,140.11,1172.04,46538.0,16994.0,16994.0
430,95.430,139.860,95.21,139.91,1172.04,46214.0,17544.0,17544.0
431,95.430,139.860,95.3,139.92,1172.04,44640.0,16026.0,16026.0
432,95.430,139.860,95.25,139.83,1172.04,45616.0,18123.0,18123.0
433,95.430,139.860,95.27,139.92,1172.04,44943.0,17266.0,17266.0
434,95.430,139.860,95.19,140.03,1172.04,42786.0,14454.0,14454.0
435,95.430,139.860,95.27,139.85,1172.04,47962.0,18426.0,18426.0
436,95.430,139.860,95.23,139.91,1172.04,47395.0,17870.0,17870.0
437,95.430,139.860,95.24,139.88,1172.04,46059.0,15795.0,15795.0
438,95.430,139.860,95.23,139.98,1172.04,45066.0,15851.0,15851.0
439,95.430,139.860,95.22,139.91,1172.04,45666.0,16248.0,16248.0
440,95.430,139.860,95.4,139.77,1172.04,49505.0,18061.0,18061.0
441,95.430,139.860,95.39,139.81,1172.04,45269.0,15640.0,15640.0
442,95.430,139.860,95.16,139.85,1172.04,46840.0,17928.0,17928.0
443,95.430,139.860,95.35,140.06,1172.04,47432.0,17053.0,17053.0
444,95.430,139.860,95.41,139.87,1172.04,46744.0,17617.0,17617.0
445,95.430,139.860,95.22,140,1172.04,47408.0,17026.0,17026.0
446,95.430,139.860,95.27,139.93,1172.04,44391.0,15093.0,15093.0
447,95.430,139.860,95.46,139.9,1172.04,46108.0,16418.0,16418.0
448,95.430,139.860,95.32,139.96,1172.04,47762.0,18199.0,18199.0
449,95.430,139.860,95.4,140.02,1172.04,49478.0,18563.0,18563.0
450,95.430,139.860,95.28,139.88,1172.04,48146.0,18293.0,18293.0
451,95.430,139.860,95.28,139.98,1172.04,49583.0,17858.0,17858.0
452,95.430,139.860,95.18,139.91,1172.04,45461.0,16213.0,16213.0
453,95.430,139.860,95.26,139.82,1172.04,46115.0,17166.0,17166.0
454,95.430,139.860,95.23,139.82,1172.04,47230.0,17289.0,17289.0
455,95.430,139.860,95.32,139.92,1172.04,48443.0,17471.0,17471.0
456,95.430,139.860,95.3,139.82,1172.04,46365.0,17371.0,17371.0
457,95.430,139.860,95.2,139.88,1172.04,46730.0,17904.0,17904.0
458,95.430,139.860,95.28,139.99,1172.04,47386.0,18127.0,18127.0
459,95.430,139.860,95.17,139.88,1172.04,47519.0,15986.0,15986.0
460,95.430,139.860,95.4,139.87,1172.04,47886.0,15682.0,15682.0
461,95.430,139.860,95.25,139.89,1172.04,47726.0,15393.0,15393.0
462,95.430,139.860,95.18,139.93,1172.04,45955.0,15361.0,15361.0
463,95.430,139.860,95.35,140.07,1172.04,48733.0,16767.0,16767.0
464,95.430,139.860,95.33,139.85,1172.04,49819.0,17078.0,17078.0
465,95.430,139.860,95.2,139.92,1172.04,51902.0,19344.0,19344.0
466,95.430,139.860,95.55,139.81,1172.04,45384.0,14406.0,14406.0
467,95.430,139.860,95.17,139.94,1172.04,50654.0,18697.0,18697.0
468,95.430,139.860,95.25,139.94,1172.04,47339.0,15948.0,15948.0
469,95.430,139.860,95.46,139.68,1172.04,45300.0,14478.0,14478.0
470,95.430,139.860,95.4,139.68,1172.04,47004.0,16182.0,16182.0
471,95.430,139.860,95.38,139.82,1172.04,50283.0,17542.0,17542.0
472,95.430,139.860,95.32,139.87,1172.04,45970.0,14767.0,14767.0
473,95.430,139.860,95.39,139.89,1172.04,44636.0,13321.0,13321.0
474,95.430,139.860,95.23,139.85,1172.04,46392.0,15969.0,15969.0
475,95.430,139.860,95.46,139.84,1172.04,46397.0,15662.0,15662.0
476,95.430,139.860,95.35,139.77,1172.04,49451.0,19211.0,19211.0
477,95.430,139.860,95.27,139.85,1172.04,46959.0,17382.0,17382.0
478,95.430,139.860,95.4,140.03,1172.04,47975.0,16514.0,16514.0
479,95.430,139.860,95.29,139.95,1172.04,47330.0,17061.0,17061.0
480,95.430,139.860,95.3,139.91,1172.04,49043.0,19250.0,19250.0
481,95.430,139.860,95.28,139.75,1172.04,45785.0,16625.0,16625.0
482,95.430,139.860,95.19,140.02,1172.04,43776.0,13716.0,13716.0
483,95.430,139.860,95.3,139.84,1172.04,48426.0,19390.0,19390.0
484,95.430,139.860,95.24,139.75,1172.04,46841.0,17447.0,17447.0
485,95.430,139.860,95.36,139.8,1172.04,43747.0,14983.0,14983.0
486,95.430,139.860,95.27,139.89,1172.04,47716.0,16709.0,16709.0
487,95.430,139.860,95.37,139.81,1172.04,46451.0,17298.0,17298.0
488,95.430,139.860,95.44,139.89,1172.04,45668.0,15408.0,15408.0
489,95.430,139.860,95.17,140,1172.04,49210.0,17666.0,17666.0
490,95.430,139.860,95.15,140.04,1172.04,48940.0,17596.0,17596.0
491,95.430,139.860,95.43,139.84,1172.04,46732.0,17478.0,17478.0
492,95.430,139.860,95.37,139.89,1172.04,45762.0,16977.0,16977.0
493,95.430,139.860,95.49,139.87,1172.04,49508.0,19188.0,19188.0
494,95.430,139.860,95.32,139.91,1172.04,47358.0,17186.0,17186.0
495,95.430,139.860,95.27,139.83,1172.04,47753.0,19089.0,19089.0
496,95.430,139.860,95.22,139.82,1172.04,48486.0,17983.0,17983.0
497,95.430,139.860,95.37,139.96,1172.04,48531.0,18899.0,18899.0
498,95.430,139.860,95.2,139.79,1172.04,44770.0,15884.0,15884.0
499,95.430,139.860,95.22,139.86,1172.04,51803.0,20933.0,20933.0
500,95.430,139.860,95.42,139.83,1172.04,44938.0,15862.0,15862.0
501,95.430,139.860,95.21,140.01,1172.04,48416.0,19018.0,19018.0
502,95.430,139.860,95.41,139.74,1172.04,47899.0,17669.0,17669.0
503,95.430,139.860,95.25,139.81,1172.04,50129.0,19991.0,19991.0
504,95.430,139.860,95.23,140.08,1172.04,48626.0,16739.0,16739.0
505,95.430,139.860,95.14,139.98,1172.04,50237.0,19088.0,19088.0
506,95.430,139.860,95.27,139.55,1172.04,45520.0,16324.0,16324.0
507,95.430,139.860,95.22,139.85,1172.04,42728.0,14645.0,14645.0
508,95.430,139.860,95.21,139.85,1172.04,45915.0,14797.0,14797.0
509,95.430,139.860,95.52,139.76,1172.04,45579.0,16298.0,16298.0
510,95.430,139.860,95.17,139.71,1172.04,49288.0,19450.0,19450.0
511,95.430,139.860,95.29,139.92,1172.04,47265.0,17765.0,17765.0
512,95.430,139.860,95.49,139.72,1172.04,49368.0,18641.0,18641.0
513,95.430,139.860,95.35,139.95,1172.04,46426.0,17032.0,17032.0
514,95.430,139.860,95.12,139.9,1172.04,50553.0,19599.0,19599.0
515,95.430,139.860,95.38,139.72,1172.04,50466.0,20879.0,20879.0
516,95.430,139.860,95.5,139.85,1172.04,48110.0,19147.0,19147.0
517,95.430,139.860,95.26,139.9,1172.04,44875.0,16713.0,16713.0
518,95.430,139.860,95.42,140.22,1172.04,47555.0,17477.0,17477.0
519,95.430,139.860,95.32,139.77,1172.04,47365.0,16563.0,16563.0
520,95.430,139.860,95.2,139.82,1172.04,47404.0,17143.0,17143.0
521,95.430,139.860,95.17,139.86,1172.04,45613.0,16753.0,16753.0
522,95.430,139.860,95.16,139.96,1172.04,46633.0,17328.0,17328.0
523,95.430,139.860,95.36,139.95,1172.04,50187.0,20478.0,20478.0
524,95.430,139.860,95.41,139.76,1172.04,47516.0,18386.0,18386.0
525,95.430,139.860,95.19,140.03,1172.04,49350.0,20357.0,20357.0
526,95.430,139.860,95.34,139.88,1172.04,45579.0,16721.0,16721.0
527,95.430,139.860,95.54,139.76,1172.04,47583.0,17960.0,17960.0
528,95.430,139.860,95.35,140.03,1172.04,46426.0,16919.0,16919.0
529,95.430,139.860,95.41,139.92,1172.04,49120.0,19352.0,19352.0
530,95.430,139.860,95.32,139.85,1172.04,43470.0,14656.0,14656.0
531,95.430,139.860,95.28,139.95,1172.04,48143.0,18063.0,18063.0
532,95.430,139.860,95.42,139.97,1172.04,44836.0,16020.0,16020.0
533,95.430,139.860,95.47,139.65,1172.04,44539.0,16762.0,16762.0
534,95.430,139.860,95.44,139.72,1172.04,47753.0,17892.0,17892.0
535,95.430,139.860,95.58,139.87,1172.04,44921.0,16238.0,16238.0
536,95.430,139.860,95.43,139.88,1172.04,47583.0,18231.0,18231.0
537,95.430,139.860,95.28,139.84,1172.04,45767.0,16509.0,16509.0
538,95.430,139.860,95.32,139.79,1172.04,46522.0,18292.0,18292.0
539,95.430,139.860,95.46,139.93,1172.04,50045.0,20858.0,20858.0
540,95.430,139.860,95.2,139.75,1172.04,47479.0,17365.0,17365.0
541,95.430,139.860,95.26,139.88,1172.04,45292.0,16643.0,16643.0
542,95.430,139.860,95.34,139.83,1172.04,46252.0,17053.0,17053.0
543,95.430,139.860,95.27,139.64,1172.04,47327.0,18132.0,18132.0
544,95.430,139.860,95.44,139.71,1172.04,47530.0,19417.0,19417.0
545,95.430,139.860,95.23,139.96,1172.04,48666.0,19320.0,19320.0
546,95.430,139.860,94.94,139.92,1172.04,47753.0,17768.0,17768.0
547,95.430,139.860,95.34,139.9,1172.04,49632.0,19139.0,19139.0
548,95.430,139.860,95.32,140.27,1172.04,45676.0,15472.0,15472.0
549,95.430,139.860,95.34,139.88,1172.04,45338.0,15911.0,15911.0
550,95.430,139.860,95.38,139.98,1172.04,49478.0,18935.0,18935.0
551,95.430,139.860,95.33,139.88,1172.04,49679.0,20406.0,20406.0
552,95.430,139.860,95.25,139.84,1172.04,48540.0,18373.0,18373.0
553,95.430,139.860,95.14,139.83,1172.04,47462.0,18418.0,18418.0
554,95.430,139.860,95.52,139.66,1172.04,43779.0,15188.0,15188.0
555,95.430,139.860,95.36,139.87,1172.04,45705.0,17152.0,17152.0
556,95.430,139.860,95.43,139.61,1172.04,45335.0,17653.0,17653.0
557,95.430,139.860,95.29,139.78,1172.04,47618.0,17467.0,17467.0
558,95.430,139.860,95.51,139.77,1172.04,52138.0,20847.0,20847.0
559,95.430,139.860,95.27,139.89,1172.04,47594.0,18805.0,18805.0
560,95.430,139.860,95.19,139.95,1172.04,48884.0,18969.0,18969.0
561,95.430,139.860,95.27,139.84,1172.04,45071.0,15922.0,15922.0
562,95.430,139.860,95.28,139.88,1172.04,47904.0,17874.0,17874.0
563,95.430,139.860,95.39,139.95,1172.04,47124.0,18003.0,18003.0
564,95.430,139.860,95.36,139.94,1172.04,45235.0,15883.0,15883.0
565,95.430,139.860,95.27,140.06,1172.04,50086.0,20556.0,20556.0
566,95.430,139.860,95.2,140.14,1172.04,44909.0,15147.0,15147.0
567,95.430,139.860,95.22,139.89,1172.04,47883.0,18567.0,18567.0
568,95.430,139.860,95.35,139.79,1172.04,45313.0,16086.0,16086.0
569,95.430,139.860,95.28,139.89,1172.04,48033.0,17869.0,17869.0
570,95.430,139.860,95.2,139.73,1172.04,44903.0,16781.0,16781.0
571,95.430,139.860,95.36,140,1172.04,46191.0,16666.0,16666.0
572,95.430,139.860,95.27,139.85,1172.04,48352.0,19597.0,19597.0
573,95.430,139.860,95.4,139.59,1172.04,47414.0,18252.0,18252.0
574,95.430,139.860,95.15,139.92,1172.04,46964.0,17752.0,17752.0
575,95.430,139.860,95.21,139.86,1172.04,49192.0,19430.0,19430.0
576,95.430,139.860,95.34,139.95,1172.04,47300.0,18172.0,18172.0
577,95.430,139.860,95.4,139.86,1172.04,48983.0,19210.0,19210.0
578,95.430,139.860,95.45,139.95,1172.04,49617.0,19994.0,19994.0
579,95.430,139.860,95.42,140.02,1172.04,47061.0,16205.0,16205.0
580,95.430,139.860,95.25,139.81,1172.04,48300.0,18702.0,18702.0
581,95.430,139.860,95.31,139.81,1172.04,45538.0,16258.0,16258.0
582,95.430,139.860,95.38,139.76,1172.04,44333.0,15479.0,15479.0
583,95.430,139.860,95.47,139.79,1172.04,44591.0,15087.0,15087.0
584,95.430,139.860,95.3,139.85,1172.04,48631.0,18937.0,18937.0
585,95.430,139.860,95.32,139.83,1172.04,45751.0,16008.0,16008.0
586,95.430,139.860,95.19,140,1172.04,49829.0,20026.0,20026.0
587,95.430,139.860,95.27,139.9,1172.04,47160.0,17422.0,17422.0
588,95.430,139.860,95.56,139.91,1172.04,44411.0,15500.0,15500.0
589,95.430,139.860,95.52,139.86,1172.04,47380.0,18021.0,18021.0
590,95.430,139.860,95.17,139.71,1172.04,46576.0,17635.0,17635.0
591,95.430,139.860,95.26,139.77,1172.04,48361.0,18482.0,18482.0
592,95.430,139.860,95.27,139.76,1172.04,46896.0,18592.0,18592.0
593,95.430,139.860,95.34,139.84,1172.04,49169.0,19745.0,19745.0
594,95.430,139.860,95.27,139.94,1172.04,46972.0,18144.0,18144.0
595,95.430,139.860,95.44,139.87,1172.04,46563.0,16792.0,16792.0
596,95.430,139.860,95.33,139.93,1172.04,47775.0,19301.0,19301.0
597,95.430,139.860,95.33,139.78,1172.04,47847.0,18758.0,18758.0
598,95.430,139.860,95.21,139.83,1172.04,48696.0,18620.0,18620.0
599,95.430,139.860,95.34,139.93,1172.04,43333.0,13824.0,13824.0
600,95.430,139.860,95.27,139.69,1172.04,45215.0,16924.0,16924.0
601,95.430,139.860,95.44,140.01,1172.04,50600.0,19170.0,19170.0
602,95.430,139.860,95.44,139.94,1172.04,45513.0,18387.0,18387.0
603,95.430,139.860,95.32,139.89,1172.04,45324.0,16706.0,16706.0
604,95.430,139.860,95.38,139.86,1172.04,49345.0,19569.0,19569.0
605,95.430,139.860,95.25,139.99,1172.04,44442.0,15172.0,15172.0
606,95.430,139.860,95.36,139.91,1172.04,49290.0,20236.0,20236.0
607,95.430,139.860,95.54,139.78,1172.04,46487.0,18154.0,18154.0
608,95.430,139.860,95.27,139.87,1172.04,49520.0,20465.0,20465.0
609,95.430,139.860,95.23,139.92,1172.04,47998.0,19407.0,19407.0
610,95.430,139.860,95.18,139.87,1172.04,45064.0,15228.0,15228.0
611,95.430,139.860,95.35,139.78,1172.04,45052.0,15737.0,15737.0
612,95.430,139.860,95.37,139.78,1172.04,46633.0,17277.0,17277.0
613,95.430,139.860,95.39,139.64,1172.04,46123.0,17860.0,17860.0
614,95.430,139.860,95.3,139.84,1172.04,43844.0,14523.0,14523.0
615,95.430,139.860,95.2,139.9,1172.04,44829.0,16041.0,16041.0
616,95.430,139.860,95.33,139.89,1172.04,44561.0,16135.0,16135.0
617,95.430,139.860,95.56,139.79,1172.04,44201.0,14911.0,14911.0
618,95.430,139.860,95.43,139.93,1172.04,44842.0,15945.0,15945.0
619,95.430,139.860,95.46,139.64,1172.04,45982.0,17617.0,17617.0
620,95.430,139.860,95.32,139.86,1172.04,46668.0,17463.0,17463.0
621,95.430,139.860,95.54,139.76,1172.04,46290.0,17663.0,17663.0
622,95.430,139.860,95.38,139.75,1172.04,46023.0,16736.0,16736.0
623,95.430,139.860,95.47,139.99,1172.04,44932.0,16099.0,16099.0
624,95.430,139.860,95.38,139.74,1172.04,43465.0,16074.0,16074.0
625,95.430,139.860,95.29,139.68,1172.04,42988.0,14900.0,14900.0
626,95.430,139.860,95.31,139.94,1172.04,45357.0,16724.0,16724.0
627,95.430,139.860,95.45,139.78,1172.04,44380.0,16022.0,16022.0
628,95.430,139.860,95.17,139.91,1172.04,43649.0,14846.0,14846.0
629,95.430,139.860,95.29,139.8,1172.04,44890.0,16249.0,16249.0
630,95.430,139.860,95.36,139.89,1172.04,45197.0,16220.0,16220.0
631,95.430,139.860,95.32,139.9,1172.04,45993.0,16443.0,16443.0
632,95.430,139.860,95.21,139.7,1172.04,46102.0,17334.0,17334.0
633,95.430,139.860,95.5,139.57,1172.04,45505.0,17856.0,17856.0
634,95.430,139.860,95.34,139.79,1172.04,45533.0,17398.0,17398.0
635,95.430,139.860,95.31,139.85,1172.04,45629.0,16510.0,16510.0
636,95.430,139.860,95.28,139.82,1172.04,44672.0,16302.0,16302.0
637,95.430,139.860,95.46,139.91,1172.04,44042.0,16121.0,16121.0
638,95.430,139.860,95.47,139.7,1172.04,43716.0,15020.0,15020.0
639,95.430,139.860,95.45,139.9,1172.04,45712.0,17597.0,17597.0
640,95.430,139.860,95.49,139.97,1172.04,42123.0,13673.0,13673.0
641,95.430,139.860,95.59,139.69,1172.04,44339.0,15248.0,15248.0
642,95.430,139.860,95.26,139.92,1172.04,45074.0,15794.0,15794.0
643,95.430,139.860,95.25,139.91,1172.04,45710.0,16590.0,16590.0
644,95.430,139.860,95.15,139.84,1172.04,45706.0,17270.0,17270.0
645,95.430,139.860,95.27,139.84,1172.04,48016.0,19419.0,19419.0
646,95.430,139.860,95.39,139.71,1172.04,42503.0,13744.0,13744.0
647,95.430,139.860,95.4,140.07,1172.04,44191.0,15850.0,15850.0
648,95.430,139.860,95.31,139.84,1172.04,46563.0,18195.0,18195.0
649,95.430,139.860,95.34,139.89,1172.04,46602.0,18237.0,18237.0
650,95.430,139.860,95.43,139.67,1172.04,42647.0,14988.0,14988.0
651,95.430,139.860,95.34,139.77,1172.04,42167.0,13946.0,13946.0
652,95.430,139.860,95.47,139.83,1172.04,42078.0,13687.0,13687.0
653,95.430,139.860,95.35,139.77,1172.04,43181.0,15695.0,15695.0
654,95.430,139.860,95.36,139.78,1172.04,45389.0,16858.0,16858.0
655,95.430,139.860,95.48,139.74,1172.04,45940.0,16991.0,16991.0
656,95.430,139.860,95.26,139.82,1172.04,46855.0,18532.0,18532.0
657,95.430,139.860,95.38,139.7,1172.04,42982.0,14844.0,14844.0
658,95.430,139.860,95.35,139.72,1172.04,44214.0,15334.0,15334.0
659,95.430,139.860,95.28,139.91,1172.04,43893.0,15576.0,15576.0
660,95.430,139.860,95.5,139.56,1172.04,46411.0,19710.0,19710.0
661,95.430,139.860,95.43,139.7,1172.04,46852.0,17641.0,17641.0
662,95.430,139.860,95.43,139.86,1172.04,42153.0,14348.0,14348.0
663,95.430,139.860,95.43,139.86,1172.04,24351.0,0.0,0.0
664,95.430,139.860,95.43,139.86,1172.04,24092.0,0.0,0.0
665,95.430,139.860,95.43,139.86,1172.04,26575.0,705.0,705.0
666,95.430,139.860,95.43,139.86,1172.04,24676.0,0.0,0.0
667,95.430,139.860,95.43,139.86,1172.04,23925.0,0.0,0.0
668,95.430,139.860,95.43,139.86,1172.04,27104.0,2100.0,2100.0
669,95.430,139.860,95.43,139.86,1172.04,26313.0,491.0,491.0
670,95.430,139.860,95.43,139.86,1172.04,24991.0,0.0,0.0
671,95.430,139.860,95.43,139.86,1172.04,25376.0,563.0,563.0
672,95.430,139.860,95.43,139.86,1172.04,25558.0,455.0,455.0
673,95.430,139.860,95.43,139.86,1172.04,25785.0,757.0,757.0
674,95.430,139.860,95.43,139.86,1172.04,24884.0,0.0,0.0
675,95.430,139.860,95.43,139.86,1172.04,26432.0,429.0,429.0
676,95.430,139.860,95.43,139.86,1172.04,24793.0,0.0,0.0
677,95.430,139.860,95.43,139.86,1172.04,25152.0,0.0,0.0
678,95.430,139.860,95.43,139.86,1172.04,24267.0,0.0,0.0
679,95.430,139.860,95.43,139.86,1172.04,25377.0,0.0,0.0
680,95.430,139.860,95.43,139.86,1172.04,25557.0,0.0,0.0
681,95.430,139.860,95.43,139.86,1172.04,23668.0,0.0,0.0
682,95.430,139.860,95.43,139.86,1172.04,24927.0,0.0,0.0
683,95.430,139.860,95.43,139.86,1172.04,24792.0,1039.0,1039.0
684,95.430,139.860,95.43,139.86,1172.04,25258.0,99.0,99.0
685,95.430,139.860,95.43,139.86,1172.04,23899.0,0.0,0.0
686,95.430,139.860,95.43,139.86,1172.04,28089.0,1572.0,1572.0
687,95.430,139.860,95.43,139.86,1172.04,25450.0,0.0,0.0
688,95.430,139.860,95.43,139.86,1172.04,26488.0,0.0,0.0
689,95.430,139.860,95.43,139.86,1172.04,25516.0,0.0,0.0
690,95.430,139.860,95.43,139.86,1172.04,25965.0,0.0,0.0
691,95.430,139.860,95.43,139.86,1172.04,26217.0,0.0,0.0
692,95.430,139.860,95.43,139.86,1172.04,27166.0,0.0,0.0
693,95.430,139.860,95.43,139.86,1172.04,26605.0,0.0,0.0
694,95.430,139.860,95.43,139.86,1172.04,25407.0,0.0,0.0
695,95.430,139.860,95.43,139.86,1172.04,25773.0,0.0,0.0
696,95.430,139.860,95.43,139.86,1172.04,26064.0,0.0,0.0
697,95.430,139.860,95.43,139.86,1172.04,25700.0,0.0,0.0
698,95.430,139.860,95.43,139.86,1172.04,24628.0,0.0,0.0
699,95.430,139.860,95.43,139.86,1172.04,25706.0,0.0,0.0
700,95.430,139.860,95.43,139.86,1172.04,24884.0,0.0,0.0
701,95.430,139.860,95.43,139.86,1172.04,25228.0,0.0,0.0
702,95.430,139.860,95.43,139.86,1172.04,25459.0,0.0,0.0
703,95.430,139.860,95.43,139.86,1172.04,24727.0,0.0,0.0
704,95.430,139.860,95.43,139.86,1172.04,25895.0,0.0,0.0
705,95.430,139.860,95.43,139.86,1172.04,26466.0,721.0,721.0
706,95.430,139.860,95.43,139.86,1172.04,23500.0,0.0,0.0
707,95.430,139.860,95.43,139.86,1172.04,25851.0,293.0,293.0
708,95.430,139.860,95.43,139.86,1172.04,25294.0,621.0,621.0
709,95.430,139.860,95.43,139.86,1172.04,24851.0,0.0,0.0
710,95.430,139.860,95.43,139.86,1172.04,26440.0,982.0,982.0
711,95.430,139.860,95.43,139.86,1172.04,27301.0,1265.0,1265.0
712,95.430,139.860,95.43,139.86,1172.04,24234.0,0.0,0.0
713,95.430,139.860,95.43,139.86,1172.04,24099.0,0.0,0.0
714,95.430,139.860,95.43,139.86,1172.04,25309.0,296.0,296.0
715,95.430,139.860,95.43,139.86,1172.04,25204.0,0.0,0.0
716,95.430,139.860,95.43,139.86,1172.04,25992.0,928.0,928.0
717,95.430,139.860,95.43,139.86,1172.04,24753.0,0.0,0.0
718,95.430,139.860,95.43,139.86,1172.04,24500.0,0.0,0.0
719,95.430,139.860,95.43,139.86,1172.04,24048.0,0.0,0.0
720,95.430,139.860,95.43,139.86,1172.04,24470.0,0.0,0.0
721,95.430,139.860,95.43,139.86,1172.04,25062.0,298.0,298.0
722,95.430,139.860,95.43,139.86,1172.04,25510.0,17.0,17.0
723,95.430,139.860,95.43,139.86,1172.04,26662.0,744.0,744.0
724,95.430,139.860,95.43,139.86,1172.04,24854.0,0.0,0.0
725,95.430,139.860,95.43,139.86,1172.04,26213.0,1120.0,1120.0
726,95.430,139.860,95.43,139.86,1172.04,25092.0,0.0,0.0
727,95.430,139.860,95.43,139.86,1172.04,27320.0,2002.0,2002.0
728,95.430,139.860,95.43,139.86,1172.04,27383.0,588.0,588.0
729,95.430,139.860,95.43,139.86,1172.04,25386.0,0.0,0.0
730,95.430,139.860,95.43,139.86,1172.04,25020.0,0.0,0.0
731,95.430,139.860,95.43,139.86,1172.04,24203.0,0.0,0.0
732,95.430,139.860,95.43,139.86,1172.04,24098.0,0.0,0.0
733,95.430,139.860,95.43,139.86,1172.04,24454.0,0.0,0.0
734,95.430,139.860,95.43,139.86,1172.04,25881.0,673.0,673.0
735,95.430,139.860,95.43,139.86,1172.04,26595.0,480.0,480.0
736,95.430,139.860,95.43,139.86,1172.04,27720.0,1146.0,1146.0
737,95.430,139.860,95.43,139.86,1172.04,26985.0,722.0,722.0
738,95.430,139.860,95.43,139.86,1172.04,24800.0,0.0,0.0
739,95.430,139.860,95.43,139.86,1172.04,24148.0,0.0,0.0
740,95.430,139.860,95.43,139.86,1172.04,23787.0,0.0,0.0
741,95.430,139.860,95.43,139.86,1172.04,25763.0,715.0,715.0
742,95.430,139.860,95.43,139.86,1172.04,26404.0,1218.0,1218.0
743,95.430,139.860,95.43,139.86,1172.04,25209.0,0.0,0.0
744,95.430,139.860,95.43,139.86,1172.04,26915.0,1789.0,1789.0
745,95.430,139.860,95.43,139.86,1172.04,25216.0,0.0,0.0
746,95.430,139.860,95.43,139.86,1172.04,26940.0,2000.0,2000.0
747,95.430,139.860,95.43,139.86,1172.04,23911.0,0.0,0.0
748,95.430,139.860,95.43,139.86,1172.04,25829.0,413.0,413.0
749,95.430,139.860,95.43,139.86,1172.04,24870.0,0.0,0.0
750,95.430,139.860,95.43,139.86,1172.04,24796.0,204.0,204.0
751,95.430,139.860,95.43,139.86,1172.04,25144.0,0.0,0.0
752,95.430,139.860,95.43,139.86,1172.04,25871.0,0.0,0.0
753,95.430,139.860,95.43,139.86,1172.04,25650.0,351.0,351.0
754,95.430,139.860,95.43,139.86,1172.04,25251.0,0.0,0.0
755,95.430,139.860,95.43,139.86,1172.04,26015.0,852.0,852.0
756,95.430,139.860,95.43,139.86,1172.04,25631.0,0.0,0.0
757,95.430,139.860,95.43,139.86,1172.04,24819.0,0.0,0.0
758,95.430,139.860,95.43,139.86,1172.04,26116.0,0.0,0.0
759,95.430,139.860,95.43,139.86,1172.04,26187.0,0.0,0.0
760,95.430,139.860,95.43,139.86,1172.04,26122.0,1016.0,1016.0
761,95.430,139.860,95.43,139.86,1172.04,24779.0,0.0,0.0
762,95.430,139.860,95.43,139.86,1172.04,25520.0,0.0,0.0
763,95.430,139.860,95.43,139.86,1172.04,25478.0,761.0,761.0
764,95.430,139.860,95.43,139.86,1172.04,25780.0,451.0,451.0
765,95.430,139.860,95.43,139.86,1172.04,25348.0,55.0,55.0
766,95.430,139.860,95.43,139.86,1172.04,26620.0,515.0,515.0
767,95.430,139.860,95.43,139.86,1172.04,25701.0,0.0,0.0
768,95.430,139.860,95.43,139.86,1172.04,26146.0,292.0,292.0
769,95.430,139.860,95.43,139.86,1172.04,27329.0,1524.0,1524.0
770,95.430,139.860,95.43,139.86,1172.04,24685.0,0.0,0.0
771,95.430,139.860,95.43,139.86,1172.04,23990.0,0.0,0.0
772,95.430,139.860,95.43,139.86,1172.04,24132.0,0.0,0.0
773,95.430,139.860,95.43,139.86,1172.04,24276.0,0.0,0.0
774,95.430,139.860,95.43,139.86,1172.04,25641.0,551.0,551.0
775,95.430,139.860,95.43,139.86,1172.04,24920.0,195.0,195.0
776,95.430,139.860,95.43,139.86,1172.04,25891.0,181.0,181.0
777,95.430,139.860,95.43,139.86,1172.04,24096.0,0.0,0.0
778,95.430,139.860,95.43,139.86,1172.04,26641.0,2070.0,2070.0
779,95.430,139.860,95.43,139.86,1172.04,25249.0,1089.0,1089.0
780,95.430,139.860,95.43,139.86,1172.04,25426.0,409.0,409.0
781,95.430,139.860,95.43,139.86,1172.04,26253.0,1263.0,1263.0
782,95.430,139.860,95.43,139.86,1172.04,25980.0,0.0,0.0
783,95.430,139.860,95.43,139.86,1172.04,24188.0,0.0,0.0
784,95.430,139.860,95.43,139.86,1172.04,23726.0,0.0,0.0
785,95.430,139.860,95.43,139.86,1172.04,25812.0,569.0,569.0
786,95.430,139.860,95.43,139.86,1172.04,25445.0,0.0,0.0
787,95.430,139.860,95.43,139.86,1172.04,25614.0,0.0,0.0
788,95.430,139.860,95.43,139.86,1172.04,24468.0,0.0,0.0
789,95.430,139.860,95.43,139.86,1172.04,24457.0,0.0,0.0
790,95.430,139.860,95.43,139.86,1172.04,26377.0,827.0,827.0
791,95.430,139.860,95.43,139.86,1172.04,25445.0,0.0,0.0
792,95.430,139.860,95.43,139.86,1172.04,24796.0,0.0,0.0
793,95.430,139.860,95.43,139.86,1172.04,25413.0,0.0,0.0
794,95.430,139.860,95.43,139.86,1172.04,23658.0,0.0,0.0
795,95.430,139.860,95.43,139.86,1172.04,25344.0,372.0,372.0
796,95.430,139.860,95.43,139.86,1172.04,24678.0,0.0,0.0
797,95.430,139.860,95.43,139.86,1172.04,25150.0,552.0,552.0
798,95.430,139.860,95.43,139.86,1172.04,27097.0,1929.0,1929.0
799,95.430,139.860,95.43,139.86,1172.04,23188.0,0.0,0.0
800,95.430,139.860,95.43,139.86,1172.04,24367.0,0.0,0.0
801,95.430,139.860,95.43,139.86,1172.04,24860.0,0.0,0.0
802,95.430,139.860,95.43,139.86,1172.04,24665.0,0.0,0.0
803,95.430,139.860,95.43,139.86,1172.04,25902.0,439.0,439.0
804,95.430,139.860,95.43,139.86,1172.04,24497.0,0.0,0.0
805,95.430,139.860,95.43,139.86,1172.04,23559.0,0.0,0.0
806,95.430,139.860,95.43,139.86,1172.04,25855.0,0.0,0.0
807,95.430,139.860,95.43,139.86,1172.04,25685.0,795.0,795.0
808,95.430,139.860,95.43,139.86,1172.04,23538.0,0.0,0.0
809,95.430,139.860,95.43,139.86,1172.04,25313.0,0.0,0.0
810,95.430,139.860,95.43,139.86,1172.04,24498.0,0.0,0.0
811,95.430,139.860,95.43,139.86,1172.04,25704.0,183.0,183.0
812,95.430,139.860,95.43,139.86,1172.04,25618.0,98.0,98.0
813,95.430,139.860,95.43,139.86,1172.04,27022.0,489.0,489.0
814,95.430,139.860,95.43,139.86,1172.04,24632.0,0.0,0.0
815,95.430,139.860,95.43,139.86,1172.04,25190.0,445.0,445.0
816,95.430,139.860,95.43,139.86,1172.04,25817.0,666.0,666.0
817,95.430,139.860,95.43,139.86,1172.04,23625.0,0.0,0.0
818,95.430,139.860,95.43,139.86,1172.04,25793.0,587.0,587.0
819,95.430,139.860,95.43,139.86,1172.04,26431.0,1054.0,1054.0
820,95.430,139.860,95.43,139.86,1172.04,24057.0,0.0,0.0
821,95.430,139.860,95.43,139.86,1172.04,24755.0,0.0,0.0
822,95.430,139.860,95.43,139.86,1172.04,24700.0,0.0,0.0
823,95.430,139.860,95.43,139.86,1172.04,24422.0,0.0,0.0
824,95.430,139.860,95.43,139.86,1172.04,27014.0,740.0,740.0
825,95.430,139.860,95.43,139.86,1172.04,24769.0,226.0,226.0
826,95.430,139.860,95.43,139.86,1172.04,24416.0,0.0,0.0
827,95.430,139.860,95.43,139.86,1172.04,25638.0,0.0,0.0
828,95.430,139.860,95.43,139.86,1172.04,25186.0,0.0,0.0
829,95.430,139.860,95.43,139.86,1172.04,26641.0,1296.0,1296.0
830,95.430,139.860,95.43,139.86,1172.04,25678.0,378.0,378.0
831,95.430,139.860,95.43,139.86,1172.04,26000.0,348.0,348.0
832,95.430,139.860,95.43,139.86,1172.04,25428.0,441.0,441.0
833,95.430,139.860,95.43,139.86,1172.04,24204.0,0.0,0.0
834,95.430,139.860,95.43,139.86,1172.04,26278.0,917.0,917.0
835,95.430,139.860,95.43,139.86,1172.04,24956.0,0.0,0.0
836,95.430,139.860,95.43,139.86,1172.04,26283.0,688.0,688.0
837,95.430,139.860,95.43,139.86,1172.04,25798.0,876.0,876.0
838,95.430,139.860,95.43,139.86,1172.04,25689.0,0.0,0.0
839,95.430,139.860,95.43,139.86,1172.04,26169.0,1008.0,1008.0
840,95.430,139.860,95.43,139.86,1172.04,23216.0,0.0,0.0
841,95.430,139.860,95.43,139.86,1172.04,24515.0,0.0,0.0
842,95.430,139.860,95.43,139.86,1172.04,26017.0,850.0,850.0
843,95.430,139.860,95.43,139.86,1172.04,26110.0,944.0,944.0
844,95.430,139.860,95.43,139.86,1172.04,25502.0,359.0,359.0
845,95.430,139.860,95.43,139.86,1172.04,25928.0,0.0,0.0
846,95.430,139.860,95.43,139.86,1172.04,23741.0,0.0,0.0
847,95.430,139.860,95.43,139.86,1172.04,25114.0,0.0,0.0
848,95.430,139.860,95.43,139.86,1172.04,26123.0,718.0,718.0
849,95.430,139.860,95.43,139.86,1172.04,24980.0,0.0,0.0
850,95.430,139.860,95.43,139.86,1172.04,25317.0,162.0,162.0
851,95.430,139.860,95.43,139.86,1172.04,25805.0,0.0,0.0
852,95.430,139.860,95.43,139.86,1172.04,25358.0,0.0,0.0
853,95.430,139.860,95.43,139.86,1172.04,23390.0,0.0,0.0
854,95.430,139.860,95.43,139.86,1172.04,23171.0,0.0,0.0
855,95.430,139.860,95.43,139.86,1172.04,24369.0,0.0,0.0
856,95.430,139.860,95.43,139.86,1172.04,25682.0,928.0,928.0
857,95.430,139.860,95.43,139.86,1172.04,24945.0,0.0,0.0
858,95.430,139.860,95.43,139.86,1172.04,25805.0,790.0,790.0
859,95.430,139.860,95.43,139.86,1172.04,25357.0,42.0,42.0
860,95.430,139.860,95.43,139.86,1172.04,25509.0,0.0,0.0
861,95.430,139.860,95.43,139.86,1172.04,24643.0,0.0,0.0
862,95.430,139.860,95.43,139.86,1172.04,26545.0,695.0,695.0
