id,avg_x,avg_y,x,y,bg,Square_intensity,circular_intensity,Gaussian_intensity
738,235.100,85.830,234.98,85.88,1086.7,36104.0,8954.0,8954.0
739,235.100,85.830,234.98,85.88,1086.7,40243.0,12286.0,12286.0
740,235.100,85.830,234.98,85.88,1086.7,37166.0,10758.0,10758.0
741,235.100,85.830,234.98,85.88,1086.7,39989.0,12614.0,12614.0
742,235.100,85.830,234.98,85.88,1086.7,39659.0,11951.0,11951.0
743,235.100,85.830,234.98,85.88,1086.7,40428.0,12774.0,12774.0
744,235.100,85.830,234.98,85.88,1086.7,39063.0,10965.0,10965.0
745,235.100,85.830,234.98,85.88,1086.7,40086.0,12505.0,12505.0
746,235.100,85.830,234.98,85.88,1086.7,41511.0,12389.0,12389.0
747,235.100,85.830,234.98,85.88,1086.7,37597.0,10111.0,10111.0
748,235.100,85.830,234.98,85.88,1086.7,36732.0,9370.0,9370.0
749,235.100,85.830,234.98,85.88,1086.7,41018.0,12531.0,12531.0
750,235.100,85.830,234.98,85.88,1086.7,42566.0,13574.0,13574.0
751,235.100,85.830,234.98,85.88,1086.7,36776.0,9251.0,9251.0
752,235.100,85.830,234.98,85.88,1086.7,38558.0,10363.0,10363.0
753,235.100,85.830,234.98,85.88,1086.7,37591.0,10615.0,10615.0
754,235.100,85.830,234.98,85.88,1086.7,37100.0,9286.0,9286.0
755,235.100,85.830,234.98,85.88,1086.7,37253.0,8704.0,8704.0
756,235.100,85.830,234.98,85.88,1086.7,38140.0,9675.0,9675.0
757,235.100,85.830,234.98,85.88,1086.7,38769.0,11037.0,11037.0
758,235.100,85.830,234.98,85.88,1086.7,40264.0,11974.0,11974.0
759,235.100,85.830,234.98,85.88,1086.7,38758.0,11150.0,11150.0
760,235.100,85.830,234.98,85.88,1086.7,40306.0,12103.0,12103.0
761,235.100,85.830,234.98,85.88,1086.7,39549.0,11401.0,11401.0
762,235.100,85.830,234.98,85.88,1086.7,35703.0,8880.0,8880.0
763,235.100,85.830,234.98,85.88,1086.7,38047.0,10692.0,10692.0
764,235.100,85.830,234.98,85.88,1086.7,39372.0,10615.0,10615.0
765,235.100,85.830,234.98,85.88,1086.7,41596.0,13181.0,13181.0
766,235.100,85.830,234.98,85.88,1086.7,38665.0,10975.0,10975.0
767,235.100,85.830,234.98,85.88,1086.7,38754.0,11571.0,11571.0
768,235.100,85.830,234.98,85.88,1086.7,36943.0,9833.0,9833.0
769,235.100,85.830,234.98,85.88,1086.7,36783.0,9221.0,9221.0
770,235.100,85.830,234.98,85.88,1086.7,38991.0,11515.0,11515.0
771,235.100,85.830,234.98,85.88,1086.7,37203.0,8669.0,8669.0
772,235.100,85.830,234.98,85.88,1086.7,41519.0,12542.0,12542.0
773,235.100,85.830,234.98,85.88,1086.7,41446.0,12385.0,12385.0
774,235.100,85.830,234.98,85.88,1086.7,37885.0,11031.0,11031.0
775,235.100,85.830,234.98,85.88,1086.7,37821.0,9258.0,9258.0
776,235.100,85.830,234.98,85.88,1086.7,37377.0,9197.0,9197.0
777,235.100,85.830,234.98,85.88,1086.7,38626.0,10467.0,10467.0
778,235.100,85.830,234.98,85.88,1086.7,40596.0,12372.0,12372.0
779,235.100,85.830,234.98,85.88,1086.7,40826.0,12401.0,12401.0
780,235.100,85.830,234.98,85.88,1086.7,37076.0,9945.0,9945.0
781,235.100,85.830,234.98,85.88,1086.7,38617.0,10709.0,10709.0
782,235.100,85.830,234.98,85.88,1086.7,38770.0,11616.0,11616.0
783,235.100,85.830,234.98,85.88,1086.7,40199.0,11978.0,11978.0
784,235.100,85.830,234.98,85.88,1086.7,38844.0,10626.0,10626.0
785,235.100,85.830,234.98,85.88,1086.7,37669.0,9785.0,9785.0
786,235.100,85.830,234.98,85.88,1086.7,38945.0,10895.0,10895.0
787,235.100,85.830,234.98,85.88,1086.7,40563.0,13329.0,13329.0
788,235.100,85.830,234.98,85.88,1086.7,40062.0,11153.0,11153.0
789,235.100,85.830,234.98,85.88,1086.7,36818.0,8937.0,8937.0
790,235.100,85.830,234.98,85.88,1086.7,41271.0,13010.0,13010.0
791,235.100,85.830,234.98,85.88,1086.7,40281.0,12015.0,12015.0
792,235.100,85.830,234.98,85.88,1086.7,36871.0,9938.0,9938.0
793,235.100,85.830,234.98,85.88,1086.7,37336.0,10253.0,10253.0
794,235.100,85.830,234.98,85.88,1086.7,38798.0,11815.0,11815.0
795,235.100,85.830,234.98,85.88,1086.7,35603.0,8412.0,8412.0
796,235.100,85.830,234.98,85.88,1086.7,40009.0,11590.0,11590.0
797,235.100,85.830,234.98,85.88,1086.7,37649.0,9698.0,9698.0
798,235.100,85.830,234.98,85.88,1086.7,40678.0,11999.0,11999.0
799,235.100,85.830,234.98,85.88,1086.7,37336.0,10193.0,10193.0
800,235.100,85.830,234.98,85.88,1086.7,36428.0,8523.0,8523.0
801,235.100,85.830,234.98,85.88,1086.7,39134.0,10980.0,10980.0
802,235.100,85.830,234.98,85.88,1086.7,37161.0,8877.0,8877.0
803,235.100,85.830,234.98,85.88,1086.7,37790.0,10093.0,10093.0
804,235.100,85.830,234.98,85.88,1086.7,37279.0,9462.0,9462.0
805,235.100,85.830,234.98,85.88,1086.7,37747.0,11013.0,11013.0
806,235.100,85.830,234.98,85.88,1086.7,36261.0,8762.0,8762.0
807,235.100,85.830,234.98,85.88,1086.7,37767.0,9502.0,9502.0
808,235.100,85.830,234.98,85.88,1086.7,35774.0,8403.0,8403.0
809,235.100,85.830,234.98,85.88,1086.7,45364.0,16060.0,16060.0
810,235.100,85.830,234.98,85.88,1086.7,37888.0,10919.0,10919.0
811,235.100,85.830,234.98,85.88,1086.7,39105.0,11810.0,11810.0
812,235.100,85.830,234.98,85.88,1086.7,39459.0,10540.0,10540.0
813,235.100,85.830,234.98,85.88,1086.7,40716.0,12872.0,12872.0
814,235.100,85.830,234.98,85.88,1086.7,39923.0,11581.0,11581.0
815,235.100,85.830,234.98,85.88,1086.7,38832.0,10780.0,10780.0
816,235.100,85.830,234.98,85.88,1086.7,37137.0,8642.0,8642.0
817,235.100,85.830,234.98,85.88,1086.7,39185.0,10916.0,10916.0
818,235.100,85.830,234.98,85.88,1086.7,39575.0,11193.0,11193.0
819,235.100,85.830,234.98,85.88,1086.7,41113.0,13154.0,13154.0
820,235.100,85.830,234.98,85.88,1086.7,40908.0,12329.0,12329.0
821,235.100,85.830,234.98,85.88,1086.7,37026.0,9313.0,9313.0
822,235.100,85.830,234.98,85.88,1086.7,40211.0,12698.0,12698.0
823,235.100,85.830,234.98,85.88,1086.7,40893.0,12047.0,12047.0
824,235.100,85.830,234.98,85.88,1086.7,35136.0,7740.0,7740.0
825,235.100,85.830,234.98,85.88,1086.7,42718.0,9459.0,9459.0
826,235.100,85.830,234.98,85.88,1086.7,40237.0,9248.0,9248.0
827,235.100,85.830,234.98,85.88,1086.7,40791.0,10358.0,10358.0
828,235.100,85.830,234.98,85.88,1086.7,37480.0,8698.0,8698.0
829,235.100,85.830,234.98,85.88,1086.7,35178.0,6948.0,6948.0
830,235.100,85.830,234.98,85.88,1086.7,38318.0,8948.0,8948.0
831,235.100,85.830,234.98,85.88,1086.7,36923.0,8703.0,8703.0
832,235.100,85.830,234.98,85.88,1086.7,39221.0,10466.0,10466.0
833,235.100,85.830,234.98,85.88,1086.7,41450.0,11994.0,11994.0
834,235.100,85.830,234.98,85.88,1086.7,37206.0,8684.0,8684.0
835,235.100,85.830,234.98,85.88,1086.7,41776.0,11706.0,11706.0
836,235.100,85.830,234.98,85.88,1086.7,40867.0,10844.0,10844.0
837,235.100,85.830,234.98,85.88,1086.7,37985.0,8515.0,8515.0
838,235.100,85.830,234.98,85.88,1086.7,42401.0,12329.0,12329.0
839,235.100,85.830,234.98,85.88,1086.7,42136.0,12076.0,12076.0
840,235.100,85.830,234.98,85.88,1086.7,41595.0,11973.0,11973.0
841,235.100,85.830,234.98,85.88,1086.7,38876.0,9619.0,9619.0
842,235.100,85.830,234.98,85.88,1086.7,38455.0,8757.0,8757.0
843,235.100,85.830,234.98,85.88,1086.7,36142.0,8602.0,8602.0
844,235.100,85.830,234.98,85.88,1086.7,41274.0,12630.0,12630.0
845,235.100,85.830,234.98,85.88,1086.7,39027.0,9538.0,9538.0
846,235.100,85.830,234.98,85.88,1086.7,37019.0,7382.0,7382.0
847,235.100,85.830,234.98,85.88,1086.7,40754.0,10597.0,10597.0
848,235.100,85.830,234.98,85.88,1086.7,43224.0,12855.0,12855.0
849,235.100,85.830,234.98,85.88,1086.7,41946.0,12385.0,12385.0
850,235.100,85.830,234.98,85.88,1086.7,38646.0,9962.0,9962.0
851,235.100,85.830,234.98,85.88,1086.7,44616.0,14179.0,14179.0
852,235.100,85.830,234.98,85.88,1086.7,39354.0,11185.0,11185.0
853,235.100,85.830,234.98,85.88,1086.7,41817.0,11294.0,11294.0
854,235.100,85.830,234.98,85.88,1086.7,41405.0,12074.0,12074.0
855,235.100,85.830,234.98,85.88,1086.7,38352.0,9259.0,9259.0
856,235.100,85.830,234.98,85.88,1086.7,37800.0,10624.0,10624.0
857,235.100,85.830,234.98,85.88,1086.7,36891.0,9460.0,9460.0
858,235.100,85.830,234.98,85.88,1086.7,36977.0,9993.0,9993.0
859,235.100,85.830,234.98,85.88,1086.7,35465.0,8144.0,8144.0
860,235.100,85.830,234.98,85.88,1086.7,39916.0,11991.0,11991.0
861,235.100,85.830,234.98,85.88,1086.7,37436.0,10018.0,10018.0
862,235.100,85.830,234.98,85.88,1086.7,36294.0,9244.0,9244.0
863,235.100,85.830,234.98,85.88,1086.7,34622.0,6897.0,6897.0
864,235.100,85.830,234.98,85.88,1086.7,38266.0,9591.0,9591.0
865,235.100,85.830,234.98,85.88,1086.7,39255.0,11730.0,11730.0
866,235.100,85.830,234.98,85.88,1086.7,35167.0,8620.0,8620.0
867,235.100,85.830,234.98,85.88,1086.7,38357.0,10478.0,10478.0
868,235.100,85.830,234.98,85.88,1086.7,34241.0,6200.0,6200.0
869,235.100,85.830,234.98,85.88,1086.7,38456.0,10686.0,10686.0
870,235.100,85.830,234.98,85.88,1086.7,37196.0,9097.0,9097.0
871,235.100,85.830,234.98,85.88,1086.7,35844.0,8599.0,8599.0
872,235.100,85.830,234.98,85.88,1086.7,36624.0,9021.0,9021.0
873,235.100,85.830,234.98,85.88,1086.7,37778.0,8830.0,8830.0
874,235.100,85.830,234.98,85.88,1086.7,39202.0,11308.0,11308.0
875,235.100,85.830,234.98,85.88,1086.7,37317.0,9910.0,9910.0
876,235.100,85.830,234.98,85.88,1086.7,36275.0,8661.0,8661.0
877,235.100,85.830,234.98,85.88,1086.7,37564.0,8713.0,8713.0
878,235.100,85.830,234.98,85.88,1086.7,39070.0,10085.0,10085.0
879,235.100,85.830,234.98,85.88,1086.7,38386.0,9955.0,9955.0
880,235.100,85.830,234.98,85.88,1086.7,39069.0,8616.0,8616.0
881,235.100,85.830,234.98,85.88,1086.7,40677.0,11142.0,11142.0
882,235.100,85.830,234.98,85.88,1086.7,39271.0,9677.0,9677.0
883,235.100,85.830,234.98,85.88,1086.7,35619.0,7482.0,7482.0
884,235.100,85.830,234.98,85.88,1086.7,34331.0,6972.0,6972.0
885,235.100,85.830,234.98,85.88,1086.7,35223.0,7924.0,7924.0
886,235.100,85.830,234.98,85.88,1086.7,37632.0,9217.0,9217.0
887,235.100,85.830,234.98,85.88,1086.7,39022.0,10604.0,10604.0
888,235.100,85.830,234.98,85.88,1086.7,34033.0,6320.0,6320.0
889,235.100,85.830,234.98,85.88,1086.7,35968.0,7911.0,7911.0
890,235.100,85.830,234.98,85.88,1086.7,36758.0,8549.0,8549.0
891,235.100,85.830,234.98,85.88,1086.7,37215.0,8481.0,8481.0
892,235.100,85.830,234.98,85.88,1086.7,39200.0,10292.0,10292.0
893,235.100,85.830,234.98,85.88,1086.7,35761.0,8437.0,8437.0
894,235.100,85.830,234.98,85.88,1086.7,37728.0,9048.0,9048.0
895,235.100,85.830,234.98,85.88,1086.7,41175.0,12320.0,12320.0
896,235.100,85.830,234.98,85.88,1086.7,35891.0,8167.0,8167.0
897,235.100,85.830,234.98,85.88,1086.7,39165.0,11133.0,11133.0
898,235.100,85.830,234.98,85.88,1086.7,42472.0,13773.0,13773.0
899,235.100,85.830,234.98,85.88,1086.7,41543.0,12201.0,12201.0
900,235.100,85.830,234.98,85.88,1086.7,39373.0,11442.0,11442.0
901,235.100,85.830,234.98,85.88,1086.7,40529.0,12144.0,12144.0
902,235.100,85.830,234.98,85.88,1086.7,39644.0,12557.0,12557.0
903,235.100,85.830,234.98,85.88,1086.7,42116.0,12668.0,12668.0
904,235.100,85.830,234.98,85.88,1086.7,41595.0,13296.0,13296.0
905,235.100,85.830,234.98,85.88,1086.7,38989.0,12552.0,12552.0
906,235.100,85.830,234.98,85.88,1086.7,36386.0,9416.0,9416.0
907,235.100,85.830,234.98,85.88,1086.7,39065.0,11528.0,11528.0
908,235.100,85.830,234.98,85.88,1086.7,40497.0,12563.0,12563.0
909,235.100,85.830,234.98,85.88,1086.7,39212.0,11185.0,11185.0
910,235.100,85.830,234.98,85.88,1086.7,37444.0,10921.0,10921.0
911,235.100,85.830,234.98,85.88,1086.7,41136.0,11476.0,11476.0
912,235.100,85.830,234.98,85.88,1086.7,41644.0,13156.0,13156.0
913,235.100,85.830,234.98,85.88,1086.7,39402.0,10920.0,10920.0
914,235.100,85.830,234.98,85.88,1086.7,44209.0,14626.0,14626.0
915,235.100,85.830,234.98,85.88,1086.7,43356.0,14315.0,14315.0
916,235.100,85.830,234.98,85.88,1086.7,38146.0,9779.0,9779.0
917,235.100,85.830,234.98,85.88,1086.7,41058.0,13005.0,13005.0
918,235.100,85.830,234.98,85.88,1086.7,37617.0,8823.0,8823.0
919,235.100,85.830,234.98,85.88,1086.7,38188.0,10405.0,10405.0
920,235.100,85.830,234.98,85.88,1086.7,35966.0,8375.0,8375.0
921,235.100,85.830,234.98,85.88,1086.7,35033.0,7697.0,7697.0
922,235.100,85.830,234.98,85.88,1086.7,37072.0,9249.0,9249.0
923,235.100,85.830,234.98,85.88,1086.7,36991.0,8938.0,8938.0
924,235.100,85.830,234.98,85.88,1086.7,39706.0,11883.0,11883.0
925,235.100,85.830,234.98,85.88,1086.7,38157.0,10704.0,10704.0
926,235.100,85.830,234.98,85.88,1086.7,36668.0,8315.0,8315.0
927,235.100,85.830,234.98,85.88,1086.7,39117.0,11358.0,11358.0
928,235.100,85.830,234.98,85.88,1086.7,43365.0,14376.0,14376.0
929,235.100,85.830,234.98,85.88,1086.7,41628.0,12071.0,12071.0
930,235.100,85.830,234.98,85.88,1086.7,37099.0,9981.0,9981.0
931,235.100,85.830,234.98,85.88,1086.7,41327.0,13001.0,13001.0
932,235.100,85.830,234.98,85.88,1086.7,40725.0,11916.0,11916.0
933,235.100,85.830,234.98,85.88,1086.7,39078.0,11994.0,11994.0
934,235.100,85.830,234.98,85.88,1086.7,44702.0,15696.0,15696.0
935,235.100,85.830,234.98,85.88,1086.7,39632.0,11404.0,11404.0
936,235.100,85.830,234.98,85.88,1086.7,37557.0,10257.0,10257.0
937,235.100,85.830,234.98,85.88,1086.7,39222.0,11005.0,11005.0
938,235.100,85.830,234.98,85.88,1086.7,44379.0,15478.0,15478.0
939,235.100,85.830,234.98,85.88,1086.7,38537.0,10461.0,10461.0
940,235.100,85.830,234.98,85.88,1086.7,40539.0,12038.0,12038.0
941,235.100,85.830,234.98,85.88,1086.7,38317.0,11722.0,11722.0
942,235.100,85.830,234.98,85.88,1086.7,39056.0,11060.0,11060.0
943,235.100,85.830,234.98,85.88,1086.7,37311.0,8870.0,8870.0
944,235.100,85.830,234.98,85.88,1086.7,37867.0,10261.0,10261.0
945,235.100,85.830,234.98,85.88,1086.7,39629.0,12100.0,12100.0
946,235.100,85.830,234.98,85.88,1086.7,35399.0,7874.0,7874.0
947,235.100,85.830,234.98,85.88,1086.7,36828.0,8756.0,8756.0
948,235.100,85.830,234.98,85.88,1086.7,37264.0,10156.0,10156.0
949,235.100,85.830,234.98,85.88,1086.7,36735.0,8821.0,8821.0
950,235.100,85.830,234.98,85.88,1086.7,36561.0,8885.0,8885.0
951,235.100,85.830,234.98,85.88,1086.7,34832.0,7378.0,7378.0
952,235.100,85.830,234.98,85.88,1086.7,34467.0,6498.0,6498.0
953,235.100,85.830,234.98,85.88,1086.7,36856.0,8724.0,8724.0
954,235.100,85.830,234.98,85.88,1086.7,39233.0,11148.0,11148.0
955,235.100,85.830,234.98,85.88,1086.7,39233.0,10907.0,10907.0
956,235.100,85.830,234.98,85.88,1086.7,38206.0,9734.0,9734.0
957,235.100,85.830,234.98,85.88,1086.7,40219.0,11921.0,11921.0
958,235.100,85.830,234.98,85.88,1086.7,40092.0,12303.0,12303.0
959,235.100,85.830,234.98,85.88,1086.7,40571.0,11427.0,11427.0
960,235.100,85.830,234.98,85.88,1086.7,37510.0,10086.0,10086.0
961,235.100,85.830,234.98,85.88,1086.7,39031.0,11308.0,11308.0
962,235.100,85.830,234.98,85.88,1086.7,37835.0,11345.0,11345.0
963,235.100,85.830,234.98,85.88,1086.7,37501.0,10722.0,10722.0
964,235.100,85.830,234.98,85.88,1086.7,39223.0,10553.0,10553.0
965,235.100,85.830,234.98,85.88,1086.7,37601.0,9635.0,9635.0
966,235.100,85.830,234.98,85.88,1086.7,39824.0,11790.0,11790.0
967,235.100,85.830,234.98,85.88,1086.7,39428.0,11676.0,11676.0
968,235.100,85.830,234.98,85.88,1086.7,40800.0,12073.0,12073.0
969,235.100,85.830,234.98,85.88,1086.7,39310.0,10763.0,10763.0
970,235.100,85.830,234.98,85.88,1086.7,41257.0,12209.0,12209.0
971,235.100,85.830,234.98,85.88,1086.7,40648.0,12189.0,12189.0
972,235.100,85.830,234.98,85.88,1086.7,44439.0,15898.0,15898.0
973,235.100,85.830,234.98,85.88,1086.7,38134.0,10668.0,10668.0
974,235.100,85.830,234.98,85.88,1086.7,37063.0,8268.0,8268.0
975,235.100,85.830,234.98,85.88,1086.7,36608.0,9602.0,9602.0
976,235.100,85.830,234.98,85.88,1086.7,36927.0,9966.0,9966.0
977,235.100,85.830,234.98,85.88,1086.7,39008.0,10441.0,10441.0
978,235.100,85.830,234.98,85.88,1086.7,39033.0,11766.0,11766.0
979,235.100,85.830,234.98,85.88,1086.7,40940.0,12855.0,12855.0
980,235.100,85.830,234.98,85.88,1086.7,35544.0,7964.0,7964.0
981,235.100,85.830,234.98,85.88,1086.7,37713.0,10308.0,10308.0
982,235.100,85.830,234.98,85.88,1086.7,35706.0,7669.0,7669.0
983,235.100,85.830,234.98,85.88,1086.7,39441.0,11649.0,11649.0
984,235.100,85.830,234.98,85.88,1086.7,39849.0,12476.0,12476.0
985,235.100,85.830,234.98,85.88,1086.7,42216.0,13641.0,13641.0
986,235.100,85.830,234.98,85.88,1086.7,40020.0,11582.0,11582.0
987,235.100,85.830,234.98,85.88,1086.7,40684.0,13327.0,13327.0
988,235.100,85.830,234.98,85.88,1086.7,38189.0,10960.0,10960.0
989,235.100,85.830,234.98,85.88,1086.7,35868.0,8994.0,8994.0
990,235.100,85.830,234.98,85.88,1086.7,38666.0,10885.0,10885.0
991,235.100,85.830,234.98,85.88,1086.7,38863.0,11168.0,11168.0
992,235.100,85.830,234.98,85.88,1086.7,36583.0,9099.0,9099.0
993,235.100,85.830,234.98,85.88,1086.7,37567.0,10503.0,10503.0
994,235.100,85.830,234.98,85.88,1086.7,38663.0,10963.0,10963.0
995,235.100,85.830,234.98,85.88,1086.7,44662.0,16738.0,16738.0
996,235.100,85.830,234.98,85.88,1086.7,43172.0,14320.0,14320.0
997,235.100,85.830,234.98,85.88,1086.7,37571.0,10489.0,10489.0
998,235.100,85.830,234.98,85.88,1086.7,46106.0,17447.0,17447.0
999,235.100,85.830,234.98,85.88,1086.7,42316.0,13753.0,13753.0
1000,235.100,85.830,234.98,85.88,1086.7,35674.0,9293.0,9293.0
1001,235.100,85.830,234.98,85.88,1086.7,36203.0,9363.0,9363.0
1002,235.100,85.830,234.98,85.88,1086.7,33195.0,7769.0,7769.0
1003,235.100,85.830,234.98,85.88,1086.7,38584.0,11797.0,11797.0
1004,235.100,85.830,234.98,85.88,1086.7,37044.0,9477.0,9477.0
1005,235.100,85.830,234.98,85.88,1086.7,37001.0,10315.0,10315.0
1006,235.100,85.830,234.98,85.88,1086.7,40323.0,11568.0,11568.0
1007,235.100,85.830,234.98,85.88,1086.7,43951.0,15171.0,15171.0
1008,235.100,85.830,234.98,85.88,1086.7,37678.0,10936.0,10936.0
1009,235.100,85.830,234.98,85.88,1086.7,42066.0,13689.0,13689.0
1010,235.100,85.830,234.98,85.88,1086.7,42771.0,14197.0,14197.0
1011,235.100,85.830,234.98,85.88,1086.7,39820.0,11791.0,11791.0
1012,235.100,85.830,234.98,85.88,1086.7,38610.0,10592.0,10592.0
1013,235.100,85.830,234.98,85.88,1086.7,36957.0,10575.0,10575.0
1014,235.100,85.830,234.98,85.88,1086.7,46464.0,17639.0,17639.0
1015,235.100,85.830,234.98,85.88,1086.7,34001.0,6333.0,6333.0
1016,235.100,85.830,234.98,85.88,1086.7,36485.0,9524.0,9524.0
1017,235.100,85.830,234.98,85.88,1086.7,43933.0,15633.0,15633.0
1018,235.100,85.830,234.98,85.88,1086.7,36215.0,8201.0,8201.0
1019,235.100,85.830,234.98,85.88,1086.7,36583.0,8943.0,8943.0
1020,235.100,85.830,234.98,85.88,1086.7,33234.0,7259.0,7259.0
1021,235.100,85.830,234.98,85.88,1086.7,32007.0,6409.0,6409.0
1022,235.100,85.830,234.98,85.88,1086.7,41275.0,13295.0,13295.0
1023,235.100,85.830,234.98,85.88,1086.7,38360.0,11076.0,11076.0
1024,235.100,85.830,234.98,85.88,1086.7,41030.0,13010.0,13010.0
1025,235.100,85.830,234.98,85.88,1086.7,37223.0,10155.0,10155.0
1026,235.100,85.830,234.98,85.88,1086.7,38004.0,10754.0,10754.0
1027,235.100,85.830,234.98,85.88,1086.7,37196.0,9350.0,9350.0
1028,235.100,85.830,234.98,85.88,1086.7,40704.0,12992.0,12992.0
1029,235.100,85.830,234.98,85.88,1086.7,34898.0,7731.0,7731.0
1030,235.100,85.830,234.98,85.88,1086.7,35689.0,8015.0,8015.0
1031,235.100,85.830,234.98,85.88,1086.7,33691.0,7356.0,7356.0
1032,235.100,85.830,234.98,85.88,1086.7,35364.0,9323.0,9323.0
1033,235.100,85.830,234.98,85.88,1086.7,34677.0,8878.0,8878.0
1034,235.100,85.830,234.98,85.88,1086.7,44220.0,15134.0,15134.0
1035,235.100,85.830,234.98,85.88,1086.7,34960.0,8986.0,8986.0
1036,235.100,85.830,234.98,85.88,1086.7,34776.0,7545.0,7545.0
1037,235.100,85.830,234.98,85.88,1086.7,38520.0,10655.0,10655.0
1038,235.100,85.830,234.98,85.88,1086.7,35060.0,7764.0,7764.0
1039,235.100,85.830,234.98,85.88,1086.7,39480.0,10938.0,10938.0
1040,235.100,85.830,234.98,85.88,1086.7,38187.0,10161.0,10161.0
1041,235.100,85.830,234.98,85.88,1086.7,39384.0,11840.0,11840.0
1042,235.100,85.830,234.98,85.88,1086.7,34785.0,8252.0,8252.0
1043,235.100,85.830,234.98,85.88,1086.7,33740.0,6768.0,6768.0
1044,235.100,85.830,234.98,85.88,1086.7,41246.0,13112.0,13112.0
1045,235.100,85.830,234.98,85.88,1086.7,38556.0,11055.0,11055.0
1046,235.100,85.830,234.98,85.88,1086.7,33200.0,5903.0,5903.0
1047,235.100,85.830,234.98,85.88,1086.7,36966.0,9775.0,9775.0
1048,235.100,85.830,234.98,85.88,1086.7,36161.0,8655.0,8655.0
1049,235.100,85.830,234.98,85.88,1086.7,35809.0,9184.0,9184.0
1050,235.100,85.830,234.98,85.88,1086.7,36377.0,10136.0,10136.0
1051,235.100,85.830,234.98,85.88,1086.7,36175.0,9467.0,9467.0
1052,235.100,85.830,234.98,85.88,1086.7,33419.0,7097.0,7097.0
1053,235.100,85.830,234.98,85.88,1086.7,36974.0,9917.0,9917.0
1054,235.100,85.830,234.98,85.88,1086.7,37531.0,10984.0,10984.0
1055,235.100,85.830,234.98,85.88,1086.7,35113.0,8094.0,8094.0
1056,235.100,85.830,234.98,85.88,1086.7,35137.0,8422.0,8422.0
1057,235.100,85.830,234.98,85.88,1086.7,36862.0,8956.0,8956.0
1058,235.100,85.830,234.98,85.88,1086.7,34765.0,8029.0,8029.0
1059,235.100,85.830,234.98,85.88,1086.7,33087.0,6990.0,6990.0
1060,235.100,85.830,234.98,85.88,1086.7,35833.0,9700.0,9700.0
1061,235.100,85.830,234.98,85.88,1086.7,32546.0,6782.0,6782.0
1062,235.100,85.830,234.98,85.88,1086.7,37682.0,10071.0,10071.0
1063,235.100,85.830,234.98,85.88,1086.7,34260.0,8825.0,8825.0
1064,235.100,85.830,234.98,85.88,1086.7,35433.0,8792.0,8792.0
1065,235.100,85.830,234.98,85.88,1086.7,35086.0,8463.0,8463.0
1066,235.100,85.830,234.98,85.88,1086.7,35243.0,8612.0,8612.0
1067,235.100,85.830,234.98,85.88,1086.7,36281.0,9785.0,9785.0
1068,235.100,85.830,234.98,85.88,1086.7,35882.0,8456.0,8456.0
1069,235.100,85.830,234.98,85.88,1086.7,32939.0,5679.0,5679.0
1070,235.100,85.830,234.98,85.88,1086.7,34615.0,8732.0,8732.0
1071,235.100,85.830,234.98,85.88,1086.7,39305.0,12083.0,12083.0
1072,235.100,85.830,234.98,85.88,1086.7,37683.0,10027.0,10027.0
1073,235.100,85.830,234.98,85.88,1086.7,33570.0,5575.0,5575.0
1074,235.100,85.830,234.98,85.88,1086.7,35563.0,9170.0,9170.0
1075,235.100,85.830,234.98,85.88,1086.7,38035.0,10363.0,10363.0
1076,235.100,85.830,234.98,85.88,1086.7,37454.0,10795.0,10795.0
1077,235.100,85.830,234.98,85.88,1086.7,36584.0,9044.0,9044.0
1078,235.100,85.830,234.98,85.88,1086.7,36386.0,9029.0,9029.0
1079,235.100,85.830,234.98,85.88,1086.7,39497.0,12045.0,12045.0
1080,235.100,85.830,234.98,85.88,1086.7,36750.0,10040.0,10040.0
1081,235.100,85.830,234.98,85.88,1086.7,36155.0,8138.0,8138.0
1082,235.100,85.830,234.98,85.88,1086.7,36347.0,9457.0,9457.0
1083,235.100,85.830,234.98,85.88,1086.7,35547.0,8747.0,8747.0
1084,235.100,85.830,234.98,85.88,1086.7,36162.0,9700.0,9700.0
1085,235.100,85.830,234.98,85.88,1086.7,40647.0,12749.0,12749.0
1086,235.100,85.830,234.98,85.88,1086.7,34883.0,8294.0,8294.0
1087,235.100,85.830,234.98,85.88,1086.7,36007.0,8913.0,8913.0
1088,235.100,85.830,234.98,85.88,1086.7,39549.0,12435.0,12435.0
1089,235.100,85.830,234.98,85.88,1086.7,38518.0,10704.0,10704.0
1090,235.100,85.830,234.98,85.88,1086.7,43046.0,14862.0,14862.0
1091,235.100,85.830,234.98,85.88,1086.7,39427.0,11865.0,11865.0
1092,235.100,85.830,234.98,85.88,1086.7,40208.0,13094.0,13094.0
1093,235.100,85.830,234.98,85.88,1086.7,40776.0,12668.0,12668.0
1094,235.100,85.830,234.98,85.88,1086.7,39720.0,11653.0,11653.0
1095,235.100,85.830,234.98,85.88,1086.7,38043.0,9539.0,9539.0
1096,235.100,85.830,234.98,85.88,1086.7,34456.0,7756.0,7756.0
1097,235.100,85.830,234.98,85.88,1086.7,36696.0,8872.0,8872.0
1098,235.100,85.830,234.98,85.88,1086.7,37120.0,9129.0,9129.0
1099,235.100,85.830,234.98,85.88,1086.7,37151.0,8969.0,8969.0
1100,235.100,85.830,234.98,85.88,1086.7,38945.0,11444.0,11444.0
1101,235.100,85.830,234.98,85.88,1086.7,40586.0,12628.0,12628.0
1102,235.100,85.830,234.98,85.88,1086.7,37000.0,10045.0,10045.0
1103,235.100,85.830,234.98,85.88,1086.7,39362.0,12250.0,12250.0
1104,235.100,85.830,234.98,85.88,1086.7,35768.0,9563.0,9563.0
1105,235.100,85.830,234.98,85.88,1086.7,35605.0,8936.0,8936.0
1106,235.100,85.830,234.98,85.88,1086.7,40534.0,11731.0,11731.0
1107,235.100,85.830,234.98,85.88,1086.7,38569.0,11615.0,11615.0
1108,235.100,85.830,234.98,85.88,1086.7,38976.0,11827.0,11827.0
1109,235.100,85.830,234.98,85.88,1086.7,39811.0,12595.0,12595.0
1110,235.100,85.830,234.98,85.88,1086.7,41813.0,13805.0,13805.0
1111,235.100,85.830,234.98,85.88,1086.7,38369.0,9615.0,9615.0
1112,235.100,85.830,234.98,85.88,1086.7,39319.0,11354.0,11354.0
1113,235.100,85.830,234.98,85.88,1086.7,43181.0,14642.0,14642.0
1114,235.100,85.830,234.98,85.88,1086.7,40355.0,12082.0,12082.0
1115,235.100,85.830,234.98,85.88,1086.7,42411.0,13501.0,13501.0
1116,235.100,85.830,234.98,85.88,1086.7,38305.0,10394.0,10394.0
1117,235.100,85.830,234.98,85.88,1086.7,40884.0,13305.0,13305.0
1118,235.100,85.830,234.98,85.88,1086.7,39429.0,11869.0,11869.0
1119,235.100,85.830,234.98,85.88,1086.7,39455.0,12014.0,12014.0
1120,235.100,85.830,234.98,85.88,1086.7,40827.0,12278.0,12278.0
1121,235.100,85.830,234.98,85.88,1086.7,35858.0,9425.0,9425.0
1122,235.100,85.830,234.98,85.88,1086.7,38175.0,10921.0,10921.0
1123,235.100,85.830,234.98,85.88,1086.7,35622.0,8729.0,8729.0
1124,235.100,85.830,234.98,85.88,1086.7,26069.0,829.0,829.0
1125,235.100,85.830,234.98,85.88,1086.7,23325.0,0.0,0.0
1126,235.100,85.830,234.98,85.88,1086.7,25308.0,0.0,0.0
1127,235.100,85.830,234.98,85.88,1086.7,24395.0,0.0,0.0
1128,235.100,85.830,234.98,85.88,1086.7,24179.0,0.0,0.0
1129,235.100,85.830,234.98,85.88,1086.7,23140.0,0.0,0.0
1130,235.100,85.830,234.98,85.88,1086.7,24153.0,0.0,0.0
1131,235.100,85.830,234.98,85.88,1086.7,22765.0,0.0,0.0
1132,235.100,85.830,234.98,85.88,1086.7,25947.0,1126.0,1126.0
1133,235.100,85.830,234.98,85.88,1086.7,23722.0,0.0,0.0
1134,235.100,85.830,234.98,85.88,1086.7,24019.0,0.0,0.0
1135,235.100,85.830,234.98,85.88,1086.7,26020.0,1257.0,1257.0
1136,235.100,85.830,234.98,85.88,1086.7,23761.0,0.0,0.0
1137,235.100,85.830,234.98,85.88,1086.7,24237.0,0.0,0.0
1138,235.100,85.830,234.98,85.88,1086.7,25170.0,1007.0,1007.0
1139,235.100,85.830,234.98,85.88,1086.7,23569.0,0.0,0.0
1140,235.100,85.830,234.98,85.88,1086.7,23974.0,121.0,121.0
1141,235.100,85.830,234.98,85.88,1086.7,22850.0,0.0,0.0
1142,235.100,85.830,234.98,85.88,1086.7,23800.0,0.0,0.0
1143,235.100,85.830,234.98,85.88,1086.7,24821.0,231.0,231.0
1144,235.100,85.830,234.98,85.88,1086.7,22920.0,0.0,0.0
1145,235.100,85.830,234.98,85.88,1086.7,23472.0,0.0,0.0
1146,235.100,85.830,234.98,85.88,1086.7,24845.0,174.0,174.0
1147,235.100,85.830,234.98,85.88,1086.7,23957.0,105.0,105.0
1148,235.100,85.830,234.98,85.88,1086.7,25788.0,577.0,577.0
1149,235.100,85.830,234.98,85.88,1086.7,24042.0,420.0,420.0
1150,235.100,85.830,234.98,85.88,1086.7,25715.0,1156.0,1156.0
1151,235.100,85.830,234.98,85.88,1086.7,23000.0,0.0,0.0
1152,235.100,85.830,234.98,85.88,1086.7,24765.0,0.0,0.0
1153,235.100,85.830,234.98,85.88,1086.7,25346.0,1239.0,1239.0
1154,235.100,85.830,234.98,85.88,1086.7,25317.0,0.0,0.0
1155,235.100,85.830,234.98,85.88,1086.7,23010.0,0.0,0.0
1156,235.100,85.830,234.98,85.88,1086.7,22125.0,0.0,0.0
1157,235.100,85.830,234.98,85.88,1086.7,24251.0,0.0,0.0
1158,235.100,85.830,234.98,85.88,1086.7,23240.0,0.0,0.0
1159,235.100,85.830,234.98,85.88,1086.7,27862.0,1658.0,1658.0
1160,235.100,85.830,234.98,85.88,1086.7,24479.0,0.0,0.0
1161,235.100,85.830,234.98,85.88,1086.7,24238.0,0.0,0.0
1162,235.100,85.830,234.98,85.88,1086.7,24636.0,789.0,789.0
1163,235.100,85.830,234.98,85.88,1086.7,24084.0,0.0,0.0
1164,235.100,85.830,234.98,85.88,1086.7,24583.0,0.0,0.0
1165,235.100,85.830,234.98,85.88,1086.7,24139.0,0.0,0.0
1166,235.100,85.830,234.98,85.88,1086.7,23203.0,0.0,0.0
1167,235.100,85.830,234.98,85.88,1086.7,24796.0,0.0,0.0
1168,235.100,85.830,234.98,85.88,1086.7,24875.0,0.0,0.0
1169,235.100,85.830,234.98,85.88,1086.7,25701.0,715.0,715.0
1170,235.100,85.830,234.98,85.88,1086.7,23471.0,0.0,0.0
1171,235.100,85.830,234.98,85.88,1086.7,23304.0,0.0,0.0
1172,235.100,85.830,234.98,85.88,1086.7,23713.0,0.0,0.0
1173,235.100,85.830,234.98,85.88,1086.7,24874.0,144.0,144.0
1174,235.100,85.830,234.98,85.88,1086.7,24081.0,0.0,0.0
1175,235.100,85.830,234.98,85.88,1086.7,24862.0,0.0,0.0
1176,235.100,85.830,234.98,85.88,1086.7,22893.0,0.0,0.0
1177,235.100,85.830,234.98,85.88,1086.7,22199.0,0.0,0.0
1178,235.100,85.830,234.98,85.88,1086.7,23946.0,0.0,0.0
1179,235.100,85.830,234.98,85.88,1086.7,26773.0,1196.0,1196.0
1180,235.100,85.830,234.98,85.88,1086.7,24972.0,0.0,0.0
1181,235.100,85.830,234.98,85.88,1086.7,24339.0,0.0,0.0
1182,235.100,85.830,234.98,85.88,1086.7,24226.0,22.0,22.0
1183,235.100,85.830,234.98,85.88,1086.7,23139.0,0.0,0.0
1184,235.100,85.830,234.98,85.88,1086.7,26646.0,947.0,947.0
1185,235.100,85.830,234.98,85.88,1086.7,25071.0,383.0,383.0
1186,235.100,85.830,234.98,85.88,1086.7,24282.0,0.0,0.0
1187,235.100,85.830,234.98,85.88,1086.7,25132.0,224.0,224.0
1188,235.100,85.830,234.98,85.88,1086.7,24228.0,0.0,0.0
1189,235.100,85.830,234.98,85.88,1086.7,24235.0,575.0,575.0
1190,235.100,85.830,234.98,85.88,1086.7,26272.0,1347.0,1347.0
1191,235.100,85.830,234.98,85.88,1086.7,24711.0,787.0,787.0
1192,235.100,85.830,234.98,85.88,1086.7,24087.0,382.0,382.0
1193,235.100,85.830,234.98,85.88,1086.7,24414.0,0.0,0.0
1194,235.100,85.830,234.98,85.88,1086.7,24795.0,0.0,0.0
1195,235.100,85.830,234.98,85.88,1086.7,24331.0,0.0,0.0
1196,235.100,85.830,234.98,85.88,1086.7,24424.0,0.0,0.0
1197,235.100,85.830,234.98,85.88,1086.7,25331.0,0.0,0.0
1198,235.100,85.830,234.98,85.88,1086.7,23409.0,0.0,0.0
1199,235.100,85.830,234.98,85.88,1086.7,24122.0,0.0,0.0
1200,235.100,85.830,234.98,85.88,1086.7,22700.0,0.0,0.0
1201,235.100,85.830,234.98,85.88,1086.7,24256.0,454.0,454.0
1202,235.100,85.830,234.98,85.88,1086.7,25002.0,0.0,0.0
1203,235.100,85.830,234.98,85.88,1086.7,25831.0,561.0,561.0
1204,235.100,85.830,234.98,85.88,1086.7,24530.0,0.0,0.0
1205,235.100,85.830,234.98,85.88,1086.7,24134.0,0.0,0.0
1206,235.100,85.830,234.98,85.88,1086.7,25637.0,370.0,370.0
1207,235.100,85.830,234.98,85.88,1086.7,24398.0,0.0,0.0
1208,235.100,85.830,234.98,85.88,1086.7,23834.0,0.0,0.0
1209,235.100,85.830,234.98,85.88,1086.7,23658.0,0.0,0.0
1210,235.100,85.830,234.98,85.88,1086.7,24328.0,0.0,0.0
1211,235.100,85.830,234.98,85.88,1086.7,22208.0,0.0,0.0
1212,235.100,85.830,234.98,85.88,1086.7,25018.0,767.0,767.0
1213,235.100,85.830,234.98,85.88,1086.7,23075.0,0.0,0.0
1214,235.100,85.830,234.98,85.88,1086.7,25477.0,32.0,32.0
1215,235.100,85.830,234.98,85.88,1086.7,24574.0,237.0,237.0
1216,235.100,85.830,234.98,85.88,1086.7,22094.0,0.0,0.0
1217,235.100,85.830,234.98,85.88,1086.7,25369.0,333.0,333.0
1218,235.100,85.830,234.98,85.88,1086.7,23948.0,0.0,0.0
1219,235.100,85.830,234.98,85.88,1086.7,22183.0,0.0,0.0
1220,235.100,85.830,234.98,85.88,1086.7,23974.0,0.0,0.0
1221,235.100,85.830,234.98,85.88,1086.7,24286.0,0.0,0.0
1222,235.100,85.830,234.98,85.88,1086.7,23410.0,0.0,0.0
1223,235.100,85.830,234.98,85.88,1086.7,25139.0,1060.0,1060.0
1224,235.100,85.830,234.98,85.88,1086.7,25202.0,737.0,737.0
1225,235.100,85.830,234.98,85.88,1086.7,25215.0,527.0,527.0
1226,235.100,85.830,234.98,85.88,1086.7,22350.0,0.0,0.0
1227,235.100,85.830,234.98,85.88,1086.7,23478.0,0.0,0.0
1228,235.100,85.830,234.98,85.88,1086.7,25475.0,0.0,0.0
1229,235.100,85.830,234.98,85.88,1086.7,23638.0,0.0,0.0
1230,235.100,85.830,234.98,85.88,1086.7,25024.0,0.0,0.0
1231,235.100,85.830,234.98,85.88,1086.7,23748.0,0.0,0.0
1232,235.100,85.830,234.98,85.88,1086.7,24872.0,0.0,0.0
1233,235.100,85.830,234.98,85.88,1086.7,24774.0,0.0,0.0
1234,235.100,85.830,234.98,85.88,1086.7,23676.0,0.0,0.0
1235,235.100,85.830,234.98,85.88,1086.7,25322.0,377.0,377.0
1236,235.100,85.830,234.98,85.88,1086.7,24650.0,0.0,0.0
1237,235.100,85.830,234.98,85.88,1086.7,27599.0,1735.0,1735.0
1238,235.100,85.830,234.98,85.88,1086.7,38527.0,11849.0,11849.0
1239,235.100,85.830,234.63,86.06,1086.7,38296.0,10805.0,10805.0
1240,235.100,85.830,235.05,85.99,1086.7,39785.0,11873.0,11873.0
1241,235.100,85.830,235.1,85.77,1086.7,41410.0,13273.0,13273.0
1242,235.100,85.830,235.11,85.92,1086.7,40095.0,12631.0,12631.0
1243,235.100,85.830,235.14,85.97,1086.7,40570.0,11350.0,11350.0
1244,235.100,85.830,235.02,85.69,1086.7,41122.0,13502.0,13502.0
1245,235.100,85.830,234.94,85.84,1086.7,39166.0,11784.0,11784.0
1246,235.100,85.830,234.98,85.64,1086.7,36396.0,10503.0,10503.0
1247,235.100,85.830,234.78,85.9,1086.7,36657.0,9240.0,9240.0
1248,235.100,85.830,235.13,85.73,1086.7,36205.0,9703.0,9703.0
1249,235.100,85.830,235.05,85.78,1086.7,38110.0,11299.0,11299.0
1250,235.100,85.830,235.22,85.88,1086.7,34908.0,8321.0,8321.0
1251,235.100,85.830,235.42,85.79,1086.7,32449.0,6058.0,6058.0
1252,235.100,85.830,234.88,85.82,1086.7,35434.0,8650.0,8650.0
1253,235.100,85.830,235.05,85.81,1086.7,34367.0,8014.0,8014.0
1254,235.100,85.830,234.86,85.54,1086.7,36365.0,9527.0,9527.0
1255,235.100,85.830,234.71,85.84,1086.7,33795.0,7120.0,7120.0
1256,235.100,85.830,234.96,86.12,1086.7,37126.0,10086.0,10086.0
1257,235.100,85.830,234.94,85.96,1086.7,34193.0,6798.0,6798.0
1258,235.100,85.830,235.17,85.88,1086.7,38046.0,10746.0,10746.0
1259,235.100,85.830,235.36,86.5,1086.7,35609.0,9211.0,9211.0
1260,235.100,85.830,235.07,86.17,1086.7,33737.0,7395.0,7395.0
1261,235.100,85.830,235.12,86.05,1086.7,32161.0,5771.0,5771.0
1262,235.100,85.830,234.59,86.31,1086.7,32465.0,6884.0,6884.0
1263,235.100,85.830,235.02,86.03,1086.7,35578.0,8818.0,8818.0
1264,235.100,85.830,234.94,85.92,1086.7,34808.0,8049.0,8049.0
1265,235.100,85.830,235.11,85.86,1086.7,34813.0,8316.0,8316.0
1266,235.100,85.830,235.09,86.01,1086.7,36456.0,9652.0,9652.0
1267,235.100,85.830,235.05,86.01,1086.7,34673.0,7031.0,7031.0
1268,235.100,85.830,234.87,85.95,1086.7,35830.0,9499.0,9499.0
1269,235.100,85.830,235.03,85.84,1086.7,36193.0,9456.0,9456.0
1270,235.100,85.830,234.94,86.12,1086.7,33946.0,7320.0,7320.0
1271,235.100,85.830,235.32,86.07,1086.7,33842.0,6676.0,6676.0
1272,235.100,85.830,235.07,85.9,1086.7,35605.0,9165.0,9165.0
1273,235.100,85.830,234.77,85.91,1086.7,36398.0,9684.0,9684.0
1274,235.100,85.830,234.87,85.89,1086.7,35483.0,9082.0,9082.0
1275,235.100,85.830,235.02,86.03,1086.7,34218.0,8034.0,8034.0
1276,235.100,85.830,234.84,85.65,1086.7,38334.0,11112.0,11112.0
1277,235.100,85.830,235,85.47,1086.7,35311.0,8605.0,8605.0
1278,235.100,85.830,234.98,85.88,1086.7,30643.0,5906.0,5906.0
1279,235.100,85.830,235.22,85.93,1086.7,34346.0,8299.0,8299.0
1280,235.100,85.830,234.78,85.6,1086.7,33831.0,8705.0,8705.0
1281,235.100,85.830,235.08,85.62,1086.7,36998.0,10808.0,10808.0
1282,235.100,85.830,235.18,85.98,1086.7,35132.0,9180.0,9180.0
1283,235.100,85.830,235.03,85.8,1086.7,35400.0,9458.0,9458.0
1284,235.100,85.830,235.03,85.88,1086.7,32362.0,6644.0,6644.0
1285,235.100,85.830,235.18,85.87,1086.7,34804.0,7501.0,7501.0
1286,235.100,85.830,235.12,85.67,1086.7,34135.0,7936.0,7936.0
1287,235.100,85.830,234.79,85.53,1086.7,33586.0,6813.0,6813.0
1288,235.100,85.830,235.28,85.83,1086.7,33908.0,6747.0,6747.0
1289,235.100,85.830,235.11,85.88,1086.7,31983.0,6003.0,6003.0
1290,235.100,85.830,235.22,85.96,1086.7,31531.0,5296.0,5296.0
1291,235.100,85.830,234.98,85.88,1086.7,30251.0,5800.0,5800.0
1292,235.100,85.830,235,85.82,1086.7,37742.0,10564.0,10564.0
1293,235.100,85.830,235.19,85.93,1086.7,34639.0,7859.0,7859.0
1294,235.100,85.830,235.35,85.6,1086.7,34562.0,9059.0,9059.0
1295,235.100,85.830,234.59,85.8,1086.7,37328.0,10463.0,10463.0
1296,235.100,85.830,235.17,85.65,1086.7,35709.0,8810.0,8810.0
1297,235.100,85.830,234.98,85.88,1086.7,33565.0,6773.0,6773.0
1298,235.100,85.830,235.07,85.88,1086.7,33685.0,7668.0,7668.0
1299,235.100,85.830,235.25,86.1,1086.7,35612.0,8784.0,8784.0
1300,235.100,85.830,235.18,86.06,1086.7,33804.0,6848.0,6848.0
1301,235.100,85.830,235.07,85.89,1086.7,35003.0,8403.0,8403.0
1302,235.100,85.830,235.04,85.85,1086.7,38955.0,11436.0,11436.0
1303,235.100,85.830,235.02,85.67,1086.7,40285.0,11707.0,11707.0
1304,235.100,85.830,235.07,85.8,1086.7,37267.0,9808.0,9808.0
1305,235.100,85.830,235.09,85.95,1086.7,38409.0,12061.0,12061.0
1306,235.100,85.830,235.05,85.99,1086.7,41151.0,14055.0,14055.0
1307,235.100,85.830,234.99,85.67,1086.7,38003.0,11393.0,11393.0
1308,235.100,85.830,234.96,86.06,1086.7,35957.0,9209.0,9209.0
1309,235.100,85.830,235.14,85.76,1086.7,34974.0,9227.0,9227.0
1310,235.100,85.830,235.08,86.06,1086.7,35358.0,7788.0,7788.0
1311,235.100,85.830,235.09,85.83,1086.7,40264.0,13188.0,13188.0
1312,235.100,85.830,235,85.91,1086.7,37589.0,9921.0,9921.0
1313,235.100,85.830,234.87,85.57,1086.7,40008.0,12054.0,12054.0
1314,235.100,85.830,235.12,86.18,1086.7,37243.0,10653.0,10653.0
1315,235.100,85.830,234.72,85.96,1086.7,34983.0,8778.0,8778.0
1316,235.100,85.830,235.38,85.59,1086.7,34026.0,8095.0,8095.0
1317,235.100,85.830,235.21,85.84,1086.7,40421.0,12586.0,12586.0
1318,235.100,85.830,234.98,85.95,1086.7,42958.0,14870.0,14870.0
1319,235.100,85.830,235.25,85.6,1086.7,37579.0,11652.0,11652.0
1320,235.100,85.830,235.12,85.66,1086.7,32814.0,7110.0,7110.0
1321,235.100,85.830,235.4,85.57,1086.7,31851.0,7089.0,7089.0
1322,235.100,85.830,234.98,85.88,1086.7,30606.0,4626.0,4626.0
1323,235.100,85.830,235.13,85.83,1086.7,34182.0,7885.0,7885.0
1324,235.100,85.830,234.95,85.78,1086.7,35190.0,9018.0,9018.0
1325,235.100,85.830,235.18,85.92,1086.7,38243.0,10837.0,10837.0
1326,235.100,85.830,235.16,85.97,1086.7,42058.0,15662.0,15662.0
1327,235.100,85.830,234.96,85.8,1086.7,42265.0,14713.0,14713.0
1328,235.100,85.830,235.38,85.65,1086.7,40681.0,13517.0,13517.0
1329,235.100,85.830,235.41,85.66,1086.7,40994.0,13851.0,13851.0
1330,235.100,85.830,235.19,85.94,1086.7,37699.0,9845.0,9845.0
1331,235.100,85.830,235.15,85.81,1086.7,46130.0,17542.0,17542.0
1332,235.100,85.830,235.23,85.86,1086.7,42709.0,14826.0,14826.0
1333,235.100,85.830,235.01,85.97,1086.7,43248.0,14944.0,14944.0
1334,235.100,85.830,235.07,85.89,1086.7,42197.0,14113.0,14113.0
1335,235.100,85.830,235.39,85.9,1086.7,36718.0,9559.0,9559.0
1336,235.100,85.830,234.98,85.88,1086.7,30275.0,4119.0,4119.0
1337,235.100,85.830,234.98,85.88,1086.7,29316.0,3695.0,3695.0
1338,235.100,85.830,234.74,85.95,1086.7,33181.0,6687.0,6687.0
1339,235.100,85.830,234.98,85.95,1086.7,36310.0,9784.0,9784.0
1340,235.100,85.830,235.14,85.74,1086.7,37398.0,10111.0,10111.0
1341,235.100,85.830,235.01,85.97,1086.7,39595.0,12076.0,12076.0
1342,235.100,85.830,234.89,85.66,1086.7,36948.0,10452.0,10452.0
1343,235.100,85.830,235.03,85.84,1086.7,40759.0,13952.0,13952.0
1344,235.100,85.830,234.98,86.04,1086.7,36699.0,8961.0,8961.0
1345,235.100,85.830,235.14,85.64,1086.7,40457.0,12393.0,12393.0
1346,235.100,85.830,235.21,85.84,1086.7,40524.0,13391.0,13391.0
1347,235.100,85.830,235.11,86,1086.7,40475.0,11597.0,11597.0
1348,235.100,85.830,235.01,85.8,1086.7,36465.0,8860.0,8860.0
1349,235.100,85.830,235.4,85.88,1086.7,40777.0,13155.0,13155.0
1350,235.100,85.830,235.06,85.92,1086.7,41178.0,13775.0,13775.0
1351,235.100,85.830,235,85.95,1086.7,37425.0,10057.0,10057.0
1352,235.100,85.830,235.03,85.82,1086.7,39217.0,12031.0,12031.0
1353,235.100,85.830,234.9,85.57,1086.7,50652.0,21345.0,21345.0
1354,235.100,85.830,235.31,85.89,1086.7,41476.0,13965.0,13965.0
1355,235.100,85.830,235.1,86.04,1086.7,36479.0,10137.0,10137.0
1356,235.100,85.830,235.06,86.05,1086.7,41407.0,12992.0,12992.0
1357,235.100,85.830,234.95,85.96,1086.7,39804.0,11518.0,11518.0
1358,235.100,85.830,234.99,85.88,1086.7,39112.0,11193.0,11193.0
1359,235.100,85.830,234.97,85.88,1086.7,38746.0,11700.0,11700.0
1360,235.100,85.830,234.92,85.91,1086.7,44347.0,15775.0,15775.0
1361,235.100,85.830,234.55,85.68,1086.7,40226.0,12978.0,12978.0
1362,235.100,85.830,235.21,85.8,1086.7,41359.0,14832.0,14832.0
1363,235.100,85.830,235.12,85.73,1086.7,42941.0,15088.0,15088.0
1364,235.100,85.830,235.11,85.83,1086.7,42801.0,14528.0,14528.0
1365,235.100,85.830,235.27,85.83,1086.7,41282.0,14218.0,14218.0
1366,235.100,85.830,234.92,85.69,1086.7,44448.0,16671.0,16671.0
1367,235.100,85.830,235.28,85.81,1086.7,39641.0,12604.0,12604.0
1368,235.100,85.830,234.97,85.89,1086.7,40114.0,11741.0,11741.0
1369,235.100,85.830,235.05,86,1086.7,44131.0,15280.0,15280.0
1370,235.100,85.830,235.02,85.99,1086.7,38832.0,12177.0,12177.0
1371,235.100,85.830,234.91,85.9,1086.7,45137.0,17754.0,17754.0
1372,235.100,85.830,234.51,86.01,1086.7,39184.0,12011.0,12011.0
1373,235.100,85.830,235.02,85.92,1086.7,43160.0,14727.0,14727.0
1374,235.100,85.830,235.04,85.96,1086.7,39100.0,12115.0,12115.0
1375,235.100,85.830,235.09,85.83,1086.7,46203.0,17240.0,17240.0
1376,235.100,85.830,235.43,85.55,1086.7,41709.0,14571.0,14571.0
1377,235.100,85.830,235.07,85.84,1086.7,41428.0,13474.0,13474.0
1378,235.100,85.830,235.43,85.72,1086.7,43894.0,15967.0,15967.0
1379,235.100,85.830,235.17,85.93,1086.7,39925.0,12786.0,12786.0
1380,235.100,85.830,235.16,85.74,1086.7,42673.0,14708.0,14708.0
1381,235.100,85.830,235.03,85.79,1086.7,39204.0,11645.0,11645.0
1382,235.100,85.830,235.02,85.89,1086.7,41612.0,14203.0,14203.0
1383,235.100,85.830,235.11,85.87,1086.7,43637.0,15263.0,15263.0
1384,235.100,85.830,235,85.87,1086.7,42227.0,14880.0,14880.0
1385,235.100,85.830,235.17,85.98,1086.7,39747.0,12031.0,12031.0
1386,235.100,85.830,235.1,85.92,1086.7,43269.0,15586.0,15586.0
1387,235.100,85.830,234.99,85.81,1086.7,44121.0,15838.0,15838.0
1388,235.100,85.830,234.98,85.74,1086.7,45661.0,17189.0,17189.0
1389,235.100,85.830,235.19,85.97,1086.7,44976.0,17057.0,17057.0
1390,235.100,85.830,235.07,85.96,1086.7,42748.0,14219.0,14219.0
1391,235.100,85.830,235.16,85.95,1086.7,44070.0,15758.0,15758.0
1392,235.100,85.830,235.13,85.6,1086.7,45198.0,17616.0,17616.0
1393,235.100,85.830,235.05,85.93,1086.7,37425.0,10662.0,10662.0
1394,235.100,85.830,235.02,85.84,1086.7,48348.0,19352.0,19352.0
1395,235.100,85.830,235.23,85.71,1086.7,46346.0,18295.0,18295.0
1396,235.100,85.830,235.15,85.76,1086.7,40853.0,12972.0,12972.0
1397,235.100,85.830,234.9,85.72,1086.7,38747.0,12192.0,12192.0
1398,235.100,85.830,235.06,85.83,1086.7,45445.0,16361.0,16361.0
1399,235.100,85.830,235.12,85.75,1086.7,45065.0,16171.0,16171.0
1400,235.100,85.830,235.14,85.96,1086.7,44229.0,16293.0,16293.0
1401,235.100,85.830,234.98,85.74,1086.7,43455.0,15666.0,15666.0
1402,235.100,85.830,234.88,85.85,1086.7,47415.0,17768.0,17768.0
1403,235.100,85.830,235.07,85.84,1086.7,37008.0,10040.0,10040.0
1404,235.100,85.830,235,85.97,1086.7,42692.0,14437.0,14437.0
1405,235.100,85.830,234.73,85.57,1086.7,42197.0,14504.0,14504.0
1406,235.100,85.830,235.06,85.57,1086.7,36928.0,11160.0,11160.0
1407,235.100,85.830,235.09,85.67,1086.7,37343.0,11166.0,11166.0
1408,235.100,85.830,234.96,85.8,1086.7,40468.0,12774.0,12774.0
1409,235.100,85.830,235.15,86.01,1086.7,45967.0,17786.0,17786.0
1410,235.100,85.830,235.18,85.9,1086.7,48104.0,19024.0,19024.0
1411,235.100,85.830,235.17,85.64,1086.7,41195.0,14281.0,14281.0
1412,235.100,85.830,234.82,85.82,1086.7,44272.0,15619.0,15619.0
1413,235.100,85.830,235.1,85.78,1086.7,41946.0,13892.0,13892.0
1414,235.100,85.830,234.94,85.81,1086.7,45876.0,17081.0,17081.0
1415,235.100,85.830,235.07,85.71,1086.7,47356.0,18399.0,18399.0
1416,235.100,85.830,235.18,85.88,1086.7,52179.0,23277.0,23277.0
1417,235.100,85.830,235.04,85.86,1086.7,54670.0,24526.0,24526.0
1418,235.100,85.830,235.31,85.83,1086.7,47462.0,18696.0,18696.0
1419,235.100,85.830,235.09,85.79,1086.7,44827.0,16704.0,16704.0
1420,235.100,85.830,235.01,85.86,1086.7,53057.0,23920.0,23920.0
1421,235.100,85.830,235.07,85.79,1086.7,52922.0,21829.0,21829.0
1422,235.100,85.830,235.14,85.85,1086.7,51199.0,22147.0,22147.0
1423,235.100,85.830,235.03,85.89,1086.7,51769.0,22156.0,22156.0
1424,235.100,85.830,235.08,85.83,1086.7,53260.0,23842.0,23842.0
1425,235.100,85.830,235.18,85.89,1086.7,50126.0,20022.0,20022.0
1426,235.100,85.830,235.08,85.82,1086.7,48127.0,19649.0,19649.0
1427,235.100,85.830,235.34,85.71,1086.7,44403.0,16709.0,16709.0
1428,235.100,85.830,235.3,85.63,1086.7,46508.0,18113.0,18113.0
1429,235.100,85.830,235.16,85.81,1086.7,45558.0,17267.0,17267.0
1430,235.100,85.830,234.88,85.71,1086.7,45918.0,18053.0,18053.0
1431,235.100,85.830,235.14,85.88,1086.7,53677.0,24349.0,24349.0
1432,235.100,85.830,235.02,85.93,1086.7,42995.0,16437.0,16437.0
1433,235.100,85.830,235.04,85.9,1086.7,46230.0,18117.0,18117.0
1434,235.100,85.830,234.98,85.91,1086.7,44393.0,16159.0,16159.0
1435,235.100,85.830,234.94,85.79,1086.7,44273.0,17055.0,17055.0
1436,235.100,85.830,235.2,85.9,1086.7,41382.0,14005.0,14005.0
1437,235.100,85.830,235.23,85.64,1086.7,41523.0,13526.0,13526.0
1438,235.100,85.830,235.07,85.83,1086.7,49243.0,20287.0,20287.0
1439,235.100,85.830,235.16,85.77,1086.7,47543.0,19485.0,19485.0
1440,235.100,85.830,235.15,85.9,1086.7,42648.0,13755.0,13755.0
1441,235.100,85.830,235.11,85.79,1086.7,48559.0,18523.0,18523.0
1442,235.100,85.830,235.02,86.01,1086.7,41504.0,13404.0,13404.0
1443,235.100,85.830,234.94,85.59,1086.7,37546.0,10418.0,10418.0
1444,235.100,85.830,235,85.87,1086.7,38949.0,12093.0,12093.0
1445,235.100,85.830,234.97,85.7,1086.7,50378.0,21773.0,21773.0
1446,235.100,85.830,235.09,85.87,1086.7,47325.0,18167.0,18167.0
1447,235.100,85.830,235.11,85.67,1086.7,47429.0,19783.0,19783.0
1448,235.100,85.830,235.12,85.77,1086.7,46761.0,18624.0,18624.0
1449,235.100,85.830,234.97,86.01,1086.7,44723.0,16267.0,16267.0
1450,235.100,85.830,235.09,85.98,1086.7,42893.0,14841.0,14841.0
1451,235.100,85.830,235.19,85.83,1086.7,43933.0,16514.0,16514.0
1452,235.100,85.830,235.09,85.9,1086.7,48184.0,18388.0,18388.0
1453,235.100,85.830,235.09,85.88,1086.7,42332.0,14928.0,14928.0
1454,235.100,85.830,234.9,85.79,1086.7,43604.0,16130.0,16130.0
1455,235.100,85.830,235.07,85.91,1086.7,44159.0,16503.0,16503.0
1456,235.100,85.830,235.43,85.6,1086.7,50765.0,22157.0,22157.0
1457,235.100,85.830,235.13,85.86,1086.7,55127.0,26883.0,26883.0
1458,235.100,85.830,235.06,85.61,1086.7,47154.0,18067.0,18067.0
1459,235.100,85.830,235.06,85.84,1086.7,43691.0,16165.0,16165.0
1460,235.100,85.830,235.27,85.63,1086.7,43549.0,15627.0,15627.0
1461,235.100,85.830,235.15,85.83,1086.7,48235.0,19887.0,19887.0
1462,235.100,85.830,235.17,85.72,1086.7,45226.0,18078.0,18078.0
1463,235.100,85.830,235.09,85.73,1086.7,48450.0,20653.0,20653.0
1464,235.100,85.830,235.27,85.55,1086.7,44243.0,16028.0,16028.0
1465,235.100,85.830,235.12,85.72,1086.7,43260.0,15095.0,15095.0
1466,235.100,85.830,235.06,85.83,1086.7,43680.0,16475.0,16475.0
1467,235.100,85.830,235.07,85.72,1086.7,48955.0,20815.0,20815.0
1468,235.100,85.830,235.18,85.92,1086.7,50910.0,21000.0,21000.0
1469,235.100,85.830,235.25,85.75,1086.7,48014.0,19716.0,19716.0
1470,235.100,85.830,235.08,85.75,1086.7,49540.0,21041.0,21041.0
1471,235.100,85.830,235.07,85.83,1086.7,51791.0,22889.0,22889.0
1472,235.100,85.830,235.1,85.94,1086.7,49105.0,18738.0,18738.0
1473,235.100,85.830,235.11,85.79,1086.7,50531.0,22507.0,22507.0
1474,235.100,85.830,235.23,85.91,1086.7,49230.0,20989.0,20989.0
1475,235.100,85.830,235.06,85.81,1086.7,49086.0,21395.0,21395.0
1476,235.100,85.830,234.96,85.91,1086.7,50413.0,21469.0,21469.0
1477,235.100,85.830,235.21,85.87,1086.7,41856.0,13656.0,13656.0
1478,235.100,85.830,234.94,85.69,1086.7,45562.0,16719.0,16719.0
1479,235.100,85.830,235.31,85.89,1086.7,46431.0,18866.0,18866.0
1480,235.100,85.830,235.28,85.85,1086.7,43198.0,16127.0,16127.0
1481,235.100,85.830,235.14,85.74,1086.7,45299.0,17281.0,17281.0
1482,235.100,85.830,235.13,85.73,1086.7,46341.0,18001.0,18001.0
1483,235.100,85.830,235.12,85.78,1086.7,38222.0,10961.0,10961.0
1484,235.100,85.830,235.13,85.91,1086.7,39752.0,12070.0,12070.0
1485,235.100,85.830,235.28,85.68,1086.7,42865.0,15064.0,15064.0
1486,235.100,85.830,235.08,85.77,1086.7,41985.0,14157.0,14157.0
1487,235.100,85.830,235.14,85.77,1086.7,40304.0,13130.0,13130.0
1488,235.100,85.830,235.1,86.05,1086.7,48505.0,19143.0,19143.0
1489,235.100,85.830,235,85.73,1086.7,49427.0,20296.0,20296.0
1490,235.100,85.830,234.98,85.85,1086.7,44916.0,16161.0,16161.0
1491,235.100,85.830,235.22,85.72,1086.7,42299.0,14861.0,14861.0
1492,235.100,85.830,235.01,85.77,1086.7,46496.0,17677.0,17677.0
1493,235.100,85.830,235.11,85.78,1086.7,43331.0,15239.0,15239.0
1494,235.100,85.830,235.08,85.75,1086.7,42916.0,14950.0,14950.0
1495,235.100,85.830,235.09,85.93,1086.7,38063.0,11019.0,11019.0
1496,235.100,85.830,235.33,85.58,1086.7,46701.0,19223.0,19223.0
1497,235.100,85.830,235.01,85.76,1086.7,46936.0,18715.0,18715.0
1498,235.100,85.830,234.87,85.8,1086.7,46555.0,18702.0,18702.0
1499,235.100,85.830,234.95,85.75,1086.7,42467.0,14782.0,14782.0
1500,235.100,85.830,235.1,85.83,1086.7,43718.0,16241.0,16241.0
