id,avg_x,avg_y,x,y,bg,Square_intensity,circular_intensity,Gaussian_intensity
1,255.670,140.690,255.24,140.38,1073.19,50505.0,18233.0,18233.0
2,255.670,140.690,255.24,140.38,1073.19,50954.0,19285.0,19285.0
3,255.670,140.690,255.24,140.38,1073.19,52544.0,19555.0,19555.0
4,255.670,140.690,255.24,140.38,1073.19,48286.0,15770.0,15770.0
5,255.670,140.690,255.24,140.38,1073.19,49404.0,16803.0,16803.0
6,255.670,140.690,255.24,140.38,1073.19,50774.0,17973.0,17973.0
7,255.670,140.690,255.24,140.38,1073.19,46422.0,14326.0,14326.0
8,255.670,140.690,255.24,140.38,1073.19,47488.0,15746.0,15746.0
9,255.670,140.690,255.24,140.38,1073.19,47921.0,15586.0,15586.0
10,255.670,140.690,255.24,140.38,1073.19,47588.0,15054.0,15054.0
11,255.670,140.690,255.24,140.38,1073.19,47140.0,14249.0,14249.0
12,255.670,140.690,255.24,140.38,1073.19,48360.0,15706.0,15706.0
13,255.670,140.690,255.24,140.38,1073.19,46976.0,14393.0,14393.0
14,255.670,140.690,255.24,140.38,1073.19,44827.0,12150.0,12150.0
15,255.670,140.690,255.24,140.38,1073.19,46046.0,13153.0,13153.0
16,255.670,140.690,255.24,140.38,1073.19,45007.0,12249.0,12249.0
17,255.670,140.690,255.24,140.38,1073.19,44297.0,11289.0,11289.0
18,255.670,140.690,255.24,140.38,1073.19,45955.0,12884.0,12884.0
19,255.670,140.690,255.24,140.38,1073.19,45286.0,12193.0,12193.0
20,255.670,140.690,255.24,140.38,1073.19,43152.0,10402.0,10402.0
21,255.670,140.690,255.24,140.38,1073.19,47512.0,14845.0,14845.0
22,255.670,140.690,255.24,140.38,1073.19,45470.0,12977.0,12977.0
23,255.670,140.690,255.24,140.38,1073.19,44776.0,11727.0,11727.0
24,255.670,140.690,255.24,140.38,1073.19,43971.0,10812.0,10812.0
25,255.670,140.690,255.24,140.38,1073.19,44234.0,10983.0,10983.0
26,255.670,140.690,255.24,140.38,1073.19,49253.0,16529.0,16529.0
27,255.670,140.690,255.24,140.38,1073.19,45331.0,12511.0,12511.0
28,255.670,140.690,255.24,140.38,1073.19,43266.0,10943.0,10943.0
29,255.670,140.690,255.24,140.38,1073.19,43673.0,10986.0,10986.0
30,255.670,140.690,255.24,140.38,1073.19,41325.0,9010.0,9010.0
31,255.670,140.690,255.24,140.38,1073.19,44866.0,11796.0,11796.0
32,255.670,140.690,255.24,140.38,1073.19,42555.0,9611.0,9611.0
33,255.670,140.690,255.24,140.38,1073.19,43328.0,10532.0,10532.0
34,255.670,140.690,255.24,140.38,1073.19,41967.0,8955.0,8955.0
35,255.670,140.690,255.24,140.38,1073.19,44545.0,11768.0,11768.0
36,255.670,140.690,255.24,140.38,1073.19,43536.0,10332.0,10332.0
37,255.670,140.690,255.24,140.38,1073.19,41609.0,8548.0,8548.0
38,255.670,140.690,255.24,140.38,1073.19,38348.0,6342.0,6342.0
39,255.670,140.690,255.24,140.38,1073.19,41861.0,9114.0,9114.0
40,255.670,140.690,255.24,140.38,1073.19,41841.0,8805.0,8805.0
41,255.670,140.690,255.24,140.38,1073.19,39148.0,6058.0,6058.0
42,255.670,140.690,255.24,140.38,1073.19,39396.0,7295.0,7295.0
43,255.670,140.690,255.24,140.38,1073.19,37131.0,4843.0,4843.0
44,255.670,140.690,255.24,140.38,1073.19,37929.0,5234.0,5234.0
45,255.670,140.690,255.24,140.38,1073.19,37491.0,5115.0,5115.0
46,255.670,140.690,255.24,140.38,1073.19,36669.0,4805.0,4805.0
47,255.670,140.690,255.24,140.38,1073.19,35740.0,3998.0,3998.0
48,255.670,140.690,255.24,140.38,1073.19,36332.0,4617.0,4617.0
49,255.670,140.690,255.24,140.38,1073.19,37002.0,4322.0,4322.0
50,255.670,140.690,255.24,140.38,1073.19,35232.0,4778.0,4778.0
51,255.670,140.690,255.24,140.38,1073.19,37377.0,6364.0,6364.0
52,255.670,140.690,255.01,140.44,1073.19,39321.0,8418.0,8418.0
53,255.670,140.690,255.08,140.87,1073.19,36978.0,6089.0,6089.0
54,255.670,140.690,255.24,140.38,1073.19,37532.0,6757.0,6757.0
55,255.670,140.690,255.24,140.38,1073.19,33570.0,2618.0,2618.0
56,255.670,140.690,255.24,140.38,1073.19,34474.0,4053.0,4053.0
57,255.670,140.690,254.95,140.27,1073.19,36804.0,6405.0,6405.0
58,255.670,140.690,255.24,140.38,1073.19,36208.0,5351.0,5351.0
59,255.670,140.690,254.96,140.53,1073.19,35841.0,5069.0,5069.0
60,255.670,140.690,255.24,140.38,1073.19,35363.0,5139.0,5139.0
61,255.670,140.690,255.24,140.38,1073.19,35368.0,4257.0,4257.0
62,255.670,140.690,255.24,140.38,1073.19,34528.0,3880.0,3880.0
63,255.670,140.690,254.63,140.76,1073.19,37738.0,7084.0,7084.0
64,255.670,140.690,255.24,140.38,1073.19,35986.0,5362.0,5362.0
65,255.670,140.690,254.76,140.43,1073.19,38452.0,6660.0,6660.0
66,255.670,140.690,255.04,140.59,1073.19,39290.0,7751.0,7751.0
67,255.670,140.690,255.06,140.51,1073.19,40588.0,9807.0,9807.0
68,255.670,140.690,255.37,140.62,1073.19,38129.0,6708.0,6708.0
69,255.670,140.690,255.55,140.63,1073.19,37205.0,6493.0,6493.0
70,255.670,140.690,254.65,140.42,1073.19,38744.0,7859.0,7859.0
71,255.670,140.690,255.24,140.38,1073.19,35370.0,4667.0,4667.0
72,255.670,140.690,255.24,140.38,1073.19,38128.0,7165.0,7165.0
73,255.670,140.690,255.24,140.38,1073.19,36601.0,5730.0,5730.0
74,255.670,140.690,255.39,140.57,1073.19,37846.0,6605.0,6605.0
75,255.670,140.690,255.23,140.47,1073.19,38316.0,7540.0,7540.0
76,255.670,140.690,255.42,140.46,1073.19,40498.0,9038.0,9038.0
77,255.670,140.690,255.08,140.38,1073.19,37666.0,7582.0,7582.0
78,255.670,140.690,255.56,140.44,1073.19,40964.0,9854.0,9854.0
79,255.670,140.690,255.14,141.72,1073.19,37761.0,7490.0,7490.0
80,255.670,140.690,255.24,140.38,1073.19,36706.0,6739.0,6739.0
81,255.670,140.690,255.24,140.38,1073.19,36616.0,6707.0,6707.0
82,255.670,140.690,255.13,140.47,1073.19,37474.0,7280.0,7280.0
83,255.670,140.690,255.24,140.38,1073.19,35163.0,5889.0,5889.0
84,255.670,140.690,255.62,140.5,1073.19,42217.0,11035.0,11035.0
85,255.670,140.690,255.24,140.38,1073.19,35277.0,5538.0,5538.0
86,255.670,140.690,255.24,140.38,1073.19,36207.0,5818.0,5818.0
87,255.670,140.690,255.12,140.51,1073.19,39085.0,9190.0,9190.0
88,255.670,140.690,256.05,140.39,1073.19,37673.0,7377.0,7377.0
89,255.670,140.690,255.33,140.57,1073.19,38097.0,7401.0,7401.0
90,255.670,140.690,255.24,140.38,1073.19,36106.0,5811.0,5811.0
91,255.670,140.690,255.03,140.63,1073.19,39238.0,9061.0,9061.0
92,255.670,140.690,256.05,140.87,1073.19,35775.0,6859.0,6859.0
93,255.670,140.690,254.96,140.22,1073.19,38053.0,8339.0,8339.0
94,255.670,140.690,255.2,139.88,1073.19,36311.0,7360.0,7360.0
95,255.670,140.690,255.02,140.8,1073.19,39843.0,9592.0,9592.0
96,255.670,140.690,255.29,140.63,1073.19,38516.0,8107.0,8107.0
97,255.670,140.690,255.27,140.53,1073.19,40911.0,10667.0,10667.0
98,255.670,140.690,255.59,140.45,1073.19,39658.0,10072.0,10072.0
99,255.670,140.690,255.32,140.67,1073.19,40746.0,11370.0,11370.0
100,255.670,140.690,255.67,140.69,1073.19,40645.0,11420.0,11420.0
101,255.670,140.690,255.67,140.69,1073.19,34429.0,5881.0,5881.0
102,255.670,140.690,255.67,140.69,1073.19,35098.0,5595.0,5595.0
103,255.670,140.690,255.67,140.69,1073.19,34506.0,4827.0,4827.0
104,255.670,140.690,255.67,140.69,1073.19,34017.0,4931.0,4931.0
105,255.670,140.690,255.67,140.69,1073.19,37947.0,7660.0,7660.0
106,255.670,140.690,255.67,140.69,1073.19,35240.0,6141.0,6141.0
107,255.670,140.690,255.67,140.69,1073.19,34322.0,4654.0,4654.0
108,255.670,140.690,255.67,140.69,1073.19,34361.0,5615.0,5615.0
109,255.670,140.690,255.67,140.69,1073.19,32645.0,3813.0,3813.0
110,255.670,140.690,255.67,140.69,1073.19,37566.0,8726.0,8726.0
111,255.670,140.690,255.67,140.69,1073.19,36637.0,7799.0,7799.0
112,255.670,140.690,255.67,140.69,1073.19,37617.0,8706.0,8706.0
113,255.670,140.690,255.67,140.69,1073.19,34133.0,5077.0,5077.0
114,255.670,140.690,255.67,140.69,1073.19,33985.0,5218.0,5218.0
115,255.670,140.690,255.67,140.69,1073.19,34677.0,5153.0,5153.0
116,255.670,140.690,255.67,140.69,1073.19,33801.0,5209.0,5209.0
117,255.670,140.690,255.67,140.69,1073.19,39796.0,10272.0,10272.0
118,255.670,140.690,255.67,140.69,1073.19,37327.0,8382.0,8382.0
119,255.670,140.690,255.67,140.69,1073.19,31085.0,3945.0,3945.0
120,255.670,140.690,255.67,140.69,1073.19,35299.0,5749.0,5749.0
121,255.670,140.690,255.67,140.69,1073.19,32088.0,4699.0,4699.0
122,255.670,140.690,255.67,140.69,1073.19,40518.0,11614.0,11614.0
123,255.670,140.690,255.67,140.69,1073.19,32812.0,5011.0,5011.0
124,255.670,140.690,255.67,140.69,1073.19,29953.0,1752.0,1752.0
125,255.670,140.690,255.67,140.69,1073.19,31066.0,2983.0,2983.0
126,255.670,140.690,255.67,140.69,1073.19,30898.0,3264.0,3264.0
127,255.670,140.690,255.67,140.69,1073.19,33284.0,4595.0,4595.0
128,255.670,140.690,255.67,140.69,1073.19,30679.0,2494.0,2494.0
129,255.670,140.690,255.67,140.69,1073.19,33394.0,4108.0,4108.0
130,255.670,140.690,255.67,140.69,1073.19,31116.0,2711.0,2711.0
131,255.670,140.690,255.67,140.69,1073.19,30258.0,2372.0,2372.0
132,255.670,140.690,255.67,140.69,1073.19,31461.0,4239.0,4239.0
133,255.670,140.690,255.67,140.69,1073.19,29742.0,2058.0,2058.0
134,255.670,140.690,255.67,140.69,1073.19,32054.0,3623.0,3623.0
135,255.670,140.690,255.67,140.69,1073.19,32688.0,5446.0,5446.0
136,255.670,140.690,255.67,140.69,1073.19,33033.0,5246.0,5246.0
137,255.670,140.690,255.67,140.69,1073.19,32453.0,4385.0,4385.0
138,255.670,140.690,255.67,140.69,1073.19,30780.0,2715.0,2715.0
139,255.670,140.690,255.67,140.69,1073.19,32060.0,4824.0,4824.0
140,255.670,140.690,255.67,140.69,1073.19,32468.0,4711.0,4711.0
141,255.670,140.690,255.67,140.69,1073.19,33231.0,5098.0,5098.0
142,255.670,140.690,255.67,140.69,1073.19,32613.0,5186.0,5186.0
143,255.670,140.690,255.67,140.69,1073.19,32510.0,5025.0,5025.0
144,255.670,140.690,255.67,140.69,1073.19,32818.0,4108.0,4108.0
145,255.670,140.690,255.67,140.69,1073.19,31243.0,3885.0,3885.0
146,255.670,140.690,255.67,140.69,1073.19,31919.0,4277.0,4277.0
147,255.670,140.690,255.67,140.69,1073.19,29853.0,2605.0,2605.0
148,255.670,140.690,255.67,140.69,1073.19,32060.0,2997.0,2997.0
149,255.670,140.690,255.67,140.69,1073.19,31334.0,2576.0,2576.0
150,255.670,140.690,255.67,140.69,1073.19,33393.0,5374.0,5374.0
151,255.670,140.690,255.67,140.69,1073.19,31431.0,4197.0,4197.0
152,255.670,140.690,255.67,140.69,1073.19,31863.0,3244.0,3244.0
153,255.670,140.690,255.67,140.69,1073.19,31241.0,3934.0,3934.0
154,255.670,140.690,255.67,140.69,1073.19,30530.0,2699.0,2699.0
155,255.670,140.690,255.67,140.69,1073.19,32056.0,4908.0,4908.0
156,255.670,140.690,255.67,140.69,1073.19,32194.0,4703.0,4703.0
157,255.670,140.690,255.67,140.69,1073.19,32337.0,3963.0,3963.0
158,255.670,140.690,255.67,140.69,1073.19,31513.0,4616.0,4616.0
159,255.670,140.690,255.67,140.69,1073.19,35596.0,7379.0,7379.0
160,255.670,140.690,255.67,140.69,1073.19,31290.0,3209.0,3209.0
161,255.670,140.690,255.67,140.69,1073.19,33873.0,5519.0,5519.0
162,255.670,140.690,255.67,140.69,1073.19,31882.0,4739.0,4739.0
163,255.670,140.690,255.67,140.69,1073.19,34748.0,7024.0,7024.0
164,255.670,140.690,255.67,140.69,1073.19,32322.0,5534.0,5534.0
165,255.670,140.690,255.67,140.69,1073.19,32776.0,5017.0,5017.0
166,255.670,140.690,255.67,140.69,1073.19,35887.0,8044.0,8044.0
167,255.670,140.690,255.67,140.69,1073.19,36085.0,7559.0,7559.0
168,255.670,140.690,255.67,140.69,1073.19,37888.0,9849.0,9849.0
169,255.670,140.690,255.67,140.69,1073.19,35551.0,7509.0,7509.0
170,255.670,140.690,255.67,140.69,1073.19,38872.0,10776.0,10776.0
171,255.670,140.690,255.67,140.69,1073.19,39046.0,11162.0,11162.0
172,255.670,140.690,255.67,140.69,1073.19,36581.0,7853.0,7853.0
173,255.670,140.690,255.67,140.69,1073.19,38993.0,10649.0,10649.0
174,255.670,140.690,255.67,140.69,1073.19,38919.0,11059.0,11059.0
175,255.670,140.690,255.67,140.69,1073.19,36784.0,8647.0,8647.0
176,255.670,140.690,255.67,140.69,1073.19,37746.0,9894.0,9894.0
177,255.670,140.690,255.67,140.69,1073.19,39835.0,11734.0,11734.0
178,255.670,140.690,255.67,140.69,1073.19,37056.0,9854.0,9854.0
179,255.670,140.690,255.67,140.69,1073.19,39658.0,10477.0,10477.0
180,255.670,140.690,255.67,140.69,1073.19,39961.0,12027.0,12027.0
181,255.670,140.690,255.67,140.69,1073.19,36485.0,9521.0,9521.0
182,255.670,140.690,255.67,140.69,1073.19,29972.0,2939.0,2939.0
183,255.670,140.690,255.67,140.69,1073.19,30250.0,3413.0,3413.0
184,255.670,140.690,255.67,140.69,1073.19,34910.0,6226.0,6226.0
185,255.670,140.690,255.67,140.69,1073.19,36101.0,8585.0,8585.0
186,255.670,140.690,255.67,140.69,1073.19,39437.0,11478.0,11478.0
187,255.670,140.690,255.67,140.69,1073.19,38675.0,10884.0,10884.0
188,255.670,140.690,255.67,140.69,1073.19,41987.0,13981.0,13981.0
189,255.670,140.690,255.67,140.69,1073.19,40182.0,12737.0,12737.0
190,255.670,140.690,255.67,140.69,1073.19,46053.0,16357.0,16357.0
191,255.670,140.690,255.67,140.69,1073.19,45078.0,15122.0,15122.0
192,255.670,140.690,255.67,140.69,1073.19,42490.0,13785.0,13785.0
193,255.670,140.690,255.67,140.69,1073.19,43039.0,14987.0,14987.0
194,255.670,140.690,255.67,140.69,1073.19,45244.0,16220.0,16220.0
195,255.670,140.690,255.67,140.69,1073.19,41886.0,13180.0,13180.0
196,255.670,140.690,255.67,140.69,1073.19,53360.0,23090.0,23090.0
197,255.670,140.690,255.67,140.69,1073.19,54243.0,23574.0,23574.0
198,255.670,140.690,255.67,140.69,1073.19,50636.0,20734.0,20734.0
199,255.670,140.690,255.67,140.69,1073.19,50751.0,20632.0,20632.0
200,255.670,140.690,255.67,140.69,1073.19,50984.0,20846.0,20846.0
201,255.670,140.690,255.67,140.69,1073.19,44820.0,15797.0,15797.0
202,255.670,140.690,255.67,140.69,1073.19,41154.0,12787.0,12787.0
203,255.670,140.690,255.67,140.69,1073.19,39335.0,11448.0,11448.0
204,255.670,140.690,255.67,140.69,1073.19,43867.0,16217.0,16217.0
205,255.670,140.690,255.67,140.69,1073.19,41225.0,12809.0,12809.0
206,255.670,140.690,255.67,140.69,1073.19,40653.0,11969.0,11969.0
207,255.670,140.690,255.67,140.69,1073.19,41137.0,13354.0,13354.0
208,255.670,140.690,255.67,140.69,1073.19,46227.0,17549.0,17549.0
209,255.670,140.690,255.67,140.69,1073.19,39764.0,10918.0,10918.0
210,255.670,140.690,255.67,140.69,1073.19,38168.0,11016.0,11016.0
211,255.670,140.690,255.67,140.69,1073.19,42138.0,13242.0,13242.0
212,255.670,140.690,255.67,140.69,1073.19,30836.0,4127.0,4127.0
213,255.670,140.690,255.67,140.69,1073.19,36863.0,9772.0,9772.0
214,255.670,140.690,255.67,140.69,1073.19,32430.0,5885.0,5885.0
215,255.670,140.690,255.67,140.69,1073.19,30852.0,3524.0,3524.0
216,255.670,140.690,255.67,140.69,1073.19,31089.0,4187.0,4187.0
217,255.670,140.690,255.67,140.69,1073.19,36466.0,8019.0,8019.0
218,255.670,140.690,255.67,140.69,1073.19,30075.0,3909.0,3909.0
219,255.670,140.690,255.67,140.69,1073.19,31536.0,5098.0,5098.0
220,255.670,140.690,255.67,140.69,1073.19,35245.0,7134.0,7134.0
221,255.670,140.690,255.67,140.69,1073.19,33087.0,5721.0,5721.0
222,255.670,140.690,255.67,140.69,1073.19,33854.0,6324.0,6324.0
223,255.670,140.690,255.67,140.69,1073.19,33768.0,7450.0,7450.0
224,255.670,140.690,255.67,140.69,1073.19,32242.0,5029.0,5029.0
225,255.670,140.690,255.67,140.69,1073.19,32901.0,6181.0,6181.0
226,255.670,140.690,255.67,140.69,1073.19,31257.0,4393.0,4393.0
227,255.670,140.690,255.67,140.69,1073.19,33373.0,6515.0,6515.0
228,255.670,140.690,255.67,140.69,1073.19,29471.0,3573.0,3573.0
229,255.670,140.690,255.67,140.69,1073.19,35300.0,7235.0,7235.0
230,255.670,140.690,255.67,140.69,1073.19,37899.0,9624.0,9624.0
231,255.670,140.690,255.67,140.69,1073.19,42576.0,14751.0,14751.0
232,255.670,140.690,255.67,140.69,1073.19,47153.0,17004.0,17004.0
233,255.670,140.690,255.67,140.69,1073.19,47692.0,19022.0,19022.0
234,255.670,140.690,255.67,140.69,1073.19,42570.0,14212.0,14212.0
235,255.670,140.690,255.67,140.69,1073.19,44209.0,15472.0,15472.0
236,255.670,140.690,255.67,140.69,1073.19,42405.0,14309.0,14309.0
237,255.670,140.690,255.67,140.69,1073.19,43225.0,14747.0,14747.0
238,255.670,140.690,255.67,140.69,1073.19,41009.0,12316.0,12316.0
239,255.670,140.690,255.67,140.69,1073.19,41951.0,13728.0,13728.0
240,255.670,140.690,255.67,140.69,1073.19,39092.0,11477.0,11477.0
241,255.670,140.690,255.67,140.69,1073.19,38169.0,11116.0,11116.0
242,255.670,140.690,255.67,140.69,1073.19,37725.0,11457.0,11457.0
243,255.670,140.690,255.67,140.69,1073.19,36936.0,9122.0,9122.0
244,255.670,140.690,255.67,140.69,1073.19,40579.0,12905.0,12905.0
245,255.670,140.690,255.67,140.69,1073.19,42565.0,13556.0,13556.0
246,255.670,140.690,255.67,140.69,1073.19,38510.0,11460.0,11460.0
247,255.670,140.690,255.67,140.69,1073.19,39921.0,12366.0,12366.0
248,255.670,140.690,255.67,140.69,1073.19,37606.0,9457.0,9457.0
249,255.670,140.690,255.67,140.69,1073.19,38606.0,10084.0,10084.0
250,255.670,140.690,255.67,140.69,1073.19,40402.0,12367.0,12367.0
251,255.670,140.690,255.67,140.69,1073.19,39547.0,11696.0,11696.0
252,255.670,140.690,255.67,140.69,1073.19,43089.0,14386.0,14386.0
253,255.670,140.690,255.67,140.69,1073.19,41820.0,12739.0,12739.0
254,255.670,140.690,255.67,140.69,1073.19,42051.0,13392.0,13392.0
255,255.670,140.690,255.67,140.69,1073.19,40773.0,13210.0,13210.0
256,255.670,140.690,255.67,140.69,1073.19,40668.0,11715.0,11715.0
257,255.670,140.690,255.67,140.69,1073.19,41553.0,13983.0,13983.0
258,255.670,140.690,255.67,140.69,1073.19,40582.0,13122.0,13122.0
259,255.670,140.690,255.67,140.69,1073.19,40208.0,12796.0,12796.0
260,255.670,140.690,255.67,140.69,1073.19,36663.0,9627.0,9627.0
261,255.670,140.690,255.67,140.69,1073.19,37974.0,10675.0,10675.0
262,255.670,140.690,255.67,140.69,1073.19,43117.0,15547.0,15547.0
263,255.670,140.690,255.67,140.69,1073.19,38339.0,10796.0,10796.0
264,255.670,140.690,255.67,140.69,1073.19,41277.0,13579.0,13579.0
265,255.670,140.690,255.67,140.69,1073.19,41260.0,12417.0,12417.0
266,255.670,140.690,255.67,140.69,1073.19,43365.0,15027.0,15027.0
267,255.670,140.690,255.67,140.69,1073.19,42269.0,14283.0,14283.0
268,255.670,140.690,255.67,140.69,1073.19,42555.0,14382.0,14382.0
269,255.670,140.690,255.67,140.69,1073.19,39141.0,11499.0,11499.0
270,255.670,140.690,255.67,140.69,1073.19,38367.0,11201.0,11201.0
271,255.670,140.690,255.67,140.69,1073.19,43403.0,15249.0,15249.0
272,255.670,140.690,255.67,140.69,1073.19,40171.0,11892.0,11892.0
273,255.670,140.690,255.67,140.69,1073.19,38654.0,10619.0,10619.0
274,255.670,140.690,255.67,140.69,1073.19,39790.0,12847.0,12847.0
275,255.670,140.690,255.67,140.69,1073.19,38973.0,11123.0,11123.0
276,255.670,140.690,255.67,140.69,1073.19,42473.0,13194.0,13194.0
277,255.670,140.690,255.67,140.69,1073.19,40687.0,13100.0,13100.0
278,255.670,140.690,255.67,140.69,1073.19,46564.0,18355.0,18355.0
279,255.670,140.690,255.67,140.69,1073.19,39977.0,12030.0,12030.0
280,255.670,140.690,255.67,140.69,1073.19,42600.0,14781.0,14781.0
281,255.670,140.690,255.67,140.69,1073.19,41146.0,13097.0,13097.0
282,255.670,140.690,255.67,140.69,1073.19,40751.0,13107.0,13107.0
283,255.670,140.690,255.67,140.69,1073.19,39922.0,12093.0,12093.0
284,255.670,140.690,255.67,140.69,1073.19,43723.0,14249.0,14249.0
285,255.670,140.690,255.67,140.69,1073.19,38689.0,11267.0,11267.0
286,255.670,140.690,255.67,140.69,1073.19,43681.0,15412.0,15412.0
287,255.670,140.690,255.67,140.69,1073.19,40229.0,11646.0,11646.0
288,255.670,140.690,255.67,140.69,1073.19,42095.0,13518.0,13518.0
289,255.670,140.690,255.67,140.69,1073.19,42481.0,15488.0,15488.0
290,255.670,140.690,255.67,140.69,1073.19,42509.0,14024.0,14024.0
291,255.670,140.690,255.67,140.69,1073.19,39787.0,12288.0,12288.0
292,255.670,140.690,255.67,140.69,1073.19,30760.0,4380.0,4380.0
293,255.670,140.690,255.67,140.69,1073.19,29287.0,2560.0,2560.0
294,255.670,140.690,255.67,140.69,1073.19,28286.0,17.0,17.0
295,255.670,140.690,255.67,140.69,1073.19,27298.0,1196.0,1196.0
296,255.670,140.690,255.67,140.69,1073.19,28312.0,1899.0,1899.0
297,255.670,140.690,255.67,140.69,1073.19,27410.0,0.0,0.0
298,255.670,140.690,255.67,140.69,1073.19,28904.0,0.0,0.0
299,255.670,140.690,255.67,140.69,1073.19,29468.0,603.0,603.0
300,255.670,140.690,255.67,140.69,1073.19,27901.0,808.0,808.0
301,255.670,140.690,255.67,140.69,1073.19,28560.0,1374.0,1374.0
302,255.670,140.690,255.67,140.69,1073.19,27719.0,802.0,802.0
303,255.670,140.690,255.67,140.69,1073.19,27799.0,2331.0,2331.0
304,255.670,140.690,255.67,140.69,1073.19,27709.0,1644.0,1644.0
305,255.670,140.690,255.67,140.69,1073.19,27222.0,1681.0,1681.0
306,255.670,140.690,255.67,140.69,1073.19,27144.0,1222.0,1222.0
307,255.670,140.690,255.67,140.69,1073.19,28285.0,1923.0,1923.0
308,255.670,140.690,255.67,140.69,1073.19,27289.0,1500.0,1500.0
309,255.670,140.690,255.67,140.69,1073.19,28735.0,3927.0,3927.0
310,255.670,140.690,255.67,140.69,1073.19,27735.0,1289.0,1289.0
311,255.670,140.690,255.67,140.69,1073.19,28648.0,2376.0,2376.0
312,255.670,140.690,255.67,140.69,1073.19,27107.0,106.0,106.0
313,255.670,140.690,255.67,140.69,1073.19,27762.0,2014.0,2014.0
314,255.670,140.690,255.67,140.69,1073.19,27386.0,1295.0,1295.0
315,255.670,140.690,255.67,140.69,1073.19,27687.0,1423.0,1423.0
316,255.670,140.690,255.67,140.69,1073.19,27897.0,1566.0,1566.0
317,255.670,140.690,255.67,140.69,1073.19,29218.0,2389.0,2389.0
318,255.670,140.690,255.67,140.69,1073.19,26778.0,999.0,999.0
319,255.670,140.690,255.67,140.69,1073.19,27625.0,2365.0,2365.0
320,255.670,140.690,255.67,140.69,1073.19,28906.0,2911.0,2911.0
321,255.670,140.690,255.67,140.69,1073.19,28073.0,2696.0,2696.0
322,255.670,140.690,255.67,140.69,1073.19,26558.0,1092.0,1092.0
323,255.670,140.690,255.67,140.69,1073.19,26736.0,868.0,868.0
324,255.670,140.690,255.67,140.69,1073.19,28245.0,2413.0,2413.0
325,255.670,140.690,255.67,140.69,1073.19,29091.0,2357.0,2357.0
326,255.670,140.690,255.67,140.69,1073.19,26168.0,1713.0,1713.0
327,255.670,140.690,255.67,140.69,1073.19,29081.0,3052.0,3052.0
328,255.670,140.690,255.67,140.69,1073.19,27549.0,2283.0,2283.0
329,255.670,140.690,255.67,140.69,1073.19,29350.0,2383.0,2383.0
330,255.670,140.690,255.67,140.69,1073.19,27733.0,1938.0,1938.0
331,255.670,140.690,255.67,140.69,1073.19,27822.0,2332.0,2332.0
332,255.670,140.690,255.67,140.69,1073.19,27835.0,1552.0,1552.0
333,255.670,140.690,255.67,140.69,1073.19,27321.0,1775.0,1775.0
334,255.670,140.690,255.67,140.69,1073.19,26309.0,1098.0,1098.0
335,255.670,140.690,255.67,140.69,1073.19,24439.0,0.0,0.0
336,255.670,140.690,255.67,140.69,1073.19,27569.0,1927.0,1927.0
337,255.670,140.690,255.67,140.69,1073.19,28305.0,2453.0,2453.0
338,255.670,140.690,255.67,140.69,1073.19,27252.0,1111.0,1111.0
339,255.670,140.690,255.67,140.69,1073.19,26796.0,1862.0,1862.0
340,255.670,140.690,255.67,140.69,1073.19,27613.0,1932.0,1932.0
341,255.670,140.690,255.67,140.69,1073.19,27595.0,1293.0,1293.0
342,255.670,140.690,255.67,140.69,1073.19,28288.0,2391.0,2391.0
343,255.670,140.690,255.67,140.69,1073.19,27713.0,1532.0,1532.0
344,255.670,140.690,255.67,140.69,1073.19,26219.0,0.0,0.0
345,255.670,140.690,255.67,140.69,1073.19,27608.0,2369.0,2369.0
346,255.670,140.690,255.67,140.69,1073.19,29000.0,1415.0,1415.0
347,255.670,140.690,255.67,140.69,1073.19,28806.0,3217.0,3217.0
348,255.670,140.690,255.67,140.69,1073.19,28048.0,2235.0,2235.0
349,255.670,140.690,255.67,140.69,1073.19,30092.0,4302.0,4302.0
350,255.670,140.690,255.67,140.69,1073.19,26312.0,564.0,564.0
