id,avg_x,avg_y,x,y,bg,Square_intensity,circular_intensity,Gaussian_intensity
835,56.450,82.670,56.44,82.54,1226.65,23479.0,0.0,0.0
836,56.450,82.670,56.44,82.54,1226.65,24249.0,0.0,0.0
837,56.450,82.670,56.44,82.54,1226.65,24203.0,0.0,0.0
838,56.450,82.670,56.44,82.54,1226.65,25618.0,429.0,429.0
839,56.450,82.670,56.44,82.54,1226.65,25455.0,735.0,735.0
840,56.450,82.670,56.44,82.54,1226.65,24742.0,519.0,519.0
841,56.450,82.670,56.44,82.54,1226.65,26331.0,738.0,738.0
842,56.450,82.670,56.44,82.54,1226.65,23699.0,0.0,0.0
843,56.450,82.670,56.44,82.54,1226.65,24171.0,0.0,0.0
844,56.450,82.670,56.44,82.54,1226.65,24832.0,0.0,0.0
845,56.450,82.670,56.44,82.54,1226.65,25888.0,282.0,282.0
846,56.450,82.670,56.44,82.54,1226.65,24203.0,0.0,0.0
847,56.450,82.670,56.44,82.54,1226.65,23171.0,0.0,0.0
848,56.450,82.670,56.44,82.54,1226.65,24688.0,370.0,370.0
849,56.450,82.670,56.44,82.54,1226.65,24074.0,0.0,0.0
850,56.450,82.670,56.44,82.54,1226.65,24627.0,0.0,0.0
851,56.450,82.670,56.44,82.54,1226.65,25377.0,420.0,420.0
852,56.450,82.670,56.44,82.54,1226.65,25605.0,0.0,0.0
853,56.450,82.670,56.44,82.54,1226.65,24645.0,0.0,0.0
854,56.450,82.670,56.44,82.54,1226.65,23680.0,0.0,0.0
855,56.450,82.670,56.44,82.54,1226.65,23642.0,0.0,0.0
856,56.450,82.670,56.44,82.54,1226.65,23694.0,0.0,0.0
857,56.450,82.670,56.44,82.54,1226.65,25105.0,0.0,0.0
858,56.450,82.670,56.44,82.54,1226.65,23068.0,0.0,0.0
859,56.450,82.670,56.44,82.54,1226.65,24461.0,0.0,0.0
860,56.450,82.670,56.44,82.54,1226.65,23198.0,0.0,0.0
861,56.450,82.670,56.44,82.54,1226.65,24345.0,0.0,0.0
862,56.450,82.670,56.44,82.54,1226.65,24032.0,0.0,0.0
863,56.450,82.670,56.44,82.54,1226.65,25290.0,256.0,256.0
864,56.450,82.670,56.44,82.54,1226.65,25227.0,0.0,0.0
865,56.450,82.670,56.44,82.54,1226.65,25806.0,0.0,0.0
866,56.450,82.670,56.44,82.54,1226.65,25428.0,425.0,425.0
867,56.450,82.670,56.44,82.54,1226.65,23701.0,0.0,0.0
868,56.450,82.670,56.44,82.54,1226.65,23620.0,0.0,0.0
869,56.450,82.670,56.44,82.54,1226.65,24482.0,0.0,0.0
870,56.450,82.670,56.44,82.54,1226.65,24003.0,0.0,0.0
871,56.450,82.670,56.44,82.54,1226.65,25235.0,774.0,774.0
872,56.450,82.670,56.44,82.54,1226.65,25347.0,810.0,810.0
873,56.450,82.670,56.44,82.54,1226.65,24349.0,0.0,0.0
874,56.450,82.670,56.44,82.54,1226.65,25044.0,58.0,58.0
875,56.450,82.670,56.44,82.54,1226.65,25219.0,441.0,441.0
876,56.450,82.670,56.44,82.54,1226.65,24761.0,0.0,0.0
877,56.450,82.670,56.44,82.54,1226.65,26622.0,1370.0,1370.0
878,56.450,82.670,56.44,82.54,1226.65,23914.0,0.0,0.0
879,56.450,82.670,56.44,82.54,1226.65,25856.0,792.0,792.0
880,56.450,82.670,56.44,82.54,1226.65,25776.0,1414.0,1414.0
881,56.450,82.670,56.44,82.54,1226.65,25101.0,301.0,301.0
882,56.450,82.670,56.44,82.54,1226.65,24563.0,69.0,69.0
883,56.450,82.670,56.44,82.54,1226.65,25110.0,0.0,0.0
884,56.450,82.670,56.44,82.54,1226.65,24378.0,261.0,261.0
885,56.450,82.670,56.44,82.54,1226.65,24335.0,0.0,0.0
886,56.450,82.670,56.44,82.54,1226.65,25397.0,390.0,390.0
887,56.450,82.670,56.44,82.54,1226.65,23956.0,0.0,0.0
888,56.450,82.670,56.44,82.54,1226.65,25842.0,461.0,461.0
889,56.450,82.670,56.44,82.54,1226.65,26709.0,1240.0,1240.0
890,56.450,82.670,56.44,82.54,1226.65,25158.0,0.0,0.0
891,56.450,82.670,56.44,82.54,1226.65,23594.0,0.0,0.0
892,56.450,82.670,56.44,82.54,1226.65,23712.0,0.0,0.0
893,56.450,82.670,56.44,82.54,1226.65,26135.0,550.0,550.0
894,56.450,82.670,56.44,82.54,1226.65,24468.0,0.0,0.0
895,56.450,82.670,56.44,82.54,1226.65,22225.0,0.0,0.0
896,56.450,82.670,56.44,82.54,1226.65,25995.0,1693.0,1693.0
897,56.450,82.670,56.44,82.54,1226.65,23285.0,0.0,0.0
898,56.450,82.670,56.44,82.54,1226.65,24250.0,0.0,0.0
899,56.450,82.670,56.44,82.54,1226.65,26084.0,1879.0,1879.0
900,56.450,82.670,56.44,82.54,1226.65,27008.0,2399.0,2399.0
901,56.450,82.670,56.44,82.54,1226.65,24254.0,0.0,0.0
902,56.450,82.670,56.44,82.54,1226.65,25141.0,0.0,0.0
903,56.450,82.670,56.44,82.54,1226.65,24440.0,0.0,0.0
904,56.450,82.670,56.44,82.54,1226.65,23460.0,0.0,0.0
905,56.450,82.670,56.44,82.54,1226.65,23242.0,0.0,0.0
906,56.450,82.670,56.44,82.54,1226.65,24439.0,0.0,0.0
907,56.450,82.670,56.44,82.54,1226.65,24916.0,0.0,0.0
908,56.450,82.670,56.44,82.54,1226.65,24644.0,0.0,0.0
909,56.450,82.670,56.44,82.54,1226.65,23976.0,0.0,0.0
910,56.450,82.670,56.44,82.54,1226.65,24676.0,0.0,0.0
911,56.450,82.670,56.44,82.54,1226.65,24450.0,0.0,0.0
912,56.450,82.670,56.44,82.54,1226.65,26691.0,2174.0,2174.0
913,56.450,82.670,56.44,82.54,1226.65,25090.0,0.0,0.0
914,56.450,82.670,56.44,82.54,1226.65,23657.0,0.0,0.0
915,56.450,82.670,56.44,82.54,1226.65,23988.0,0.0,0.0
916,56.450,82.670,56.44,82.54,1226.65,25039.0,365.0,365.0
917,56.450,82.670,56.44,82.54,1226.65,24023.0,0.0,0.0
918,56.450,82.670,56.44,82.54,1226.65,24441.0,0.0,0.0
919,56.450,82.670,56.44,82.54,1226.65,24633.0,0.0,0.0
920,56.450,82.670,56.44,82.54,1226.65,25142.0,317.0,317.0
921,56.450,82.670,56.44,82.54,1226.65,25345.0,282.0,282.0
922,56.450,82.670,56.44,82.54,1226.65,24763.0,118.0,118.0
923,56.450,82.670,56.44,82.54,1226.65,25716.0,1318.0,1318.0
924,56.450,82.670,56.44,82.54,1226.65,24971.0,1335.0,1335.0
925,56.450,82.670,56.44,82.54,1226.65,24172.0,316.0,316.0
926,56.450,82.670,56.44,82.54,1226.65,24464.0,0.0,0.0
927,56.450,82.670,56.44,82.54,1226.65,24742.0,1658.0,1658.0
928,56.450,82.670,56.44,82.54,1226.65,24564.0,0.0,0.0
929,56.450,82.670,56.44,82.54,1226.65,23416.0,0.0,0.0
930,56.450,82.670,56.44,82.54,1226.65,24735.0,1529.0,1529.0
931,56.450,82.670,56.44,82.54,1226.65,25009.0,525.0,525.0
932,56.450,82.670,56.44,82.54,1226.65,24335.0,287.0,287.0
933,56.450,82.670,56.44,82.54,1226.65,24923.0,0.0,0.0
934,56.450,82.670,56.44,82.54,1226.65,25606.0,1148.0,1148.0
935,56.450,82.670,56.44,82.54,1226.65,23922.0,0.0,0.0
936,56.450,82.670,56.44,82.54,1226.65,24918.0,0.0,0.0
937,56.450,82.670,56.44,82.54,1226.65,25039.0,320.0,320.0
938,56.450,82.670,56.44,82.54,1226.65,25334.0,301.0,301.0
939,56.450,82.670,56.44,82.54,1226.65,24401.0,284.0,284.0
940,56.450,82.670,56.44,82.54,1226.65,24932.0,0.0,0.0
941,56.450,82.670,56.44,82.54,1226.65,25203.0,0.0,0.0
942,56.450,82.670,56.44,82.54,1226.65,24901.0,0.0,0.0
943,56.450,82.670,56.44,82.54,1226.65,24586.0,177.0,177.0
944,56.450,82.670,56.44,82.54,1226.65,23608.0,0.0,0.0
945,56.450,82.670,56.44,82.54,1226.65,24353.0,0.0,0.0
946,56.450,82.670,56.44,82.54,1226.65,25126.0,1063.0,1063.0
947,56.450,82.670,56.44,82.54,1226.65,26399.0,806.0,806.0
948,56.450,82.670,56.44,82.54,1226.65,24175.0,0.0,0.0
949,56.450,82.670,56.44,82.54,1226.65,25588.0,1083.0,1083.0
950,56.450,82.670,56.44,82.54,1226.65,25125.0,138.0,138.0
951,56.450,82.670,56.44,82.54,1226.65,23788.0,0.0,0.0
952,56.450,82.670,56.44,82.54,1226.65,25159.0,1401.0,1401.0
953,56.450,82.670,56.44,82.54,1226.65,25684.0,927.0,927.0
954,56.450,82.670,56.44,82.54,1226.65,24623.0,0.0,0.0
955,56.450,82.670,56.44,82.54,1226.65,25331.0,640.0,640.0
956,56.450,82.670,56.44,82.54,1226.65,24977.0,0.0,0.0
957,56.450,82.670,56.44,82.54,1226.65,24746.0,126.0,126.0
958,56.450,82.670,56.44,82.54,1226.65,25448.0,990.0,990.0
959,56.450,82.670,56.44,82.54,1226.65,25064.0,8.0,8.0
960,56.450,82.670,56.44,82.54,1226.65,26246.0,1238.0,1238.0
961,56.450,82.670,56.44,82.54,1226.65,24117.0,0.0,0.0
962,56.450,82.670,56.44,82.54,1226.65,23829.0,0.0,0.0
963,56.450,82.670,56.44,82.54,1226.65,25450.0,578.0,578.0
964,56.450,82.670,56.44,82.54,1226.65,24697.0,0.0,0.0
965,56.450,82.670,56.44,82.54,1226.65,24615.0,0.0,0.0
966,56.450,82.670,56.44,82.54,1226.65,25710.0,585.0,585.0
967,56.450,82.670,56.44,82.54,1226.65,24191.0,0.0,0.0
968,56.450,82.670,56.44,82.54,1226.65,24595.0,0.0,0.0
969,56.450,82.670,56.44,82.54,1226.65,24872.0,105.0,105.0
970,56.450,82.670,56.44,82.54,1226.65,24301.0,0.0,0.0
971,56.450,82.670,56.44,82.54,1226.65,24593.0,586.0,586.0
972,56.450,82.670,56.44,82.54,1226.65,24836.0,625.0,625.0
973,56.450,82.670,56.44,82.54,1226.65,23742.0,0.0,0.0
974,56.450,82.670,56.44,82.54,1226.65,25052.0,0.0,0.0
975,56.450,82.670,56.44,82.54,1226.65,26287.0,962.0,962.0
976,56.450,82.670,56.44,82.54,1226.65,24009.0,0.0,0.0
977,56.450,82.670,56.44,82.54,1226.65,23873.0,0.0,0.0
978,56.450,82.670,56.44,82.54,1226.65,23702.0,0.0,0.0
979,56.450,82.670,56.44,82.54,1226.65,24985.0,880.0,880.0
980,56.450,82.670,56.44,82.54,1226.65,23975.0,0.0,0.0
981,56.450,82.670,56.44,82.54,1226.65,23431.0,0.0,0.0
982,56.450,82.670,56.44,82.54,1226.65,25995.0,140.0,140.0
983,56.450,82.670,56.44,82.54,1226.65,25285.0,799.0,799.0
984,56.450,82.670,56.44,82.54,1226.65,23825.0,0.0,0.0
985,56.450,82.670,56.44,82.54,1226.65,26598.0,2401.0,2401.0
986,56.450,82.670,56.44,82.54,1226.65,23591.0,0.0,0.0
987,56.450,82.670,56.44,82.54,1226.65,25765.0,672.0,672.0
988,56.450,82.670,56.44,82.54,1226.65,26359.0,2044.0,2044.0
989,56.450,82.670,56.44,82.54,1226.65,24004.0,0.0,0.0
990,56.450,82.670,56.44,82.54,1226.65,24925.0,446.0,446.0
991,56.450,82.670,56.44,82.54,1226.65,24557.0,0.0,0.0
992,56.450,82.670,56.44,82.54,1226.65,23901.0,0.0,0.0
993,56.450,82.670,56.44,82.54,1226.65,24671.0,0.0,0.0
994,56.450,82.670,56.44,82.54,1226.65,25355.0,366.0,366.0
995,56.450,82.670,56.44,82.54,1226.65,24832.0,0.0,0.0
996,56.450,82.670,56.44,82.54,1226.65,24278.0,252.0,252.0
997,56.450,82.670,56.44,82.54,1226.65,24307.0,0.0,0.0
998,56.450,82.670,56.44,82.54,1226.65,24886.0,5.0,5.0
999,56.450,82.670,56.44,82.54,1226.65,25711.0,865.0,865.0
1000,56.450,82.670,56.44,82.54,1226.65,23810.0,0.0,0.0
1001,56.450,82.670,56.44,82.54,1226.65,25854.0,1442.0,1442.0
1002,56.450,82.670,56.44,82.54,1226.65,26796.0,1931.0,1931.0
1003,56.450,82.670,56.44,82.54,1226.65,25175.0,516.0,516.0
1004,56.450,82.670,56.44,82.54,1226.65,24828.0,55.0,55.0
1005,56.450,82.670,56.44,82.54,1226.65,25518.0,176.0,176.0
1006,56.450,82.670,56.44,82.54,1226.65,23947.0,0.0,0.0
1007,56.450,82.670,56.44,82.54,1226.65,25344.0,524.0,524.0
1008,56.450,82.670,56.44,82.54,1226.65,25128.0,252.0,252.0
1009,56.450,82.670,56.44,82.54,1226.65,24439.0,0.0,0.0
1010,56.450,82.670,56.44,82.54,1226.65,25243.0,857.0,857.0
1011,56.450,82.670,56.44,82.54,1226.65,23385.0,0.0,0.0
1012,56.450,82.670,56.44,82.54,1226.65,24677.0,0.0,0.0
1013,56.450,82.670,56.44,82.54,1226.65,24489.0,0.0,0.0
1014,56.450,82.670,56.44,82.54,1226.65,26817.0,1085.0,1085.0
1015,56.450,82.670,56.44,82.54,1226.65,26200.0,1499.0,1499.0
1016,56.450,82.670,56.44,82.54,1226.65,26072.0,1481.0,1481.0
1017,56.450,82.670,56.44,82.54,1226.65,24710.0,0.0,0.0
1018,56.450,82.670,56.44,82.54,1226.65,24957.0,96.0,96.0
1019,56.450,82.670,56.44,82.54,1226.65,25401.0,225.0,225.0
1020,56.450,82.670,56.44,82.54,1226.65,25673.0,1002.0,1002.0
1021,56.450,82.670,56.44,82.54,1226.65,23460.0,0.0,0.0
1022,56.450,82.670,56.44,82.54,1226.65,24093.0,0.0,0.0
1023,56.450,82.670,56.44,82.54,1226.65,25144.0,0.0,0.0
1024,56.450,82.670,56.44,82.54,1226.65,23438.0,0.0,0.0
1025,56.450,82.670,56.44,82.54,1226.65,23806.0,0.0,0.0
1026,56.450,82.670,56.44,82.54,1226.65,25002.0,797.0,797.0
1027,56.450,82.670,56.44,82.54,1226.65,25104.0,325.0,325.0
1028,56.450,82.670,56.44,82.54,1226.65,23657.0,0.0,0.0
1029,56.450,82.670,56.44,82.54,1226.65,25160.0,232.0,232.0
1030,56.450,82.670,56.44,82.54,1226.65,24577.0,175.0,175.0
1031,56.450,82.670,56.44,82.54,1226.65,24659.0,0.0,0.0
1032,56.450,82.670,56.44,82.54,1226.65,24547.0,0.0,0.0
1033,56.450,82.670,56.44,82.54,1226.65,23670.0,0.0,0.0
1034,56.450,82.670,56.44,82.54,1226.65,25738.0,1075.0,1075.0
1035,56.450,82.670,56.44,82.54,1226.65,27176.0,1765.0,1765.0
1036,56.450,82.670,56.44,82.54,1226.65,25142.0,390.0,390.0
1037,56.450,82.670,56.44,82.54,1226.65,23705.0,0.0,0.0
1038,56.450,82.670,56.44,82.54,1226.65,24879.0,336.0,336.0
1039,56.450,82.670,56.44,82.54,1226.65,24581.0,319.0,319.0
1040,56.450,82.670,56.44,82.54,1226.65,24540.0,0.0,0.0
1041,56.450,82.670,56.44,82.54,1226.65,24370.0,168.0,168.0
1042,56.450,82.670,56.44,82.54,1226.65,23029.0,0.0,0.0
1043,56.450,82.670,56.44,82.54,1226.65,25851.0,526.0,526.0
1044,56.450,82.670,56.44,82.54,1226.65,26356.0,754.0,754.0
1045,56.450,82.670,56.44,82.54,1226.65,23214.0,0.0,0.0
1046,56.450,82.670,56.44,82.54,1226.65,24155.0,71.0,71.0
1047,56.450,82.670,56.44,82.54,1226.65,25000.0,0.0,0.0
1048,56.450,82.670,56.44,82.54,1226.65,24674.0,0.0,0.0
1049,56.450,82.670,56.44,82.54,1226.65,23918.0,0.0,0.0
1050,56.450,82.670,56.44,82.54,1226.65,23357.0,0.0,0.0
1051,56.450,82.670,56.44,82.54,1226.65,25425.0,130.0,130.0
1052,56.450,82.670,56.44,82.54,1226.65,24708.0,185.0,185.0
1053,56.450,82.670,56.44,82.54,1226.65,24548.0,0.0,0.0
1054,56.450,82.670,56.44,82.54,1226.65,24883.0,844.0,844.0
1055,56.450,82.670,56.44,82.54,1226.65,24691.0,447.0,447.0
1056,56.450,82.670,56.44,82.54,1226.65,26659.0,1023.0,1023.0
1057,56.450,82.670,56.44,82.54,1226.65,26131.0,614.0,614.0
1058,56.450,82.670,56.44,82.54,1226.65,22158.0,0.0,0.0
1059,56.450,82.670,56.44,82.54,1226.65,24149.0,0.0,0.0
1060,56.450,82.670,56.44,82.54,1226.65,25406.0,512.0,512.0
1061,56.450,82.670,56.44,82.54,1226.65,23280.0,0.0,0.0
1062,56.450,82.670,56.44,82.54,1226.65,23866.0,0.0,0.0
1063,56.450,82.670,56.44,82.54,1226.65,26236.0,348.0,348.0
1064,56.450,82.670,56.44,82.54,1226.65,25647.0,439.0,439.0
1065,56.450,82.670,56.44,82.54,1226.65,25998.0,726.0,726.0
1066,56.450,82.670,56.44,82.54,1226.65,25084.0,2107.0,2107.0
1067,56.450,82.670,56.44,82.54,1226.65,24318.0,0.0,0.0
1068,56.450,82.670,56.44,82.54,1226.65,25717.0,542.0,542.0
1069,56.450,82.670,56.44,82.54,1226.65,22902.0,0.0,0.0
1070,56.450,82.670,56.44,82.54,1226.65,22443.0,0.0,0.0
1071,56.450,82.670,56.44,82.54,1226.65,25939.0,870.0,870.0
1072,56.450,82.670,56.44,82.54,1226.65,24368.0,108.0,108.0
1073,56.450,82.670,56.44,82.54,1226.65,23663.0,0.0,0.0
1074,56.450,82.670,56.44,82.54,1226.65,25438.0,409.0,409.0
1075,56.450,82.670,56.44,82.54,1226.65,24801.0,0.0,0.0
1076,56.450,82.670,56.44,82.54,1226.65,24639.0,195.0,195.0
1077,56.450,82.670,56.44,82.54,1226.65,23864.0,0.0,0.0
1078,56.450,82.670,56.44,82.54,1226.65,24101.0,0.0,0.0
1079,56.450,82.670,56.44,82.54,1226.65,26889.0,1656.0,1656.0
1080,56.450,82.670,56.44,82.54,1226.65,24088.0,110.0,110.0
1081,56.450,82.670,56.44,82.54,1226.65,26081.0,726.0,726.0
1082,56.450,82.670,56.44,82.54,1226.65,24068.0,0.0,0.0
1083,56.450,82.670,56.44,82.54,1226.65,23159.0,0.0,0.0
1084,56.450,82.670,56.44,82.54,1226.65,22943.0,0.0,0.0
1085,56.450,82.670,56.44,82.54,1226.65,25426.0,635.0,635.0
1086,56.450,82.670,56.44,82.54,1226.65,23961.0,0.0,0.0
1087,56.450,82.670,56.44,82.54,1226.65,24870.0,371.0,371.0
1088,56.450,82.670,56.44,82.54,1226.65,23474.0,0.0,0.0
1089,56.450,82.670,56.44,82.54,1226.65,23664.0,0.0,0.0
1090,56.450,82.670,56.44,82.54,1226.65,23805.0,0.0,0.0
1091,56.450,82.670,56.44,82.54,1226.65,25124.0,1151.0,1151.0
1092,56.450,82.670,56.44,82.54,1226.65,23997.0,0.0,0.0
1093,56.450,82.670,56.44,82.54,1226.65,24137.0,0.0,0.0
1094,56.450,82.670,56.44,82.54,1226.65,24285.0,0.0,0.0
1095,56.450,82.670,56.44,82.54,1226.65,25866.0,0.0,0.0
1096,56.450,82.670,56.44,82.54,1226.65,23942.0,66.0,66.0
1097,56.450,82.670,56.44,82.54,1226.65,25401.0,749.0,749.0
1098,56.450,82.670,56.44,82.54,1226.65,25193.0,813.0,813.0
1099,56.450,82.670,56.44,82.54,1226.65,22955.0,0.0,0.0
1100,56.450,82.670,56.44,82.54,1226.65,25046.0,25.0,25.0
1101,56.450,82.670,56.44,82.54,1226.65,23910.0,0.0,0.0
1102,56.450,82.670,56.44,82.54,1226.65,24131.0,0.0,0.0
1103,56.450,82.670,56.44,82.54,1226.65,24042.0,0.0,0.0
1104,56.450,82.670,56.44,82.54,1226.65,25886.0,731.0,731.0
1105,56.450,82.670,56.44,82.54,1226.65,23035.0,0.0,0.0
1106,56.450,82.670,56.44,82.54,1226.65,25056.0,337.0,337.0
1107,56.450,82.670,56.44,82.54,1226.65,22838.0,0.0,0.0
1108,56.450,82.670,56.44,82.54,1226.65,23474.0,0.0,0.0
1109,56.450,82.670,56.44,82.54,1226.65,25281.0,890.0,890.0
1110,56.450,82.670,56.44,82.54,1226.65,24679.0,11.0,11.0
1111,56.450,82.670,56.44,82.54,1226.65,24257.0,0.0,0.0
1112,56.450,82.670,56.44,82.54,1226.65,24371.0,553.0,553.0
1113,56.450,82.670,56.44,82.54,1226.65,25001.0,645.0,645.0
1114,56.450,82.670,56.44,82.54,1226.65,25125.0,974.0,974.0
1115,56.450,82.670,56.44,82.54,1226.65,25730.0,734.0,734.0
1116,56.450,82.670,56.44,82.54,1226.65,25006.0,0.0,0.0
1117,56.450,82.670,56.44,82.54,1226.65,25997.0,1278.0,1278.0
1118,56.450,82.670,56.44,82.54,1226.65,24960.0,202.0,202.0
1119,56.450,82.670,56.44,82.54,1226.65,25140.0,814.0,814.0
1120,56.450,82.670,56.44,82.54,1226.65,25599.0,523.0,523.0
1121,56.450,82.670,56.44,82.54,1226.65,24030.0,0.0,0.0
1122,56.450,82.670,56.44,82.54,1226.65,24292.0,0.0,0.0
1123,56.450,82.670,56.44,82.54,1226.65,25321.0,456.0,456.0
1124,56.450,82.670,56.44,82.54,1226.65,25822.0,1305.0,1305.0
1125,56.450,82.670,56.44,82.54,1226.65,27288.0,2021.0,2021.0
1126,56.450,82.670,56.44,82.54,1226.65,26151.0,1394.0,1394.0
1127,56.450,82.670,56.44,82.54,1226.65,24061.0,0.0,0.0
1128,56.450,82.670,56.44,82.54,1226.65,25869.0,1172.0,1172.0
1129,56.450,82.670,56.44,82.54,1226.65,25138.0,1551.0,1551.0
1130,56.450,82.670,56.44,82.54,1226.65,25041.0,492.0,492.0
1131,56.450,82.670,56.44,82.54,1226.65,25751.0,172.0,172.0
1132,56.450,82.670,56.44,82.54,1226.65,24894.0,0.0,0.0
1133,56.450,82.670,56.44,82.54,1226.65,23891.0,0.0,0.0
1134,56.450,82.670,56.44,82.54,1226.65,25348.0,0.0,0.0
1135,56.450,82.670,56.44,82.54,1226.65,25029.0,200.0,200.0
1136,56.450,82.670,56.44,82.54,1226.65,23600.0,498.0,498.0
1137,56.450,82.670,56.44,82.54,1226.65,22445.0,0.0,0.0
1138,56.450,82.670,56.44,82.54,1226.65,24605.0,161.0,161.0
1139,56.450,82.670,56.44,82.54,1226.65,25247.0,906.0,906.0
1140,56.450,82.670,56.44,82.54,1226.65,23061.0,0.0,0.0
1141,56.450,82.670,56.44,82.54,1226.65,24664.0,103.0,103.0
1142,56.450,82.670,56.44,82.54,1226.65,24654.0,0.0,0.0
1143,56.450,82.670,56.44,82.54,1226.65,23817.0,0.0,0.0
1144,56.450,82.670,56.44,82.54,1226.65,24945.0,780.0,780.0
1145,56.450,82.670,56.44,82.54,1226.65,25111.0,949.0,949.0
1146,56.450,82.670,56.44,82.54,1226.65,25029.0,534.0,534.0
1147,56.450,82.670,56.44,82.54,1226.65,23369.0,0.0,0.0
1148,56.450,82.670,56.44,82.54,1226.65,23814.0,31.0,31.0
1149,56.450,82.670,56.44,82.54,1226.65,24833.0,0.0,0.0
1150,56.450,82.670,56.44,82.54,1226.65,25384.0,1052.0,1052.0
1151,56.450,82.670,56.44,82.54,1226.65,23978.0,0.0,0.0
1152,56.450,82.670,56.44,82.54,1226.65,26268.0,1162.0,1162.0
1153,56.450,82.670,56.44,82.54,1226.65,24936.0,647.0,647.0
1154,56.450,82.670,56.44,82.54,1226.65,24090.0,0.0,0.0
1155,56.450,82.670,56.44,82.54,1226.65,25158.0,0.0,0.0
1156,56.450,82.670,56.44,82.54,1226.65,24638.0,0.0,0.0
1157,56.450,82.670,56.44,82.54,1226.65,26873.0,2448.0,2448.0
1158,56.450,82.670,56.44,82.54,1226.65,24227.0,251.0,251.0
1159,56.450,82.670,56.44,82.54,1226.65,25031.0,902.0,902.0
1160,56.450,82.670,56.44,82.54,1226.65,23235.0,0.0,0.0
1161,56.450,82.670,56.44,82.54,1226.65,24267.0,0.0,0.0
1162,56.450,82.670,56.44,82.54,1226.65,24026.0,0.0,0.0
1163,56.450,82.670,56.44,82.54,1226.65,23977.0,0.0,0.0
1164,56.450,82.670,56.44,82.54,1226.65,24590.0,0.0,0.0
1165,56.450,82.670,56.44,82.54,1226.65,27311.0,2182.0,2182.0
1166,56.450,82.670,56.44,82.54,1226.65,23498.0,0.0,0.0
1167,56.450,82.670,56.44,82.54,1226.65,24457.0,231.0,231.0
1168,56.450,82.670,56.44,82.54,1226.65,25185.0,356.0,356.0
1169,56.450,82.670,56.44,82.54,1226.65,24286.0,202.0,202.0
1170,56.450,82.670,56.44,82.54,1226.65,24628.0,964.0,964.0
1171,56.450,82.670,56.44,82.54,1226.65,25705.0,1199.0,1199.0
1172,56.450,82.670,56.44,82.54,1226.65,24270.0,0.0,0.0
1173,56.450,82.670,56.44,82.54,1226.65,24189.0,0.0,0.0
1174,56.450,82.670,56.44,82.54,1226.65,23900.0,0.0,0.0
1175,56.450,82.670,56.44,82.54,1226.65,23405.0,0.0,0.0
1176,56.450,82.670,56.44,82.54,1226.65,23194.0,0.0,0.0
1177,56.450,82.670,56.44,82.54,1226.65,24659.0,828.0,828.0
1178,56.450,82.670,56.44,82.54,1226.65,23900.0,0.0,0.0
1179,56.450,82.670,56.44,82.54,1226.65,24116.0,0.0,0.0
1180,56.450,82.670,56.44,82.54,1226.65,23334.0,0.0,0.0
1181,56.450,82.670,56.44,82.54,1226.65,24100.0,48.0,48.0
1182,56.450,82.670,56.44,82.54,1226.65,24334.0,317.0,317.0
1183,56.450,82.670,56.44,82.54,1226.65,24227.0,0.0,0.0
1184,56.450,82.670,56.44,82.54,1226.65,24823.0,0.0,0.0
1185,56.450,82.670,56.44,82.54,1226.65,24028.0,161.0,161.0
1186,56.450,82.670,56.44,82.54,1226.65,25358.0,256.0,256.0
1187,56.450,82.670,56.44,82.54,1226.65,22746.0,0.0,0.0
1188,56.450,82.670,56.44,82.54,1226.65,24283.0,48.0,48.0
1189,56.450,82.670,56.44,82.54,1226.65,24746.0,0.0,0.0
1190,56.450,82.670,56.44,82.54,1226.65,25647.0,1098.0,1098.0
1191,56.450,82.670,56.44,82.54,1226.65,23717.0,0.0,0.0
1192,56.450,82.670,56.44,82.54,1226.65,24218.0,183.0,183.0
1193,56.450,82.670,56.44,82.54,1226.65,23938.0,0.0,0.0
1194,56.450,82.670,56.44,82.54,1226.65,24828.0,0.0,0.0
1195,56.450,82.670,56.44,82.54,1226.65,27077.0,2415.0,2415.0
1196,56.450,82.670,56.44,82.54,1226.65,24694.0,0.0,0.0
1197,56.450,82.670,56.44,82.54,1226.65,23477.0,0.0,0.0
1198,56.450,82.670,56.44,82.54,1226.65,23984.0,0.0,0.0
1199,56.450,82.670,56.44,82.54,1226.65,24971.0,443.0,443.0
1200,56.450,82.670,56.44,82.54,1226.65,26772.0,1433.0,1433.0
1201,56.450,82.670,56.44,82.54,1226.65,24516.0,468.0,468.0
1202,56.450,82.670,56.44,82.54,1226.65,25216.0,453.0,453.0
1203,56.450,82.670,56.44,82.54,1226.65,25100.0,0.0,0.0
1204,56.450,82.670,56.44,82.54,1226.65,23474.0,0.0,0.0
1205,56.450,82.670,56.44,82.54,1226.65,25114.0,736.0,736.0
1206,56.450,82.670,56.44,82.54,1226.65,23984.0,0.0,0.0
1207,56.450,82.670,56.44,82.54,1226.65,23279.0,0.0,0.0
1208,56.450,82.670,56.44,82.54,1226.65,25944.0,1438.0,1438.0
1209,56.450,82.670,56.44,82.54,1226.65,23363.0,0.0,0.0
1210,56.450,82.670,56.44,82.54,1226.65,24035.0,0.0,0.0
1211,56.450,82.670,56.44,82.54,1226.65,25846.0,1217.0,1217.0
1212,56.450,82.670,56.44,82.54,1226.65,24637.0,0.0,0.0
1213,56.450,82.670,56.44,82.54,1226.65,25258.0,71.0,71.0
1214,56.450,82.670,56.44,82.54,1226.65,25671.0,884.0,884.0
1215,56.450,82.670,56.44,82.54,1226.65,23270.0,0.0,0.0
1216,56.450,82.670,56.44,82.54,1226.65,23443.0,0.0,0.0
1217,56.450,82.670,56.44,82.54,1226.65,25362.0,1593.0,1593.0
1218,56.450,82.670,56.44,82.54,1226.65,25104.0,221.0,221.0
1219,56.450,82.670,56.44,82.54,1226.65,25050.0,260.0,260.0
1220,56.450,82.670,56.44,82.54,1226.65,23874.0,0.0,0.0
1221,56.450,82.670,56.44,82.54,1226.65,25076.0,532.0,532.0
1222,56.450,82.670,56.44,82.54,1226.65,25904.0,1212.0,1212.0
1223,56.450,82.670,56.44,82.54,1226.65,23837.0,460.0,460.0
1224,56.450,82.670,56.44,82.54,1226.65,25046.0,364.0,364.0
1225,56.450,82.670,56.44,82.54,1226.65,25589.0,0.0,0.0
1226,56.450,82.670,56.44,82.54,1226.65,24240.0,233.0,233.0
1227,56.450,82.670,56.44,82.54,1226.65,23285.0,0.0,0.0
1228,56.450,82.670,56.44,82.54,1226.65,25034.0,415.0,415.0
1229,56.450,82.670,56.44,82.54,1226.65,23648.0,0.0,0.0
1230,56.450,82.670,56.44,82.54,1226.65,24948.0,1178.0,1178.0
1231,56.450,82.670,56.44,82.54,1226.65,26254.0,1549.0,1549.0
1232,56.450,82.670,56.44,82.54,1226.65,23123.0,0.0,0.0
1233,56.450,82.670,56.44,82.54,1226.65,23391.0,0.0,0.0
1234,56.450,82.670,56.44,82.54,1226.65,23272.0,0.0,0.0
1235,56.450,82.670,56.44,82.54,1226.65,25939.0,700.0,700.0
1236,56.450,82.670,56.44,82.54,1226.65,25677.0,1137.0,1137.0
1237,56.450,82.670,56.44,82.54,1226.65,25263.0,1318.0,1318.0
1238,56.450,82.670,56.44,82.54,1226.65,24885.0,756.0,756.0
1239,56.450,82.670,56.44,82.54,1226.65,25384.0,941.0,941.0
1240,56.450,82.670,56.44,82.54,1226.65,24291.0,542.0,542.0
1241,56.450,82.670,56.44,82.54,1226.65,24354.0,219.0,219.0
1242,56.450,82.670,56.44,82.54,1226.65,22134.0,0.0,0.0
1243,56.450,82.670,56.44,82.54,1226.65,24562.0,293.0,293.0
1244,56.450,82.670,56.44,82.54,1226.65,23660.0,0.0,0.0
1245,56.450,82.670,56.44,82.54,1226.65,24986.0,483.0,483.0
1246,56.450,82.670,56.44,82.54,1226.65,25787.0,587.0,587.0
1247,56.450,82.670,56.44,82.54,1226.65,24280.0,0.0,0.0
1248,56.450,82.670,56.44,82.54,1226.65,24773.0,671.0,671.0
1249,56.450,82.670,56.44,82.54,1226.65,24447.0,0.0,0.0
1250,56.450,82.670,56.44,82.54,1226.65,23542.0,0.0,0.0
1251,56.450,82.670,56.44,82.54,1226.65,23862.0,0.0,0.0
1252,56.450,82.670,56.44,82.54,1226.65,23256.0,0.0,0.0
1253,56.450,82.670,56.44,82.54,1226.65,25706.0,942.0,942.0
1254,56.450,82.670,56.44,82.54,1226.65,23701.0,0.0,0.0
1255,56.450,82.670,56.44,82.54,1226.65,24683.0,0.0,0.0
1256,56.450,82.670,56.44,82.54,1226.65,23499.0,0.0,0.0
1257,56.450,82.670,56.44,82.54,1226.65,25289.0,887.0,887.0
1258,56.450,82.670,56.44,82.54,1226.65,23996.0,0.0,0.0
1259,56.450,82.670,56.44,82.54,1226.65,24167.0,210.0,210.0
1260,56.450,82.670,56.44,82.54,1226.65,25695.0,1681.0,1681.0
1261,56.450,82.670,56.44,82.54,1226.65,25353.0,477.0,477.0
1262,56.450,82.670,56.44,82.54,1226.65,24250.0,0.0,0.0
1263,56.450,82.670,56.44,82.54,1226.65,25273.0,781.0,781.0
1264,56.450,82.670,56.44,82.54,1226.65,24050.0,63.0,63.0
1265,56.450,82.670,56.44,82.54,1226.65,25309.0,265.0,265.0
1266,56.450,82.670,56.44,82.54,1226.65,25318.0,846.0,846.0
1267,56.450,82.670,56.44,82.54,1226.65,24673.0,52.0,52.0
1268,56.450,82.670,56.44,82.54,1226.65,22495.0,0.0,0.0
1269,56.450,82.670,56.44,82.54,1226.65,23921.0,0.0,0.0
1270,56.450,82.670,56.44,82.54,1226.65,23260.0,0.0,0.0
1271,56.450,82.670,56.44,82.54,1226.65,25847.0,0.0,0.0
1272,56.450,82.670,56.44,82.54,1226.65,23997.0,0.0,0.0
1273,56.450,82.670,56.44,82.54,1226.65,24948.0,0.0,0.0
1274,56.450,82.670,56.44,82.54,1226.65,25378.0,0.0,0.0
1275,56.450,82.670,56.44,82.54,1226.65,26137.0,0.0,0.0
1276,56.450,82.670,56.44,82.54,1226.65,26089.0,93.0,93.0
1277,56.450,82.670,56.44,82.54,1226.65,24939.0,88.0,88.0
1278,56.450,82.670,56.44,82.54,1226.65,26554.0,390.0,390.0
1279,56.450,82.670,56.44,82.54,1226.65,27931.0,0.0,0.0
1280,56.450,82.670,56.44,82.54,1226.65,24061.0,0.0,0.0
1281,56.450,82.670,56.44,82.54,1226.65,27253.0,0.0,0.0
1282,56.450,82.670,56.44,82.54,1226.65,24606.0,0.0,0.0
1283,56.450,82.670,56.44,82.54,1226.65,25850.0,0.0,0.0
1284,56.450,82.670,56.44,82.54,1226.65,26578.0,0.0,0.0
1285,56.450,82.670,56.44,82.54,1226.65,25971.0,0.0,0.0
1286,56.450,82.670,56.44,82.54,1226.65,26735.0,0.0,0.0
1287,56.450,82.670,56.44,82.54,1226.65,26652.0,0.0,0.0
1288,56.450,82.670,56.44,82.54,1226.65,25245.0,0.0,0.0
1289,56.450,82.670,56.44,82.54,1226.65,27883.0,0.0,0.0
1290,56.450,82.670,56.44,82.54,1226.65,26153.0,0.0,0.0
1291,56.450,82.670,56.44,82.54,1226.65,25244.0,0.0,0.0
1292,56.450,82.670,56.44,82.54,1226.65,25074.0,0.0,0.0
1293,56.450,82.670,56.44,82.54,1226.65,24999.0,0.0,0.0
1294,56.450,82.670,56.44,82.54,1226.65,26384.0,0.0,0.0
1295,56.450,82.670,56.44,82.54,1226.65,24688.0,0.0,0.0
1296,56.450,82.670,56.44,82.54,1226.65,25288.0,0.0,0.0
1297,56.450,82.670,56.44,82.54,1226.65,27728.0,0.0,0.0
1298,56.450,82.670,56.44,82.54,1226.65,25944.0,0.0,0.0
1299,56.450,82.670,56.44,82.54,1226.65,24548.0,0.0,0.0
1300,56.450,82.670,56.44,82.54,1226.65,25412.0,0.0,0.0
1301,56.450,82.670,56.44,82.54,1226.65,24672.0,0.0,0.0
1302,56.450,82.670,56.44,82.54,1226.65,25718.0,0.0,0.0
1303,56.450,82.670,56.44,82.54,1226.65,25627.0,0.0,0.0
1304,56.450,82.670,56.44,82.54,1226.65,26271.0,152.0,152.0
1305,56.450,82.670,56.44,82.54,1226.65,27445.0,913.0,913.0
1306,56.450,82.670,56.44,82.54,1226.65,25482.0,0.0,0.0
1307,56.450,82.670,56.44,82.54,1226.65,25057.0,0.0,0.0
1308,56.450,82.670,56.44,82.54,1226.65,24524.0,0.0,0.0
1309,56.450,82.670,56.44,82.54,1226.65,25516.0,0.0,0.0
1310,56.450,82.670,56.44,82.54,1226.65,27718.0,0.0,0.0
1311,56.450,82.670,56.44,82.54,1226.65,25168.0,0.0,0.0
1312,56.450,82.670,56.44,82.54,1226.65,26566.0,0.0,0.0
1313,56.450,82.670,56.44,82.54,1226.65,24484.0,0.0,0.0
1314,56.450,82.670,56.44,82.54,1226.65,25257.0,448.0,448.0
1315,56.450,82.670,56.44,82.54,1226.65,22839.0,0.0,0.0
1316,56.450,82.670,56.44,82.54,1226.65,25058.0,209.0,209.0
1317,56.450,82.670,56.44,82.54,1226.65,26407.0,1165.0,1165.0
1318,56.450,82.670,56.44,82.54,1226.65,25678.0,136.0,136.0
1319,56.450,82.670,56.44,82.54,1226.65,25540.0,0.0,0.0
1320,56.450,82.670,56.44,82.54,1226.65,23748.0,0.0,0.0
1321,56.450,82.670,56.44,82.54,1226.65,24370.0,0.0,0.0
1322,56.450,82.670,56.44,82.54,1226.65,23736.0,0.0,0.0
1323,56.450,82.670,56.44,82.54,1226.65,26594.0,1858.0,1858.0
1324,56.450,82.670,56.44,82.54,1226.65,24418.0,0.0,0.0
1325,56.450,82.670,56.44,82.54,1226.65,24751.0,0.0,0.0
1326,56.450,82.670,56.44,82.54,1226.65,24231.0,0.0,0.0
1327,56.450,82.670,56.44,82.54,1226.65,23767.0,0.0,0.0
1328,56.450,82.670,56.44,82.54,1226.65,23878.0,0.0,0.0
1329,56.450,82.670,56.44,82.54,1226.65,24309.0,0.0,0.0
1330,56.450,82.670,56.44,82.54,1226.65,24408.0,0.0,0.0
1331,56.450,82.670,56.44,82.54,1226.65,23765.0,0.0,0.0
1332,56.450,82.670,56.44,82.54,1226.65,23622.0,0.0,0.0
1333,56.450,82.670,56.44,82.54,1226.65,23471.0,0.0,0.0
1334,56.450,82.670,56.44,82.54,1226.65,31862.0,4354.0,4354.0
1335,56.450,82.670,56.44,82.54,1226.65,41196.0,14019.0,14019.0
1336,56.450,82.670,56.46,82.51,1226.65,43051.0,15517.0,15517.0
1337,56.450,82.670,56.36,82.73,1226.65,41598.0,13382.0,13382.0
1338,56.450,82.670,56.1,82.62,1226.65,44339.0,15381.0,15381.0
1339,56.450,82.670,56.23,82.67,1226.65,41038.0,12204.0,12204.0
1340,56.450,82.670,56.25,82.66,1226.65,42822.0,14674.0,14674.0
1341,56.450,82.670,56.36,82.56,1226.65,41984.0,13798.0,13798.0
1342,56.450,82.670,56.48,82.62,1226.65,42678.0,13920.0,13920.0
1343,56.450,82.670,56.48,82.45,1226.65,41774.0,13379.0,13379.0
1344,56.450,82.670,56.31,82.67,1226.65,43312.0,15898.0,15898.0
1345,56.450,82.670,56.32,82.7,1226.65,43469.0,12212.0,12212.0
1346,56.450,82.670,56.04,82.7,1226.65,38562.0,10494.0,10494.0
1347,56.450,82.670,56.29,82.51,1226.65,42101.0,11766.0,11766.0
1348,56.450,82.670,56.36,82.74,1226.65,45436.0,15370.0,15370.0
1349,56.450,82.670,56.2,82.71,1226.65,42745.0,13153.0,13153.0
1350,56.450,82.670,56.22,82.64,1226.65,42768.0,14626.0,14626.0
1351,56.450,82.670,56.22,82.79,1226.65,43421.0,14229.0,14229.0
1352,56.450,82.670,56.45,82.56,1226.65,41477.0,10767.0,10767.0
1353,56.450,82.670,56.13,82.62,1226.65,40033.0,10649.0,10649.0
1354,56.450,82.670,56.08,82.65,1226.65,43245.0,12635.0,12635.0
1355,56.450,82.670,56.29,82.44,1226.65,39358.0,9199.0,9199.0
1356,56.450,82.670,56.18,82.56,1226.65,45222.0,14295.0,14295.0
1357,56.450,82.670,56.3,82.68,1226.65,40273.0,11229.0,11229.0
1358,56.450,82.670,56.27,82.75,1226.65,46503.0,16041.0,16041.0
1359,56.450,82.670,56.35,82.64,1226.65,42042.0,11296.0,11296.0
1360,56.450,82.670,56.05,82.78,1226.65,41180.0,11716.0,11716.0
1361,56.450,82.670,56.13,82.57,1226.65,41567.0,12175.0,12175.0
1362,56.450,82.670,56.35,82.75,1226.65,42019.0,11193.0,11193.0
1363,56.450,82.670,56.18,82.73,1226.65,44827.0,12964.0,12964.0
1364,56.450,82.670,56.22,82.94,1226.65,42474.0,11896.0,11896.0
1365,56.450,82.670,56.2,82.77,1226.65,41756.0,13672.0,13672.0
1366,56.450,82.670,56.45,82.61,1226.65,39974.0,11334.0,11334.0
1367,56.450,82.670,56.25,82.52,1226.65,40812.0,12061.0,12061.0
1368,56.450,82.670,56.2,82.58,1226.65,42749.0,14398.0,14398.0
1369,56.450,82.670,56.22,82.53,1226.65,43487.0,14171.0,14171.0
1370,56.450,82.670,56.1,82.72,1226.65,41951.0,12692.0,12692.0
1371,56.450,82.670,56.23,82.72,1226.65,44060.0,13387.0,13387.0
1372,56.450,82.670,56.37,82.49,1226.65,43053.0,12624.0,12624.0
1373,56.450,82.670,56.23,82.64,1226.65,41039.0,11955.0,11955.0
1374,56.450,82.670,56.35,82.69,1226.65,42066.0,13827.0,13827.0
1375,56.450,82.670,56.31,82.51,1226.65,43596.0,14308.0,14308.0
1376,56.450,82.670,56.26,82.64,1226.65,43040.0,13149.0,13149.0
1377,56.450,82.670,56.46,82.58,1226.65,43559.0,14439.0,14439.0
1378,56.450,82.670,56.43,82.84,1226.65,42940.0,15192.0,15192.0
1379,56.450,82.670,56.44,82.53,1226.65,43566.0,16588.0,16588.0
1380,56.450,82.670,56.25,82.5,1226.65,37363.0,8737.0,8737.0
1381,56.450,82.670,56.38,82.74,1226.65,42623.0,14775.0,14775.0
1382,56.450,82.670,56.36,82.63,1226.65,42609.0,13139.0,13139.0
1383,56.450,82.670,56.46,82.88,1226.65,42953.0,11994.0,11994.0
1384,56.450,82.670,56.23,82.77,1226.65,39666.0,10662.0,10662.0
1385,56.450,82.670,56.29,82.79,1226.65,42331.0,14695.0,14695.0
1386,56.450,82.670,56.2,82.82,1226.65,39416.0,11676.0,11676.0
1387,56.450,82.670,56.05,82.55,1226.65,40653.0,13235.0,13235.0
1388,56.450,82.670,56.27,82.59,1226.65,40663.0,13548.0,13548.0
1389,56.450,82.670,56.04,82.84,1226.65,39738.0,12370.0,12370.0
1390,56.450,82.670,56.2,82.82,1226.65,41260.0,14289.0,14289.0
1391,56.450,82.670,56.45,82.67,1226.65,41743.0,13745.0,13745.0
1392,56.450,82.670,56.45,82.67,1226.65,31526.0,5340.0,5340.0
1393,56.450,82.670,56.45,82.67,1226.65,23892.0,0.0,0.0
1394,56.450,82.670,56.45,82.67,1226.65,24925.0,0.0,0.0
1395,56.450,82.670,56.45,82.67,1226.65,23729.0,0.0,0.0
1396,56.450,82.670,56.45,82.67,1226.65,24737.0,0.0,0.0
1397,56.450,82.670,56.45,82.67,1226.65,24330.0,0.0,0.0
1398,56.450,82.670,56.45,82.67,1226.65,25669.0,0.0,0.0
1399,56.450,82.670,56.45,82.67,1226.65,25441.0,0.0,0.0
1400,56.450,82.670,56.45,82.67,1226.65,25729.0,95.0,95.0
1401,56.450,82.670,56.45,82.67,1226.65,24415.0,0.0,0.0
1402,56.450,82.670,56.45,82.67,1226.65,24801.0,0.0,0.0
1403,56.450,82.670,56.45,82.67,1226.65,23917.0,0.0,0.0
1404,56.450,82.670,56.45,82.67,1226.65,25706.0,666.0,666.0
1405,56.450,82.670,56.45,82.67,1226.65,24271.0,0.0,0.0
1406,56.450,82.670,56.45,82.67,1226.65,25936.0,0.0,0.0
1407,56.450,82.670,56.45,82.67,1226.65,25706.0,0.0,0.0
1408,56.450,82.670,56.45,82.67,1226.65,24814.0,0.0,0.0
1409,56.450,82.670,56.45,82.67,1226.65,24776.0,0.0,0.0
1410,56.450,82.670,56.45,82.67,1226.65,27766.0,0.0,0.0
1411,56.450,82.670,56.45,82.67,1226.65,25152.0,0.0,0.0
1412,56.450,82.670,56.45,82.67,1226.65,24741.0,0.0,0.0
1413,56.450,82.670,56.45,82.67,1226.65,24579.0,0.0,0.0
1414,56.450,82.670,56.45,82.67,1226.65,24167.0,0.0,0.0
1415,56.450,82.670,56.45,82.67,1226.65,25353.0,429.0,429.0
1416,56.450,82.670,56.45,82.67,1226.65,24258.0,0.0,0.0
1417,56.450,82.670,56.45,82.67,1226.65,22758.0,0.0,0.0
1418,56.450,82.670,56.45,82.67,1226.65,24460.0,0.0,0.0
1419,56.450,82.670,56.45,82.67,1226.65,24891.0,0.0,0.0
1420,56.450,82.670,56.45,82.67,1226.65,25709.0,0.0,0.0
1421,56.450,82.670,56.45,82.67,1226.65,24221.0,11.0,11.0
1422,56.450,82.670,56.45,82.67,1226.65,26158.0,198.0,198.0
1423,56.450,82.670,56.45,82.67,1226.65,25346.0,0.0,0.0
1424,56.450,82.670,56.45,82.67,1226.65,25270.0,0.0,0.0
1425,56.450,82.670,56.45,82.67,1226.65,26373.0,0.0,0.0
1426,56.450,82.670,56.45,82.67,1226.65,25726.0,220.0,220.0
1427,56.450,82.670,56.45,82.67,1226.65,23549.0,0.0,0.0
1428,56.450,82.670,56.45,82.67,1226.65,24902.0,0.0,0.0
1429,56.450,82.670,56.45,82.67,1226.65,25619.0,246.0,246.0
1430,56.450,82.670,56.45,82.67,1226.65,23761.0,0.0,0.0
1431,56.450,82.670,56.45,82.67,1226.65,25463.0,0.0,0.0
1432,56.450,82.670,56.45,82.67,1226.65,24601.0,0.0,0.0
1433,56.450,82.670,56.45,82.67,1226.65,25476.0,1095.0,1095.0
1434,56.450,82.670,56.45,82.67,1226.65,23486.0,0.0,0.0
1435,56.450,82.670,56.45,82.67,1226.65,24551.0,0.0,0.0
1436,56.450,82.670,56.45,82.67,1226.65,24823.0,369.0,369.0
1437,56.450,82.670,56.45,82.67,1226.65,25186.0,554.0,554.0
1438,56.450,82.670,56.45,82.67,1226.65,24246.0,0.0,0.0
1439,56.450,82.670,56.45,82.67,1226.65,24833.0,0.0,0.0
1440,56.450,82.670,56.45,82.67,1226.65,24879.0,88.0,88.0
1441,56.450,82.670,56.45,82.67,1226.65,24625.0,0.0,0.0
1442,56.450,82.670,56.45,82.67,1226.65,22993.0,0.0,0.0
1443,56.450,82.670,56.45,82.67,1226.65,24904.0,0.0,0.0
1444,56.450,82.670,56.45,82.67,1226.65,24162.0,0.0,0.0
1445,56.450,82.670,56.45,82.67,1226.65,22226.0,0.0,0.0
1446,56.450,82.670,56.45,82.67,1226.65,23680.0,0.0,0.0
1447,56.450,82.670,56.45,82.67,1226.65,25305.0,0.0,0.0
1448,56.450,82.670,56.45,82.67,1226.65,24653.0,0.0,0.0
1449,56.450,82.670,56.45,82.67,1226.65,25162.0,0.0,0.0
1450,56.450,82.670,56.45,82.67,1226.65,23628.0,0.0,0.0
1451,56.450,82.670,56.45,82.67,1226.65,25414.0,0.0,0.0
1452,56.450,82.670,56.45,82.67,1226.65,24702.0,105.0,105.0
1453,56.450,82.670,56.45,82.67,1226.65,23519.0,0.0,0.0
1454,56.450,82.670,56.45,82.67,1226.65,26237.0,0.0,0.0
1455,56.450,82.670,56.45,82.67,1226.65,24378.0,0.0,0.0
1456,56.450,82.670,56.45,82.67,1226.65,24688.0,0.0,0.0
1457,56.450,82.670,56.45,82.67,1226.65,23525.0,0.0,0.0
1458,56.450,82.670,56.45,82.67,1226.65,24279.0,0.0,0.0
1459,56.450,82.670,56.45,82.67,1226.65,25290.0,0.0,0.0
1460,56.450,82.670,56.45,82.67,1226.65,24300.0,0.0,0.0
1461,56.450,82.670,56.45,82.67,1226.65,24148.0,0.0,0.0
1462,56.450,82.670,56.45,82.67,1226.65,25409.0,0.0,0.0
1463,56.450,82.670,56.45,82.67,1226.65,25594.0,0.0,0.0
1464,56.450,82.670,56.45,82.67,1226.65,25549.0,0.0,0.0
1465,56.450,82.670,56.45,82.67,1226.65,26466.0,180.0,180.0
1466,56.450,82.670,56.45,82.67,1226.65,24883.0,0.0,0.0
1467,56.450,82.670,56.45,82.67,1226.65,25707.0,0.0,0.0
1468,56.450,82.670,56.45,82.67,1226.65,23952.0,0.0,0.0
1469,56.450,82.670,56.45,82.67,1226.65,24629.0,0.0,0.0
1470,56.450,82.670,56.45,82.67,1226.65,24915.0,0.0,0.0
1471,56.450,82.670,56.45,82.67,1226.65,25171.0,0.0,0.0
1472,56.450,82.670,56.45,82.67,1226.65,25084.0,0.0,0.0
1473,56.450,82.670,56.45,82.67,1226.65,24642.0,0.0,0.0
1474,56.450,82.670,56.45,82.67,1226.65,24360.0,0.0,0.0
1475,56.450,82.670,56.45,82.67,1226.65,25135.0,21.0,21.0
1476,56.450,82.670,56.45,82.67,1226.65,23608.0,0.0,0.0
1477,56.450,82.670,56.45,82.67,1226.65,24888.0,0.0,0.0
1478,56.450,82.670,56.45,82.67,1226.65,26776.0,0.0,0.0
1479,56.450,82.670,56.45,82.67,1226.65,26551.0,0.0,0.0
1480,56.450,82.670,56.45,82.67,1226.65,27606.0,0.0,0.0
1481,56.450,82.670,56.45,82.67,1226.65,27240.0,0.0,0.0
1482,56.450,82.670,56.45,82.67,1226.65,25435.0,0.0,0.0
1483,56.450,82.670,56.45,82.67,1226.65,27193.0,0.0,0.0
1484,56.450,82.670,56.45,82.67,1226.65,25969.0,0.0,0.0
1485,56.450,82.670,56.45,82.67,1226.65,26761.0,0.0,0.0
1486,56.450,82.670,56.45,82.67,1226.65,24717.0,0.0,0.0
1487,56.450,82.670,56.45,82.67,1226.65,24854.0,0.0,0.0
1488,56.450,82.670,56.45,82.67,1226.65,24515.0,0.0,0.0
1489,56.450,82.670,56.45,82.67,1226.65,26976.0,0.0,0.0
1490,56.450,82.670,56.45,82.67,1226.65,26887.0,0.0,0.0
1491,56.450,82.670,56.45,82.67,1226.65,28372.0,0.0,0.0
1492,56.450,82.670,56.45,82.67,1226.65,26365.0,0.0,0.0
1493,56.450,82.670,56.45,82.67,1226.65,27601.0,0.0,0.0
1494,56.450,82.670,56.45,82.67,1226.65,26081.0,0.0,0.0
1495,56.450,82.670,56.45,82.67,1226.65,25981.0,0.0,0.0
1496,56.450,82.670,56.45,82.67,1226.65,25712.0,0.0,0.0
1497,56.450,82.670,56.45,82.67,1226.65,27988.0,0.0,0.0
1498,56.450,82.670,56.45,82.67,1226.65,25165.0,0.0,0.0
1499,56.450,82.670,56.45,82.67,1226.65,26866.0,0.0,0.0
1500,56.450,82.670,56.45,82.67,1226.65,27982.0,0.0,0.0
