id,avg_x,avg_y,x,y,bg,Square_intensity,circular_intensity,Gaussian_intensity
46,192.980,18.520,193.09,18.48,1210.08,26324.0,0.0,0.0
47,192.980,18.520,193.09,18.48,1210.08,29002.0,0.0,0.0
48,192.980,18.520,193.09,18.48,1210.08,28187.0,0.0,0.0
49,192.980,18.520,193.09,18.48,1210.08,26964.0,0.0,0.0
50,192.980,18.520,193.09,18.48,1210.08,29749.0,687.0,687.0
51,192.980,18.520,193.09,18.48,1210.08,28986.0,544.0,544.0
52,192.980,18.520,193.09,18.48,1210.08,26384.0,0.0,0.0
53,192.980,18.520,193.09,18.48,1210.08,29216.0,285.0,285.0
54,192.980,18.520,193.09,18.48,1210.08,27594.0,0.0,0.0
55,192.980,18.520,193.09,18.48,1210.08,26904.0,0.0,0.0
56,192.980,18.520,193.09,18.48,1210.08,28017.0,0.0,0.0
57,192.980,18.520,193.09,18.48,1210.08,28281.0,43.0,43.0
58,192.980,18.520,193.09,18.48,1210.08,28754.0,773.0,773.0
59,192.980,18.520,193.09,18.48,1210.08,29364.0,0.0,0.0
60,192.980,18.520,193.09,18.48,1210.08,27468.0,0.0,0.0
61,192.980,18.520,193.09,18.48,1210.08,27948.0,0.0,0.0
62,192.980,18.520,193.09,18.48,1210.08,29293.0,1242.0,1242.0
63,192.980,18.520,193.09,18.48,1210.08,25833.0,0.0,0.0
64,192.980,18.520,193.09,18.48,1210.08,27424.0,0.0,0.0
65,192.980,18.520,193.09,18.48,1210.08,26749.0,0.0,0.0
66,192.980,18.520,193.09,18.48,1210.08,28690.0,0.0,0.0
67,192.980,18.520,193.09,18.48,1210.08,27759.0,0.0,0.0
68,192.980,18.520,193.09,18.48,1210.08,28141.0,0.0,0.0
69,192.980,18.520,193.09,18.48,1210.08,28472.0,0.0,0.0
70,192.980,18.520,193.09,18.48,1210.08,27004.0,0.0,0.0
71,192.980,18.520,193.09,18.48,1210.08,29121.0,381.0,381.0
72,192.980,18.520,193.09,18.48,1210.08,29152.0,610.0,610.0
73,192.980,18.520,193.09,18.48,1210.08,27276.0,0.0,0.0
74,192.980,18.520,193.09,18.48,1210.08,28218.0,443.0,443.0
75,192.980,18.520,193.09,18.48,1210.08,27710.0,0.0,0.0
76,192.980,18.520,193.09,18.48,1210.08,27199.0,0.0,0.0
77,192.980,18.520,193.09,18.48,1210.08,30287.0,793.0,793.0
78,192.980,18.520,193.09,18.48,1210.08,28069.0,0.0,0.0
79,192.980,18.520,193.09,18.48,1210.08,27378.0,181.0,181.0
80,192.980,18.520,193.09,18.48,1210.08,26656.0,0.0,0.0
81,192.980,18.520,193.09,18.48,1210.08,26094.0,0.0,0.0
82,192.980,18.520,193.09,18.48,1210.08,28310.0,0.0,0.0
83,192.980,18.520,193.09,18.48,1210.08,26733.0,152.0,152.0
84,192.980,18.520,193.09,18.48,1210.08,27945.0,0.0,0.0
85,192.980,18.520,193.09,18.48,1210.08,29386.0,1212.0,1212.0
86,192.980,18.520,193.09,18.48,1210.08,28122.0,594.0,594.0
87,192.980,18.520,193.09,18.48,1210.08,28629.0,290.0,290.0
88,192.980,18.520,193.09,18.48,1210.08,27685.0,0.0,0.0
89,192.980,18.520,193.09,18.48,1210.08,26971.0,0.0,0.0
90,192.980,18.520,193.09,18.48,1210.08,28454.0,501.0,501.0
91,192.980,18.520,193.09,18.48,1210.08,26782.0,0.0,0.0
92,192.980,18.520,193.09,18.48,1210.08,26424.0,0.0,0.0
93,192.980,18.520,193.09,18.48,1210.08,28483.0,789.0,789.0
94,192.980,18.520,193.09,18.48,1210.08,27130.0,0.0,0.0
95,192.980,18.520,193.09,18.48,1210.08,26660.0,0.0,0.0
96,192.980,18.520,193.09,18.48,1210.08,28402.0,0.0,0.0
97,192.980,18.520,193.09,18.48,1210.08,27784.0,1291.0,1291.0
98,192.980,18.520,193.09,18.48,1210.08,25694.0,0.0,0.0
99,192.980,18.520,193.09,18.48,1210.08,29278.0,1421.0,1421.0
100,192.980,18.520,193.09,18.48,1210.08,26491.0,0.0,0.0
101,192.980,18.520,193.09,18.48,1210.08,26775.0,0.0,0.0
102,192.980,18.520,193.09,18.48,1210.08,28685.0,373.0,373.0
103,192.980,18.520,193.09,18.48,1210.08,26289.0,0.0,0.0
104,192.980,18.520,193.09,18.48,1210.08,25859.0,0.0,0.0
105,192.980,18.520,193.09,18.48,1210.08,28222.0,39.0,39.0
106,192.980,18.520,193.09,18.48,1210.08,29070.0,1191.0,1191.0
107,192.980,18.520,193.09,18.48,1210.08,26936.0,0.0,0.0
108,192.980,18.520,193.09,18.48,1210.08,29600.0,850.0,850.0
109,192.980,18.520,193.09,18.48,1210.08,29096.0,0.0,0.0
110,192.980,18.520,193.09,18.48,1210.08,28046.0,0.0,0.0
111,192.980,18.520,193.09,18.48,1210.08,26676.0,0.0,0.0
112,192.980,18.520,193.09,18.48,1210.08,27489.0,0.0,0.0
113,192.980,18.520,193.09,18.48,1210.08,27197.0,103.0,103.0
114,192.980,18.520,193.09,18.48,1210.08,27127.0,425.0,425.0
115,192.980,18.520,193.09,18.48,1210.08,28126.0,0.0,0.0
116,192.980,18.520,193.09,18.48,1210.08,42330.0,10576.0,10576.0
117,192.980,18.520,192.8,18.43,1210.08,43536.0,12471.0,12471.0
118,192.980,18.520,193.02,18.69,1210.08,38728.0,9796.0,9796.0
119,192.980,18.520,193.14,18.63,1210.08,47330.0,15684.0,15684.0
120,192.980,18.520,192.96,18.63,1210.08,50917.0,19372.0,19372.0
121,192.980,18.520,193.04,18.73,1210.08,43379.0,13416.0,13416.0
122,192.980,18.520,192.87,18.66,1210.08,46242.0,15527.0,15527.0
123,192.980,18.520,193.02,18.45,1210.08,48509.0,17598.0,17598.0
124,192.980,18.520,193.05,18.38,1210.08,42000.0,11675.0,11675.0
125,192.980,18.520,192.95,18.67,1210.08,44628.0,15384.0,15384.0
126,192.980,18.520,193.05,18.67,1210.08,46311.0,15510.0,15510.0
127,192.980,18.520,193.06,18.73,1210.08,42339.0,12577.0,12577.0
128,192.980,18.520,192.71,18.77,1210.08,38581.0,9506.0,9506.0
129,192.980,18.520,192.84,18.62,1210.08,40728.0,10999.0,10999.0
130,192.980,18.520,192.99,18.51,1210.08,42576.0,13963.0,13963.0
131,192.980,18.520,192.92,18.35,1210.08,41492.0,11389.0,11389.0
132,192.980,18.520,192.58,18.57,1210.08,41634.0,13061.0,13061.0
133,192.980,18.520,193.11,18.38,1210.08,43602.0,14037.0,14037.0
134,192.980,18.520,193.34,18.26,1210.08,40610.0,11117.0,11117.0
135,192.980,18.520,192.91,18.5,1210.08,38788.0,10194.0,10194.0
136,192.980,18.520,192.75,18.41,1210.08,37935.0,10511.0,10511.0
137,192.980,18.520,193.04,18.65,1210.08,37079.0,8621.0,8621.0
138,192.980,18.520,192.66,18.39,1210.08,42045.0,12781.0,12781.0
139,192.980,18.520,193.09,18.44,1210.08,43498.0,14131.0,14131.0
140,192.980,18.520,192.84,18.42,1210.08,39559.0,10130.0,10130.0
141,192.980,18.520,193.05,18.62,1210.08,38679.0,9194.0,9194.0
142,192.980,18.520,193.14,18.5,1210.08,43551.0,14378.0,14378.0
143,192.980,18.520,193.03,18.69,1210.08,43039.0,13013.0,13013.0
144,192.980,18.520,192.71,18.48,1210.08,47033.0,16440.0,16440.0
145,192.980,18.520,192.96,18.7,1210.08,42384.0,13525.0,13525.0
146,192.980,18.520,192.95,18.59,1210.08,41099.0,11327.0,11327.0
147,192.980,18.520,192.9,18.43,1210.08,37962.0,9500.0,9500.0
148,192.980,18.520,192.88,18.69,1210.08,35645.0,7539.0,7539.0
149,192.980,18.520,193.09,18.48,1210.08,35626.0,6983.0,6983.0
150,192.980,18.520,193.21,18.62,1210.08,37676.0,8343.0,8343.0
151,192.980,18.520,192.82,18.57,1210.08,40809.0,11655.0,11655.0
152,192.980,18.520,192.64,18.57,1210.08,38971.0,9793.0,9793.0
153,192.980,18.520,192.71,18.6,1210.08,40661.0,12021.0,12021.0
154,192.980,18.520,192.92,18.43,1210.08,38164.0,10051.0,10051.0
155,192.980,18.520,193.06,18.41,1210.08,38765.0,9835.0,9835.0
156,192.980,18.520,192.92,18.56,1210.08,43373.0,13539.0,13539.0
157,192.980,18.520,192.75,18.49,1210.08,37672.0,8392.0,8392.0
158,192.980,18.520,192.94,18.43,1210.08,38094.0,8792.0,8792.0
159,192.980,18.520,193.02,18.61,1210.08,40242.0,12365.0,12365.0
160,192.980,18.520,193.16,18.47,1210.08,43414.0,14509.0,14509.0
161,192.980,18.520,193.03,18.67,1210.08,40870.0,11600.0,11600.0
162,192.980,18.520,192.98,18.47,1210.08,36276.0,8707.0,8707.0
163,192.980,18.520,193,18.48,1210.08,35498.0,6977.0,6977.0
164,192.980,18.520,192.98,18.39,1210.08,34808.0,7245.0,7245.0
165,192.980,18.520,192.79,18.62,1210.08,39223.0,10491.0,10491.0
166,192.980,18.520,192.85,18.52,1210.08,37497.0,8820.0,8820.0
167,192.980,18.520,193.37,18.47,1210.08,38022.0,10089.0,10089.0
168,192.980,18.520,193.09,18.48,1210.08,35209.0,6181.0,6181.0
169,192.980,18.520,193.2,18.62,1210.08,39213.0,10942.0,10942.0
170,192.980,18.520,192.74,18.57,1210.08,43294.0,14580.0,14580.0
171,192.980,18.520,193.02,18.33,1210.08,39748.0,11295.0,11295.0
172,192.980,18.520,193.05,18.36,1210.08,38035.0,10441.0,10441.0
173,192.980,18.520,192.96,18.45,1210.08,47283.0,16833.0,16833.0
174,192.980,18.520,192.92,18.3,1210.08,49288.0,18071.0,18071.0
175,192.980,18.520,192.62,18.59,1210.08,41405.0,12616.0,12616.0
176,192.980,18.520,193,18.5,1210.08,40126.0,11168.0,11168.0
177,192.980,18.520,193.08,18.31,1210.08,47569.0,17374.0,17374.0
178,192.980,18.520,192.72,18.7,1210.08,38798.0,10634.0,10634.0
179,192.980,18.520,193.19,18.35,1210.08,37823.0,9951.0,9951.0
180,192.980,18.520,192.9,18.47,1210.08,44458.0,16180.0,16180.0
181,192.980,18.520,192.85,18.64,1210.08,48340.0,18027.0,18027.0
182,192.980,18.520,192.99,18.64,1210.08,44064.0,14572.0,14572.0
183,192.980,18.520,193.06,18.48,1210.08,42993.0,12456.0,12456.0
184,192.980,18.520,192.99,18.48,1210.08,42423.0,12127.0,12127.0
185,192.980,18.520,192.86,18.64,1210.08,47890.0,19109.0,19109.0
186,192.980,18.520,193.16,18.57,1210.08,40518.0,11642.0,11642.0
187,192.980,18.520,193.05,18.65,1210.08,44618.0,15224.0,15224.0
188,192.980,18.520,193.13,18.28,1210.08,45164.0,16196.0,16196.0
189,192.980,18.520,192.61,18.62,1210.08,42827.0,13625.0,13625.0
190,192.980,18.520,192.95,18.47,1210.08,40052.0,11429.0,11429.0
191,192.980,18.520,192.97,18.33,1210.08,40629.0,11781.0,11781.0
192,192.980,18.520,192.66,18.83,1210.08,40985.0,12053.0,12053.0
193,192.980,18.520,193.2,18.56,1210.08,38939.0,10459.0,10459.0
194,192.980,18.520,192.89,18.5,1210.08,48127.0,17922.0,17922.0
195,192.980,18.520,192.99,18.62,1210.08,50955.0,20333.0,20333.0
196,192.980,18.520,192.67,18.51,1210.08,49324.0,19392.0,19392.0
197,192.980,18.520,193.06,18.71,1210.08,44084.0,14607.0,14607.0
198,192.980,18.520,192.99,18.49,1210.08,48786.0,17376.0,17376.0
199,192.980,18.520,193.07,18.47,1210.08,47367.0,18022.0,18022.0
200,192.980,18.520,192.99,18.49,1210.08,51019.0,20223.0,20223.0
201,192.980,18.520,192.97,18.61,1210.08,48485.0,17110.0,17110.0
202,192.980,18.520,192.99,18.6,1210.08,47088.0,15342.0,15342.0
203,192.980,18.520,192.79,18.46,1210.08,42923.0,14433.0,14433.0
204,192.980,18.520,192.95,18.65,1210.08,45538.0,15044.0,15044.0
205,192.980,18.520,192.88,18.48,1210.08,42576.0,13893.0,13893.0
206,192.980,18.520,193.21,18.53,1210.08,46360.0,17583.0,17583.0
207,192.980,18.520,192.86,18.3,1210.08,47252.0,18241.0,18241.0
208,192.980,18.520,192.88,18.33,1210.08,44804.0,15627.0,15627.0
209,192.980,18.520,192.91,18.57,1210.08,41000.0,11341.0,11341.0
210,192.980,18.520,192.7,18.59,1210.08,47079.0,17302.0,17302.0
211,192.980,18.520,192.9,18.55,1210.08,47617.0,17176.0,17176.0
212,192.980,18.520,192.78,18.64,1210.08,52117.0,21804.0,21804.0
213,192.980,18.520,193.11,18.56,1210.08,45651.0,16311.0,16311.0
214,192.980,18.520,192.99,18.49,1210.08,56105.0,23777.0,23777.0
215,192.980,18.520,193.03,18.52,1210.08,58191.0,26173.0,26173.0
216,192.980,18.520,192.96,18.59,1210.08,50563.0,19534.0,19534.0
217,192.980,18.520,193.07,18.59,1210.08,49910.0,18193.0,18193.0
218,192.980,18.520,192.91,18.46,1210.08,44994.0,15244.0,15244.0
219,192.980,18.520,192.86,18.54,1210.08,51333.0,20324.0,20324.0
220,192.980,18.520,193.03,18.36,1210.08,40777.0,11510.0,11510.0
221,192.980,18.520,193.05,18.49,1210.08,49370.0,19689.0,19689.0
222,192.980,18.520,192.95,18.41,1210.08,46552.0,15915.0,15915.0
223,192.980,18.520,192.97,18.51,1210.08,50134.0,19984.0,19984.0
224,192.980,18.520,193,18.57,1210.08,46224.0,16460.0,16460.0
225,192.980,18.520,192.92,18.64,1210.08,46396.0,16122.0,16122.0
226,192.980,18.520,192.81,18.47,1210.08,43994.0,14316.0,14316.0
227,192.980,18.520,192.74,18.51,1210.08,45666.0,16212.0,16212.0
228,192.980,18.520,192.87,18.58,1210.08,48884.0,18971.0,18971.0
229,192.980,18.520,192.83,18.58,1210.08,51586.0,20250.0,20250.0
230,192.980,18.520,192.98,18.55,1210.08,45800.0,15631.0,15631.0
231,192.980,18.520,192.96,18.62,1210.08,42416.0,14137.0,14137.0
232,192.980,18.520,193.06,18.44,1210.08,46231.0,16487.0,16487.0
233,192.980,18.520,193.02,18.41,1210.08,45965.0,14807.0,14807.0
234,192.980,18.520,192.94,18.61,1210.08,46793.0,16637.0,16637.0
235,192.980,18.520,192.99,18.44,1210.08,45892.0,16911.0,16911.0
236,192.980,18.520,192.88,18.43,1210.08,42014.0,12705.0,12705.0
237,192.980,18.520,193.07,18.32,1210.08,44953.0,15724.0,15724.0
238,192.980,18.520,192.96,18.46,1210.08,40583.0,11181.0,11181.0
239,192.980,18.520,193.05,18.57,1210.08,42073.0,13527.0,13527.0
240,192.980,18.520,192.72,18.68,1210.08,42899.0,14139.0,14139.0
241,192.980,18.520,193.04,18.38,1210.08,39273.0,10292.0,10292.0
242,192.980,18.520,192.98,18.47,1210.08,41458.0,12118.0,12118.0
243,192.980,18.520,192.88,18.53,1210.08,43764.0,14381.0,14381.0
244,192.980,18.520,192.91,18.44,1210.08,46855.0,16908.0,16908.0
245,192.980,18.520,192.97,18.48,1210.08,43955.0,14227.0,14227.0
246,192.980,18.520,192.88,18.42,1210.08,40913.0,12160.0,12160.0
247,192.980,18.520,192.87,18.5,1210.08,44438.0,14561.0,14561.0
248,192.980,18.520,192.9,18.44,1210.08,50831.0,19648.0,19648.0
249,192.980,18.520,192.83,18.41,1210.08,55345.0,24891.0,24891.0
250,192.980,18.520,193.06,18.52,1210.08,46999.0,17361.0,17361.0
251,192.980,18.520,192.9,18.35,1210.08,49873.0,19504.0,19504.0
252,192.980,18.520,193.07,18.55,1210.08,53928.0,23085.0,23085.0
253,192.980,18.520,192.78,18.45,1210.08,50038.0,20502.0,20502.0
254,192.980,18.520,192.99,18.51,1210.08,62955.0,30081.0,30081.0
255,192.980,18.520,192.94,18.66,1210.08,55276.0,24376.0,24376.0
256,192.980,18.520,192.93,18.47,1210.08,53905.0,23093.0,23093.0
257,192.980,18.520,192.96,18.46,1210.08,57081.0,25442.0,25442.0
258,192.980,18.520,192.88,18.53,1210.08,52378.0,21874.0,21874.0
259,192.980,18.520,192.86,18.48,1210.08,59341.0,26836.0,26836.0
260,192.980,18.520,192.83,18.36,1210.08,64103.0,31344.0,31344.0
261,192.980,18.520,193.12,18.5,1210.08,49646.0,19239.0,19239.0
262,192.980,18.520,192.98,18.54,1210.08,51797.0,21531.0,21531.0
263,192.980,18.520,192.83,18.71,1210.08,50744.0,20217.0,20217.0
264,192.980,18.520,192.73,18.56,1210.08,49017.0,19387.0,19387.0
265,192.980,18.520,192.85,18.56,1210.08,47169.0,16842.0,16842.0
266,192.980,18.520,192.82,18.5,1210.08,48534.0,18048.0,18048.0
267,192.980,18.520,192.88,18.59,1210.08,56519.0,24853.0,24853.0
268,192.980,18.520,192.97,18.45,1210.08,55991.0,24395.0,24395.0
269,192.980,18.520,192.98,18.45,1210.08,52788.0,22369.0,22369.0
270,192.980,18.520,193.01,18.49,1210.08,54935.0,23580.0,23580.0
271,192.980,18.520,192.91,18.62,1210.08,50147.0,20228.0,20228.0
272,192.980,18.520,192.94,18.46,1210.08,56018.0,26202.0,26202.0
273,192.980,18.520,192.88,18.58,1210.08,55000.0,23643.0,23643.0
274,192.980,18.520,192.87,18.4,1210.08,56724.0,25172.0,25172.0
275,192.980,18.520,192.77,18.51,1210.08,51092.0,22407.0,22407.0
276,192.980,18.520,192.9,18.43,1210.08,51901.0,22087.0,22087.0
277,192.980,18.520,192.82,18.61,1210.08,53123.0,22540.0,22540.0
278,192.980,18.520,192.79,18.43,1210.08,52210.0,21851.0,21851.0
279,192.980,18.520,192.96,18.66,1210.08,50871.0,20980.0,20980.0
280,192.980,18.520,192.91,18.53,1210.08,53491.0,22304.0,22304.0
281,192.980,18.520,193.03,18.46,1210.08,51312.0,20835.0,20835.0
282,192.980,18.520,192.91,18.57,1210.08,49299.0,18712.0,18712.0
283,192.980,18.520,192.94,18.3,1210.08,50941.0,19903.0,19903.0
284,192.980,18.520,193.02,18.51,1210.08,45731.0,16231.0,16231.0
285,192.980,18.520,192.61,18.49,1210.08,53171.0,22469.0,22469.0
286,192.980,18.520,192.86,18.48,1210.08,47845.0,18152.0,18152.0
287,192.980,18.520,192.84,18.49,1210.08,55925.0,25458.0,25458.0
288,192.980,18.520,192.94,18.44,1210.08,61627.0,28828.0,28828.0
289,192.980,18.520,192.83,18.25,1210.08,45736.0,16543.0,16543.0
290,192.980,18.520,192.97,18.51,1210.08,44054.0,14605.0,14605.0
291,192.980,18.520,192.98,18.43,1210.08,45547.0,16536.0,16536.0
292,192.980,18.520,192.99,18.28,1210.08,48500.0,18250.0,18250.0
293,192.980,18.520,192.97,18.47,1210.08,46421.0,17187.0,17187.0
294,192.980,18.520,193.04,18.28,1210.08,47629.0,17429.0,17429.0
295,192.980,18.520,192.97,18.42,1210.08,52883.0,21961.0,21961.0
296,192.980,18.520,192.89,18.45,1210.08,44829.0,15938.0,15938.0
297,192.980,18.520,192.81,18.47,1210.08,48831.0,18682.0,18682.0
298,192.980,18.520,192.8,18.47,1210.08,46439.0,16941.0,16941.0
299,192.980,18.520,192.92,18.49,1210.08,48612.0,19034.0,19034.0
300,192.980,18.520,192.79,18.46,1210.08,54534.0,23965.0,23965.0
301,192.980,18.520,192.95,18.58,1210.08,45649.0,17093.0,17093.0
302,192.980,18.520,192.84,18.51,1210.08,47092.0,18613.0,18613.0
303,192.980,18.520,192.95,18.33,1210.08,46706.0,17609.0,17609.0
304,192.980,18.520,192.75,18.49,1210.08,49299.0,19428.0,19428.0
305,192.980,18.520,193.07,18.69,1210.08,47649.0,17066.0,17066.0
306,192.980,18.520,193.06,18.4,1210.08,47867.0,18318.0,18318.0
307,192.980,18.520,192.86,18.57,1210.08,42173.0,13840.0,13840.0
308,192.980,18.520,192.98,18.56,1210.08,43846.0,14534.0,14534.0
309,192.980,18.520,192.94,18.42,1210.08,44051.0,14451.0,14451.0
310,192.980,18.520,192.86,18.44,1210.08,41943.0,13306.0,13306.0
311,192.980,18.520,192.74,18.48,1210.08,47431.0,17952.0,17952.0
312,192.980,18.520,193.01,18.51,1210.08,44875.0,16185.0,16185.0
313,192.980,18.520,192.98,18.31,1210.08,44961.0,14270.0,14270.0
314,192.980,18.520,193.06,18.29,1210.08,41125.0,12265.0,12265.0
315,192.980,18.520,192.85,18.35,1210.08,47105.0,18751.0,18751.0
316,192.980,18.520,192.93,18.46,1210.08,43501.0,14933.0,14933.0
317,192.980,18.520,192.74,18.53,1210.08,43407.0,15430.0,15430.0
318,192.980,18.520,192.89,18.64,1210.08,42633.0,14321.0,14321.0
319,192.980,18.520,193.01,18.41,1210.08,43355.0,14427.0,14427.0
320,192.980,18.520,192.9,18.38,1210.08,45926.0,16245.0,16245.0
321,192.980,18.520,192.97,18.55,1210.08,41968.0,12933.0,12933.0
322,192.980,18.520,192.85,18.51,1210.08,46101.0,17359.0,17359.0
323,192.980,18.520,192.92,18.38,1210.08,45727.0,16148.0,16148.0
324,192.980,18.520,192.95,18.6,1210.08,45201.0,15714.0,15714.0
325,192.980,18.520,192.86,18.48,1210.08,43306.0,14827.0,14827.0
326,192.980,18.520,192.89,18.57,1210.08,45736.0,15316.0,15316.0
327,192.980,18.520,192.81,18.33,1210.08,45293.0,16668.0,16668.0
328,192.980,18.520,192.48,18.55,1210.08,40695.0,12681.0,12681.0
329,192.980,18.520,192.93,18.45,1210.08,43256.0,13958.0,13958.0
330,192.980,18.520,192.6,18.5,1210.08,45081.0,16805.0,16805.0
331,192.980,18.520,192.65,18.49,1210.08,42777.0,14171.0,14171.0
332,192.980,18.520,192.95,18.48,1210.08,42010.0,13765.0,13765.0
333,192.980,18.520,193,18.3,1210.08,42453.0,12719.0,12719.0
334,192.980,18.520,192.84,18.42,1210.08,42954.0,12845.0,12845.0
335,192.980,18.520,192.72,18.5,1210.08,44773.0,15542.0,15542.0
336,192.980,18.520,192.87,18.36,1210.08,44134.0,15614.0,15614.0
337,192.980,18.520,192.85,18.31,1210.08,43265.0,14601.0,14601.0
338,192.980,18.520,192.91,18.54,1210.08,42818.0,13075.0,13075.0
339,192.980,18.520,192.89,18.39,1210.08,46335.0,17803.0,17803.0
340,192.980,18.520,192.84,18.41,1210.08,43443.0,14214.0,14214.0
341,192.980,18.520,192.87,18.19,1210.08,41050.0,12714.0,12714.0
342,192.980,18.520,192.75,18.4,1210.08,44233.0,15795.0,15795.0
343,192.980,18.520,192.97,18.42,1210.08,42388.0,13590.0,13590.0
344,192.980,18.520,192.85,18.5,1210.08,44263.0,15542.0,15542.0
345,192.980,18.520,192.97,18.03,1210.08,44079.0,14107.0,14107.0
346,192.980,18.520,193.06,18.51,1210.08,40912.0,12486.0,12486.0
347,192.980,18.520,192.76,18.38,1210.08,43765.0,15897.0,15897.0
348,192.980,18.520,192.81,18.45,1210.08,41590.0,12396.0,12396.0
349,192.980,18.520,192.95,18.29,1210.08,43193.0,15010.0,15010.0
350,192.980,18.520,193.14,18.18,1210.08,41829.0,12553.0,12553.0
351,192.980,18.520,192.85,18.35,1210.08,45839.0,16603.0,16603.0
352,192.980,18.520,192.91,18.51,1210.08,51313.0,21151.0,21151.0
353,192.980,18.520,192.73,18.18,1210.08,44085.0,14481.0,14481.0
354,192.980,18.520,192.88,18.51,1210.08,45442.0,16383.0,16383.0
355,192.980,18.520,192.83,18.54,1210.08,52673.0,23152.0,23152.0
356,192.980,18.520,192.78,18.44,1210.08,53265.0,22809.0,22809.0
357,192.980,18.520,192.87,18.35,1210.08,55786.0,25724.0,25724.0
358,192.980,18.520,192.84,18.43,1210.08,52848.0,22980.0,22980.0
359,192.980,18.520,192.79,18.51,1210.08,49020.0,18710.0,18710.0
360,192.980,18.520,192.9,18.49,1210.08,50383.0,20719.0,20719.0
361,192.980,18.520,192.96,18.48,1210.08,51425.0,20222.0,20222.0
362,192.980,18.520,192.86,18.5,1210.08,54435.0,23542.0,23542.0
363,192.980,18.520,192.84,18.39,1210.08,49324.0,19092.0,19092.0
364,192.980,18.520,192.7,18.56,1210.08,52827.0,22620.0,22620.0
365,192.980,18.520,192.87,18.5,1210.08,49132.0,18972.0,18972.0
366,192.980,18.520,192.88,18.44,1210.08,50459.0,21736.0,21736.0
367,192.980,18.520,192.83,18.51,1210.08,53620.0,23003.0,23003.0
368,192.980,18.520,193.02,18.49,1210.08,49616.0,19900.0,19900.0
369,192.980,18.520,192.9,18.61,1210.08,51929.0,20833.0,20833.0
370,192.980,18.520,192.91,18.37,1210.08,56166.0,25457.0,25457.0
371,192.980,18.520,192.81,18.51,1210.08,48088.0,18772.0,18772.0
372,192.980,18.520,192.96,18.41,1210.08,49411.0,19255.0,19255.0
373,192.980,18.520,192.77,18.58,1210.08,53565.0,23309.0,23309.0
374,192.980,18.520,192.98,18.46,1210.08,50868.0,21143.0,21143.0
375,192.980,18.520,192.96,18.39,1210.08,49493.0,19637.0,19637.0
376,192.980,18.520,192.88,18.39,1210.08,52051.0,22978.0,22978.0
377,192.980,18.520,192.82,18.2,1210.08,50727.0,20400.0,20400.0
378,192.980,18.520,192.82,18.57,1210.08,47553.0,17495.0,17495.0
379,192.980,18.520,192.88,18.29,1210.08,56834.0,27180.0,27180.0
380,192.980,18.520,192.89,18.4,1210.08,50891.0,20972.0,20972.0
381,192.980,18.520,192.74,18.34,1210.08,50260.0,21021.0,21021.0
382,192.980,18.520,192.88,18.52,1210.08,52380.0,22583.0,22583.0
383,192.980,18.520,193.05,18.43,1210.08,51502.0,22345.0,22345.0
384,192.980,18.520,193,18.36,1210.08,48226.0,18052.0,18052.0
385,192.980,18.520,192.75,18.44,1210.08,51696.0,22577.0,22577.0
386,192.980,18.520,192.85,18.51,1210.08,51072.0,20798.0,20798.0
387,192.980,18.520,192.72,18.36,1210.08,52643.0,22676.0,22676.0
388,192.980,18.520,192.8,18.42,1210.08,48530.0,18732.0,18732.0
389,192.980,18.520,192.88,18.33,1210.08,50098.0,20594.0,20594.0
390,192.980,18.520,192.89,18.46,1210.08,55114.0,24967.0,24967.0
391,192.980,18.520,193.02,18.39,1210.08,46403.0,16767.0,16767.0
392,192.980,18.520,192.9,18.59,1210.08,47382.0,17202.0,17202.0
393,192.980,18.520,192.98,18.35,1210.08,53435.0,22961.0,22961.0
394,192.980,18.520,192.78,18.5,1210.08,50489.0,20779.0,20779.0
395,192.980,18.520,192.96,18.37,1210.08,54031.0,23511.0,23511.0
396,192.980,18.520,192.82,18.42,1210.08,53286.0,22899.0,22899.0
397,192.980,18.520,193.01,18.4,1210.08,52587.0,22705.0,22705.0
398,192.980,18.520,192.82,18.35,1210.08,49161.0,19511.0,19511.0
399,192.980,18.520,192.98,18.39,1210.08,53679.0,23037.0,23037.0
400,192.980,18.520,192.96,18.57,1210.08,51118.0,21402.0,21402.0
401,192.980,18.520,192.95,18.53,1210.08,61501.0,29337.0,29337.0
402,192.980,18.520,192.94,18.42,1210.08,48021.0,19103.0,19103.0
403,192.980,18.520,192.79,18.36,1210.08,50966.0,22211.0,22211.0
404,192.980,18.520,192.94,18.44,1210.08,49032.0,19311.0,19311.0
405,192.980,18.520,192.78,18.35,1210.08,46606.0,17687.0,17687.0
406,192.980,18.520,192.97,18.54,1210.08,45419.0,15528.0,15528.0
407,192.980,18.520,192.83,18.34,1210.08,50475.0,21532.0,21532.0
408,192.980,18.520,192.91,18.36,1210.08,44991.0,15699.0,15699.0
409,192.980,18.520,193,18.42,1210.08,49710.0,20638.0,20638.0
410,192.980,18.520,192.74,18.39,1210.08,50210.0,20734.0,20734.0
411,192.980,18.520,192.78,18.53,1210.08,49347.0,20255.0,20255.0
412,192.980,18.520,192.91,18.29,1210.08,45541.0,16812.0,16812.0
413,192.980,18.520,192.85,18.27,1210.08,46195.0,16915.0,16915.0
414,192.980,18.520,192.92,18.35,1210.08,50382.0,20450.0,20450.0
415,192.980,18.520,192.96,18.24,1210.08,40959.0,13147.0,13147.0
416,192.980,18.520,192.91,18.24,1210.08,46187.0,17554.0,17554.0
417,192.980,18.520,192.88,18.31,1210.08,42157.0,13317.0,13317.0
418,192.980,18.520,192.78,18.5,1210.08,43713.0,15010.0,15010.0
419,192.980,18.520,192.8,18.26,1210.08,39033.0,10625.0,10625.0
420,192.980,18.520,192.85,18.39,1210.08,42394.0,14826.0,14826.0
421,192.980,18.520,192.78,18.46,1210.08,42648.0,14856.0,14856.0
422,192.980,18.520,192.89,18.29,1210.08,46395.0,17709.0,17709.0
423,192.980,18.520,192.81,18.3,1210.08,46048.0,17324.0,17324.0
424,192.980,18.520,192.88,18.34,1210.08,48440.0,19024.0,19024.0
425,192.980,18.520,192.77,18.22,1210.08,43818.0,15074.0,15074.0
426,192.980,18.520,192.8,18.51,1210.08,44082.0,14070.0,14070.0
427,192.980,18.520,192.95,18.27,1210.08,45051.0,16274.0,16274.0
428,192.980,18.520,193.44,18.45,1210.08,44340.0,15662.0,15662.0
429,192.980,18.520,193.11,18.22,1210.08,43258.0,15113.0,15113.0
430,192.980,18.520,192.85,18.55,1210.08,49156.0,19995.0,19995.0
431,192.980,18.520,192.85,18.56,1210.08,44186.0,15646.0,15646.0
432,192.980,18.520,192.78,18.39,1210.08,53153.0,22904.0,22904.0
433,192.980,18.520,192.79,18.13,1210.08,46168.0,17121.0,17121.0
434,192.980,18.520,192.91,18.4,1210.08,43746.0,15239.0,15239.0
435,192.980,18.520,192.83,18.49,1210.08,43992.0,15377.0,15377.0
436,192.980,18.520,192.72,18.45,1210.08,46353.0,16474.0,16474.0
437,192.980,18.520,193.05,18.42,1210.08,49865.0,19974.0,19974.0
438,192.980,18.520,192.93,18.21,1210.08,46256.0,16836.0,16836.0
439,192.980,18.520,192.85,18.34,1210.08,46862.0,18085.0,18085.0
440,192.980,18.520,192.95,18.27,1210.08,44154.0,13951.0,13951.0
441,192.980,18.520,192.88,18.66,1210.08,46751.0,17712.0,17712.0
442,192.980,18.520,193.02,18.53,1210.08,45640.0,15989.0,15989.0
443,192.980,18.520,192.81,18.42,1210.08,47333.0,18433.0,18433.0
444,192.980,18.520,192.89,18.37,1210.08,50023.0,20819.0,20819.0
445,192.980,18.520,192.92,18.46,1210.08,55418.0,25285.0,25285.0
446,192.980,18.520,192.86,18.36,1210.08,48816.0,20055.0,20055.0
447,192.980,18.520,192.9,18.3,1210.08,42950.0,14356.0,14356.0
448,192.980,18.520,192.81,18.52,1210.08,46135.0,17791.0,17791.0
449,192.980,18.520,193.02,18.41,1210.08,49266.0,19742.0,19742.0
450,192.980,18.520,192.91,18.37,1210.08,46128.0,16795.0,16795.0
451,192.980,18.520,192.8,18.28,1210.08,46588.0,17947.0,17947.0
452,192.980,18.520,192.84,18.31,1210.08,45331.0,16843.0,16843.0
453,192.980,18.520,192.98,18.52,1210.08,48001.0,18873.0,18873.0
454,192.980,18.520,192.98,18.21,1210.08,46203.0,17875.0,17875.0
455,192.980,18.520,192.96,18.48,1210.08,48099.0,17541.0,17541.0
456,192.980,18.520,192.94,18.34,1210.08,50940.0,21168.0,21168.0
457,192.980,18.520,192.58,18.15,1210.08,43014.0,13879.0,13879.0
458,192.980,18.520,192.89,18.4,1210.08,46913.0,18195.0,18195.0
459,192.980,18.520,192.79,18.27,1210.08,48289.0,18379.0,18379.0
460,192.980,18.520,192.94,18.37,1210.08,44211.0,15658.0,15658.0
461,192.980,18.520,192.96,18.42,1210.08,44181.0,15390.0,15390.0
462,192.980,18.520,192.96,18.24,1210.08,43653.0,15001.0,15001.0
463,192.980,18.520,192.89,18.15,1210.08,40189.0,12101.0,12101.0
464,192.980,18.520,193.07,18.59,1210.08,45499.0,17079.0,17079.0
465,192.980,18.520,193.01,18.24,1210.08,49993.0,20110.0,20110.0
466,192.980,18.520,192.9,18.21,1210.08,49187.0,18662.0,18662.0
467,192.980,18.520,192.95,18.37,1210.08,50036.0,19713.0,19713.0
468,192.980,18.520,192.94,18.29,1210.08,46854.0,18908.0,18908.0
469,192.980,18.520,192.83,18.45,1210.08,47317.0,18450.0,18450.0
470,192.980,18.520,192.92,18.48,1210.08,47539.0,18393.0,18393.0
471,192.980,18.520,193.03,18.55,1210.08,45686.0,15905.0,15905.0
472,192.980,18.520,193.07,18.27,1210.08,48221.0,17588.0,17588.0
473,192.980,18.520,192.99,18.15,1210.08,42929.0,13824.0,13824.0
474,192.980,18.520,192.8,18.35,1210.08,44225.0,15582.0,15582.0
475,192.980,18.520,192.93,18.25,1210.08,44404.0,15127.0,15127.0
476,192.980,18.520,192.84,18.48,1210.08,40634.0,12600.0,12600.0
477,192.980,18.520,192.9,18.37,1210.08,44412.0,16163.0,16163.0
478,192.980,18.520,192.94,18.35,1210.08,49794.0,18570.0,18570.0
479,192.980,18.520,193,18.32,1210.08,45954.0,17110.0,17110.0
480,192.980,18.520,193.1,18.35,1210.08,45254.0,17132.0,17132.0
481,192.980,18.520,192.84,18.4,1210.08,44870.0,15454.0,15454.0
482,192.980,18.520,192.97,18.31,1210.08,46525.0,17149.0,17149.0
483,192.980,18.520,192.91,18.4,1210.08,46953.0,18532.0,18532.0
484,192.980,18.520,192.88,18.25,1210.08,39464.0,11239.0,11239.0
485,192.980,18.520,192.91,18.36,1210.08,44279.0,14798.0,14798.0
486,192.980,18.520,193.01,18.29,1210.08,48017.0,18805.0,18805.0
487,192.980,18.520,192.78,18.29,1210.08,51366.0,22557.0,22557.0
488,192.980,18.520,192.8,18.3,1210.08,47264.0,18331.0,18331.0
489,192.980,18.520,193.02,18.3,1210.08,48262.0,17489.0,17489.0
490,192.980,18.520,192.97,18.25,1210.08,48089.0,19256.0,19256.0
491,192.980,18.520,192.96,18.24,1210.08,45429.0,16515.0,16515.0
492,192.980,18.520,193.03,18.41,1210.08,42773.0,14071.0,14071.0
493,192.980,18.520,192.91,18.22,1210.08,41586.0,13396.0,13396.0
494,192.980,18.520,193.01,18.18,1210.08,41758.0,14085.0,14085.0
495,192.980,18.520,192.91,18.37,1210.08,43752.0,14704.0,14704.0
496,192.980,18.520,193.03,18.69,1210.08,46227.0,17001.0,17001.0
497,192.980,18.520,193.04,18.43,1210.08,50261.0,21060.0,21060.0
498,192.980,18.520,192.93,18.4,1210.08,49779.0,20179.0,20179.0
499,192.980,18.520,192.99,18.4,1210.08,49969.0,20126.0,20126.0
500,192.980,18.520,192.95,18.33,1210.08,47775.0,18326.0,18326.0
501,192.980,18.520,192.98,18.36,1210.08,51450.0,21937.0,21937.0
502,192.980,18.520,192.95,18.41,1210.08,45099.0,16648.0,16648.0
503,192.980,18.520,192.9,18.54,1210.08,46141.0,17358.0,17358.0
504,192.980,18.520,192.89,18.48,1210.08,45358.0,16502.0,16502.0
505,192.980,18.520,192.88,18.37,1210.08,51056.0,21454.0,21454.0
506,192.980,18.520,193.04,18.29,1210.08,45874.0,16532.0,16532.0
507,192.980,18.520,192.94,18.31,1210.08,45032.0,16471.0,16471.0
508,192.980,18.520,193,18.3,1210.08,45993.0,16061.0,16061.0
509,192.980,18.520,192.9,18.22,1210.08,43954.0,16397.0,16397.0
510,192.980,18.520,193.47,18.57,1210.08,40513.0,12526.0,12526.0
511,192.980,18.520,192.94,18.28,1210.08,42593.0,14606.0,14606.0
512,192.980,18.520,192.86,18.37,1210.08,46112.0,17503.0,17503.0
513,192.980,18.520,193,18.27,1210.08,44272.0,15014.0,15014.0
514,192.980,18.520,192.97,18.22,1210.08,49938.0,20649.0,20649.0
515,192.980,18.520,192.79,18.36,1210.08,38537.0,10091.0,10091.0
516,192.980,18.520,192.86,18.2,1210.08,45743.0,15715.0,15715.0
517,192.980,18.520,193,18.44,1210.08,43985.0,14242.0,14242.0
518,192.980,18.520,192.88,18.29,1210.08,47311.0,18460.0,18460.0
519,192.980,18.520,192.85,18.31,1210.08,47336.0,19017.0,19017.0
520,192.980,18.520,192.92,18.33,1210.08,47418.0,17873.0,17873.0
521,192.980,18.520,192.96,18.52,1210.08,51648.0,21619.0,21619.0
522,192.980,18.520,192.72,18.19,1210.08,49096.0,19412.0,19412.0
523,192.980,18.520,192.98,18.52,1210.08,46257.0,17233.0,17233.0
524,192.980,18.520,192.98,18.52,1210.08,23250.0,0.0,0.0
525,192.980,18.520,192.98,18.52,1210.08,27086.0,688.0,688.0
526,192.980,18.520,192.98,18.52,1210.08,24837.0,0.0,0.0
527,192.980,18.520,192.98,18.52,1210.08,26509.0,480.0,480.0
528,192.980,18.520,192.98,18.52,1210.08,24621.0,0.0,0.0
529,192.980,18.520,192.98,18.52,1210.08,24169.0,0.0,0.0
530,192.980,18.520,192.98,18.52,1210.08,23599.0,0.0,0.0
531,192.980,18.520,192.98,18.52,1210.08,26022.0,0.0,0.0
532,192.980,18.520,192.98,18.52,1210.08,25983.0,548.0,548.0
533,192.980,18.520,192.98,18.52,1210.08,27047.0,100.0,100.0
534,192.980,18.520,192.98,18.52,1210.08,25274.0,150.0,150.0
535,192.980,18.520,192.98,18.52,1210.08,24110.0,0.0,0.0
536,192.980,18.520,192.98,18.52,1210.08,25367.0,0.0,0.0
537,192.980,18.520,192.98,18.52,1210.08,24849.0,0.0,0.0
538,192.980,18.520,192.98,18.52,1210.08,27981.0,896.0,896.0
539,192.980,18.520,192.98,18.52,1210.08,24017.0,0.0,0.0
540,192.980,18.520,192.98,18.52,1210.08,24509.0,0.0,0.0
541,192.980,18.520,192.98,18.52,1210.08,24121.0,0.0,0.0
542,192.980,18.520,192.98,18.52,1210.08,27642.0,1487.0,1487.0
543,192.980,18.520,192.98,18.52,1210.08,24241.0,0.0,0.0
544,192.980,18.520,192.98,18.52,1210.08,25650.0,314.0,314.0
545,192.980,18.520,192.98,18.52,1210.08,25956.0,969.0,969.0
546,192.980,18.520,192.98,18.52,1210.08,24995.0,0.0,0.0
547,192.980,18.520,192.98,18.52,1210.08,25877.0,0.0,0.0
548,192.980,18.520,192.98,18.52,1210.08,25559.0,0.0,0.0
549,192.980,18.520,192.98,18.52,1210.08,25380.0,0.0,0.0
550,192.980,18.520,192.98,18.52,1210.08,25462.0,146.0,146.0
551,192.980,18.520,192.98,18.52,1210.08,26743.0,0.0,0.0
552,192.980,18.520,192.98,18.52,1210.08,25121.0,0.0,0.0
553,192.980,18.520,192.98,18.52,1210.08,22449.0,0.0,0.0
554,192.980,18.520,192.98,18.52,1210.08,23785.0,0.0,0.0
555,192.980,18.520,192.98,18.52,1210.08,27875.0,1149.0,1149.0
556,192.980,18.520,192.98,18.52,1210.08,24746.0,0.0,0.0
557,192.980,18.520,192.98,18.52,1210.08,25773.0,1124.0,1124.0
558,192.980,18.520,192.98,18.52,1210.08,25207.0,0.0,0.0
559,192.980,18.520,192.98,18.52,1210.08,26437.0,870.0,870.0
560,192.980,18.520,192.98,18.52,1210.08,24446.0,62.0,62.0
561,192.980,18.520,192.98,18.52,1210.08,25918.0,519.0,519.0
562,192.980,18.520,192.98,18.52,1210.08,25496.0,0.0,0.0
563,192.980,18.520,192.98,18.52,1210.08,26110.0,537.0,537.0
564,192.980,18.520,192.98,18.52,1210.08,25622.0,10.0,10.0
565,192.980,18.520,192.98,18.52,1210.08,24930.0,0.0,0.0
566,192.980,18.520,192.98,18.52,1210.08,24833.0,0.0,0.0
567,192.980,18.520,192.98,18.52,1210.08,24262.0,0.0,0.0
568,192.980,18.520,192.98,18.52,1210.08,24095.0,0.0,0.0
569,192.980,18.520,192.98,18.52,1210.08,24645.0,0.0,0.0
570,192.980,18.520,192.98,18.52,1210.08,25764.0,43.0,43.0
571,192.980,18.520,192.98,18.52,1210.08,26805.0,243.0,243.0
572,192.980,18.520,192.98,18.52,1210.08,26207.0,646.0,646.0
573,192.980,18.520,192.98,18.52,1210.08,25488.0,425.0,425.0
574,192.980,18.520,192.98,18.52,1210.08,25401.0,0.0,0.0
575,192.980,18.520,192.98,18.52,1210.08,25352.0,0.0,0.0
576,192.980,18.520,192.98,18.52,1210.08,26703.0,206.0,206.0
577,192.980,18.520,192.98,18.52,1210.08,26257.0,133.0,133.0
578,192.980,18.520,192.98,18.52,1210.08,25999.0,0.0,0.0
579,192.980,18.520,192.98,18.52,1210.08,25324.0,218.0,218.0
580,192.980,18.520,192.98,18.52,1210.08,24389.0,0.0,0.0
581,192.980,18.520,192.98,18.52,1210.08,24666.0,144.0,144.0
582,192.980,18.520,192.98,18.52,1210.08,25060.0,143.0,143.0
583,192.980,18.520,192.98,18.52,1210.08,26041.0,794.0,794.0
584,192.980,18.520,192.98,18.52,1210.08,25806.0,636.0,636.0
585,192.980,18.520,192.98,18.52,1210.08,25581.0,0.0,0.0
586,192.980,18.520,192.98,18.52,1210.08,27711.0,1745.0,1745.0
587,192.980,18.520,192.98,18.52,1210.08,25414.0,0.0,0.0
588,192.980,18.520,192.98,18.52,1210.08,27118.0,295.0,295.0
589,192.980,18.520,192.98,18.52,1210.08,25564.0,535.0,535.0
590,192.980,18.520,192.98,18.52,1210.08,23952.0,0.0,0.0
591,192.980,18.520,192.98,18.52,1210.08,25344.0,0.0,0.0
592,192.980,18.520,192.98,18.52,1210.08,24276.0,188.0,188.0
593,192.980,18.520,192.98,18.52,1210.08,24620.0,0.0,0.0
594,192.980,18.520,192.98,18.52,1210.08,24679.0,0.0,0.0
595,192.980,18.520,192.98,18.52,1210.08,24225.0,0.0,0.0
596,192.980,18.520,192.98,18.52,1210.08,25226.0,380.0,380.0
597,192.980,18.520,192.98,18.52,1210.08,25137.0,0.0,0.0
598,192.980,18.520,192.98,18.52,1210.08,24982.0,0.0,0.0
599,192.980,18.520,192.98,18.52,1210.08,24979.0,0.0,0.0
600,192.980,18.520,192.98,18.52,1210.08,25336.0,0.0,0.0
601,192.980,18.520,192.98,18.52,1210.08,25200.0,174.0,174.0
602,192.980,18.520,192.98,18.52,1210.08,23460.0,0.0,0.0
603,192.980,18.520,192.98,18.52,1210.08,25668.0,0.0,0.0
604,192.980,18.520,192.98,18.52,1210.08,25716.0,37.0,37.0
605,192.980,18.520,192.98,18.52,1210.08,24668.0,0.0,0.0
606,192.980,18.520,192.98,18.52,1210.08,25122.0,0.0,0.0
607,192.980,18.520,192.98,18.52,1210.08,25559.0,919.0,919.0
608,192.980,18.520,192.98,18.52,1210.08,26233.0,1110.0,1110.0
609,192.980,18.520,192.98,18.52,1210.08,24559.0,0.0,0.0
610,192.980,18.520,192.98,18.52,1210.08,25002.0,0.0,0.0
611,192.980,18.520,192.98,18.52,1210.08,26021.0,1219.0,1219.0
612,192.980,18.520,192.98,18.52,1210.08,25302.0,0.0,0.0
613,192.980,18.520,192.98,18.52,1210.08,24803.0,0.0,0.0
614,192.980,18.520,192.98,18.52,1210.08,24045.0,0.0,0.0
615,192.980,18.520,192.98,18.52,1210.08,23814.0,0.0,0.0
616,192.980,18.520,192.98,18.52,1210.08,26227.0,492.0,492.0
617,192.980,18.520,192.98,18.52,1210.08,24469.0,0.0,0.0
618,192.980,18.520,192.98,18.52,1210.08,25771.0,0.0,0.0
619,192.980,18.520,192.98,18.52,1210.08,27971.0,0.0,0.0
620,192.980,18.520,192.98,18.52,1210.08,33451.0,3772.0,3772.0
621,192.980,18.520,192.98,18.52,1210.08,30057.0,2320.0,2320.0
622,192.980,18.520,192.98,18.52,1210.08,29179.0,0.0,0.0
623,192.980,18.520,192.98,18.52,1210.08,25950.0,859.0,859.0
624,192.980,18.520,192.98,18.52,1210.08,24183.0,0.0,0.0
625,192.980,18.520,192.98,18.52,1210.08,24065.0,0.0,0.0
626,192.980,18.520,192.98,18.52,1210.08,23575.0,0.0,0.0
627,192.980,18.520,192.98,18.52,1210.08,24457.0,359.0,359.0
628,192.980,18.520,192.98,18.52,1210.08,24044.0,0.0,0.0
629,192.980,18.520,192.98,18.52,1210.08,24801.0,0.0,0.0
630,192.980,18.520,192.98,18.52,1210.08,24826.0,249.0,249.0
631,192.980,18.520,192.98,18.52,1210.08,25173.0,420.0,420.0
632,192.980,18.520,192.98,18.52,1210.08,25612.0,685.0,685.0
633,192.980,18.520,192.98,18.52,1210.08,24594.0,0.0,0.0
634,192.980,18.520,192.98,18.52,1210.08,25282.0,0.0,0.0
635,192.980,18.520,192.98,18.52,1210.08,23275.0,0.0,0.0
636,192.980,18.520,192.98,18.52,1210.08,25179.0,395.0,395.0
637,192.980,18.520,192.98,18.52,1210.08,26000.0,769.0,769.0
638,192.980,18.520,192.98,18.52,1210.08,24254.0,0.0,0.0
639,192.980,18.520,192.98,18.52,1210.08,25172.0,36.0,36.0
640,192.980,18.520,192.98,18.52,1210.08,26203.0,721.0,721.0
641,192.980,18.520,192.98,18.52,1210.08,25259.0,297.0,297.0
642,192.980,18.520,192.98,18.52,1210.08,24492.0,0.0,0.0
643,192.980,18.520,192.98,18.52,1210.08,25646.0,275.0,275.0
644,192.980,18.520,192.98,18.52,1210.08,23176.0,0.0,0.0
645,192.980,18.520,192.98,18.52,1210.08,25429.0,35.0,35.0
646,192.980,18.520,192.98,18.52,1210.08,24171.0,0.0,0.0
647,192.980,18.520,192.98,18.52,1210.08,24582.0,0.0,0.0
648,192.980,18.520,192.98,18.52,1210.08,23092.0,0.0,0.0
649,192.980,18.520,192.98,18.52,1210.08,23535.0,0.0,0.0
650,192.980,18.520,192.98,18.52,1210.08,25314.0,727.0,727.0
651,192.980,18.520,192.98,18.52,1210.08,25511.0,391.0,391.0
652,192.980,18.520,192.98,18.52,1210.08,25115.0,0.0,0.0
653,192.980,18.520,192.98,18.52,1210.08,23789.0,0.0,0.0
654,192.980,18.520,192.98,18.52,1210.08,26546.0,51.0,51.0
655,192.980,18.520,192.98,18.52,1210.08,23875.0,0.0,0.0
656,192.980,18.520,192.98,18.52,1210.08,26352.0,185.0,185.0
657,192.980,18.520,192.98,18.52,1210.08,24674.0,0.0,0.0
658,192.980,18.520,192.98,18.52,1210.08,24401.0,0.0,0.0
659,192.980,18.520,192.98,18.52,1210.08,23515.0,0.0,0.0
660,192.980,18.520,192.98,18.52,1210.08,24111.0,0.0,0.0
661,192.980,18.520,192.98,18.52,1210.08,24130.0,0.0,0.0
662,192.980,18.520,192.98,18.52,1210.08,24593.0,159.0,159.0
663,192.980,18.520,192.98,18.52,1210.08,25736.0,576.0,576.0
664,192.980,18.520,192.98,18.52,1210.08,24957.0,0.0,0.0
665,192.980,18.520,192.98,18.52,1210.08,24479.0,0.0,0.0
666,192.980,18.520,192.98,18.52,1210.08,23580.0,0.0,0.0
667,192.980,18.520,192.98,18.52,1210.08,24988.0,0.0,0.0
668,192.980,18.520,192.98,18.52,1210.08,24454.0,0.0,0.0
669,192.980,18.520,192.98,18.52,1210.08,24218.0,0.0,0.0
670,192.980,18.520,192.98,18.52,1210.08,25504.0,580.0,580.0
671,192.980,18.520,192.98,18.52,1210.08,24127.0,0.0,0.0
672,192.980,18.520,192.98,18.52,1210.08,24096.0,0.0,0.0
673,192.980,18.520,192.98,18.52,1210.08,26397.0,707.0,707.0
674,192.980,18.520,192.98,18.52,1210.08,24890.0,0.0,0.0
675,192.980,18.520,192.98,18.52,1210.08,23389.0,0.0,0.0
676,192.980,18.520,192.98,18.52,1210.08,24642.0,0.0,0.0
677,192.980,18.520,192.98,18.52,1210.08,25712.0,0.0,0.0
678,192.980,18.520,192.98,18.52,1210.08,24678.0,325.0,325.0
679,192.980,18.520,192.98,18.52,1210.08,25695.0,0.0,0.0
680,192.980,18.520,192.98,18.52,1210.08,26078.0,739.0,739.0
681,192.980,18.520,192.98,18.52,1210.08,24768.0,0.0,0.0
682,192.980,18.520,192.98,18.52,1210.08,24131.0,0.0,0.0
683,192.980,18.520,192.98,18.52,1210.08,24341.0,0.0,0.0
684,192.980,18.520,192.98,18.52,1210.08,27476.0,701.0,701.0
685,192.980,18.520,192.98,18.52,1210.08,25526.0,0.0,0.0
686,192.980,18.520,192.98,18.52,1210.08,26472.0,1608.0,1608.0
687,192.980,18.520,192.98,18.52,1210.08,24462.0,210.0,210.0
688,192.980,18.520,192.98,18.52,1210.08,25674.0,0.0,0.0
689,192.980,18.520,192.98,18.52,1210.08,25956.0,11.0,11.0
690,192.980,18.520,192.98,18.52,1210.08,25179.0,157.0,157.0
691,192.980,18.520,192.98,18.52,1210.08,24450.0,0.0,0.0
692,192.980,18.520,192.98,18.52,1210.08,24475.0,0.0,0.0
693,192.980,18.520,192.98,18.52,1210.08,23851.0,0.0,0.0
694,192.980,18.520,192.98,18.52,1210.08,24513.0,0.0,0.0
695,192.980,18.520,192.98,18.52,1210.08,25782.0,774.0,774.0
696,192.980,18.520,192.98,18.52,1210.08,24449.0,0.0,0.0
697,192.980,18.520,192.98,18.52,1210.08,26428.0,1203.0,1203.0
698,192.980,18.520,192.98,18.52,1210.08,24952.0,0.0,0.0
699,192.980,18.520,192.98,18.52,1210.08,23698.0,0.0,0.0
700,192.980,18.520,192.98,18.52,1210.08,24659.0,440.0,440.0
701,192.980,18.520,192.98,18.52,1210.08,25071.0,412.0,412.0
702,192.980,18.520,192.98,18.52,1210.08,25283.0,24.0,24.0
703,192.980,18.520,192.98,18.52,1210.08,26311.0,610.0,610.0
704,192.980,18.520,192.98,18.52,1210.08,26747.0,366.0,366.0
705,192.980,18.520,192.98,18.52,1210.08,24785.0,0.0,0.0
706,192.980,18.520,192.98,18.52,1210.08,23603.0,0.0,0.0
707,192.980,18.520,192.98,18.52,1210.08,25920.0,1456.0,1456.0
708,192.980,18.520,192.98,18.52,1210.08,25236.0,317.0,317.0
709,192.980,18.520,192.98,18.52,1210.08,25909.0,312.0,312.0
710,192.980,18.520,192.98,18.52,1210.08,25101.0,0.0,0.0
711,192.980,18.520,192.98,18.52,1210.08,25380.0,0.0,0.0
712,192.980,18.520,192.98,18.52,1210.08,24947.0,0.0,0.0
713,192.980,18.520,192.98,18.52,1210.08,26254.0,1383.0,1383.0
714,192.980,18.520,192.98,18.52,1210.08,25159.0,129.0,129.0
715,192.980,18.520,192.98,18.52,1210.08,24907.0,375.0,375.0
716,192.980,18.520,192.98,18.52,1210.08,24622.0,0.0,0.0
717,192.980,18.520,192.98,18.52,1210.08,24066.0,0.0,0.0
718,192.980,18.520,192.98,18.52,1210.08,25496.0,744.0,744.0
719,192.980,18.520,192.98,18.52,1210.08,25597.0,669.0,669.0
720,192.980,18.520,192.98,18.52,1210.08,26266.0,474.0,474.0
721,192.980,18.520,192.98,18.52,1210.08,24661.0,0.0,0.0
722,192.980,18.520,192.98,18.52,1210.08,25981.0,808.0,808.0
723,192.980,18.520,192.98,18.52,1210.08,25858.0,329.0,329.0
