id,avg_x,avg_y,x,y,bg,Square_intensity,circular_intensity,Gaussian_intensity
403,45.940,225.300,43.25,227.87,1110.49,23886.0,0.0,0.0
404,45.940,225.300,43.25,227.87,1110.49,24454.0,792.0,792.0
405,45.940,225.300,43.25,227.87,1110.49,24690.0,519.0,519.0
406,45.940,225.300,43.25,227.87,1110.49,26599.0,1303.0,1303.0
407,45.940,225.300,43.25,227.87,1110.49,25385.0,1055.0,1055.0
408,45.940,225.300,43.25,227.87,1110.49,23829.0,798.0,798.0
409,45.940,225.300,43.25,227.87,1110.49,23445.0,0.0,0.0
410,45.940,225.300,43.25,227.87,1110.49,24166.0,0.0,0.0
411,45.940,225.300,43.25,227.87,1110.49,23974.0,0.0,0.0
412,45.940,225.300,43.25,227.87,1110.49,24843.0,382.0,382.0
413,45.940,225.300,43.25,227.87,1110.49,23891.0,0.0,0.0
414,45.940,225.300,43.25,227.87,1110.49,22715.0,0.0,0.0
415,45.940,225.300,43.25,227.87,1110.49,24003.0,0.0,0.0
416,45.940,225.300,43.25,227.87,1110.49,23637.0,0.0,0.0
417,45.940,225.300,43.25,227.87,1110.49,25337.0,219.0,219.0
418,45.940,225.300,43.25,227.87,1110.49,24096.0,0.0,0.0
419,45.940,225.300,43.25,227.87,1110.49,24868.0,406.0,406.0
420,45.940,225.300,43.25,227.87,1110.49,23313.0,0.0,0.0
421,45.940,225.300,43.25,227.87,1110.49,24856.0,0.0,0.0
422,45.940,225.300,43.25,227.87,1110.49,22963.0,0.0,0.0
423,45.940,225.300,43.25,227.87,1110.49,23678.0,0.0,0.0
424,45.940,225.300,43.25,227.87,1110.49,24278.0,363.0,363.0
425,45.940,225.300,43.25,227.87,1110.49,25609.0,92.0,92.0
426,45.940,225.300,43.25,227.87,1110.49,25076.0,333.0,333.0
427,45.940,225.300,43.25,227.87,1110.49,22812.0,0.0,0.0
428,45.940,225.300,43.25,227.87,1110.49,24003.0,145.0,145.0
429,45.940,225.300,43.25,227.87,1110.49,24000.0,0.0,0.0
430,45.940,225.300,43.25,227.87,1110.49,23994.0,205.0,205.0
431,45.940,225.300,43.25,227.87,1110.49,25065.0,874.0,874.0
432,45.940,225.300,43.25,227.87,1110.49,23724.0,0.0,0.0
433,45.940,225.300,43.25,227.87,1110.49,26147.0,713.0,713.0
434,45.940,225.300,43.25,227.87,1110.49,24793.0,403.0,403.0
435,45.940,225.300,43.25,227.87,1110.49,23703.0,0.0,0.0
436,45.940,225.300,43.25,227.87,1110.49,24251.0,0.0,0.0
437,45.940,225.300,43.25,227.87,1110.49,22658.0,0.0,0.0
438,45.940,225.300,43.25,227.87,1110.49,25545.0,852.0,852.0
439,45.940,225.300,43.25,227.87,1110.49,24121.0,0.0,0.0
440,45.940,225.300,43.25,227.87,1110.49,22978.0,0.0,0.0
441,45.940,225.300,43.25,227.87,1110.49,24400.0,0.0,0.0
442,45.940,225.300,43.25,227.87,1110.49,24862.0,0.0,0.0
443,45.940,225.300,43.25,227.87,1110.49,22694.0,0.0,0.0
444,45.940,225.300,43.25,227.87,1110.49,24219.0,0.0,0.0
445,45.940,225.300,43.25,227.87,1110.49,23243.0,0.0,0.0
446,45.940,225.300,43.25,227.87,1110.49,22867.0,0.0,0.0
447,45.940,225.300,43.25,227.87,1110.49,22689.0,0.0,0.0
448,45.940,225.300,43.25,227.87,1110.49,24963.0,0.0,0.0
449,45.940,225.300,43.25,227.87,1110.49,22382.0,0.0,0.0
450,45.940,225.300,43.25,227.87,1110.49,24032.0,505.0,505.0
451,45.940,225.300,43.25,227.87,1110.49,24699.0,1042.0,1042.0
452,45.940,225.300,43.25,227.87,1110.49,24778.0,328.0,328.0
453,45.940,225.300,43.25,227.87,1110.49,24795.0,569.0,569.0
454,45.940,225.300,43.25,227.87,1110.49,24107.0,0.0,0.0
455,45.940,225.300,43.25,227.87,1110.49,25521.0,1246.0,1246.0
456,45.940,225.300,43.25,227.87,1110.49,22941.0,0.0,0.0
457,45.940,225.300,43.25,227.87,1110.49,23846.0,267.0,267.0
458,45.940,225.300,43.25,227.87,1110.49,23095.0,0.0,0.0
459,45.940,225.300,43.25,227.87,1110.49,23789.0,0.0,0.0
460,45.940,225.300,43.25,227.87,1110.49,26189.0,1917.0,1917.0
461,45.940,225.300,43.25,227.87,1110.49,22708.0,0.0,0.0
462,45.940,225.300,43.25,227.87,1110.49,24898.0,0.0,0.0
463,45.940,225.300,43.25,227.87,1110.49,25489.0,1233.0,1233.0
464,45.940,225.300,43.25,227.87,1110.49,23334.0,0.0,0.0
465,45.940,225.300,43.25,227.87,1110.49,23799.0,0.0,0.0
466,45.940,225.300,43.25,227.87,1110.49,24521.0,0.0,0.0
467,45.940,225.300,43.25,227.87,1110.49,23554.0,0.0,0.0
468,45.940,225.300,43.25,227.87,1110.49,23316.0,58.0,58.0
469,45.940,225.300,43.25,227.87,1110.49,24548.0,0.0,0.0
470,45.940,225.300,43.25,227.87,1110.49,23978.0,0.0,0.0
471,45.940,225.300,43.25,227.87,1110.49,26053.0,1086.0,1086.0
472,45.940,225.300,43.25,227.87,1110.49,25889.0,1407.0,1407.0
473,45.940,225.300,43.25,227.87,1110.49,24715.0,306.0,306.0
474,45.940,225.300,43.25,227.87,1110.49,24027.0,292.0,292.0
475,45.940,225.300,43.25,227.87,1110.49,24369.0,75.0,75.0
476,45.940,225.300,43.25,227.87,1110.49,26736.0,1538.0,1538.0
477,45.940,225.300,43.25,227.87,1110.49,25095.0,1100.0,1100.0
478,45.940,225.300,43.25,227.87,1110.49,25283.0,1326.0,1326.0
479,45.940,225.300,43.25,227.87,1110.49,23078.0,40.0,40.0
480,45.940,225.300,43.25,227.87,1110.49,24339.0,79.0,79.0
481,45.940,225.300,43.25,227.87,1110.49,24461.0,263.0,263.0
482,45.940,225.300,43.25,227.87,1110.49,23527.0,0.0,0.0
483,45.940,225.300,43.25,227.87,1110.49,23920.0,0.0,0.0
484,45.940,225.300,43.25,227.87,1110.49,23436.0,0.0,0.0
485,45.940,225.300,43.25,227.87,1110.49,23952.0,0.0,0.0
486,45.940,225.300,43.25,227.87,1110.49,24717.0,898.0,898.0
487,45.940,225.300,43.25,227.87,1110.49,25341.0,1599.0,1599.0
488,45.940,225.300,43.25,227.87,1110.49,24043.0,0.0,0.0
489,45.940,225.300,43.25,227.87,1110.49,24952.0,342.0,342.0
490,45.940,225.300,43.25,227.87,1110.49,23728.0,0.0,0.0
491,45.940,225.300,43.25,227.87,1110.49,23372.0,0.0,0.0
492,45.940,225.300,43.25,227.87,1110.49,23949.0,0.0,0.0
493,45.940,225.300,43.25,227.87,1110.49,23219.0,0.0,0.0
494,45.940,225.300,43.25,227.87,1110.49,24393.0,512.0,512.0
495,45.940,225.300,43.25,227.87,1110.49,24416.0,387.0,387.0
496,45.940,225.300,43.25,227.87,1110.49,24081.0,686.0,686.0
497,45.940,225.300,43.25,227.87,1110.49,23286.0,0.0,0.0
498,45.940,225.300,43.25,227.87,1110.49,22859.0,0.0,0.0
499,45.940,225.300,43.25,227.87,1110.49,24241.0,904.0,904.0
500,45.940,225.300,43.25,227.87,1110.49,24835.0,1341.0,1341.0
501,45.940,225.300,43.25,227.87,1110.49,23741.0,0.0,0.0
502,45.940,225.300,43.25,227.87,1110.49,25101.0,1296.0,1296.0
503,45.940,225.300,43.25,227.87,1110.49,34788.0,5730.0,5730.0
504,45.940,225.300,43.25,227.87,1110.49,32570.0,3580.0,3580.0
505,45.940,225.300,43.25,227.87,1110.49,32489.0,3366.0,3366.0
506,45.940,225.300,43.25,227.87,1110.49,33387.0,3776.0,3776.0
507,45.940,225.300,43.25,227.87,1110.49,31719.0,3270.0,3270.0
508,45.940,225.300,43.25,227.87,1110.49,32265.0,4172.0,4172.0
509,45.940,225.300,43.25,227.87,1110.49,30839.0,2190.0,2190.0
510,45.940,225.300,43.25,227.87,1110.49,32835.0,3628.0,3628.0
511,45.940,225.300,43.25,227.87,1110.49,33086.0,4356.0,4356.0
512,45.940,225.300,43.25,227.87,1110.49,34116.0,5818.0,5818.0
513,45.940,225.300,43.25,227.87,1110.49,31511.0,2657.0,2657.0
514,45.940,225.300,43.25,227.87,1110.49,33593.0,3563.0,3563.0
515,45.940,225.300,43.25,227.87,1110.49,30982.0,2409.0,2409.0
516,45.940,225.300,43.25,227.87,1110.49,33198.0,4296.0,4296.0
517,45.940,225.300,43.25,227.87,1110.49,32831.0,4195.0,4195.0
518,45.940,225.300,43.25,227.87,1110.49,32889.0,5512.0,5512.0
519,45.940,225.300,43.25,227.87,1110.49,29911.0,1844.0,1844.0
520,45.940,225.300,43.25,227.87,1110.49,31020.0,2606.0,2606.0
521,45.940,225.300,43.25,227.87,1110.49,33365.0,5205.0,5205.0
522,45.940,225.300,43.25,227.87,1110.49,32408.0,3599.0,3599.0
523,45.940,225.300,43.25,227.87,1110.49,32104.0,2743.0,2743.0
524,45.940,225.300,43.25,227.87,1110.49,32407.0,3438.0,3438.0
525,45.940,225.300,43.25,227.87,1110.49,33625.0,4847.0,4847.0
526,45.940,225.300,43.25,227.87,1110.49,31886.0,4075.0,4075.0
527,45.940,225.300,43.25,227.87,1110.49,32205.0,3126.0,3126.0
528,45.940,225.300,43.25,227.87,1110.49,32984.0,3242.0,3242.0
529,45.940,225.300,43.25,227.87,1110.49,34281.0,4905.0,4905.0
530,45.940,225.300,43.25,227.87,1110.49,33831.0,4149.0,4149.0
531,45.940,225.300,43.25,227.87,1110.49,30888.0,2206.0,2206.0
532,45.940,225.300,43.25,227.87,1110.49,33539.0,4123.0,4123.0
533,45.940,225.300,43.25,227.87,1110.49,33593.0,4158.0,4158.0
534,45.940,225.300,43.25,227.87,1110.49,32735.0,2424.0,2424.0
535,45.940,225.300,43.25,227.87,1110.49,31641.0,2793.0,2793.0
536,45.940,225.300,43.25,227.87,1110.49,30843.0,2217.0,2217.0
537,45.940,225.300,43.25,227.87,1110.49,31701.0,3158.0,3158.0
538,45.940,225.300,43.25,227.87,1110.49,29134.0,1285.0,1285.0
539,45.940,225.300,43.25,227.87,1110.49,30047.0,1724.0,1724.0
540,45.940,225.300,43.25,227.87,1110.49,33382.0,3990.0,3990.0
541,45.940,225.300,43.25,227.87,1110.49,29933.0,1640.0,1640.0
542,45.940,225.300,43.25,227.87,1110.49,30962.0,2081.0,2081.0
543,45.940,225.300,43.25,227.87,1110.49,31530.0,2681.0,2681.0
544,45.940,225.300,43.25,227.87,1110.49,31031.0,1524.0,1524.0
545,45.940,225.300,43.25,227.87,1110.49,29490.0,796.0,796.0
546,45.940,225.300,43.25,227.87,1110.49,31483.0,3293.0,3293.0
547,45.940,225.300,43.25,227.87,1110.49,32529.0,3368.0,3368.0
548,45.940,225.300,43.25,227.87,1110.49,30692.0,3229.0,3229.0
549,45.940,225.300,43.25,227.87,1110.49,32084.0,3147.0,3147.0
550,45.940,225.300,43.25,227.87,1110.49,30392.0,2805.0,2805.0
551,45.940,225.300,43.25,227.87,1110.49,32033.0,3811.0,3811.0
552,45.940,225.300,43.25,227.87,1110.49,31120.0,2885.0,2885.0
553,45.940,225.300,43.25,227.87,1110.49,33053.0,4236.0,4236.0
554,45.940,225.300,43.25,227.87,1110.49,30263.0,2847.0,2847.0
555,45.940,225.300,43.25,227.87,1110.49,31209.0,2549.0,2549.0
556,45.940,225.300,43.25,227.87,1110.49,32340.0,3583.0,3583.0
557,45.940,225.300,43.25,227.87,1110.49,31657.0,3353.0,3353.0
558,45.940,225.300,43.25,227.87,1110.49,31466.0,2419.0,2419.0
559,45.940,225.300,43.25,227.87,1110.49,31613.0,3102.0,3102.0
560,45.940,225.300,43.25,227.87,1110.49,32659.0,4482.0,4482.0
561,45.940,225.300,43.25,227.87,1110.49,31293.0,3008.0,3008.0
562,45.940,225.300,43.25,227.87,1110.49,34852.0,5344.0,5344.0
563,45.940,225.300,43.25,227.87,1110.49,32569.0,3088.0,3088.0
564,45.940,225.300,43.25,227.87,1110.49,33917.0,4817.0,4817.0
565,45.940,225.300,43.25,227.87,1110.49,33462.0,3919.0,3919.0
566,45.940,225.300,43.25,227.87,1110.49,32214.0,3260.0,3260.0
567,45.940,225.300,43.25,227.87,1110.49,34324.0,4471.0,4471.0
568,45.940,225.300,43.25,227.87,1110.49,31682.0,1755.0,1755.0
569,45.940,225.300,43.25,227.87,1110.49,32246.0,3856.0,3856.0
570,45.940,225.300,43.25,227.87,1110.49,33094.0,4377.0,4377.0
571,45.940,225.300,43.25,227.87,1110.49,29485.0,1493.0,1493.0
572,45.940,225.300,43.25,227.87,1110.49,33716.0,3635.0,3635.0
573,45.940,225.300,43.25,227.87,1110.49,33406.0,3599.0,3599.0
574,45.940,225.300,43.25,227.87,1110.49,35847.0,6434.0,6434.0
575,45.940,225.300,43.25,227.87,1110.49,32924.0,4154.0,4154.0
576,45.940,225.300,43.25,227.87,1110.49,31095.0,2148.0,2148.0
577,45.940,225.300,43.25,227.87,1110.49,33247.0,4099.0,4099.0
578,45.940,225.300,43.25,227.87,1110.49,32351.0,2989.0,2989.0
579,45.940,225.300,43.25,227.87,1110.49,32696.0,3860.0,3860.0
580,45.940,225.300,43.25,227.87,1110.49,34470.0,4330.0,4330.0
581,45.940,225.300,43.25,227.87,1110.49,31801.0,3414.0,3414.0
582,45.940,225.300,43.25,227.87,1110.49,31619.0,2781.0,2781.0
583,45.940,225.300,43.25,227.87,1110.49,31333.0,1900.0,1900.0
584,45.940,225.300,43.25,227.87,1110.49,32731.0,3141.0,3141.0
585,45.940,225.300,43.25,227.87,1110.49,32160.0,3122.0,3122.0
586,45.940,225.300,43.25,227.87,1110.49,31781.0,2630.0,2630.0
587,45.940,225.300,43.25,227.87,1110.49,32725.0,3288.0,3288.0
588,45.940,225.300,43.25,227.87,1110.49,32677.0,4427.0,4427.0
589,45.940,225.300,43.25,227.87,1110.49,32434.0,3114.0,3114.0
590,45.940,225.300,43.25,227.87,1110.49,31915.0,2181.0,2181.0
591,45.940,225.300,43.25,227.87,1110.49,31818.0,3608.0,3608.0
592,45.940,225.300,43.25,227.87,1110.49,34433.0,4318.0,4318.0
593,45.940,225.300,43.25,227.87,1110.49,33328.0,3673.0,3673.0
594,45.940,225.300,43.25,227.87,1110.49,34157.0,4881.0,4881.0
595,45.940,225.300,43.25,227.87,1110.49,31193.0,1549.0,1549.0
596,45.940,225.300,43.25,227.87,1110.49,31418.0,2784.0,2784.0
597,45.940,225.300,43.25,227.87,1110.49,31553.0,3358.0,3358.0
598,45.940,225.300,43.25,227.87,1110.49,33101.0,4092.0,4092.0
599,45.940,225.300,43.25,227.87,1110.49,32503.0,2296.0,2296.0
600,45.940,225.300,43.25,227.87,1110.49,33807.0,5172.0,5172.0
601,45.940,225.300,43.25,227.87,1110.49,32746.0,3584.0,3584.0
602,45.940,225.300,43.25,227.87,1110.49,33324.0,4120.0,4120.0
603,45.940,225.300,43.25,227.87,1110.49,31876.0,2845.0,2845.0
604,45.940,225.300,43.25,227.87,1110.49,32724.0,2715.0,2715.0
605,45.940,225.300,43.25,227.87,1110.49,34279.0,4611.0,4611.0
606,45.940,225.300,43.25,227.87,1110.49,32991.0,2825.0,2825.0
607,45.940,225.300,43.25,227.87,1110.49,31283.0,2717.0,2717.0
608,45.940,225.300,43.25,227.87,1110.49,34823.0,4984.0,4984.0
609,45.940,225.300,43.25,227.87,1110.49,33339.0,4752.0,4752.0
610,45.940,225.300,43.25,227.87,1110.49,33520.0,4083.0,4083.0
611,45.940,225.300,43.25,227.87,1110.49,35018.0,4904.0,4904.0
612,45.940,225.300,43.25,227.87,1110.49,32625.0,3735.0,3735.0
613,45.940,225.300,43.25,227.87,1110.49,32537.0,3164.0,3164.0
614,45.940,225.300,43.25,227.87,1110.49,33897.0,4429.0,4429.0
615,45.940,225.300,43.25,227.87,1110.49,32439.0,3371.0,3371.0
616,45.940,225.300,43.25,227.87,1110.49,34290.0,4308.0,4308.0
617,45.940,225.300,43.25,227.87,1110.49,32090.0,4023.0,4023.0
618,45.940,225.300,43.25,227.87,1110.49,34125.0,3669.0,3669.0
619,45.940,225.300,43.25,227.87,1110.49,31879.0,3139.0,3139.0
620,45.940,225.300,43.25,227.87,1110.49,33653.0,3782.0,3782.0
621,45.940,225.300,43.25,227.87,1110.49,34485.0,5391.0,5391.0
622,45.940,225.300,43.25,227.87,1110.49,31931.0,2450.0,2450.0
623,45.940,225.300,43.25,227.87,1110.49,32253.0,4033.0,4033.0
624,45.940,225.300,43.25,227.87,1110.49,33493.0,3986.0,3986.0
625,45.940,225.300,43.25,227.87,1110.49,32811.0,4099.0,4099.0
626,45.940,225.300,43.25,227.87,1110.49,31249.0,2413.0,2413.0
627,45.940,225.300,43.25,227.87,1110.49,36501.0,5866.0,5866.0
628,45.940,225.300,43.25,227.87,1110.49,31531.0,1804.0,1804.0
629,45.940,225.300,43.25,227.87,1110.49,33186.0,4473.0,4473.0
630,45.940,225.300,43.25,227.87,1110.49,33053.0,4180.0,4180.0
631,45.940,225.300,43.25,227.87,1110.49,31310.0,3046.0,3046.0
632,45.940,225.300,43.25,227.87,1110.49,31852.0,3587.0,3587.0
633,45.940,225.300,43.25,227.87,1110.49,33216.0,4283.0,4283.0
634,45.940,225.300,43.25,227.87,1110.49,31787.0,2647.0,2647.0
635,45.940,225.300,43.25,227.87,1110.49,35198.0,5898.0,5898.0
636,45.940,225.300,43.25,227.87,1110.49,31079.0,2751.0,2751.0
637,45.940,225.300,43.25,227.87,1110.49,33010.0,3671.0,3671.0
638,45.940,225.300,43.25,227.87,1110.49,30956.0,2090.0,2090.0
639,45.940,225.300,43.25,227.87,1110.49,31150.0,3195.0,3195.0
640,45.940,225.300,43.25,227.87,1110.49,34037.0,3306.0,3306.0
641,45.940,225.300,43.25,227.87,1110.49,32022.0,2572.0,2572.0
642,45.940,225.300,43.25,227.87,1110.49,31064.0,1361.0,1361.0
643,45.940,225.300,43.25,227.87,1110.49,35852.0,6310.0,6310.0
644,45.940,225.300,43.25,227.87,1110.49,33938.0,3423.0,3423.0
645,45.940,225.300,43.25,227.87,1110.49,34368.0,4197.0,4197.0
646,45.940,225.300,43.25,227.87,1110.49,30711.0,2077.0,2077.0
647,45.940,225.300,43.25,227.87,1110.49,31834.0,4019.0,4019.0
648,45.940,225.300,43.25,227.87,1110.49,33596.0,3849.0,3849.0
649,45.940,225.300,43.25,227.87,1110.49,35390.0,6310.0,6310.0
650,45.940,225.300,43.25,227.87,1110.49,33519.0,3549.0,3549.0
651,45.940,225.300,43.25,227.87,1110.49,31526.0,2774.0,2774.0
652,45.940,225.300,43.25,227.87,1110.49,33158.0,4067.0,4067.0
653,45.940,225.300,43.25,227.87,1110.49,31307.0,3177.0,3177.0
654,45.940,225.300,43.25,227.87,1110.49,33981.0,3920.0,3920.0
655,45.940,225.300,43.25,227.87,1110.49,30799.0,2896.0,2896.0
656,45.940,225.300,43.25,227.87,1110.49,32213.0,2576.0,2576.0
657,45.940,225.300,43.25,227.87,1110.49,30354.0,1885.0,1885.0
658,45.940,225.300,43.25,227.87,1110.49,33701.0,3641.0,3641.0
659,45.940,225.300,43.25,227.87,1110.49,31736.0,3479.0,3479.0
660,45.940,225.300,43.25,227.87,1110.49,31910.0,2833.0,2833.0
661,45.940,225.300,43.25,227.87,1110.49,30653.0,2046.0,2046.0
662,45.940,225.300,43.25,227.87,1110.49,32010.0,3001.0,3001.0
663,45.940,225.300,43.25,227.87,1110.49,31765.0,2406.0,2406.0
664,45.940,225.300,43.25,227.87,1110.49,32222.0,2662.0,2662.0
665,45.940,225.300,43.25,227.87,1110.49,30901.0,2204.0,2204.0
666,45.940,225.300,43.25,227.87,1110.49,32095.0,2098.0,2098.0
667,45.940,225.300,43.25,227.87,1110.49,32492.0,2505.0,2505.0
668,45.940,225.300,43.25,227.87,1110.49,34063.0,4939.0,4939.0
669,45.940,225.300,43.25,227.87,1110.49,34838.0,4643.0,4643.0
670,45.940,225.300,43.25,227.87,1110.49,30648.0,1812.0,1812.0
671,45.940,225.300,43.25,227.87,1110.49,30220.0,2005.0,2005.0
672,45.940,225.300,43.25,227.87,1110.49,32167.0,2923.0,2923.0
673,45.940,225.300,43.25,227.87,1110.49,30262.0,1385.0,1385.0
674,45.940,225.300,43.25,227.87,1110.49,33475.0,4515.0,4515.0
675,45.940,225.300,43.25,227.87,1110.49,32323.0,3012.0,3012.0
676,45.940,225.300,43.25,227.87,1110.49,32239.0,3454.0,3454.0
677,45.940,225.300,43.25,227.87,1110.49,33041.0,3347.0,3347.0
678,45.940,225.300,43.25,227.87,1110.49,31577.0,2636.0,2636.0
679,45.940,225.300,43.25,227.87,1110.49,33434.0,3868.0,3868.0
680,45.940,225.300,43.25,227.87,1110.49,34772.0,5478.0,5478.0
681,45.940,225.300,43.25,227.87,1110.49,33761.0,3498.0,3498.0
682,45.940,225.300,43.25,227.87,1110.49,33801.0,5435.0,5435.0
683,45.940,225.300,43.25,227.87,1110.49,49788.0,17594.0,17594.0
684,45.940,225.300,43.25,227.87,1110.49,32016.0,3363.0,3363.0
685,45.940,225.300,43.25,227.87,1110.49,32378.0,2442.0,2442.0
686,45.940,225.300,43.25,227.87,1110.49,32830.0,4131.0,4131.0
687,45.940,225.300,43.25,227.87,1110.49,32446.0,3657.0,3657.0
688,45.940,225.300,43.25,227.87,1110.49,30686.0,2072.0,2072.0
689,45.940,225.300,43.25,227.87,1110.49,33969.0,4077.0,4077.0
690,45.940,225.300,43.25,227.87,1110.49,31495.0,2895.0,2895.0
691,45.940,225.300,43.25,227.87,1110.49,32437.0,3125.0,3125.0
692,45.940,225.300,43.25,227.87,1110.49,33734.0,3624.0,3624.0
693,45.940,225.300,43.25,227.87,1110.49,32942.0,4453.0,4453.0
694,45.940,225.300,43.25,227.87,1110.49,31208.0,3352.0,3352.0
695,45.940,225.300,43.25,227.87,1110.49,30500.0,2030.0,2030.0
696,45.940,225.300,43.25,227.87,1110.49,32634.0,3574.0,3574.0
697,45.940,225.300,43.25,227.87,1110.49,32173.0,3412.0,3412.0
698,45.940,225.300,43.25,227.87,1110.49,32130.0,3373.0,3373.0
699,45.940,225.300,43.25,227.87,1110.49,33564.0,4384.0,4384.0
700,45.940,225.300,43.25,227.87,1110.49,32028.0,2140.0,2140.0
701,45.940,225.300,43.25,227.87,1110.49,32171.0,3435.0,3435.0
702,45.940,225.300,43.25,227.87,1110.49,33827.0,3147.0,3147.0
703,45.940,225.300,43.25,227.87,1110.49,65535.0,26762.0,26762.0
704,45.940,225.300,43.34,227.73,1110.49,65535.0,27516.0,27516.0
705,45.940,225.300,43.38,227.77,1110.49,65535.0,28270.0,28270.0
706,45.940,225.300,43.43,227.73,1110.49,65535.0,28995.0,28995.0
707,45.940,225.300,43.43,227.78,1110.49,65535.0,30255.0,30255.0
708,45.940,225.300,43.39,227.73,1110.49,65535.0,27516.0,27516.0
709,45.940,225.300,45.7,226.13,1110.49,47423.0,17986.0,17986.0
710,45.940,225.300,45.47,226.06,1110.49,45183.0,16243.0,16243.0
711,45.940,225.300,45.78,226.11,1110.49,46390.0,17791.0,17791.0
712,45.940,225.300,45.51,225.96,1110.49,48971.0,18796.0,18796.0
713,45.940,225.300,45.7,226.06,1110.49,48057.0,17870.0,17870.0
714,45.940,225.300,45.79,225.97,1110.49,46531.0,17652.0,17652.0
715,45.940,225.300,45.73,226.1,1110.49,44468.0,17127.0,17127.0
716,45.940,225.300,45.55,226.01,1110.49,45867.0,17277.0,17277.0
717,45.940,225.300,45.8,226.13,1110.49,45205.0,17521.0,17521.0
718,45.940,225.300,45.73,225.93,1110.49,49290.0,18810.0,18810.0
719,45.940,225.300,45.5,225.87,1110.49,48807.0,18851.0,18851.0
720,45.940,225.300,45.65,226.1,1110.49,46405.0,17582.0,17582.0
721,45.940,225.300,45.82,226.14,1110.49,46746.0,17805.0,17805.0
722,45.940,225.300,45.69,226.52,1110.49,43569.0,15182.0,15182.0
723,45.940,225.300,45.6,225.93,1110.49,44780.0,16277.0,16277.0
724,45.940,225.300,45.57,226.02,1110.49,47246.0,19427.0,19427.0
725,45.940,225.300,45.58,226.21,1110.49,44529.0,17104.0,17104.0
726,45.940,225.300,45.83,225.96,1110.49,41257.0,13805.0,13805.0
727,45.940,225.300,45.69,225.84,1110.49,43352.0,16334.0,16334.0
728,45.940,225.300,45.8,226.03,1110.49,43447.0,16275.0,16275.0
729,45.940,225.300,45.81,226,1110.49,44564.0,16459.0,16459.0
730,45.940,225.300,45.8,226.04,1110.49,42722.0,15049.0,15049.0
731,45.940,225.300,45.72,225.96,1110.49,44316.0,16108.0,16108.0
732,45.940,225.300,45.67,226.16,1110.49,42129.0,14192.0,14192.0
733,45.940,225.300,45.76,226.03,1110.49,38900.0,12036.0,12036.0
734,45.940,225.300,45.59,226.06,1110.49,43722.0,16376.0,16376.0
735,45.940,225.300,45.87,226,1110.49,40775.0,13190.0,13190.0
736,45.940,225.300,45.88,225.94,1110.49,41410.0,12111.0,12111.0
737,45.940,225.300,45.74,226.21,1110.49,41221.0,13926.0,13926.0
738,45.940,225.300,45.79,226.26,1110.49,41599.0,14232.0,14232.0
739,45.940,225.300,45.79,226.11,1110.49,46086.0,19228.0,19228.0
740,45.940,225.300,45.78,226.01,1110.49,42099.0,15646.0,15646.0
741,45.940,225.300,45.66,226.34,1110.49,44137.0,17794.0,17794.0
742,45.940,225.300,45.6,226.01,1110.49,40954.0,13716.0,13716.0
743,45.940,225.300,45.77,226.12,1110.49,43657.0,16790.0,16790.0
744,45.940,225.300,45.83,225.93,1110.49,42255.0,14942.0,14942.0
745,45.940,225.300,45.89,225.98,1110.49,46610.0,18448.0,18448.0
746,45.940,225.300,45.63,226.14,1110.49,45615.0,19143.0,19143.0
747,45.940,225.300,45.66,225.94,1110.49,47039.0,19690.0,19690.0
748,45.940,225.300,45.67,225.93,1110.49,38693.0,12055.0,12055.0
749,45.940,225.300,45.76,225.96,1110.49,42050.0,14513.0,14513.0
750,45.940,225.300,45.81,225.99,1110.49,43126.0,15914.0,15914.0
751,45.940,225.300,45.77,226.12,1110.49,39322.0,12283.0,12283.0
752,45.940,225.300,45.6,225.64,1110.49,40872.0,13678.0,13678.0
753,45.940,225.300,45.59,226.03,1110.49,45658.0,16787.0,16787.0
754,45.940,225.300,45.69,225.97,1110.49,44272.0,16078.0,16078.0
755,45.940,225.300,45.86,226.07,1110.49,42073.0,13847.0,13847.0
756,45.940,225.300,45.67,226,1110.49,44122.0,16480.0,16480.0
757,45.940,225.300,45.65,226.02,1110.49,44515.0,15498.0,15498.0
758,45.940,225.300,45.78,226.03,1110.49,43144.0,16035.0,16035.0
759,45.940,225.300,45.7,226,1110.49,45099.0,17871.0,17871.0
760,45.940,225.300,45.85,226.04,1110.49,43960.0,16978.0,16978.0
761,45.940,225.300,45.71,225.88,1110.49,43422.0,15501.0,15501.0
762,45.940,225.300,45.92,225.96,1110.49,43530.0,15452.0,15452.0
763,45.940,225.300,45.63,226.04,1110.49,43305.0,16099.0,16099.0
764,45.940,225.300,45.67,225.99,1110.49,42607.0,15360.0,15360.0
765,45.940,225.300,45.66,225.95,1110.49,41800.0,15184.0,15184.0
766,45.940,225.300,45.68,226.09,1110.49,42808.0,16527.0,16527.0
767,45.940,225.300,45.48,225.92,1110.49,41415.0,14977.0,14977.0
768,45.940,225.300,45.63,226.14,1110.49,43717.0,16411.0,16411.0
769,45.940,225.300,45.81,225.95,1110.49,40773.0,13719.0,13719.0
770,45.940,225.300,45.77,226.11,1110.49,42819.0,16289.0,16289.0
771,45.940,225.300,45.68,225.85,1110.49,39943.0,13937.0,13937.0
772,45.940,225.300,45.71,226.1,1110.49,42424.0,15615.0,15615.0
773,45.940,225.300,45.83,226.09,1110.49,43076.0,15306.0,15306.0
774,45.940,225.300,45.7,226.08,1110.49,45985.0,17372.0,17372.0
775,45.940,225.300,45.7,226.13,1110.49,45887.0,18708.0,18708.0
776,45.940,225.300,45.7,226.06,1110.49,42942.0,15237.0,15237.0
777,45.940,225.300,45.72,226.09,1110.49,42535.0,16069.0,16069.0
778,45.940,225.300,45.79,225.97,1110.49,42855.0,14422.0,14422.0
779,45.940,225.300,45.83,226.18,1110.49,39434.0,12826.0,12826.0
780,45.940,225.300,45.7,225.95,1110.49,41725.0,14139.0,14139.0
781,45.940,225.300,45.76,225.98,1110.49,39644.0,13408.0,13408.0
782,45.940,225.300,45.63,225.92,1110.49,39374.0,13295.0,13295.0
783,45.940,225.300,45.68,226.07,1110.49,43721.0,15380.0,15380.0
784,45.940,225.300,45.5,225.92,1110.49,38724.0,13814.0,13814.0
785,45.940,225.300,45.73,225.96,1110.49,45509.0,18442.0,18442.0
786,45.940,225.300,45.7,225.93,1110.49,43383.0,15689.0,15689.0
787,45.940,225.300,45.65,226.36,1110.49,43953.0,17035.0,17035.0
788,45.940,225.300,45.64,226.01,1110.49,44403.0,15939.0,15939.0
789,45.940,225.300,45.55,225.96,1110.49,41470.0,14090.0,14090.0
790,45.940,225.300,45.5,225.99,1110.49,44762.0,16629.0,16629.0
791,45.940,225.300,45.78,226,1110.49,43652.0,15571.0,15571.0
792,45.940,225.300,45.9,226.06,1110.49,41138.0,14409.0,14409.0
793,45.940,225.300,45.73,225.81,1110.49,44070.0,16762.0,16762.0
794,45.940,225.300,45.61,226.18,1110.49,41057.0,14940.0,14940.0
795,45.940,225.300,45.8,226.07,1110.49,43734.0,16199.0,16199.0
796,45.940,225.300,45.89,226.09,1110.49,46825.0,18715.0,18715.0
797,45.940,225.300,45.72,226.06,1110.49,40073.0,13741.0,13741.0
798,45.940,225.300,45.81,226.07,1110.49,45565.0,17735.0,17735.0
799,45.940,225.300,45.6,226.13,1110.49,43513.0,16381.0,16381.0
800,45.940,225.300,45.67,226.02,1110.49,44147.0,16505.0,16505.0
801,45.940,225.300,45.86,226.1,1110.49,44457.0,16406.0,16406.0
802,45.940,225.300,45.68,226.14,1110.49,41966.0,14029.0,14029.0
803,45.940,225.300,45.63,226.04,1110.49,42594.0,15709.0,15709.0
804,45.940,225.300,45.77,226.03,1110.49,42364.0,15251.0,15251.0
805,45.940,225.300,45.49,226.15,1110.49,42601.0,15180.0,15180.0
806,45.940,225.300,45.92,226.04,1110.49,43137.0,14782.0,14782.0
807,45.940,225.300,45.76,226.01,1110.49,43111.0,15937.0,15937.0
808,45.940,225.300,45.67,225.97,1110.49,43918.0,16949.0,16949.0
809,45.940,225.300,45.81,226.21,1110.49,41877.0,14697.0,14697.0
810,45.940,225.300,45.72,226,1110.49,43996.0,16624.0,16624.0
811,45.940,225.300,45.93,226.15,1110.49,44486.0,16284.0,16284.0
812,45.940,225.300,45.63,225.94,1110.49,44652.0,16724.0,16724.0
813,45.940,225.300,45.78,225.94,1110.49,43698.0,16022.0,16022.0
814,45.940,225.300,45.83,226.08,1110.49,42781.0,15068.0,15068.0
815,45.940,225.300,45.42,226.11,1110.49,46198.0,19275.0,19275.0
816,45.940,225.300,45.63,226.13,1110.49,44139.0,16278.0,16278.0
817,45.940,225.300,45.65,225.95,1110.49,42730.0,15582.0,15582.0
818,45.940,225.300,45.75,226.22,1110.49,43223.0,16981.0,16981.0
819,45.940,225.300,45.6,226.03,1110.49,44231.0,16877.0,16877.0
820,45.940,225.300,45.62,225.61,1110.49,44170.0,17488.0,17488.0
821,45.940,225.300,45.65,225.93,1110.49,45611.0,17566.0,17566.0
822,45.940,225.300,45.49,226.12,1110.49,45067.0,17380.0,17380.0
823,45.940,225.300,45.76,226.16,1110.49,45106.0,17131.0,17131.0
824,45.940,225.300,45.6,225.99,1110.49,43525.0,15445.0,15445.0
825,45.940,225.300,45.82,225.98,1110.49,47702.0,19323.0,19323.0
826,45.940,225.300,45.72,226.03,1110.49,44264.0,17038.0,17038.0
827,45.940,225.300,45.72,226.05,1110.49,47181.0,19245.0,19245.0
828,45.940,225.300,45.95,226.01,1110.49,46113.0,18015.0,18015.0
829,45.940,225.300,45.83,225.98,1110.49,44768.0,17056.0,17056.0
830,45.940,225.300,45.63,226.18,1110.49,44556.0,17871.0,17871.0
831,45.940,225.300,45.77,225.97,1110.49,43832.0,16162.0,16162.0
832,45.940,225.300,45.7,226.05,1110.49,48013.0,20090.0,20090.0
833,45.940,225.300,45.81,225.85,1110.49,43680.0,16665.0,16665.0
834,45.940,225.300,45.77,226.15,1110.49,42508.0,15483.0,15483.0
835,45.940,225.300,45.7,226.04,1110.49,41387.0,13875.0,13875.0
836,45.940,225.300,45.73,225.96,1110.49,43997.0,16824.0,16824.0
837,45.940,225.300,45.8,226.19,1110.49,41764.0,14765.0,14765.0
838,45.940,225.300,45.68,226.1,1110.49,43788.0,16660.0,16660.0
839,45.940,225.300,45.62,226.07,1110.49,44896.0,17186.0,17186.0
840,45.940,225.300,45.67,226.15,1110.49,42736.0,15814.0,15814.0
841,45.940,225.300,45.7,225.94,1110.49,44954.0,17335.0,17335.0
842,45.940,225.300,45.68,225.94,1110.49,43123.0,16470.0,16470.0
843,45.940,225.300,45.75,225.96,1110.49,45442.0,18208.0,18208.0
844,45.940,225.300,45.6,226.16,1110.49,45649.0,18635.0,18635.0
845,45.940,225.300,45.59,225.9,1110.49,43758.0,16456.0,16456.0
846,45.940,225.300,45.79,226.09,1110.49,42999.0,16640.0,16640.0
847,45.940,225.300,45.6,225.89,1110.49,44268.0,16807.0,16807.0
848,45.940,225.300,45.75,225.92,1110.49,43018.0,16167.0,16167.0
849,45.940,225.300,45.65,226.15,1110.49,43833.0,17124.0,17124.0
850,45.940,225.300,45.81,226.01,1110.49,47502.0,18974.0,18974.0
851,45.940,225.300,45.71,226.02,1110.49,44509.0,16417.0,16417.0
852,45.940,225.300,45.7,226.08,1110.49,44245.0,16284.0,16284.0
853,45.940,225.300,45.82,225.83,1110.49,42194.0,14744.0,14744.0
854,45.940,225.300,45.68,226.21,1110.49,41393.0,14400.0,14400.0
855,45.940,225.300,45.75,225.89,1110.49,43170.0,16663.0,16663.0
856,45.940,225.300,45.68,226.01,1110.49,43815.0,15831.0,15831.0
857,45.940,225.300,45.68,226.03,1110.49,41458.0,14728.0,14728.0
858,45.940,225.300,45.58,225.92,1110.49,43866.0,16947.0,16947.0
859,45.940,225.300,45.79,225.94,1110.49,44267.0,17478.0,17478.0
860,45.940,225.300,45.74,225.98,1110.49,44749.0,17086.0,17086.0
861,45.940,225.300,45.64,225.99,1110.49,42378.0,15106.0,15106.0
862,45.940,225.300,45.74,226.01,1110.49,43143.0,14343.0,14343.0
863,45.940,225.300,45.7,225.89,1110.49,41403.0,14710.0,14710.0
864,45.940,225.300,45.79,226.07,1110.49,45304.0,18967.0,18967.0
865,45.940,225.300,45.75,226.02,1110.49,43343.0,16840.0,16840.0
866,45.940,225.300,45.6,226.12,1110.49,42722.0,16576.0,16576.0
867,45.940,225.300,45.78,225.96,1110.49,43726.0,16373.0,16373.0
868,45.940,225.300,45.9,225.84,1110.49,42357.0,14875.0,14875.0
869,45.940,225.300,45.69,225.98,1110.49,41123.0,15247.0,15247.0
870,45.940,225.300,45.84,226.01,1110.49,44904.0,16856.0,16856.0
871,45.940,225.300,45.66,225.64,1110.49,41526.0,14922.0,14922.0
872,45.940,225.300,45.69,225.93,1110.49,45004.0,17325.0,17325.0
873,45.940,225.300,45.63,225.89,1110.49,42824.0,16042.0,16042.0
874,45.940,225.300,45.74,226.01,1110.49,43246.0,15236.0,15236.0
875,45.940,225.300,45.67,226.01,1110.49,43582.0,16758.0,16758.0
876,45.940,225.300,45.65,226.02,1110.49,41342.0,14266.0,14266.0
877,45.940,225.300,45.72,225.9,1110.49,42153.0,15564.0,15564.0
878,45.940,225.300,45.77,225.81,1110.49,40914.0,15052.0,15052.0
879,45.940,225.300,45.69,226,1110.49,40030.0,12976.0,12976.0
880,45.940,225.300,45.76,225.96,1110.49,42905.0,15570.0,15570.0
881,45.940,225.300,45.53,225.71,1110.49,43857.0,16530.0,16530.0
882,45.940,225.300,45.87,226.04,1110.49,39675.0,12920.0,12920.0
883,45.940,225.300,45.81,225.86,1110.49,42023.0,15919.0,15919.0
884,45.940,225.300,45.64,226.44,1110.49,42797.0,16312.0,16312.0
885,45.940,225.300,45.79,225.94,1110.49,42663.0,15925.0,15925.0
886,45.940,225.300,45.76,226.1,1110.49,41908.0,15869.0,15869.0
887,45.940,225.300,45.64,225.97,1110.49,40078.0,12812.0,12812.0
888,45.940,225.300,45.72,226.14,1110.49,41167.0,14274.0,14274.0
889,45.940,225.300,45.66,226.45,1110.49,44111.0,16189.0,16189.0
890,45.940,225.300,45.91,225.78,1110.49,44851.0,17212.0,17212.0
891,45.940,225.300,45.8,226.2,1110.49,40647.0,14372.0,14372.0
892,45.940,225.300,45.65,225.84,1110.49,42388.0,16131.0,16131.0
893,45.940,225.300,45.59,225.84,1110.49,43498.0,16225.0,16225.0
894,45.940,225.300,45.93,225.99,1110.49,42068.0,14098.0,14098.0
895,45.940,225.300,45.95,225.89,1110.49,44389.0,16818.0,16818.0
896,45.940,225.300,45.82,226.06,1110.49,47841.0,18383.0,18383.0
897,45.940,225.300,45.84,225.95,1110.49,41856.0,14711.0,14711.0
898,45.940,225.300,45.71,225.92,1110.49,42462.0,15067.0,15067.0
899,45.940,225.300,45.57,225.73,1110.49,43942.0,17124.0,17124.0
900,45.940,225.300,45.47,226.07,1110.49,45351.0,17930.0,17930.0
901,45.940,225.300,45.67,225.57,1110.49,45473.0,18252.0,18252.0
902,45.940,225.300,45.61,225.87,1110.49,41791.0,15085.0,15085.0
903,45.940,225.300,45.65,226.03,1110.49,42006.0,14935.0,14935.0
904,45.940,225.300,45.77,225.97,1110.49,44543.0,17944.0,17944.0
905,45.940,225.300,45.79,225.97,1110.49,44609.0,17271.0,17271.0
906,45.940,225.300,45.75,226.03,1110.49,40667.0,14263.0,14263.0
907,45.940,225.300,45.78,226.09,1110.49,42339.0,16141.0,16141.0
908,45.940,225.300,45.66,226.09,1110.49,42960.0,16418.0,16418.0
909,45.940,225.300,45.82,226.13,1110.49,42588.0,14332.0,14332.0
910,45.940,225.300,45.51,226.09,1110.49,44448.0,18468.0,18468.0
911,45.940,225.300,45.68,225.87,1110.49,42359.0,15678.0,15678.0
912,45.940,225.300,45.82,226.06,1110.49,41691.0,15040.0,15040.0
913,45.940,225.300,45.85,225.88,1110.49,44035.0,16997.0,16997.0
914,45.940,225.300,45.83,225.96,1110.49,41216.0,14018.0,14018.0
915,45.940,225.300,45.75,225.82,1110.49,43743.0,17908.0,17908.0
916,45.940,225.300,45.57,226.18,1110.49,45498.0,18670.0,18670.0
917,45.940,225.300,45.73,225.99,1110.49,41216.0,14482.0,14482.0
918,45.940,225.300,45.58,226.03,1110.49,41340.0,14774.0,14774.0
919,45.940,225.300,45.86,225.94,1110.49,42786.0,16266.0,16266.0
920,45.940,225.300,45.76,226.04,1110.49,44711.0,16881.0,16881.0
921,45.940,225.300,45.82,225.99,1110.49,41801.0,14637.0,14637.0
922,45.940,225.300,45.81,225.95,1110.49,43052.0,15666.0,15666.0
923,45.940,225.300,45.54,226.01,1110.49,45141.0,17742.0,17742.0
924,45.940,225.300,45.82,226.05,1110.49,42635.0,15294.0,15294.0
925,45.940,225.300,45.7,225.92,1110.49,42762.0,16115.0,16115.0
926,45.940,225.300,45.68,225.9,1110.49,42549.0,14988.0,14988.0
927,45.940,225.300,45.83,226.01,1110.49,44930.0,17260.0,17260.0
928,45.940,225.300,45.77,225.98,1110.49,42454.0,15845.0,15845.0
929,45.940,225.300,45.77,226.09,1110.49,42632.0,15428.0,15428.0
930,45.940,225.300,45.7,225.93,1110.49,44493.0,16873.0,16873.0
931,45.940,225.300,45.63,226,1110.49,40058.0,13365.0,13365.0
932,45.940,225.300,45.75,225.87,1110.49,42145.0,15648.0,15648.0
933,45.940,225.300,45.74,225.94,1110.49,45188.0,17816.0,17816.0
934,45.940,225.300,45.94,225.9,1110.49,43238.0,15921.0,15921.0
935,45.940,225.300,45.64,225.58,1110.49,43054.0,16847.0,16847.0
936,45.940,225.300,45.93,225.97,1110.49,44327.0,17415.0,17415.0
937,45.940,225.300,45.68,225.6,1110.49,40806.0,14898.0,14898.0
938,45.940,225.300,45.44,225.91,1110.49,39833.0,13300.0,13300.0
939,45.940,225.300,45.74,226.02,1110.49,42357.0,16380.0,16380.0
940,45.940,225.300,45.85,226.03,1110.49,42232.0,15744.0,15744.0
941,45.940,225.300,45.71,225.92,1110.49,42720.0,15813.0,15813.0
942,45.940,225.300,45.72,225.77,1110.49,43911.0,16381.0,16381.0
943,45.940,225.300,45.89,225.86,1110.49,42051.0,14834.0,14834.0
944,45.940,225.300,45.72,226.03,1110.49,42757.0,16002.0,16002.0
945,45.940,225.300,45.78,225.87,1110.49,46237.0,19203.0,19203.0
946,45.940,225.300,45.69,225.89,1110.49,42631.0,15455.0,15455.0
947,45.940,225.300,45.66,225.95,1110.49,41900.0,15464.0,15464.0
948,45.940,225.300,45.69,226.13,1110.49,42724.0,16023.0,16023.0
949,45.940,225.300,45.63,225.78,1110.49,41853.0,15175.0,15175.0
950,45.940,225.300,45.89,225.95,1110.49,41036.0,13562.0,13562.0
951,45.940,225.300,45.85,225.92,1110.49,42139.0,15732.0,15732.0
952,45.940,225.300,45.68,225.8,1110.49,41931.0,15242.0,15242.0
953,45.940,225.300,45.96,226.02,1110.49,40545.0,14523.0,14523.0
954,45.940,225.300,45.83,226.01,1110.49,45534.0,17677.0,17677.0
955,45.940,225.300,45.65,226.01,1110.49,43158.0,16488.0,16488.0
956,45.940,225.300,45.75,225.93,1110.49,45101.0,17626.0,17626.0
957,45.940,225.300,45.61,225.88,1110.49,45035.0,17843.0,17843.0
958,45.940,225.300,45.98,225.77,1110.49,42607.0,16112.0,16112.0
959,45.940,225.300,45.88,225.8,1110.49,43888.0,16283.0,16283.0
960,45.940,225.300,45.78,225.73,1110.49,38571.0,12379.0,12379.0
961,45.940,225.300,45.66,225.9,1110.49,41594.0,15661.0,15661.0
962,45.940,225.300,45.82,226,1110.49,43827.0,17145.0,17145.0
963,45.940,225.300,45.8,225.88,1110.49,44249.0,17002.0,17002.0
964,45.940,225.300,45.81,225.92,1110.49,40929.0,14653.0,14653.0
965,45.940,225.300,45.67,225.82,1110.49,40091.0,14943.0,14943.0
966,45.940,225.300,45.66,225.56,1110.49,41608.0,15504.0,15504.0
967,45.940,225.300,45.58,225.73,1110.49,43597.0,16368.0,16368.0
968,45.940,225.300,45.83,225.95,1110.49,41636.0,13686.0,13686.0
969,45.940,225.300,45.79,225.92,1110.49,41165.0,14750.0,14750.0
970,45.940,225.300,45.79,225.81,1110.49,42665.0,16418.0,16418.0
971,45.940,225.300,45.75,225.72,1110.49,47109.0,20429.0,20429.0
972,45.940,225.300,45.79,226.01,1110.49,43136.0,16414.0,16414.0
973,45.940,225.300,45.72,225.74,1110.49,41421.0,15515.0,15515.0
974,45.940,225.300,45.56,225.94,1110.49,42141.0,15960.0,15960.0
975,45.940,225.300,45.82,225.86,1110.49,42855.0,15805.0,15805.0
976,45.940,225.300,45.73,225.93,1110.49,42370.0,15324.0,15324.0
977,45.940,225.300,45.9,225.98,1110.49,43344.0,16367.0,16367.0
978,45.940,225.300,45.85,225.9,1110.49,44471.0,16699.0,16699.0
979,45.940,225.300,45.83,225.93,1110.49,43129.0,16627.0,16627.0
980,45.940,225.300,45.75,225.86,1110.49,43695.0,17796.0,17796.0
981,45.940,225.300,45.57,225.76,1110.49,43690.0,16302.0,16302.0
982,45.940,225.300,45.59,226.43,1110.49,42782.0,16056.0,16056.0
983,45.940,225.300,45.61,225.85,1110.49,44643.0,18199.0,18199.0
984,45.940,225.300,45.59,225.61,1110.49,43362.0,17140.0,17140.0
985,45.940,225.300,45.78,225.72,1110.49,41757.0,15343.0,15343.0
986,45.940,225.300,45.8,226.01,1110.49,45088.0,17302.0,17302.0
987,45.940,225.300,46.02,225.94,1110.49,45869.0,18171.0,18171.0
988,45.940,225.300,45.78,225.86,1110.49,40582.0,14924.0,14924.0
989,45.940,225.300,45.86,225.9,1110.49,41601.0,15802.0,15802.0
990,45.940,225.300,45.96,226.02,1110.49,45748.0,18996.0,18996.0
991,45.940,225.300,45.84,225.86,1110.49,45428.0,18704.0,18704.0
992,45.940,225.300,45.81,225.84,1110.49,43900.0,16676.0,16676.0
993,45.940,225.300,45.63,225.97,1110.49,41917.0,15616.0,15616.0
994,45.940,225.300,45.81,225.86,1110.49,45005.0,17428.0,17428.0
995,45.940,225.300,45.72,225.93,1110.49,40433.0,14824.0,14824.0
996,45.940,225.300,45.81,225.96,1110.49,41699.0,15393.0,15393.0
997,45.940,225.300,45.84,225.98,1110.49,43788.0,17269.0,17269.0
998,45.940,225.300,45.88,225.91,1110.49,44585.0,17050.0,17050.0
999,45.940,225.300,45.67,225.78,1110.49,45953.0,17953.0,17953.0
1000,45.940,225.300,45.9,225.62,1110.49,43046.0,15441.0,15441.0
1001,45.940,225.300,45.62,225.69,1110.49,44830.0,18425.0,18425.0
1002,45.940,225.300,45.87,225.89,1110.49,44404.0,16610.0,16610.0
1003,45.940,225.300,45.87,225.76,1110.49,43038.0,15306.0,15306.0
1004,45.940,225.300,45.8,225.67,1110.49,40013.0,14261.0,14261.0
1005,45.940,225.300,45.52,225.99,1110.49,42743.0,15485.0,15485.0
1006,45.940,225.300,45.74,225.85,1110.49,39781.0,14351.0,14351.0
1007,45.940,225.300,45.56,225.72,1110.49,42333.0,15825.0,15825.0
1008,45.940,225.300,45.69,225.85,1110.49,40796.0,14873.0,14873.0
1009,45.940,225.300,45.69,225.72,1110.49,41055.0,13861.0,13861.0
1010,45.940,225.300,45.91,225.98,1110.49,41801.0,14730.0,14730.0
1011,45.940,225.300,45.82,226.05,1110.49,42649.0,15468.0,15468.0
1012,45.940,225.300,45.8,225.96,1110.49,43302.0,16162.0,16162.0
1013,45.940,225.300,45.68,225.91,1110.49,42447.0,15696.0,15696.0
1014,45.940,225.300,45.84,225.96,1110.49,41299.0,14472.0,14472.0
1015,45.940,225.300,45.61,225.81,1110.49,40229.0,14488.0,14488.0
1016,45.940,225.300,45.71,225.89,1110.49,42220.0,15854.0,15854.0
1017,45.940,225.300,45.71,225.93,1110.49,42367.0,15669.0,15669.0
1018,45.940,225.300,45.68,225.9,1110.49,42943.0,16022.0,16022.0
1019,45.940,225.300,45.84,226.03,1110.49,43693.0,17565.0,17565.0
1020,45.940,225.300,45.66,225.91,1110.49,43223.0,16004.0,16004.0
1021,45.940,225.300,45.71,225.82,1110.49,43699.0,16794.0,16794.0
1022,45.940,225.300,45.71,225.89,1110.49,42598.0,15502.0,15502.0
1023,45.940,225.300,45.64,225.92,1110.49,44326.0,17185.0,17185.0
1024,45.940,225.300,45.68,225.95,1110.49,42040.0,16284.0,16284.0
1025,45.940,225.300,45.75,225.87,1110.49,44578.0,17937.0,17937.0
1026,45.940,225.300,45.61,225.51,1110.49,45539.0,18301.0,18301.0
1027,45.940,225.300,45.66,225.76,1110.49,44664.0,17500.0,17500.0
1028,45.940,225.300,45.77,225.69,1110.49,43618.0,16775.0,16775.0
1029,45.940,225.300,45.88,225.81,1110.49,40930.0,13451.0,13451.0
1030,45.940,225.300,45.8,225.61,1110.49,42239.0,15165.0,15165.0
1031,45.940,225.300,45.48,225.84,1110.49,44653.0,16380.0,16380.0
1032,45.940,225.300,45.56,225.72,1110.49,42705.0,16406.0,16406.0
1033,45.940,225.300,45.73,225.66,1110.49,45744.0,18969.0,18969.0
1034,45.940,225.300,45.84,225.96,1110.49,42649.0,14993.0,14993.0
1035,45.940,225.300,45.91,225.85,1110.49,36954.0,11685.0,11685.0
1036,45.940,225.300,45.68,225.61,1110.49,43073.0,15926.0,15926.0
1037,45.940,225.300,45.67,225.57,1110.49,38493.0,12308.0,12308.0
1038,45.940,225.300,45.83,225.86,1110.49,40907.0,13889.0,13889.0
1039,45.940,225.300,45.76,225.83,1110.49,42806.0,15677.0,15677.0
1040,45.940,225.300,45.79,226,1110.49,42831.0,15321.0,15321.0
1041,45.940,225.300,45.82,225.85,1110.49,41265.0,14177.0,14177.0
1042,45.940,225.300,45.7,225.79,1110.49,39736.0,13945.0,13945.0
1043,45.940,225.300,45.91,226.08,1110.49,42435.0,15755.0,15755.0
1044,45.940,225.300,45.64,225.88,1110.49,42961.0,16352.0,16352.0
1045,45.940,225.300,45.65,225.62,1110.49,43945.0,17432.0,17432.0
1046,45.940,225.300,45.69,225.95,1110.49,43218.0,16828.0,16828.0
1047,45.940,225.300,45.73,225.89,1110.49,41036.0,14210.0,14210.0
1048,45.940,225.300,46.09,226.05,1110.49,43364.0,15629.0,15629.0
1049,45.940,225.300,45.55,225.83,1110.49,40880.0,14473.0,14473.0
1050,45.940,225.300,45.88,225.87,1110.49,40891.0,13824.0,13824.0
1051,45.940,225.300,45.62,225.57,1110.49,42268.0,15813.0,15813.0
1052,45.940,225.300,45.79,225.89,1110.49,40417.0,14154.0,14154.0
1053,45.940,225.300,45.71,226.02,1110.49,42862.0,16104.0,16104.0
1054,45.940,225.300,45.85,225.99,1110.49,40075.0,13138.0,13138.0
1055,45.940,225.300,45.81,225.9,1110.49,43340.0,16324.0,16324.0
1056,45.940,225.300,45.58,225.65,1110.49,42480.0,15377.0,15377.0
1057,45.940,225.300,45.66,225.7,1110.49,43292.0,18030.0,18030.0
1058,45.940,225.300,45.77,226.09,1110.49,41788.0,15134.0,15134.0
1059,45.940,225.300,45.78,225.97,1110.49,41975.0,15096.0,15096.0
1060,45.940,225.300,45.82,226.14,1110.49,42922.0,16456.0,16456.0
1061,45.940,225.300,45.86,225.9,1110.49,40953.0,14251.0,14251.0
1062,45.940,225.300,45.98,225.86,1110.49,41517.0,14497.0,14497.0
1063,45.940,225.300,45.81,225.88,1110.49,41477.0,15950.0,15950.0
1064,45.940,225.300,45.7,225.94,1110.49,42897.0,15630.0,15630.0
1065,45.940,225.300,45.77,225.91,1110.49,41534.0,14423.0,14423.0
1066,45.940,225.300,46.04,226.03,1110.49,46097.0,18637.0,18637.0
1067,45.940,225.300,45.75,225.94,1110.49,44113.0,16733.0,16733.0
1068,45.940,225.300,45.77,225.89,1110.49,41462.0,14680.0,14680.0
1069,45.940,225.300,45.84,225.85,1110.49,44010.0,17542.0,17542.0
1070,45.940,225.300,45.9,225.83,1110.49,40692.0,15037.0,15037.0
1071,45.940,225.300,45.54,225.85,1110.49,42570.0,15631.0,15631.0
1072,45.940,225.300,45.69,225.8,1110.49,43100.0,16948.0,16948.0
1073,45.940,225.300,45.84,225.93,1110.49,39721.0,13102.0,13102.0
1074,45.940,225.300,45.69,225.91,1110.49,40702.0,14377.0,14377.0
1075,45.940,225.300,45.79,225.89,1110.49,42386.0,16220.0,16220.0
1076,45.940,225.300,45.74,225.7,1110.49,43200.0,15955.0,15955.0
1077,45.940,225.300,45.74,226,1110.49,40669.0,13832.0,13832.0
1078,45.940,225.300,45.66,225.9,1110.49,43545.0,16765.0,16765.0
1079,45.940,225.300,45.85,225.93,1110.49,41765.0,15550.0,15550.0
1080,45.940,225.300,45.66,225.86,1110.49,42138.0,16378.0,16378.0
1081,45.940,225.300,45.88,225.64,1110.49,42797.0,15905.0,15905.0
1082,45.940,225.300,45.82,225.77,1110.49,43230.0,16412.0,16412.0
1083,45.940,225.300,45.85,226,1110.49,44334.0,16184.0,16184.0
1084,45.940,225.300,45.69,225.47,1110.49,41639.0,14667.0,14667.0
1085,45.940,225.300,45.84,225.99,1110.49,40374.0,13578.0,13578.0
1086,45.940,225.300,45.8,225.87,1110.49,40871.0,14067.0,14067.0
1087,45.940,225.300,45.75,225.75,1110.49,41604.0,15549.0,15549.0
1088,45.940,225.300,45.72,225.91,1110.49,40930.0,14810.0,14810.0
1089,45.940,225.300,45.73,225.9,1110.49,39807.0,13581.0,13581.0
1090,45.940,225.300,45.88,225.76,1110.49,40464.0,13291.0,13291.0
1091,45.940,225.300,45.83,226.04,1110.49,40582.0,13579.0,13579.0
1092,45.940,225.300,45.55,225.6,1110.49,41537.0,15308.0,15308.0
1093,45.940,225.300,45.64,226.42,1110.49,43495.0,17463.0,17463.0
1094,45.940,225.300,45.66,226.4,1110.49,40648.0,14425.0,14425.0
1095,45.940,225.300,45.79,225.97,1110.49,43906.0,17350.0,17350.0
1096,45.940,225.300,45.59,225.6,1110.49,44516.0,17638.0,17638.0
1097,45.940,225.300,45.62,225.89,1110.49,42728.0,16395.0,16395.0
1098,45.940,225.300,45.96,225.91,1110.49,42330.0,16459.0,16459.0
1099,45.940,225.300,45.73,225.68,1110.49,39082.0,13606.0,13606.0
1100,45.940,225.300,45.76,225.96,1110.49,44742.0,17978.0,17978.0
1101,45.940,225.300,45.71,225.94,1110.49,42159.0,15078.0,15078.0
1102,45.940,225.300,45.78,225.92,1110.49,42788.0,16242.0,16242.0
1103,45.940,225.300,45.84,225.66,1110.49,41053.0,14070.0,14070.0
1104,45.940,225.300,45.83,225.83,1110.49,42267.0,14566.0,14566.0
1105,45.940,225.300,45.7,225.89,1110.49,44957.0,17665.0,17665.0
1106,45.940,225.300,45.85,225.93,1110.49,41922.0,15249.0,15249.0
1107,45.940,225.300,45.73,225.65,1110.49,40505.0,14309.0,14309.0
1108,45.940,225.300,45.79,225.85,1110.49,41423.0,14791.0,14791.0
1109,45.940,225.300,45.67,225.63,1110.49,40749.0,14754.0,14754.0
1110,45.940,225.300,45.72,225.92,1110.49,40738.0,13439.0,13439.0
1111,45.940,225.300,45.65,225.77,1110.49,43971.0,16965.0,16965.0
1112,45.940,225.300,45.77,225.94,1110.49,42367.0,16629.0,16629.0
1113,45.940,225.300,45.81,225.98,1110.49,40596.0,14256.0,14256.0
1114,45.940,225.300,45.88,225.96,1110.49,41089.0,14237.0,14237.0
1115,45.940,225.300,45.83,225.84,1110.49,40709.0,14154.0,14154.0
1116,45.940,225.300,45.85,225.79,1110.49,40705.0,13937.0,13937.0
1117,45.940,225.300,45.68,225.81,1110.49,43416.0,17260.0,17260.0
1118,45.940,225.300,45.76,225.86,1110.49,41278.0,14219.0,14219.0
1119,45.940,225.300,45.96,225.84,1110.49,42447.0,15581.0,15581.0
1120,45.940,225.300,45.95,225.96,1110.49,43327.0,15821.0,15821.0
1121,45.940,225.300,45.72,225.92,1110.49,44159.0,17336.0,17336.0
1122,45.940,225.300,45.74,225.93,1110.49,44968.0,17232.0,17232.0
1123,45.940,225.300,45.82,225.99,1110.49,41843.0,14958.0,14958.0
1124,45.940,225.300,45.88,225.96,1110.49,40834.0,14847.0,14847.0
1125,45.940,225.300,45.94,225.67,1110.49,39137.0,12518.0,12518.0
1126,45.940,225.300,45.94,225.74,1110.49,40792.0,14773.0,14773.0
1127,45.940,225.300,45.84,225.78,1110.49,43084.0,15203.0,15203.0
1128,45.940,225.300,45.85,225.95,1110.49,41371.0,14742.0,14742.0
1129,45.940,225.300,45.39,225.81,1110.49,43180.0,16010.0,16010.0
1130,45.940,225.300,46.02,225.84,1110.49,42493.0,14639.0,14639.0
1131,45.940,225.300,46.05,225.76,1110.49,43348.0,16280.0,16280.0
1132,45.940,225.300,45.44,225.88,1110.49,40038.0,14025.0,14025.0
1133,45.940,225.300,45.75,225.83,1110.49,42814.0,16025.0,16025.0
1134,45.940,225.300,45.62,225.8,1110.49,45925.0,17970.0,17970.0
1135,45.940,225.300,45.71,225.78,1110.49,42068.0,15060.0,15060.0
1136,45.940,225.300,45.78,225.66,1110.49,41245.0,15069.0,15069.0
1137,45.940,225.300,45.7,225.8,1110.49,43839.0,17225.0,17225.0
1138,45.940,225.300,45.84,225.64,1110.49,41166.0,14591.0,14591.0
1139,45.940,225.300,45.91,225.84,1110.49,46050.0,17974.0,17974.0
1140,45.940,225.300,45.7,225.8,1110.49,44087.0,16611.0,16611.0
1141,45.940,225.300,45.91,225.87,1110.49,42060.0,15350.0,15350.0
1142,45.940,225.300,45.82,225.69,1110.49,42728.0,16048.0,16048.0
1143,45.940,225.300,45.85,225.78,1110.49,41776.0,14630.0,14630.0
1144,45.940,225.300,45.92,225.92,1110.49,42680.0,15683.0,15683.0
1145,45.940,225.300,45.88,225.93,1110.49,43916.0,15258.0,15258.0
1146,45.940,225.300,45.91,225.84,1110.49,42512.0,15506.0,15506.0
1147,45.940,225.300,45.7,225.83,1110.49,45043.0,17654.0,17654.0
1148,45.940,225.300,45.9,225.89,1110.49,42117.0,15055.0,15055.0
1149,45.940,225.300,45.98,225.6,1110.49,40493.0,13808.0,13808.0
1150,45.940,225.300,45.84,225.91,1110.49,41852.0,14219.0,14219.0
1151,45.940,225.300,45.73,225.64,1110.49,42924.0,15653.0,15653.0
1152,45.940,225.300,45.9,225.74,1110.49,43478.0,16847.0,16847.0
1153,45.940,225.300,45.59,225.56,1110.49,41716.0,16262.0,16262.0
1154,45.940,225.300,45.84,225.86,1110.49,41312.0,14570.0,14570.0
1155,45.940,225.300,45.77,225.75,1110.49,43995.0,16715.0,16715.0
1156,45.940,225.300,45.84,225.95,1110.49,41067.0,14077.0,14077.0
1157,45.940,225.300,45.72,225.85,1110.49,42962.0,16633.0,16633.0
1158,45.940,225.300,45.7,225.8,1110.49,45698.0,18832.0,18832.0
1159,45.940,225.300,45.8,225.61,1110.49,44307.0,17098.0,17098.0
1160,45.940,225.300,45.59,226.03,1110.49,41511.0,14240.0,14240.0
1161,45.940,225.300,45.87,225.92,1110.49,42986.0,16214.0,16214.0
1162,45.940,225.300,45.79,225.88,1110.49,45715.0,17520.0,17520.0
1163,45.940,225.300,45.81,226.01,1110.49,42324.0,16328.0,16328.0
1164,45.940,225.300,45.6,225.85,1110.49,43783.0,16290.0,16290.0
1165,45.940,225.300,45.81,225.75,1110.49,43103.0,16093.0,16093.0
1166,45.940,225.300,45.75,225.89,1110.49,43014.0,17590.0,17590.0
1167,45.940,225.300,45.79,225.92,1110.49,40195.0,13960.0,13960.0
1168,45.940,225.300,45.81,225.92,1110.49,44286.0,18049.0,18049.0
1169,45.940,225.300,45.8,225.88,1110.49,41541.0,15695.0,15695.0
1170,45.940,225.300,45.51,225.8,1110.49,43638.0,16446.0,16446.0
1171,45.940,225.300,45.61,225.68,1110.49,42872.0,16549.0,16549.0
1172,45.940,225.300,45.66,225.66,1110.49,45605.0,18740.0,18740.0
1173,45.940,225.300,45.76,225.86,1110.49,42739.0,16568.0,16568.0
1174,45.940,225.300,45.76,225.67,1110.49,42430.0,15478.0,15478.0
1175,45.940,225.300,45.79,225.78,1110.49,44565.0,18141.0,18141.0
1176,45.940,225.300,45.5,225.61,1110.49,42285.0,16217.0,16217.0
1177,45.940,225.300,45.9,225.8,1110.49,41215.0,13972.0,13972.0
1178,45.940,225.300,45.51,225.57,1110.49,42986.0,16586.0,16586.0
1179,45.940,225.300,45.71,225.75,1110.49,42971.0,17149.0,17149.0
1180,45.940,225.300,45.82,225.83,1110.49,45258.0,18895.0,18895.0
1181,45.940,225.300,45.63,225.88,1110.49,40285.0,14372.0,14372.0
1182,45.940,225.300,45.76,225.87,1110.49,39775.0,13954.0,13954.0
1183,45.940,225.300,45.63,225.62,1110.49,39444.0,13475.0,13475.0
1184,45.940,225.300,45.73,225.91,1110.49,42153.0,14661.0,14661.0
1185,45.940,225.300,45.75,225.77,1110.49,39052.0,13029.0,13029.0
1186,45.940,225.300,45.72,225.75,1110.49,40584.0,14158.0,14158.0
1187,45.940,225.300,45.85,225.98,1110.49,42404.0,14052.0,14052.0
1188,45.940,225.300,45.66,225.78,1110.49,41773.0,15768.0,15768.0
1189,45.940,225.300,45.75,225.8,1110.49,39171.0,13358.0,13358.0
1190,45.940,225.300,45.73,225.7,1110.49,40771.0,15251.0,15251.0
1191,45.940,225.300,45.61,225.76,1110.49,37363.0,11449.0,11449.0
1192,45.940,225.300,45.81,225.82,1110.49,40157.0,13988.0,13988.0
1193,45.940,225.300,45.79,225.86,1110.49,39721.0,12980.0,12980.0
1194,45.940,225.300,45.73,225.67,1110.49,42053.0,15655.0,15655.0
1195,45.940,225.300,45.81,225.82,1110.49,40276.0,13578.0,13578.0
1196,45.940,225.300,45.77,225.78,1110.49,40653.0,14988.0,14988.0
1197,45.940,225.300,45.71,225.76,1110.49,40918.0,13984.0,13984.0
1198,45.940,225.300,45.7,225.75,1110.49,42730.0,15868.0,15868.0
1199,45.940,225.300,45.67,225.59,1110.49,44555.0,17454.0,17454.0
1200,45.940,225.300,45.87,225.91,1110.49,42620.0,15670.0,15670.0
1201,45.940,225.300,45.85,225.92,1110.49,37910.0,11972.0,11972.0
1202,45.940,225.300,45.53,225.74,1110.49,42375.0,14831.0,14831.0
1203,45.940,225.300,46.03,225.88,1110.49,39277.0,13049.0,13049.0
1204,45.940,225.300,45.84,225.85,1110.49,40119.0,13196.0,13196.0
1205,45.940,225.300,45.85,225.78,1110.49,41078.0,14563.0,14563.0
1206,45.940,225.300,46.07,225.87,1110.49,40907.0,14093.0,14093.0
1207,45.940,225.300,45.8,225.84,1110.49,41963.0,15511.0,15511.0
1208,45.940,225.300,45.6,225.66,1110.49,42687.0,16696.0,16696.0
1209,45.940,225.300,45.64,225.62,1110.49,42764.0,17156.0,17156.0
1210,45.940,225.300,46.01,225.76,1110.49,43314.0,16117.0,16117.0
1211,45.940,225.300,45.93,225.8,1110.49,44270.0,17490.0,17490.0
1212,45.940,225.300,45.86,225.98,1110.49,45143.0,16974.0,16974.0
1213,45.940,225.300,46.01,225.68,1110.49,40877.0,14998.0,14998.0
1214,45.940,225.300,45.94,225.92,1110.49,41605.0,14678.0,14678.0
1215,45.940,225.300,46.04,225.77,1110.49,39758.0,12420.0,12420.0
1216,45.940,225.300,45.87,225.74,1110.49,42521.0,16113.0,16113.0
1217,45.940,225.300,45.87,225.78,1110.49,41857.0,15239.0,15239.0
1218,45.940,225.300,45.61,225.76,1110.49,40283.0,14733.0,14733.0
1219,45.940,225.300,45.8,225.66,1110.49,44057.0,17474.0,17474.0
1220,45.940,225.300,45.72,225.99,1110.49,43649.0,16679.0,16679.0
1221,45.940,225.300,45.77,225.75,1110.49,39916.0,14586.0,14586.0
1222,45.940,225.300,45.64,225.59,1110.49,42103.0,16106.0,16106.0
1223,45.940,225.300,45.87,225.83,1110.49,41154.0,14549.0,14549.0
1224,45.940,225.300,45.73,225.51,1110.49,41590.0,14820.0,14820.0
1225,45.940,225.300,45.65,225.65,1110.49,38870.0,14143.0,14143.0
1226,45.940,225.300,45.84,225.82,1110.49,42351.0,14689.0,14689.0
1227,45.940,225.300,45.64,225.82,1110.49,41775.0,15049.0,15049.0
1228,45.940,225.300,45.68,225.59,1110.49,42919.0,16361.0,16361.0
1229,45.940,225.300,45.72,225.54,1110.49,43482.0,17101.0,17101.0
1230,45.940,225.300,45.92,225.81,1110.49,40552.0,14377.0,14377.0
1231,45.940,225.300,45.87,225.74,1110.49,42370.0,15568.0,15568.0
1232,45.940,225.300,45.89,225.63,1110.49,44786.0,17390.0,17390.0
1233,45.940,225.300,45.62,225.49,1110.49,42880.0,16888.0,16888.0
1234,45.940,225.300,45.77,225.71,1110.49,41337.0,14929.0,14929.0
1235,45.940,225.300,45.95,225.93,1110.49,42518.0,15930.0,15930.0
1236,45.940,225.300,45.92,225.77,1110.49,39888.0,14212.0,14212.0
1237,45.940,225.300,45.92,225.84,1110.49,42073.0,15229.0,15229.0
1238,45.940,225.300,45.78,225.9,1110.49,43386.0,15337.0,15337.0
1239,45.940,225.300,45.75,225.72,1110.49,43284.0,16357.0,16357.0
1240,45.940,225.300,45.77,225.81,1110.49,40690.0,14586.0,14586.0
1241,45.940,225.300,46.03,225.83,1110.49,45121.0,18001.0,18001.0
1242,45.940,225.300,45.81,225.69,1110.49,44991.0,18861.0,18861.0
1243,45.940,225.300,45.64,225.72,1110.49,41079.0,14695.0,14695.0
1244,45.940,225.300,45.84,225.86,1110.49,40699.0,15510.0,15510.0
1245,45.940,225.300,45.7,225.86,1110.49,45085.0,19511.0,19511.0
1246,45.940,225.300,45.78,225.82,1110.49,43887.0,17197.0,17197.0
1247,45.940,225.300,45.71,225.79,1110.49,42827.0,16266.0,16266.0
1248,45.940,225.300,45.97,225.59,1110.49,45086.0,17845.0,17845.0
1249,45.940,225.300,45.68,225.79,1110.49,40140.0,13692.0,13692.0
1250,45.940,225.300,45.78,225.7,1110.49,42726.0,15910.0,15910.0
1251,45.940,225.300,45.69,225.91,1110.49,41690.0,14925.0,14925.0
1252,45.940,225.300,45.76,225.78,1110.49,43843.0,17155.0,17155.0
1253,45.940,225.300,45.9,225.84,1110.49,42692.0,14709.0,14709.0
1254,45.940,225.300,45.85,225.83,1110.49,43796.0,16290.0,16290.0
1255,45.940,225.300,45.75,225.87,1110.49,43801.0,16521.0,16521.0
1256,45.940,225.300,45.88,225.9,1110.49,44823.0,16402.0,16402.0
1257,45.940,225.300,45.82,225.83,1110.49,44225.0,17319.0,17319.0
1258,45.940,225.300,45.87,225.7,1110.49,42945.0,16391.0,16391.0
1259,45.940,225.300,45.87,225.77,1110.49,40866.0,15439.0,15439.0
1260,45.940,225.300,45.86,225.92,1110.49,41091.0,14570.0,14570.0
1261,45.940,225.300,45.83,225.72,1110.49,43280.0,16591.0,16591.0
1262,45.940,225.300,45.75,225.54,1110.49,43519.0,16915.0,16915.0
1263,45.940,225.300,45.8,225.81,1110.49,43216.0,16906.0,16906.0
1264,45.940,225.300,45.89,225.73,1110.49,42857.0,16876.0,16876.0
1265,45.940,225.300,45.76,225.78,1110.49,38313.0,11693.0,11693.0
1266,45.940,225.300,45.6,225.75,1110.49,41207.0,15394.0,15394.0
1267,45.940,225.300,45.62,225.75,1110.49,42867.0,16696.0,16696.0
1268,45.940,225.300,45.95,225.72,1110.49,43028.0,16281.0,16281.0
1269,45.940,225.300,45.94,225.75,1110.49,40634.0,13976.0,13976.0
1270,45.940,225.300,45.64,225.56,1110.49,43436.0,17268.0,17268.0
1271,45.940,225.300,45.93,225.84,1110.49,42628.0,16201.0,16201.0
1272,45.940,225.300,45.93,225.97,1110.49,42728.0,16578.0,16578.0
1273,45.940,225.300,45.78,225.48,1110.49,43263.0,16872.0,16872.0
1274,45.940,225.300,45.97,225.76,1110.49,42144.0,16092.0,16092.0
1275,45.940,225.300,45.63,225.56,1110.49,44343.0,17315.0,17315.0
1276,45.940,225.300,45.99,225.79,1110.49,43246.0,16507.0,16507.0
1277,45.940,225.300,45.87,225.87,1110.49,43492.0,16691.0,16691.0
1278,45.940,225.300,45.88,225.79,1110.49,41659.0,15685.0,15685.0
1279,45.940,225.300,45.72,225.44,1110.49,43819.0,17285.0,17285.0
1280,45.940,225.300,45.97,225.69,1110.49,41464.0,14078.0,14078.0
1281,45.940,225.300,45.85,225.86,1110.49,42371.0,15687.0,15687.0
1282,45.940,225.300,45.62,225.46,1110.49,44293.0,17758.0,17758.0
1283,45.940,225.300,45.74,225.83,1110.49,41418.0,14997.0,14997.0
1284,45.940,225.300,45.73,225.69,1110.49,42165.0,15921.0,15921.0
1285,45.940,225.300,45.83,225.65,1110.49,42706.0,16286.0,16286.0
1286,45.940,225.300,45.89,225.94,1110.49,44960.0,17176.0,17176.0
1287,45.940,225.300,45.56,225.69,1110.49,42519.0,16537.0,16537.0
1288,45.940,225.300,45.8,225.71,1110.49,44882.0,18183.0,18183.0
1289,45.940,225.300,45.72,225.68,1110.49,44730.0,17722.0,17722.0
1290,45.940,225.300,45.67,225.47,1110.49,46976.0,20587.0,20587.0
1291,45.940,225.300,45.72,225.62,1110.49,43701.0,17840.0,17840.0
1292,45.940,225.300,45.81,225.73,1110.49,43757.0,17696.0,17696.0
1293,45.940,225.300,45.93,225.65,1110.49,44993.0,17528.0,17528.0
1294,45.940,225.300,45.84,225.76,1110.49,41513.0,15759.0,15759.0
1295,45.940,225.300,45.81,225.68,1110.49,41607.0,15686.0,15686.0
1296,45.940,225.300,45.83,225.71,1110.49,41732.0,15609.0,15609.0
1297,45.940,225.300,45.75,225.83,1110.49,44760.0,17761.0,17761.0
1298,45.940,225.300,45.94,225.74,1110.49,43699.0,16534.0,16534.0
1299,45.940,225.300,45.69,225.87,1110.49,41537.0,14939.0,14939.0
1300,45.940,225.300,45.87,225.72,1110.49,45796.0,18384.0,18384.0
1301,45.940,225.300,45.75,225.73,1110.49,43448.0,17746.0,17746.0
1302,45.940,225.300,45.76,225.67,1110.49,43760.0,16454.0,16454.0
1303,45.940,225.300,45.9,225.77,1110.49,41875.0,15352.0,15352.0
1304,45.940,225.300,45.86,225.78,1110.49,44171.0,18077.0,18077.0
1305,45.940,225.300,45.87,225.76,1110.49,41299.0,15627.0,15627.0
1306,45.940,225.300,45.93,225.63,1110.49,41138.0,15736.0,15736.0
1307,45.940,225.300,45.97,225.77,1110.49,43571.0,16322.0,16322.0
1308,45.940,225.300,45.81,225.77,1110.49,42610.0,15995.0,15995.0
1309,45.940,225.300,45.95,225.87,1110.49,42909.0,15918.0,15918.0
1310,45.940,225.300,45.85,225.5,1110.49,43953.0,17940.0,17940.0
1311,45.940,225.300,45.73,225.85,1110.49,41437.0,15683.0,15683.0
1312,45.940,225.300,45.94,225.72,1110.49,40811.0,14448.0,14448.0
1313,45.940,225.300,45.93,225.8,1110.49,39386.0,13011.0,13011.0
1314,45.940,225.300,45.75,225.41,1110.49,42910.0,16623.0,16623.0
1315,45.940,225.300,45.96,225.57,1110.49,42730.0,15351.0,15351.0
1316,45.940,225.300,45.9,225.8,1110.49,45150.0,18162.0,18162.0
1317,45.940,225.300,46.15,225.76,1110.49,40385.0,14145.0,14145.0
1318,45.940,225.300,45.99,225.74,1110.49,45737.0,19087.0,19087.0
1319,45.940,225.300,46.04,225.67,1110.49,44266.0,17799.0,17799.0
1320,45.940,225.300,45.84,225.74,1110.49,41038.0,15241.0,15241.0
1321,45.940,225.300,45.91,225.89,1110.49,40159.0,13459.0,13459.0
1322,45.940,225.300,45.92,225.57,1110.49,43744.0,17037.0,17037.0
1323,45.940,225.300,45.82,225.57,1110.49,44088.0,17237.0,17237.0
1324,45.940,225.300,45.62,225.49,1110.49,39351.0,13260.0,13260.0
1325,45.940,225.300,45.93,225.66,1110.49,47111.0,18497.0,18497.0
1326,45.940,225.300,45.83,225.7,1110.49,42443.0,17174.0,17174.0
1327,45.940,225.300,45.64,225.58,1110.49,40542.0,14931.0,14931.0
1328,45.940,225.300,45.53,225.71,1110.49,40758.0,14544.0,14544.0
1329,45.940,225.300,45.74,225.61,1110.49,41300.0,14963.0,14963.0
1330,45.940,225.300,45.97,225.8,1110.49,43735.0,17004.0,17004.0
1331,45.940,225.300,45.92,225.87,1110.49,42974.0,15401.0,15401.0
1332,45.940,225.300,45.61,225.58,1110.49,43777.0,17532.0,17532.0
1333,45.940,225.300,45.55,225.67,1110.49,41975.0,15635.0,15635.0
1334,45.940,225.300,45.77,225.79,1110.49,45359.0,17854.0,17854.0
1335,45.940,225.300,45.75,225.51,1110.49,43774.0,17097.0,17097.0
1336,45.940,225.300,45.97,225.84,1110.49,43081.0,16245.0,16245.0
1337,45.940,225.300,45.93,225.77,1110.49,39802.0,14344.0,14344.0
1338,45.940,225.300,45.91,225.67,1110.49,44806.0,17724.0,17724.0
1339,45.940,225.300,45.82,225.77,1110.49,44062.0,17444.0,17444.0
1340,45.940,225.300,46.04,225.68,1110.49,41415.0,14777.0,14777.0
1341,45.940,225.300,45.6,225.61,1110.49,42270.0,15957.0,15957.0
1342,45.940,225.300,45.86,225.81,1110.49,42279.0,15964.0,15964.0
1343,45.940,225.300,45.9,225.8,1110.49,42991.0,16091.0,16091.0
1344,45.940,225.300,46.1,225.51,1110.49,41046.0,14397.0,14397.0
1345,45.940,225.300,45.95,225.74,1110.49,44640.0,17520.0,17520.0
1346,45.940,225.300,46.04,225.81,1110.49,44909.0,18020.0,18020.0
1347,45.940,225.300,45.55,225.63,1110.49,42617.0,15564.0,15564.0
1348,45.940,225.300,45.8,225.76,1110.49,45024.0,18856.0,18856.0
1349,45.940,225.300,45.77,225.76,1110.49,43644.0,16927.0,16927.0
1350,45.940,225.300,45.83,225.74,1110.49,42792.0,16323.0,16323.0
1351,45.940,225.300,45.88,225.89,1110.49,43338.0,15969.0,15969.0
1352,45.940,225.300,45.92,225.65,1110.49,40584.0,14071.0,14071.0
1353,45.940,225.300,46,225.74,1110.49,42467.0,15890.0,15890.0
1354,45.940,225.300,45.72,225.64,1110.49,45443.0,17870.0,17870.0
1355,45.940,225.300,45.91,225.76,1110.49,43219.0,17062.0,17062.0
1356,45.940,225.300,45.73,226.2,1110.49,40076.0,14257.0,14257.0
1357,45.940,225.300,45.93,225.73,1110.49,43371.0,16625.0,16625.0
1358,45.940,225.300,45.93,225.75,1110.49,43247.0,17512.0,17512.0
1359,45.940,225.300,46.09,225.69,1110.49,44905.0,17862.0,17862.0
1360,45.940,225.300,45.97,225.59,1110.49,42069.0,16117.0,16117.0
1361,45.940,225.300,45.87,225.71,1110.49,39187.0,13473.0,13473.0
1362,45.940,225.300,45.74,225.72,1110.49,41940.0,15895.0,15895.0
1363,45.940,225.300,45.82,225.79,1110.49,41372.0,14978.0,14978.0
1364,45.940,225.300,46.15,225.87,1110.49,40999.0,14797.0,14797.0
1365,45.940,225.300,46,225.58,1110.49,41932.0,14633.0,14633.0
1366,45.940,225.300,45.95,225.83,1110.49,40644.0,14027.0,14027.0
1367,45.940,225.300,45.85,225.69,1110.49,43887.0,16755.0,16755.0
1368,45.940,225.300,45.75,225.64,1110.49,40166.0,13680.0,13680.0
1369,45.940,225.300,45.83,225.72,1110.49,41000.0,15544.0,15544.0
1370,45.940,225.300,45.92,225.7,1110.49,42059.0,16885.0,16885.0
1371,45.940,225.300,46,225.76,1110.49,43724.0,17213.0,17213.0
1372,45.940,225.300,45.78,225.63,1110.49,42452.0,17117.0,17117.0
1373,45.940,225.300,46.04,225.65,1110.49,41927.0,15482.0,15482.0
1374,45.940,225.300,45.95,225.86,1110.49,42497.0,15903.0,15903.0
1375,45.940,225.300,45.96,225.73,1110.49,47125.0,19723.0,19723.0
1376,45.940,225.300,45.92,225.72,1110.49,41081.0,13985.0,13985.0
1377,45.940,225.300,45.83,225.72,1110.49,43073.0,15429.0,15429.0
1378,45.940,225.300,45.82,225.74,1110.49,44049.0,17919.0,17919.0
1379,45.940,225.300,45.82,225.75,1110.49,42841.0,16153.0,16153.0
1380,45.940,225.300,45.94,225.68,1110.49,42662.0,16792.0,16792.0
1381,45.940,225.300,45.93,225.63,1110.49,43317.0,16309.0,16309.0
1382,45.940,225.300,45.92,225.86,1110.49,45161.0,17401.0,17401.0
1383,45.940,225.300,45.95,225.66,1110.49,45378.0,18319.0,18319.0
1384,45.940,225.300,45.92,225.63,1110.49,40622.0,13713.0,13713.0
1385,45.940,225.300,45.81,225.63,1110.49,43352.0,16805.0,16805.0
1386,45.940,225.300,45.74,225.6,1110.49,41539.0,15637.0,15637.0
1387,45.940,225.300,45.71,225.79,1110.49,41763.0,16011.0,16011.0
1388,45.940,225.300,45.84,225.64,1110.49,43802.0,17215.0,17215.0
1389,45.940,225.300,45.83,225.7,1110.49,43520.0,17033.0,17033.0
1390,45.940,225.300,45.68,225.76,1110.49,42721.0,17034.0,17034.0
1391,45.940,225.300,45.79,225.43,1110.49,41750.0,14279.0,14279.0
1392,45.940,225.300,46.04,225.3,1110.49,43760.0,16573.0,16573.0
1393,45.940,225.300,45.74,225.68,1110.49,42053.0,15875.0,15875.0
1394,45.940,225.300,45.96,225.56,1110.49,45020.0,17333.0,17333.0
1395,45.940,225.300,45.84,225.65,1110.49,40334.0,14559.0,14559.0
1396,45.940,225.300,46.09,225.58,1110.49,44787.0,18091.0,18091.0
1397,45.940,225.300,45.68,225.61,1110.49,43525.0,16536.0,16536.0
1398,45.940,225.300,45.92,225.78,1110.49,42753.0,15573.0,15573.0
1399,45.940,225.300,45.76,225.78,1110.49,42393.0,16281.0,16281.0
1400,45.940,225.300,46.04,225.76,1110.49,44088.0,16334.0,16334.0
1401,45.940,225.300,45.9,225.66,1110.49,43905.0,15913.0,15913.0
1402,45.940,225.300,45.88,225.6,1110.49,41877.0,16732.0,16732.0
1403,45.940,225.300,46.05,225.6,1110.49,43826.0,17517.0,17517.0
1404,45.940,225.300,45.77,225.6,1110.49,41901.0,15710.0,15710.0
1405,45.940,225.300,45.85,225.53,1110.49,42729.0,15810.0,15810.0
1406,45.940,225.300,45.76,225.64,1110.49,44231.0,17877.0,17877.0
1407,45.940,225.300,45.88,225.66,1110.49,45793.0,18714.0,18714.0
1408,45.940,225.300,45.94,225.66,1110.49,42172.0,14540.0,14540.0
1409,45.940,225.300,45.96,225.68,1110.49,42912.0,14922.0,14922.0
1410,45.940,225.300,45.74,225.65,1110.49,43021.0,17151.0,17151.0
1411,45.940,225.300,45.78,225.6,1110.49,42733.0,16310.0,16310.0
1412,45.940,225.300,45.67,225.66,1110.49,41669.0,16032.0,16032.0
1413,45.940,225.300,46,225.81,1110.49,43165.0,16293.0,16293.0
1414,45.940,225.300,45.85,225.61,1110.49,42324.0,15232.0,15232.0
1415,45.940,225.300,45.68,225.61,1110.49,45031.0,18449.0,18449.0
1416,45.940,225.300,45.67,225.56,1110.49,44685.0,18409.0,18409.0
1417,45.940,225.300,45.83,225.87,1110.49,44504.0,16821.0,16821.0
1418,45.940,225.300,45.85,225.91,1110.49,42499.0,15689.0,15689.0
1419,45.940,225.300,45.86,225.71,1110.49,43732.0,16967.0,16967.0
1420,45.940,225.300,45.97,225.62,1110.49,43300.0,15669.0,15669.0
1421,45.940,225.300,45.78,225.81,1110.49,42402.0,15789.0,15789.0
1422,45.940,225.300,46,225.75,1110.49,42462.0,15349.0,15349.0
1423,45.940,225.300,45.94,225.83,1110.49,40792.0,14410.0,14410.0
1424,45.940,225.300,45.98,225.82,1110.49,41871.0,14746.0,14746.0
1425,45.940,225.300,45.69,225.53,1110.49,42029.0,16274.0,16274.0
1426,45.940,225.300,45.97,225.73,1110.49,44065.0,17560.0,17560.0
1427,45.940,225.300,45.87,225.78,1110.49,44086.0,16960.0,16960.0
1428,45.940,225.300,45.98,225.54,1110.49,41019.0,15130.0,15130.0
1429,45.940,225.300,45.81,225.69,1110.49,45758.0,19769.0,19769.0
1430,45.940,225.300,45.78,225.76,1110.49,42136.0,15684.0,15684.0
1431,45.940,225.300,45.92,225.76,1110.49,42345.0,15704.0,15704.0
1432,45.940,225.300,45.95,225.68,1110.49,40170.0,13865.0,13865.0
1433,45.940,225.300,45.58,225.62,1110.49,46439.0,20164.0,20164.0
1434,45.940,225.300,45.88,225.83,1110.49,42736.0,15039.0,15039.0
1435,45.940,225.300,45.64,225.54,1110.49,46457.0,18368.0,18368.0
1436,45.940,225.300,46.01,225.81,1110.49,42835.0,15890.0,15890.0
1437,45.940,225.300,45.79,225.59,1110.49,42598.0,15884.0,15884.0
1438,45.940,225.300,46,225.73,1110.49,43072.0,16455.0,16455.0
1439,45.940,225.300,45.87,225.65,1110.49,43130.0,17465.0,17465.0
1440,45.940,225.300,45.81,225.64,1110.49,44550.0,17853.0,17853.0
1441,45.940,225.300,45.85,225.65,1110.49,40016.0,14759.0,14759.0
1442,45.940,225.300,45.62,225.61,1110.49,41788.0,16014.0,16014.0
1443,45.940,225.300,45.8,225.85,1110.49,40265.0,14405.0,14405.0
1444,45.940,225.300,45.87,225.66,1110.49,41435.0,14352.0,14352.0
1445,45.940,225.300,45.68,225.79,1110.49,40205.0,13578.0,13578.0
1446,45.940,225.300,45.74,225.51,1110.49,42700.0,15803.0,15803.0
1447,45.940,225.300,45.97,225.66,1110.49,43383.0,16869.0,16869.0
1448,45.940,225.300,45.83,225.66,1110.49,44963.0,18858.0,18858.0
1449,45.940,225.300,45.73,225.73,1110.49,45134.0,18680.0,18680.0
1450,45.940,225.300,45.96,225.68,1110.49,41024.0,14415.0,14415.0
1451,45.940,225.300,46,225.81,1110.49,42113.0,15022.0,15022.0
1452,45.940,225.300,45.7,225.63,1110.49,43013.0,15761.0,15761.0
1453,45.940,225.300,45.8,225.59,1110.49,41838.0,15348.0,15348.0
1454,45.940,225.300,45.93,225.53,1110.49,41659.0,14654.0,14654.0
1455,45.940,225.300,45.94,225.55,1110.49,44267.0,18520.0,18520.0
1456,45.940,225.300,45.75,225.69,1110.49,40346.0,13910.0,13910.0
1457,45.940,225.300,45.71,225.57,1110.49,40955.0,14864.0,14864.0
1458,45.940,225.300,45.96,225.69,1110.49,38662.0,12278.0,12278.0
1459,45.940,225.300,45.81,225.4,1110.49,42176.0,15829.0,15829.0
1460,45.940,225.300,45.8,225.76,1110.49,44324.0,18041.0,18041.0
1461,45.940,225.300,45.9,225.65,1110.49,44432.0,17753.0,17753.0
1462,45.940,225.300,45.93,225.66,1110.49,42183.0,14812.0,14812.0
1463,45.940,225.300,45.99,225.49,1110.49,39600.0,14038.0,14038.0
1464,45.940,225.300,45.9,225.67,1110.49,41676.0,15142.0,15142.0
1465,45.940,225.300,45.88,225.71,1110.49,43132.0,16576.0,16576.0
1466,45.940,225.300,45.93,225.69,1110.49,42632.0,15285.0,15285.0
1467,45.940,225.300,45.79,225.69,1110.49,42191.0,15506.0,15506.0
1468,45.940,225.300,45.93,225.69,1110.49,40760.0,14318.0,14318.0
1469,45.940,225.300,45.98,225.68,1110.49,44798.0,18096.0,18096.0
1470,45.940,225.300,45.85,225.75,1110.49,41896.0,15763.0,15763.0
1471,45.940,225.300,45.9,225.64,1110.49,40616.0,14956.0,14956.0
1472,45.940,225.300,46,225.82,1110.49,40935.0,15152.0,15152.0
1473,45.940,225.300,45.87,225.8,1110.49,38664.0,12627.0,12627.0
1474,45.940,225.300,45.86,225.61,1110.49,41249.0,14436.0,14436.0
1475,45.940,225.300,45.71,225.96,1110.49,42754.0,15533.0,15533.0
1476,45.940,225.300,45.94,225.85,1110.49,38434.0,12498.0,12498.0
1477,45.940,225.300,45.85,225.7,1110.49,43349.0,16358.0,16358.0
1478,45.940,225.300,45.76,225.45,1110.49,41557.0,14848.0,14848.0
1479,45.940,225.300,45.81,225.65,1110.49,41866.0,16167.0,16167.0
1480,45.940,225.300,45.94,225.59,1110.49,41666.0,15146.0,15146.0
1481,45.940,225.300,45.96,225.82,1110.49,42438.0,15342.0,15342.0
1482,45.940,225.300,45.82,225.59,1110.49,40947.0,14188.0,14188.0
1483,45.940,225.300,46.01,225.81,1110.49,38916.0,12580.0,12580.0
1484,45.940,225.300,45.7,225.62,1110.49,40682.0,14678.0,14678.0
1485,45.940,225.300,45.93,225.5,1110.49,40885.0,14832.0,14832.0
1486,45.940,225.300,45.89,225.53,1110.49,40996.0,14658.0,14658.0
1487,45.940,225.300,45.94,225.3,1110.49,40236.0,13550.0,13550.0
1488,45.940,225.300,45.94,225.3,1110.49,31252.0,6730.0,6730.0
1489,45.940,225.300,45.94,225.3,1110.49,23408.0,0.0,0.0
1490,45.940,225.300,45.94,225.3,1110.49,23011.0,9.0,9.0
1491,45.940,225.300,45.94,225.3,1110.49,23144.0,0.0,0.0
1492,45.940,225.300,45.94,225.3,1110.49,22331.0,0.0,0.0
1493,45.940,225.300,45.94,225.3,1110.49,21674.0,0.0,0.0
1494,45.940,225.300,45.94,225.3,1110.49,23498.0,524.0,524.0
1495,45.940,225.300,45.94,225.3,1110.49,22601.0,0.0,0.0
1496,45.940,225.300,45.94,225.3,1110.49,24912.0,925.0,925.0
1497,45.940,225.300,45.94,225.3,1110.49,24587.0,1465.0,1465.0
1498,45.940,225.300,45.94,225.3,1110.49,22763.0,0.0,0.0
1499,45.940,225.300,45.94,225.3,1110.49,23309.0,0.0,0.0
1500,45.940,225.300,45.94,225.3,1110.49,22232.0,0.0,0.0
