id,avg_x,avg_y,x,y,bg,Square_intensity,circular_intensity,Gaussian_intensity
170,76.100,189.390,75.96,189.19,1120.67,25359.0,0.0,0.0
171,76.100,189.390,75.96,189.19,1120.67,24392.0,0.0,0.0
172,76.100,189.390,75.96,189.19,1120.67,26455.0,919.0,919.0
173,76.100,189.390,75.96,189.19,1120.67,24717.0,0.0,0.0
174,76.100,189.390,75.96,189.19,1120.67,25698.0,1118.0,1118.0
175,76.100,189.390,75.96,189.19,1120.67,24947.0,0.0,0.0
176,76.100,189.390,75.96,189.19,1120.67,26622.0,0.0,0.0
177,76.100,189.390,75.96,189.19,1120.67,25367.0,0.0,0.0
178,76.100,189.390,75.96,189.19,1120.67,24407.0,0.0,0.0
179,76.100,189.390,75.96,189.19,1120.67,24583.0,119.0,119.0
180,76.100,189.390,75.96,189.19,1120.67,27087.0,316.0,316.0
181,76.100,189.390,75.96,189.19,1120.67,25430.0,0.0,0.0
182,76.100,189.390,75.96,189.19,1120.67,24450.0,0.0,0.0
183,76.100,189.390,75.96,189.19,1120.67,25598.0,348.0,348.0
184,76.100,189.390,75.96,189.19,1120.67,26208.0,75.0,75.0
185,76.100,189.390,75.96,189.19,1120.67,25423.0,208.0,208.0
186,76.100,189.390,75.96,189.19,1120.67,25122.0,0.0,0.0
187,76.100,189.390,75.96,189.19,1120.67,26900.0,1058.0,1058.0
188,76.100,189.390,75.96,189.19,1120.67,27151.0,750.0,750.0
189,76.100,189.390,75.96,189.19,1120.67,26565.0,438.0,438.0
190,76.100,189.390,75.96,189.19,1120.67,26952.0,45.0,45.0
191,76.100,189.390,75.96,189.19,1120.67,25191.0,937.0,937.0
192,76.100,189.390,75.96,189.19,1120.67,26560.0,931.0,931.0
193,76.100,189.390,75.96,189.19,1120.67,24927.0,0.0,0.0
194,76.100,189.390,75.96,189.19,1120.67,25567.0,0.0,0.0
195,76.100,189.390,75.96,189.19,1120.67,25309.0,89.0,89.0
196,76.100,189.390,75.96,189.19,1120.67,25954.0,215.0,215.0
197,76.100,189.390,75.96,189.19,1120.67,26780.0,287.0,287.0
198,76.100,189.390,75.96,189.19,1120.67,26301.0,0.0,0.0
199,76.100,189.390,75.96,189.19,1120.67,25824.0,21.0,21.0
200,76.100,189.390,75.96,189.19,1120.67,26038.0,132.0,132.0
201,76.100,189.390,75.96,189.19,1120.67,25539.0,7.0,7.0
202,76.100,189.390,75.96,189.19,1120.67,25654.0,0.0,0.0
203,76.100,189.390,75.96,189.19,1120.67,25783.0,219.0,219.0
204,76.100,189.390,75.96,189.19,1120.67,26717.0,644.0,644.0
205,76.100,189.390,75.96,189.19,1120.67,26611.0,883.0,883.0
206,76.100,189.390,75.96,189.19,1120.67,24660.0,134.0,134.0
207,76.100,189.390,75.96,189.19,1120.67,24753.0,399.0,399.0
208,76.100,189.390,75.96,189.19,1120.67,25600.0,197.0,197.0
209,76.100,189.390,75.96,189.19,1120.67,28279.0,2105.0,2105.0
210,76.100,189.390,75.96,189.19,1120.67,25866.0,0.0,0.0
211,76.100,189.390,75.96,189.19,1120.67,25214.0,0.0,0.0
212,76.100,189.390,75.96,189.19,1120.67,26312.0,177.0,177.0
213,76.100,189.390,75.96,189.19,1120.67,26369.0,182.0,182.0
214,76.100,189.390,75.96,189.19,1120.67,25259.0,0.0,0.0
215,76.100,189.390,75.96,189.19,1120.67,25215.0,0.0,0.0
216,76.100,189.390,75.96,189.19,1120.67,26169.0,824.0,824.0
217,76.100,189.390,75.96,189.19,1120.67,23791.0,0.0,0.0
218,76.100,189.390,75.96,189.19,1120.67,26574.0,1652.0,1652.0
219,76.100,189.390,75.96,189.19,1120.67,26189.0,575.0,575.0
220,76.100,189.390,75.96,189.19,1120.67,25194.0,188.0,188.0
221,76.100,189.390,75.96,189.19,1120.67,25875.0,879.0,879.0
222,76.100,189.390,75.96,189.19,1120.67,25968.0,711.0,711.0
223,76.100,189.390,75.96,189.19,1120.67,24711.0,465.0,465.0
224,76.100,189.390,75.96,189.19,1120.67,25597.0,398.0,398.0
225,76.100,189.390,75.96,189.19,1120.67,26556.0,676.0,676.0
226,76.100,189.390,75.96,189.19,1120.67,25943.0,731.0,731.0
227,76.100,189.390,75.96,189.19,1120.67,25092.0,0.0,0.0
228,76.100,189.390,75.96,189.19,1120.67,24891.0,8.0,8.0
229,76.100,189.390,75.96,189.19,1120.67,23410.0,0.0,0.0
230,76.100,189.390,75.96,189.19,1120.67,25514.0,244.0,244.0
231,76.100,189.390,75.96,189.19,1120.67,24623.0,0.0,0.0
232,76.100,189.390,75.96,189.19,1120.67,25559.0,24.0,24.0
233,76.100,189.390,75.96,189.19,1120.67,26750.0,1422.0,1422.0
234,76.100,189.390,75.96,189.19,1120.67,26040.0,564.0,564.0
235,76.100,189.390,75.96,189.19,1120.67,25596.0,563.0,563.0
236,76.100,189.390,75.96,189.19,1120.67,24945.0,229.0,229.0
237,76.100,189.390,75.96,189.19,1120.67,25443.0,0.0,0.0
238,76.100,189.390,75.96,189.19,1120.67,26503.0,253.0,253.0
239,76.100,189.390,75.96,189.19,1120.67,25443.0,0.0,0.0
240,76.100,189.390,75.96,189.19,1120.67,26579.0,1298.0,1298.0
241,76.100,189.390,75.96,189.19,1120.67,24933.0,0.0,0.0
242,76.100,189.390,75.96,189.19,1120.67,25178.0,0.0,0.0
243,76.100,189.390,75.96,189.19,1120.67,27249.0,922.0,922.0
244,76.100,189.390,75.96,189.19,1120.67,24831.0,0.0,0.0
245,76.100,189.390,75.96,189.19,1120.67,24789.0,0.0,0.0
246,76.100,189.390,75.96,189.19,1120.67,24269.0,0.0,0.0
247,76.100,189.390,75.96,189.19,1120.67,25067.0,0.0,0.0
248,76.100,189.390,75.96,189.19,1120.67,25500.0,406.0,406.0
249,76.100,189.390,75.96,189.19,1120.67,25644.0,485.0,485.0
250,76.100,189.390,75.96,189.19,1120.67,26034.0,696.0,696.0
251,76.100,189.390,75.96,189.19,1120.67,25299.0,0.0,0.0
252,76.100,189.390,75.96,189.19,1120.67,26590.0,1400.0,1400.0
253,76.100,189.390,75.96,189.19,1120.67,25625.0,293.0,293.0
254,76.100,189.390,75.96,189.19,1120.67,28292.0,2955.0,2955.0
255,76.100,189.390,75.96,189.19,1120.67,23907.0,0.0,0.0
256,76.100,189.390,75.96,189.19,1120.67,25172.0,0.0,0.0
257,76.100,189.390,75.96,189.19,1120.67,24698.0,0.0,0.0
258,76.100,189.390,75.96,189.19,1120.67,25671.0,337.0,337.0
259,76.100,189.390,75.96,189.19,1120.67,25654.0,480.0,480.0
260,76.100,189.390,75.96,189.19,1120.67,25780.0,99.0,99.0
261,76.100,189.390,75.96,189.19,1120.67,24759.0,0.0,0.0
262,76.100,189.390,75.96,189.19,1120.67,24454.0,0.0,0.0
263,76.100,189.390,75.96,189.19,1120.67,26093.0,0.0,0.0
264,76.100,189.390,75.96,189.19,1120.67,25479.0,95.0,95.0
265,76.100,189.390,75.96,189.19,1120.67,24861.0,140.0,140.0
266,76.100,189.390,75.96,189.19,1120.67,25217.0,102.0,102.0
267,76.100,189.390,75.96,189.19,1120.67,24420.0,0.0,0.0
268,76.100,189.390,75.96,189.19,1120.67,23215.0,0.0,0.0
269,76.100,189.390,75.96,189.19,1120.67,27575.0,1038.0,1038.0
270,76.100,189.390,75.96,189.19,1120.67,25499.0,0.0,0.0
271,76.100,189.390,75.96,189.19,1120.67,25401.0,850.0,850.0
272,76.100,189.390,75.96,189.19,1120.67,24335.0,0.0,0.0
273,76.100,189.390,75.96,189.19,1120.67,23834.0,0.0,0.0
274,76.100,189.390,75.96,189.19,1120.67,24258.0,0.0,0.0
275,76.100,189.390,75.96,189.19,1120.67,24990.0,157.0,157.0
276,76.100,189.390,75.96,189.19,1120.67,23723.0,0.0,0.0
277,76.100,189.390,75.96,189.19,1120.67,24919.0,65.0,65.0
278,76.100,189.390,75.96,189.19,1120.67,24235.0,0.0,0.0
279,76.100,189.390,75.96,189.19,1120.67,24521.0,0.0,0.0
280,76.100,189.390,75.96,189.19,1120.67,25836.0,0.0,0.0
281,76.100,189.390,75.96,189.19,1120.67,25620.0,511.0,511.0
282,76.100,189.390,75.96,189.19,1120.67,24059.0,0.0,0.0
283,76.100,189.390,75.96,189.19,1120.67,25749.0,0.0,0.0
284,76.100,189.390,75.96,189.19,1120.67,25702.0,0.0,0.0
285,76.100,189.390,75.96,189.19,1120.67,24022.0,0.0,0.0
286,76.100,189.390,75.96,189.19,1120.67,24400.0,0.0,0.0
287,76.100,189.390,75.96,189.19,1120.67,24676.0,244.0,244.0
288,76.100,189.390,75.96,189.19,1120.67,24784.0,0.0,0.0
289,76.100,189.390,75.96,189.19,1120.67,24670.0,0.0,0.0
290,76.100,189.390,75.96,189.19,1120.67,23513.0,0.0,0.0
291,76.100,189.390,75.96,189.19,1120.67,26061.0,572.0,572.0
292,76.100,189.390,75.96,189.19,1120.67,25004.0,0.0,0.0
293,76.100,189.390,75.96,189.19,1120.67,24862.0,0.0,0.0
294,76.100,189.390,75.96,189.19,1120.67,24034.0,0.0,0.0
295,76.100,189.390,75.96,189.19,1120.67,25007.0,834.0,834.0
296,76.100,189.390,75.96,189.19,1120.67,23252.0,0.0,0.0
297,76.100,189.390,75.96,189.19,1120.67,23526.0,0.0,0.0
298,76.100,189.390,75.96,189.19,1120.67,25014.0,520.0,520.0
299,76.100,189.390,75.96,189.19,1120.67,24807.0,0.0,0.0
300,76.100,189.390,75.96,189.19,1120.67,26376.0,921.0,921.0
301,76.100,189.390,75.96,189.19,1120.67,23013.0,0.0,0.0
302,76.100,189.390,75.96,189.19,1120.67,24180.0,0.0,0.0
303,76.100,189.390,75.96,189.19,1120.67,23629.0,0.0,0.0
304,76.100,189.390,75.96,189.19,1120.67,23877.0,0.0,0.0
305,76.100,189.390,75.96,189.19,1120.67,24162.0,0.0,0.0
306,76.100,189.390,75.96,189.19,1120.67,26251.0,93.0,93.0
307,76.100,189.390,75.96,189.19,1120.67,25662.0,382.0,382.0
308,76.100,189.390,75.96,189.19,1120.67,24674.0,0.0,0.0
309,76.100,189.390,75.96,189.19,1120.67,24991.0,0.0,0.0
310,76.100,189.390,75.96,189.19,1120.67,24934.0,2.0,2.0
311,76.100,189.390,75.96,189.19,1120.67,24877.0,0.0,0.0
312,76.100,189.390,75.96,189.19,1120.67,24754.0,0.0,0.0
313,76.100,189.390,75.96,189.19,1120.67,24801.0,0.0,0.0
314,76.100,189.390,75.96,189.19,1120.67,25275.0,363.0,363.0
315,76.100,189.390,75.96,189.19,1120.67,23440.0,0.0,0.0
316,76.100,189.390,75.96,189.19,1120.67,25942.0,830.0,830.0
317,76.100,189.390,75.96,189.19,1120.67,23277.0,0.0,0.0
318,76.100,189.390,75.96,189.19,1120.67,24779.0,817.0,817.0
319,76.100,189.390,75.96,189.19,1120.67,24227.0,0.0,0.0
320,76.100,189.390,75.96,189.19,1120.67,22393.0,0.0,0.0
321,76.100,189.390,75.96,189.19,1120.67,24659.0,0.0,0.0
322,76.100,189.390,75.96,189.19,1120.67,24469.0,0.0,0.0
323,76.100,189.390,75.96,189.19,1120.67,23190.0,0.0,0.0
324,76.100,189.390,75.96,189.19,1120.67,23497.0,0.0,0.0
325,76.100,189.390,75.96,189.19,1120.67,26773.0,1231.0,1231.0
326,76.100,189.390,75.96,189.19,1120.67,24922.0,106.0,106.0
327,76.100,189.390,75.96,189.19,1120.67,25563.0,235.0,235.0
328,76.100,189.390,75.96,189.19,1120.67,23911.0,0.0,0.0
329,76.100,189.390,75.96,189.19,1120.67,24506.0,273.0,273.0
330,76.100,189.390,75.96,189.19,1120.67,25503.0,715.0,715.0
331,76.100,189.390,75.96,189.19,1120.67,23501.0,0.0,0.0
332,76.100,189.390,75.96,189.19,1120.67,26167.0,740.0,740.0
333,76.100,189.390,75.96,189.19,1120.67,24853.0,13.0,13.0
334,76.100,189.390,75.96,189.19,1120.67,25369.0,661.0,661.0
335,76.100,189.390,75.96,189.19,1120.67,25716.0,275.0,275.0
336,76.100,189.390,75.96,189.19,1120.67,24618.0,0.0,0.0
337,76.100,189.390,75.96,189.19,1120.67,24527.0,0.0,0.0
338,76.100,189.390,75.96,189.19,1120.67,23671.0,0.0,0.0
339,76.100,189.390,75.96,189.19,1120.67,25068.0,698.0,698.0
340,76.100,189.390,75.96,189.19,1120.67,25605.0,87.0,87.0
341,76.100,189.390,75.96,189.19,1120.67,24864.0,0.0,0.0
342,76.100,189.390,75.96,189.19,1120.67,22862.0,0.0,0.0
343,76.100,189.390,75.96,189.19,1120.67,23517.0,0.0,0.0
344,76.100,189.390,75.96,189.19,1120.67,25413.0,617.0,617.0
345,76.100,189.390,75.96,189.19,1120.67,24202.0,5.0,5.0
346,76.100,189.390,75.96,189.19,1120.67,25284.0,769.0,769.0
347,76.100,189.390,75.96,189.19,1120.67,24949.0,81.0,81.0
348,76.100,189.390,75.96,189.19,1120.67,24874.0,202.0,202.0
349,76.100,189.390,75.96,189.19,1120.67,24291.0,0.0,0.0
350,76.100,189.390,75.96,189.19,1120.67,25434.0,783.0,783.0
351,76.100,189.390,75.96,189.19,1120.67,29143.0,3936.0,3936.0
352,76.100,189.390,75.96,189.19,1120.67,34751.0,8000.0,8000.0
353,76.100,189.390,75.96,189.19,1120.67,36691.0,10010.0,10010.0
354,76.100,189.390,75.96,189.19,1120.67,38887.0,11867.0,11867.0
355,76.100,189.390,75.96,189.19,1120.67,37542.0,10824.0,10824.0
356,76.100,189.390,75.96,189.19,1120.67,39296.0,12655.0,12655.0
357,76.100,189.390,75.96,189.19,1120.67,41090.0,13911.0,13911.0
358,76.100,189.390,75.96,189.19,1120.67,45725.0,18033.0,18033.0
359,76.100,189.390,75.96,189.19,1120.67,39840.0,12600.0,12600.0
360,76.100,189.390,75.96,189.19,1120.67,33090.0,7209.0,7209.0
361,76.100,189.390,75.96,189.19,1120.67,36781.0,10020.0,10020.0
362,76.100,189.390,75.96,189.19,1120.67,33925.0,7984.0,7984.0
363,76.100,189.390,75.96,189.19,1120.67,34445.0,8392.0,8392.0
364,76.100,189.390,75.96,189.19,1120.67,33401.0,6818.0,6818.0
365,76.100,189.390,75.96,189.19,1120.67,34521.0,7433.0,7433.0
366,76.100,189.390,75.96,189.19,1120.67,32232.0,5633.0,5633.0
367,76.100,189.390,75.96,189.19,1120.67,33302.0,6629.0,6629.0
368,76.100,189.390,75.96,189.19,1120.67,31849.0,5087.0,5087.0
369,76.100,189.390,75.96,189.19,1120.67,32901.0,6642.0,6642.0
370,76.100,189.390,75.96,189.19,1120.67,36022.0,9801.0,9801.0
371,76.100,189.390,75.96,189.19,1120.67,31855.0,6151.0,6151.0
372,76.100,189.390,75.57,189.66,1120.67,33455.0,7577.0,7577.0
373,76.100,189.390,75.81,189.88,1120.67,34984.0,7678.0,7678.0
374,76.100,189.390,75.58,189.53,1120.67,36491.0,10878.0,10878.0
375,76.100,189.390,75.43,189.46,1120.67,33504.0,7362.0,7362.0
376,76.100,189.390,75.72,189.63,1120.67,38708.0,11389.0,11389.0
377,76.100,189.390,75.82,189.68,1120.67,34724.0,7847.0,7847.0
378,76.100,189.390,75.5,189.44,1120.67,36624.0,10870.0,10870.0
379,76.100,189.390,75.96,189.19,1120.67,30918.0,4751.0,4751.0
380,76.100,189.390,75.43,189.8,1120.67,34449.0,8766.0,8766.0
381,76.100,189.390,75.7,189.57,1120.67,33412.0,7316.0,7316.0
382,76.100,189.390,75.77,189.57,1120.67,35841.0,9084.0,9084.0
383,76.100,189.390,75.96,189.19,1120.67,31293.0,6144.0,6144.0
384,76.100,189.390,75.96,189.19,1120.67,34262.0,6983.0,6983.0
385,76.100,189.390,75.6,189.93,1120.67,33276.0,6687.0,6687.0
386,76.100,189.390,75.96,189.19,1120.67,32652.0,6947.0,6947.0
387,76.100,189.390,75.59,189.46,1120.67,36413.0,9440.0,9440.0
388,76.100,189.390,76,189.84,1120.67,34512.0,7657.0,7657.0
389,76.100,189.390,75.96,189.19,1120.67,31511.0,5572.0,5572.0
390,76.100,189.390,75.78,189.58,1120.67,32846.0,7531.0,7531.0
391,76.100,189.390,75.68,189.35,1120.67,38144.0,11831.0,11831.0
392,76.100,189.390,75.85,189.39,1120.67,41445.0,14135.0,14135.0
393,76.100,189.390,75.86,189.75,1120.67,44283.0,16973.0,16973.0
394,76.100,189.390,75.96,189.19,1120.67,32034.0,5573.0,5573.0
395,76.100,189.390,75.73,189.65,1120.67,33640.0,6955.0,6955.0
396,76.100,189.390,76.02,189.68,1120.67,35252.0,8840.0,8840.0
397,76.100,189.390,75.96,189.19,1120.67,29330.0,4209.0,4209.0
398,76.100,189.390,75.64,189.49,1120.67,39324.0,12100.0,12100.0
399,76.100,189.390,75.96,189.19,1120.67,29920.0,4137.0,4137.0
400,76.100,189.390,75.96,189.19,1120.67,30998.0,5154.0,5154.0
401,76.100,189.390,75.96,189.19,1120.67,31427.0,4913.0,4913.0
402,76.100,189.390,75.86,189.43,1120.67,35093.0,9390.0,9390.0
403,76.100,189.390,75.67,189.58,1120.67,46609.0,18343.0,18343.0
404,76.100,189.390,75.74,189.65,1120.67,43751.0,15744.0,15744.0
405,76.100,189.390,75.87,189.59,1120.67,44617.0,15989.0,15989.0
406,76.100,189.390,75.64,189.35,1120.67,43085.0,15794.0,15794.0
407,76.100,189.390,75.75,189.45,1120.67,43708.0,16159.0,16159.0
408,76.100,189.390,75.85,189.75,1120.67,46669.0,18539.0,18539.0
409,76.100,189.390,75.76,189.72,1120.67,47419.0,19968.0,19968.0
410,76.100,189.390,75.86,189.63,1120.67,45835.0,18814.0,18814.0
411,76.100,189.390,75.67,189.7,1120.67,47444.0,19481.0,19481.0
412,76.100,189.390,75.58,189.58,1120.67,49022.0,20214.0,20214.0
413,76.100,189.390,75.84,189.38,1120.67,46687.0,18583.0,18583.0
414,76.100,189.390,75.61,189.73,1120.67,47774.0,18992.0,18992.0
415,76.100,189.390,75.88,189.41,1120.67,45336.0,17439.0,17439.0
416,76.100,189.390,75.58,189.63,1120.67,50527.0,20977.0,20977.0
417,76.100,189.390,75.81,189.68,1120.67,49400.0,20091.0,20091.0
418,76.100,189.390,75.75,189.6,1120.67,45233.0,16947.0,16947.0
419,76.100,189.390,75.67,189.55,1120.67,46477.0,18246.0,18246.0
420,76.100,189.390,75.79,189.42,1120.67,47520.0,20433.0,20433.0
421,76.100,189.390,75.85,189.66,1120.67,46424.0,18414.0,18414.0
422,76.100,189.390,75.66,189.48,1120.67,46413.0,18435.0,18435.0
423,76.100,189.390,75.74,189.6,1120.67,46362.0,18332.0,18332.0
424,76.100,189.390,75.82,189.66,1120.67,49180.0,20812.0,20812.0
425,76.100,189.390,75.87,189.55,1120.67,48583.0,20748.0,20748.0
426,76.100,189.390,75.65,189.63,1120.67,48496.0,20676.0,20676.0
427,76.100,189.390,75.77,189.6,1120.67,45612.0,17023.0,17023.0
428,76.100,189.390,75.81,189.68,1120.67,50748.0,23098.0,23098.0
429,76.100,189.390,75.79,189.63,1120.67,45482.0,17685.0,17685.0
430,76.100,189.390,75.77,189.43,1120.67,46832.0,18804.0,18804.0
431,76.100,189.390,75.86,189.5,1120.67,47515.0,19560.0,19560.0
432,76.100,189.390,75.64,189.58,1120.67,48291.0,20593.0,20593.0
433,76.100,189.390,75.74,189.43,1120.67,48723.0,20673.0,20673.0
434,76.100,189.390,75.73,189.32,1120.67,48770.0,20887.0,20887.0
435,76.100,189.390,75.76,189.65,1120.67,49004.0,20672.0,20672.0
436,76.100,189.390,75.74,189.48,1120.67,49396.0,20322.0,20322.0
437,76.100,189.390,75.82,189.55,1120.67,49646.0,21723.0,21723.0
438,76.100,189.390,75.74,189.61,1120.67,48019.0,20363.0,20363.0
439,76.100,189.390,75.67,189.61,1120.67,48346.0,20736.0,20736.0
440,76.100,189.390,75.75,189.53,1120.67,49066.0,20418.0,20418.0
441,76.100,189.390,75.83,189.53,1120.67,45830.0,17335.0,17335.0
442,76.100,189.390,75.71,189.4,1120.67,48438.0,19794.0,19794.0
443,76.100,189.390,75.61,189.54,1120.67,48320.0,20141.0,20141.0
444,76.100,189.390,75.78,189.47,1120.67,48194.0,20311.0,20311.0
445,76.100,189.390,75.76,189.58,1120.67,50328.0,22493.0,22493.0
446,76.100,189.390,75.95,189.55,1120.67,47915.0,19438.0,19438.0
447,76.100,189.390,75.8,189.59,1120.67,43121.0,14574.0,14574.0
448,76.100,189.390,75.8,189.29,1120.67,41626.0,14378.0,14378.0
449,76.100,189.390,75.85,189.6,1120.67,46372.0,18275.0,18275.0
450,76.100,189.390,75.91,189.59,1120.67,42061.0,14629.0,14629.0
451,76.100,189.390,75.77,189.56,1120.67,42074.0,14461.0,14461.0
452,76.100,189.390,75.63,189.58,1120.67,42933.0,15674.0,15674.0
453,76.100,189.390,75.94,189.81,1120.67,42643.0,14623.0,14623.0
454,76.100,189.390,75.6,189.5,1120.67,40952.0,13597.0,13597.0
455,76.100,189.390,75.37,189.62,1120.67,34164.0,7305.0,7305.0
456,76.100,189.390,75.91,189.88,1120.67,32071.0,7314.0,7314.0
457,76.100,189.390,75.96,189.19,1120.67,31116.0,6099.0,6099.0
458,76.100,189.390,75.88,189.69,1120.67,38124.0,10676.0,10676.0
459,76.100,189.390,75.82,189.54,1120.67,40338.0,13361.0,13361.0
460,76.100,189.390,75.91,189.72,1120.67,44721.0,17260.0,17260.0
461,76.100,189.390,75.98,189.63,1120.67,42097.0,14904.0,14904.0
462,76.100,189.390,75.75,189.51,1120.67,37883.0,11281.0,11281.0
463,76.100,189.390,75.78,189.3,1120.67,36291.0,9543.0,9543.0
464,76.100,189.390,75.86,189.37,1120.67,42028.0,14806.0,14806.0
465,76.100,189.390,75.75,189.44,1120.67,39359.0,12637.0,12637.0
466,76.100,189.390,75.99,189.31,1120.67,40837.0,12864.0,12864.0
467,76.100,189.390,75.64,189.69,1120.67,40689.0,14704.0,14704.0
468,76.100,189.390,75.88,189.46,1120.67,39287.0,12436.0,12436.0
469,76.100,189.390,75.98,189.77,1120.67,42371.0,14358.0,14358.0
470,76.100,189.390,75.74,189.49,1120.67,38011.0,11458.0,11458.0
471,76.100,189.390,75.8,189.44,1120.67,40138.0,12860.0,12860.0
472,76.100,189.390,75.74,189.55,1120.67,43297.0,16116.0,16116.0
473,76.100,189.390,75.8,189.65,1120.67,40628.0,13955.0,13955.0
474,76.100,189.390,75.85,189.42,1120.67,41034.0,14294.0,14294.0
475,76.100,189.390,75.73,189.53,1120.67,39013.0,12025.0,12025.0
476,76.100,189.390,75.95,189.65,1120.67,40883.0,13259.0,13259.0
477,76.100,189.390,75.82,189.51,1120.67,42603.0,15683.0,15683.0
478,76.100,189.390,75.65,189.53,1120.67,40646.0,14001.0,14001.0
479,76.100,189.390,75.87,189.72,1120.67,41225.0,14407.0,14407.0
480,76.100,189.390,75.8,189.42,1120.67,41721.0,14169.0,14169.0
481,76.100,189.390,75.97,189.66,1120.67,37983.0,11398.0,11398.0
482,76.100,189.390,75.63,189.51,1120.67,43529.0,16698.0,16698.0
483,76.100,189.390,75.77,189.5,1120.67,43529.0,17210.0,17210.0
484,76.100,189.390,75.79,189.37,1120.67,43510.0,16100.0,16100.0
485,76.100,189.390,75.72,189.55,1120.67,44761.0,16763.0,16763.0
486,76.100,189.390,75.79,189.54,1120.67,43785.0,15886.0,15886.0
487,76.100,189.390,75.8,189.67,1120.67,46238.0,18681.0,18681.0
488,76.100,189.390,75.97,189.69,1120.67,39652.0,13145.0,13145.0
489,76.100,189.390,75.91,189.35,1120.67,41779.0,13922.0,13922.0
490,76.100,189.390,75.87,189.48,1120.67,41445.0,14907.0,14907.0
491,76.100,189.390,75.78,189.55,1120.67,42723.0,16336.0,16336.0
492,76.100,189.390,75.94,189.6,1120.67,43833.0,15456.0,15456.0
493,76.100,189.390,75.84,189.35,1120.67,40705.0,14724.0,14724.0
494,76.100,189.390,75.7,189.58,1120.67,41392.0,14214.0,14214.0
495,76.100,189.390,75.87,189.57,1120.67,44306.0,16921.0,16921.0
496,76.100,189.390,75.7,189.35,1120.67,44900.0,17214.0,17214.0
497,76.100,189.390,75.76,189.52,1120.67,43456.0,16324.0,16324.0
498,76.100,189.390,75.79,189.63,1120.67,42705.0,15738.0,15738.0
499,76.100,189.390,75.84,189.66,1120.67,44311.0,16080.0,16080.0
500,76.100,189.390,75.83,189.52,1120.67,43162.0,16136.0,16136.0
501,76.100,189.390,75.89,189.6,1120.67,41497.0,14405.0,14405.0
502,76.100,189.390,75.77,189.43,1120.67,43280.0,15609.0,15609.0
503,76.100,189.390,75.8,189.59,1120.67,43157.0,16257.0,16257.0
504,76.100,189.390,75.67,189.54,1120.67,42898.0,15837.0,15837.0
505,76.100,189.390,75.6,189.55,1120.67,41960.0,15222.0,15222.0
506,76.100,189.390,75.77,189.27,1120.67,47303.0,18942.0,18942.0
507,76.100,189.390,75.82,189.6,1120.67,45055.0,18178.0,18178.0
508,76.100,189.390,75.81,189.3,1120.67,44235.0,16635.0,16635.0
509,76.100,189.390,75.93,189.49,1120.67,45573.0,17637.0,17637.0
510,76.100,189.390,75.7,189.5,1120.67,44789.0,16995.0,16995.0
511,76.100,189.390,75.78,189.61,1120.67,42053.0,14650.0,14650.0
512,76.100,189.390,75.77,189.48,1120.67,42508.0,15508.0,15508.0
513,76.100,189.390,75.78,189.65,1120.67,45535.0,18385.0,18385.0
514,76.100,189.390,75.92,189.75,1120.67,43490.0,14632.0,14632.0
515,76.100,189.390,75.79,189.43,1120.67,45423.0,17033.0,17033.0
516,76.100,189.390,75.58,189.51,1120.67,38002.0,11850.0,11850.0
517,76.100,189.390,75.73,189.75,1120.67,34339.0,9074.0,9074.0
518,76.100,189.390,75.77,189.6,1120.67,34965.0,7733.0,7733.0
519,76.100,189.390,75.72,189.51,1120.67,44290.0,16808.0,16808.0
520,76.100,189.390,75.58,189.51,1120.67,35435.0,9073.0,9073.0
521,76.100,189.390,75.61,189.29,1120.67,33997.0,8801.0,8801.0
522,76.100,189.390,75.71,189.61,1120.67,33735.0,8924.0,8924.0
523,76.100,189.390,75.96,189.19,1120.67,33103.0,7070.0,7070.0
524,76.100,189.390,75.71,189.95,1120.67,35881.0,9247.0,9247.0
525,76.100,189.390,75.75,189.53,1120.67,32746.0,7351.0,7351.0
526,76.100,189.390,75.96,189.19,1120.67,31211.0,5550.0,5550.0
527,76.100,189.390,76.17,189.56,1120.67,33128.0,7287.0,7287.0
528,76.100,189.390,75.96,189.19,1120.67,30597.0,5428.0,5428.0
529,76.100,189.390,75.73,189.64,1120.67,43912.0,16633.0,16633.0
530,76.100,189.390,75.78,189.38,1120.67,43513.0,16268.0,16268.0
531,76.100,189.390,75.82,189.42,1120.67,42811.0,16851.0,16851.0
532,76.100,189.390,75.74,189.43,1120.67,42409.0,15895.0,15895.0
533,76.100,189.390,75.79,189.37,1120.67,45879.0,17909.0,17909.0
534,76.100,189.390,75.92,189.56,1120.67,47106.0,19430.0,19430.0
535,76.100,189.390,75.71,189.49,1120.67,44766.0,17288.0,17288.0
536,76.100,189.390,75.7,189.67,1120.67,42691.0,16289.0,16289.0
537,76.100,189.390,75.67,189.45,1120.67,46464.0,19343.0,19343.0
538,76.100,189.390,75.8,189.5,1120.67,49892.0,22116.0,22116.0
539,76.100,189.390,75.74,189.44,1120.67,44610.0,17758.0,17758.0
540,76.100,189.390,75.88,189.47,1120.67,46599.0,18364.0,18364.0
541,76.100,189.390,75.8,189.66,1120.67,43718.0,17288.0,17288.0
542,76.100,189.390,75.82,189.45,1120.67,45951.0,17810.0,17810.0
543,76.100,189.390,75.62,189.48,1120.67,46301.0,18745.0,18745.0
544,76.100,189.390,75.8,189.51,1120.67,45780.0,16859.0,16859.0
545,76.100,189.390,75.75,189.63,1120.67,45627.0,18217.0,18217.0
546,76.100,189.390,75.81,189.48,1120.67,47586.0,20247.0,20247.0
547,76.100,189.390,75.72,189.53,1120.67,44076.0,16190.0,16190.0
548,76.100,189.390,75.82,189.62,1120.67,48319.0,20727.0,20727.0
549,76.100,189.390,75.77,189.66,1120.67,47623.0,20817.0,20817.0
550,76.100,189.390,75.76,189.48,1120.67,46606.0,17865.0,17865.0
551,76.100,189.390,75.83,189.65,1120.67,48954.0,20664.0,20664.0
552,76.100,189.390,75.96,189.33,1120.67,48281.0,19650.0,19650.0
553,76.100,189.390,75.81,189.58,1120.67,40501.0,14106.0,14106.0
554,76.100,189.390,75.94,189.89,1120.67,34537.0,8519.0,8519.0
555,76.100,189.390,75.68,189.46,1120.67,35671.0,8721.0,8721.0
556,76.100,189.390,75.76,189.54,1120.67,38762.0,11868.0,11868.0
557,76.100,189.390,75.48,189.52,1120.67,34408.0,9366.0,9366.0
558,76.100,189.390,75.62,189.54,1120.67,34303.0,8252.0,8252.0
559,76.100,189.390,75.7,189.5,1120.67,36805.0,9571.0,9571.0
560,76.100,189.390,76.09,189.37,1120.67,36216.0,9932.0,9932.0
561,76.100,189.390,76.07,189.61,1120.67,34897.0,9796.0,9796.0
562,76.100,189.390,75.6,189.42,1120.67,37232.0,10885.0,10885.0
563,76.100,189.390,75.72,189.5,1120.67,37082.0,9564.0,9564.0
564,76.100,189.390,75.41,189.48,1120.67,33107.0,7662.0,7662.0
565,76.100,189.390,75.59,189.48,1120.67,36069.0,10745.0,10745.0
566,76.100,189.390,75.8,189.61,1120.67,35435.0,10006.0,10006.0
567,76.100,189.390,75.77,189.51,1120.67,35712.0,9193.0,9193.0
568,76.100,189.390,75.84,189.59,1120.67,36908.0,10424.0,10424.0
569,76.100,189.390,75.75,189.62,1120.67,36829.0,11182.0,11182.0
570,76.100,189.390,75.75,189.54,1120.67,34418.0,8446.0,8446.0
571,76.100,189.390,75.85,189.54,1120.67,37069.0,10652.0,10652.0
572,76.100,189.390,75.62,189.52,1120.67,33579.0,7638.0,7638.0
573,76.100,189.390,75.96,189.19,1120.67,31607.0,6151.0,6151.0
574,76.100,189.390,75.68,189.6,1120.67,34643.0,8644.0,8644.0
575,76.100,189.390,75.67,189.65,1120.67,36865.0,11009.0,11009.0
576,76.100,189.390,75.84,189.55,1120.67,35654.0,9725.0,9725.0
577,76.100,189.390,75.65,189.57,1120.67,35232.0,9784.0,9784.0
578,76.100,189.390,75.73,189.56,1120.67,35638.0,9250.0,9250.0
579,76.100,189.390,75.86,189.66,1120.67,33254.0,7857.0,7857.0
580,76.100,189.390,75.59,189.43,1120.67,36926.0,11101.0,11101.0
581,76.100,189.390,75.75,189.55,1120.67,36034.0,9224.0,9224.0
582,76.100,189.390,75.69,189.6,1120.67,33426.0,7983.0,7983.0
583,76.100,189.390,76.08,189.67,1120.67,33026.0,6818.0,6818.0
584,76.100,189.390,75.9,189.68,1120.67,36990.0,9906.0,9906.0
585,76.100,189.390,76.11,189.36,1120.67,34586.0,9325.0,9325.0
586,76.100,189.390,75.77,189.52,1120.67,34374.0,8911.0,8911.0
587,76.100,189.390,75.87,189.42,1120.67,35209.0,9172.0,9172.0
588,76.100,189.390,75.8,189.61,1120.67,35825.0,10175.0,10175.0
589,76.100,189.390,75.68,189.61,1120.67,35743.0,9510.0,9510.0
590,76.100,189.390,75.59,189.63,1120.67,36244.0,10779.0,10779.0
591,76.100,189.390,75.94,189.63,1120.67,32110.0,6867.0,6867.0
592,76.100,189.390,75.68,189.32,1120.67,34141.0,8266.0,8266.0
593,76.100,189.390,75.78,189.62,1120.67,33241.0,8072.0,8072.0
594,76.100,189.390,75.86,189.43,1120.67,33353.0,8205.0,8205.0
595,76.100,189.390,75.67,189.56,1120.67,37203.0,10765.0,10765.0
596,76.100,189.390,75.89,189.68,1120.67,35799.0,10284.0,10284.0
597,76.100,189.390,75.67,189.42,1120.67,36663.0,10575.0,10575.0
598,76.100,189.390,75.79,189.31,1120.67,32065.0,6245.0,6245.0
599,76.100,189.390,75.78,189.7,1120.67,35493.0,8965.0,8965.0
600,76.100,189.390,75.88,189.6,1120.67,35092.0,10015.0,10015.0
601,76.100,189.390,75.91,189.3,1120.67,34356.0,9687.0,9687.0
602,76.100,189.390,75.58,189.68,1120.67,33605.0,7557.0,7557.0
603,76.100,189.390,75.99,189.69,1120.67,37487.0,10803.0,10803.0
604,76.100,189.390,76,189.38,1120.67,34494.0,7803.0,7803.0
605,76.100,189.390,75.96,189.48,1120.67,33786.0,8071.0,8071.0
606,76.100,189.390,76.05,189.78,1120.67,37342.0,11246.0,11246.0
607,76.100,189.390,75.91,189.56,1120.67,34520.0,8828.0,8828.0
608,76.100,189.390,75.99,189.36,1120.67,33893.0,8323.0,8323.0
609,76.100,189.390,75.8,189.28,1120.67,36526.0,10539.0,10539.0
610,76.100,189.390,75.76,189.45,1120.67,33883.0,7509.0,7509.0
611,76.100,189.390,75.92,189.8,1120.67,35884.0,10412.0,10412.0
612,76.100,189.390,75.67,189.5,1120.67,32554.0,7224.0,7224.0
613,76.100,189.390,75.87,189.48,1120.67,36054.0,9512.0,9512.0
614,76.100,189.390,75.42,189.46,1120.67,35082.0,9451.0,9451.0
615,76.100,189.390,75.81,189.32,1120.67,33575.0,7579.0,7579.0
616,76.100,189.390,75.59,189.51,1120.67,34086.0,7821.0,7821.0
617,76.100,189.390,76.02,189.66,1120.67,34006.0,8414.0,8414.0
618,76.100,189.390,75.65,189.37,1120.67,34033.0,8792.0,8792.0
619,76.100,189.390,75.85,189.79,1120.67,33969.0,8647.0,8647.0
620,76.100,189.390,75.62,189.55,1120.67,34745.0,9482.0,9482.0
621,76.100,189.390,75.96,189.19,1120.67,33941.0,7504.0,7504.0
622,76.100,189.390,75.9,189.63,1120.67,34567.0,9282.0,9282.0
623,76.100,189.390,75.95,189.36,1120.67,31965.0,6578.0,6578.0
624,76.100,189.390,75.56,189.59,1120.67,34427.0,9512.0,9512.0
625,76.100,189.390,75.8,189.55,1120.67,35965.0,9605.0,9605.0
626,76.100,189.390,76.15,189.45,1120.67,34403.0,8158.0,8158.0
627,76.100,189.390,75.73,189.5,1120.67,34561.0,8602.0,8602.0
628,76.100,189.390,75.74,189.56,1120.67,37871.0,11676.0,11676.0
629,76.100,189.390,75.88,189.64,1120.67,37585.0,11124.0,11124.0
630,76.100,189.390,75.83,189.57,1120.67,35530.0,9640.0,9640.0
631,76.100,189.390,75.92,189.29,1120.67,35478.0,9393.0,9393.0
632,76.100,189.390,76.12,189.63,1120.67,34723.0,8388.0,8388.0
633,76.100,189.390,76.13,189.71,1120.67,34998.0,9409.0,9409.0
634,76.100,189.390,75.77,189.48,1120.67,36863.0,11529.0,11529.0
635,76.100,189.390,75.69,189.55,1120.67,36820.0,10441.0,10441.0
636,76.100,189.390,75.94,189.38,1120.67,32509.0,6755.0,6755.0
637,76.100,189.390,75.58,189.6,1120.67,35887.0,10138.0,10138.0
638,76.100,189.390,75.76,189.75,1120.67,34194.0,8790.0,8790.0
639,76.100,189.390,75.51,189.5,1120.67,35919.0,9475.0,9475.0
640,76.100,189.390,75.68,189.47,1120.67,34778.0,9215.0,9215.0
641,76.100,189.390,76.01,189.42,1120.67,34176.0,8721.0,8721.0
642,76.100,189.390,75.58,189.48,1120.67,34516.0,9751.0,9751.0
643,76.100,189.390,75.84,189.56,1120.67,38479.0,12168.0,12168.0
644,76.100,189.390,75.83,189.16,1120.67,39306.0,11134.0,11134.0
645,76.100,189.390,75.71,189.5,1120.67,40743.0,14223.0,14223.0
646,76.100,189.390,75.97,189.67,1120.67,38695.0,11006.0,11006.0
647,76.100,189.390,75.89,189.62,1120.67,37879.0,12448.0,12448.0
648,76.100,189.390,75.72,189.49,1120.67,35279.0,9176.0,9176.0
649,76.100,189.390,75.83,189.42,1120.67,35324.0,8898.0,8898.0
650,76.100,189.390,75.82,189.26,1120.67,34369.0,9097.0,9097.0
651,76.100,189.390,75.82,189.63,1120.67,34301.0,8619.0,8619.0
652,76.100,189.390,75.88,189.4,1120.67,35344.0,9680.0,9680.0
653,76.100,189.390,75.72,189.49,1120.67,33347.0,7291.0,7291.0
654,76.100,189.390,76.1,189.47,1120.67,32230.0,6780.0,6780.0
655,76.100,189.390,75.89,189.57,1120.67,36274.0,9663.0,9663.0
656,76.100,189.390,75.65,189.53,1120.67,33004.0,7809.0,7809.0
657,76.100,189.390,76.37,189.6,1120.67,33483.0,6996.0,6996.0
658,76.100,189.390,75.86,189.57,1120.67,31883.0,7968.0,7968.0
659,76.100,189.390,76.06,189.48,1120.67,34711.0,8414.0,8414.0
660,76.100,189.390,75.79,189.58,1120.67,34409.0,8095.0,8095.0
661,76.100,189.390,75.78,189.25,1120.67,33955.0,7993.0,7993.0
662,76.100,189.390,75.98,189.62,1120.67,36918.0,10183.0,10183.0
663,76.100,189.390,76.38,188.84,1120.67,33223.0,7475.0,7475.0
664,76.100,189.390,75.73,189.68,1120.67,36107.0,10323.0,10323.0
665,76.100,189.390,75.86,189.44,1120.67,36075.0,9631.0,9631.0
666,76.100,189.390,75.52,189.55,1120.67,34910.0,9764.0,9764.0
667,76.100,189.390,75.86,189.84,1120.67,35637.0,8507.0,8507.0
668,76.100,189.390,76.24,189.56,1120.67,34051.0,7919.0,7919.0
669,76.100,189.390,75.76,189.39,1120.67,36974.0,11217.0,11217.0
670,76.100,189.390,75.86,189.51,1120.67,35186.0,7518.0,7518.0
671,76.100,189.390,76.14,189.33,1120.67,35525.0,9061.0,9061.0
672,76.100,189.390,75.75,189.58,1120.67,34972.0,9035.0,9035.0
673,76.100,189.390,75.87,189.41,1120.67,35081.0,9960.0,9960.0
674,76.100,189.390,75.73,189.44,1120.67,33486.0,7473.0,7473.0
675,76.100,189.390,75.47,189.44,1120.67,35798.0,10088.0,10088.0
676,76.100,189.390,75.69,189.47,1120.67,35664.0,10286.0,10286.0
677,76.100,189.390,75.91,189.73,1120.67,32901.0,7244.0,7244.0
678,76.100,189.390,75.85,189.64,1120.67,35910.0,9473.0,9473.0
679,76.100,189.390,75.68,189.31,1120.67,35475.0,9551.0,9551.0
680,76.100,189.390,75.69,189.45,1120.67,32968.0,6744.0,6744.0
681,76.100,189.390,75.89,189.39,1120.67,35177.0,8923.0,8923.0
682,76.100,189.390,75.58,189.45,1120.67,33764.0,8228.0,8228.0
683,76.100,189.390,75.63,189.3,1120.67,35543.0,9459.0,9459.0
684,76.100,189.390,76.03,189.15,1120.67,35441.0,9897.0,9897.0
685,76.100,189.390,76.03,189.67,1120.67,34461.0,8167.0,8167.0
686,76.100,189.390,76.02,189.4,1120.67,33830.0,8181.0,8181.0
687,76.100,189.390,75.54,189.57,1120.67,38331.0,12141.0,12141.0
688,76.100,189.390,75.69,189.62,1120.67,32440.0,6502.0,6502.0
689,76.100,189.390,75.8,189.28,1120.67,36869.0,10520.0,10520.0
690,76.100,189.390,76.03,189.28,1120.67,33692.0,7580.0,7580.0
691,76.100,189.390,76.45,189.59,1120.67,34558.0,8886.0,8886.0
692,76.100,189.390,75.6,189.64,1120.67,32041.0,7661.0,7661.0
693,76.100,189.390,76.22,189.49,1120.67,32810.0,7022.0,7022.0
694,76.100,189.390,75.77,189.36,1120.67,34732.0,9179.0,9179.0
695,76.100,189.390,75.96,189.24,1120.67,34366.0,7738.0,7738.0
696,76.100,189.390,75.66,189.48,1120.67,36344.0,11123.0,11123.0
697,76.100,189.390,75.91,189.41,1120.67,35845.0,9846.0,9846.0
698,76.100,189.390,76.01,189.43,1120.67,37792.0,11527.0,11527.0
699,76.100,189.390,75.52,189.65,1120.67,35354.0,9747.0,9747.0
700,76.100,189.390,75.57,189.51,1120.67,38978.0,13101.0,13101.0
701,76.100,189.390,75.66,189.38,1120.67,36442.0,10286.0,10286.0
702,76.100,189.390,75.96,189.19,1120.67,29301.0,4381.0,4381.0
703,76.100,189.390,75.68,189.51,1120.67,35556.0,9765.0,9765.0
704,76.100,189.390,75.91,189.51,1120.67,36263.0,10321.0,10321.0
705,76.100,189.390,75.83,189.5,1120.67,34174.0,8534.0,8534.0
706,76.100,189.390,75.39,189.34,1120.67,33017.0,8515.0,8515.0
707,76.100,189.390,75.7,189.69,1120.67,35056.0,8739.0,8739.0
708,76.100,189.390,75.94,189.5,1120.67,36668.0,10971.0,10971.0
709,76.100,189.390,75.81,189.55,1120.67,34404.0,8414.0,8414.0
710,76.100,189.390,75.66,189.46,1120.67,35492.0,9119.0,9119.0
711,76.100,189.390,76.08,189.23,1120.67,32692.0,7321.0,7321.0
712,76.100,189.390,76.24,189.39,1120.67,35325.0,8881.0,8881.0
713,76.100,189.390,75.9,189.71,1120.67,35296.0,8341.0,8341.0
714,76.100,189.390,75.67,189.59,1120.67,35875.0,10021.0,10021.0
715,76.100,189.390,75.94,189.61,1120.67,36116.0,9914.0,9914.0
716,76.100,189.390,76.02,189.53,1120.67,35192.0,8903.0,8903.0
717,76.100,189.390,75.51,189.34,1120.67,35308.0,8864.0,8864.0
718,76.100,189.390,75.96,189.19,1120.67,32158.0,6972.0,6972.0
719,76.100,189.390,75.99,189.32,1120.67,34322.0,7714.0,7714.0
720,76.100,189.390,75.61,189.36,1120.67,33104.0,7991.0,7991.0
721,76.100,189.390,75.89,189.35,1120.67,34485.0,8997.0,8997.0
722,76.100,189.390,75.68,189.56,1120.67,33149.0,7767.0,7767.0
723,76.100,189.390,76.08,189.3,1120.67,34005.0,8273.0,8273.0
724,76.100,189.390,75.88,189.59,1120.67,34279.0,8301.0,8301.0
725,76.100,189.390,75.76,189.66,1120.67,36151.0,10080.0,10080.0
726,76.100,189.390,76.01,189.35,1120.67,37045.0,10494.0,10494.0
727,76.100,189.390,75.74,189.43,1120.67,37196.0,10165.0,10165.0
728,76.100,189.390,75.97,189.57,1120.67,40613.0,13146.0,13146.0
729,76.100,189.390,75.88,189.51,1120.67,43505.0,15436.0,15436.0
730,76.100,189.390,75.93,189.35,1120.67,38697.0,12146.0,12146.0
731,76.100,189.390,75.8,189.52,1120.67,42793.0,16196.0,16196.0
732,76.100,189.390,75.95,189.66,1120.67,43128.0,15875.0,15875.0
733,76.100,189.390,75.88,189.66,1120.67,41312.0,14790.0,14790.0
734,76.100,189.390,75.79,189.55,1120.67,43801.0,15950.0,15950.0
735,76.100,189.390,75.9,189.57,1120.67,44387.0,16625.0,16625.0
736,76.100,189.390,75.8,189.43,1120.67,42226.0,14241.0,14241.0
737,76.100,189.390,75.9,189.53,1120.67,44025.0,17731.0,17731.0
738,76.100,189.390,76.09,189.3,1120.67,39889.0,12377.0,12377.0
739,76.100,189.390,76.05,189.38,1120.67,44791.0,16520.0,16520.0
740,76.100,189.390,75.96,189.38,1120.67,40471.0,13186.0,13186.0
741,76.100,189.390,75.87,189.55,1120.67,40336.0,13424.0,13424.0
742,76.100,189.390,75.64,189.33,1120.67,42760.0,14638.0,14638.0
743,76.100,189.390,75.97,189.46,1120.67,41111.0,13727.0,13727.0
744,76.100,189.390,75.87,189.38,1120.67,39591.0,12748.0,12748.0
745,76.100,189.390,75.85,189.37,1120.67,41675.0,14589.0,14589.0
746,76.100,189.390,75.83,189.48,1120.67,42737.0,14867.0,14867.0
747,76.100,189.390,75.89,189.22,1120.67,40116.0,13114.0,13114.0
748,76.100,189.390,75.82,189.53,1120.67,42164.0,15559.0,15559.0
749,76.100,189.390,75.93,189.43,1120.67,39966.0,13076.0,13076.0
750,76.100,189.390,75.82,189.51,1120.67,42951.0,15634.0,15634.0
751,76.100,189.390,75.68,189.47,1120.67,41036.0,13664.0,13664.0
752,76.100,189.390,75.91,189.38,1120.67,42234.0,14580.0,14580.0
753,76.100,189.390,75.88,189.51,1120.67,41954.0,14704.0,14704.0
754,76.100,189.390,75.66,189.63,1120.67,39517.0,12814.0,12814.0
755,76.100,189.390,76,189.39,1120.67,40971.0,13128.0,13128.0
756,76.100,189.390,75.9,189.39,1120.67,41497.0,14030.0,14030.0
757,76.100,189.390,75.83,189.59,1120.67,39206.0,11875.0,11875.0
758,76.100,189.390,75.77,189.34,1120.67,43819.0,15924.0,15924.0
759,76.100,189.390,75.94,189.47,1120.67,39174.0,12738.0,12738.0
760,76.100,189.390,75.84,189.52,1120.67,43066.0,15893.0,15893.0
761,76.100,189.390,75.93,189.62,1120.67,43563.0,16074.0,16074.0
762,76.100,189.390,75.85,189.41,1120.67,41563.0,14308.0,14308.0
763,76.100,189.390,75.7,189.23,1120.67,43118.0,16314.0,16314.0
764,76.100,189.390,75.84,189.38,1120.67,44209.0,16484.0,16484.0
765,76.100,189.390,75.91,189.36,1120.67,40447.0,14641.0,14641.0
766,76.100,189.390,75.97,189.34,1120.67,40870.0,13328.0,13328.0
767,76.100,189.390,75.93,189.56,1120.67,39052.0,12597.0,12597.0
768,76.100,189.390,75.79,189.46,1120.67,42282.0,14414.0,14414.0
769,76.100,189.390,75.81,189.35,1120.67,41056.0,14182.0,14182.0
770,76.100,189.390,76.02,189.71,1120.67,40490.0,13607.0,13607.0
771,76.100,189.390,75.91,189.56,1120.67,40343.0,13792.0,13792.0
772,76.100,189.390,76.01,189.48,1120.67,40350.0,12657.0,12657.0
773,76.100,189.390,75.91,189.57,1120.67,38796.0,12268.0,12268.0
774,76.100,189.390,75.97,189.47,1120.67,42788.0,14760.0,14760.0
775,76.100,189.390,75.98,189.39,1120.67,40268.0,12493.0,12493.0
776,76.100,189.390,75.9,189.46,1120.67,37829.0,12058.0,12058.0
777,76.100,189.390,75.92,189.56,1120.67,37418.0,10565.0,10565.0
778,76.100,189.390,76.03,189.33,1120.67,37151.0,10395.0,10395.0
779,76.100,189.390,75.85,189.43,1120.67,45569.0,17598.0,17598.0
780,76.100,189.390,75.86,189.35,1120.67,43834.0,17048.0,17048.0
781,76.100,189.390,75.92,189.45,1120.67,45420.0,18093.0,18093.0
782,76.100,189.390,75.97,189.45,1120.67,44481.0,17160.0,17160.0
783,76.100,189.390,76.12,189.52,1120.67,42574.0,14854.0,14854.0
784,76.100,189.390,75.79,189.46,1120.67,46732.0,19028.0,19028.0
785,76.100,189.390,75.97,189.33,1120.67,45186.0,16738.0,16738.0
786,76.100,189.390,75.74,189.37,1120.67,37867.0,11452.0,11452.0
787,76.100,189.390,75.61,189.4,1120.67,34812.0,8267.0,8267.0
788,76.100,189.390,75.79,189.22,1120.67,37830.0,11163.0,11163.0
789,76.100,189.390,75.84,189.45,1120.67,42566.0,15619.0,15619.0
790,76.100,189.390,75.99,189.25,1120.67,43537.0,15781.0,15781.0
791,76.100,189.390,75.87,189.47,1120.67,45093.0,16389.0,16389.0
792,76.100,189.390,75.87,189.37,1120.67,46161.0,18678.0,18678.0
793,76.100,189.390,75.84,189.54,1120.67,46551.0,19330.0,19330.0
794,76.100,189.390,75.85,189.37,1120.67,46147.0,19571.0,19571.0
795,76.100,189.390,75.83,189.53,1120.67,46385.0,17906.0,17906.0
796,76.100,189.390,75.93,189.45,1120.67,44390.0,16917.0,16917.0
797,76.100,189.390,75.76,189.38,1120.67,39559.0,13316.0,13316.0
798,76.100,189.390,75.94,189.4,1120.67,41947.0,15012.0,15012.0
799,76.100,189.390,75.96,189.52,1120.67,45645.0,17411.0,17411.0
800,76.100,189.390,76.13,189.5,1120.67,44348.0,16967.0,16967.0
801,76.100,189.390,75.91,189.55,1120.67,46339.0,19015.0,19015.0
802,76.100,189.390,75.92,189.54,1120.67,42318.0,16542.0,16542.0
803,76.100,189.390,75.9,189.32,1120.67,47561.0,19061.0,19061.0
804,76.100,189.390,75.84,189.55,1120.67,44310.0,17019.0,17019.0
805,76.100,189.390,75.89,189.33,1120.67,43316.0,15755.0,15755.0
806,76.100,189.390,75.86,189.51,1120.67,45768.0,18007.0,18007.0
807,76.100,189.390,75.93,189.51,1120.67,48600.0,20891.0,20891.0
808,76.100,189.390,75.87,189.4,1120.67,45398.0,17913.0,17913.0
809,76.100,189.390,75.85,189.52,1120.67,44932.0,17662.0,17662.0
810,76.100,189.390,75.93,189.54,1120.67,47986.0,20199.0,20199.0
811,76.100,189.390,75.91,189.36,1120.67,42526.0,15826.0,15826.0
812,76.100,189.390,75.93,189.38,1120.67,43953.0,15243.0,15243.0
813,76.100,189.390,75.97,189.57,1120.67,47485.0,19604.0,19604.0
814,76.100,189.390,75.88,189.28,1120.67,45336.0,17248.0,17248.0
815,76.100,189.390,75.91,189.6,1120.67,42109.0,14485.0,14485.0
816,76.100,189.390,75.83,189.3,1120.67,48446.0,20560.0,20560.0
817,76.100,189.390,75.99,189.54,1120.67,45926.0,17415.0,17415.0
818,76.100,189.390,75.83,189.41,1120.67,42605.0,15661.0,15661.0
819,76.100,189.390,75.77,189.5,1120.67,43422.0,15904.0,15904.0
820,76.100,189.390,75.68,189.44,1120.67,40909.0,13165.0,13165.0
821,76.100,189.390,75.98,189.43,1120.67,42796.0,15501.0,15501.0
822,76.100,189.390,76.04,189.5,1120.67,49000.0,20330.0,20330.0
823,76.100,189.390,75.81,189.36,1120.67,46285.0,18614.0,18614.0
824,76.100,189.390,75.99,189.43,1120.67,40659.0,13362.0,13362.0
825,76.100,189.390,76,189.26,1120.67,47628.0,18754.0,18754.0
826,76.100,189.390,75.95,189.27,1120.67,46602.0,18890.0,18890.0
827,76.100,189.390,75.75,189.41,1120.67,42848.0,15179.0,15179.0
828,76.100,189.390,76.06,189.49,1120.67,41672.0,13810.0,13810.0
829,76.100,189.390,76,189.48,1120.67,40371.0,12445.0,12445.0
830,76.100,189.390,75.86,189.31,1120.67,34586.0,9539.0,9539.0
831,76.100,189.390,75.78,189.4,1120.67,34820.0,9705.0,9705.0
832,76.100,189.390,75.78,189.39,1120.67,42815.0,15931.0,15931.0
833,76.100,189.390,75.76,189.36,1120.67,46244.0,18183.0,18183.0
834,76.100,189.390,75.96,189.3,1120.67,50516.0,22092.0,22092.0
835,76.100,189.390,75.85,189.47,1120.67,49258.0,21594.0,21594.0
836,76.100,189.390,75.94,189.58,1120.67,44994.0,17404.0,17404.0
837,76.100,189.390,75.9,189.52,1120.67,48201.0,18898.0,18898.0
838,76.100,189.390,75.81,189.25,1120.67,46568.0,19700.0,19700.0
839,76.100,189.390,75.85,189.47,1120.67,49644.0,21258.0,21258.0
840,76.100,189.390,75.92,189.42,1120.67,40823.0,14417.0,14417.0
841,76.100,189.390,75.9,189.29,1120.67,42484.0,15317.0,15317.0
842,76.100,189.390,75.98,189.51,1120.67,42403.0,14381.0,14381.0
843,76.100,189.390,75.74,189.49,1120.67,45591.0,18230.0,18230.0
844,76.100,189.390,75.96,189.4,1120.67,46066.0,17408.0,17408.0
845,76.100,189.390,75.86,189.39,1120.67,40226.0,13326.0,13326.0
846,76.100,189.390,75.93,189.43,1120.67,38921.0,11963.0,11963.0
847,76.100,189.390,75.99,189.19,1120.67,41176.0,14429.0,14429.0
848,76.100,189.390,75.85,189.5,1120.67,43585.0,15924.0,15924.0
849,76.100,189.390,75.88,189.41,1120.67,47734.0,19583.0,19583.0
850,76.100,189.390,75.78,189.3,1120.67,41400.0,15172.0,15172.0
851,76.100,189.390,75.65,189.45,1120.67,42092.0,15499.0,15499.0
852,76.100,189.390,75.88,189.42,1120.67,45375.0,16953.0,16953.0
853,76.100,189.390,75.92,189.52,1120.67,43996.0,17032.0,17032.0
854,76.100,189.390,75.95,189.41,1120.67,44085.0,16596.0,16596.0
855,76.100,189.390,75.79,189.44,1120.67,46651.0,19007.0,19007.0
856,76.100,189.390,75.99,189.22,1120.67,42617.0,15520.0,15520.0
857,76.100,189.390,75.83,189.29,1120.67,44408.0,17417.0,17417.0
858,76.100,189.390,75.88,189.28,1120.67,41376.0,14932.0,14932.0
859,76.100,189.390,75.82,189.35,1120.67,42442.0,15942.0,15942.0
860,76.100,189.390,75.97,189.5,1120.67,40959.0,13882.0,13882.0
861,76.100,189.390,76.03,189.59,1120.67,44636.0,16585.0,16585.0
862,76.100,189.390,75.91,189.47,1120.67,45394.0,18340.0,18340.0
863,76.100,189.390,75.82,189.49,1120.67,42473.0,14741.0,14741.0
864,76.100,189.390,75.78,189.38,1120.67,40811.0,14286.0,14286.0
865,76.100,189.390,75.94,189.23,1120.67,43142.0,14873.0,14873.0
866,76.100,189.390,76.01,189.48,1120.67,46379.0,18125.0,18125.0
867,76.100,189.390,75.88,189.39,1120.67,49226.0,20470.0,20470.0
868,76.100,189.390,75.93,189.43,1120.67,44406.0,17584.0,17584.0
869,76.100,189.390,75.79,189.56,1120.67,41460.0,14016.0,14016.0
870,76.100,189.390,75.92,189.39,1120.67,44138.0,16160.0,16160.0
871,76.100,189.390,75.82,189.62,1120.67,41151.0,14139.0,14139.0
872,76.100,189.390,75.82,189.48,1120.67,42133.0,15129.0,15129.0
873,76.100,189.390,75.75,189.42,1120.67,37722.0,11599.0,11599.0
874,76.100,189.390,75.58,189.27,1120.67,39523.0,12345.0,12345.0
875,76.100,189.390,75.94,189.54,1120.67,42452.0,14692.0,14692.0
876,76.100,189.390,75.78,189.4,1120.67,44895.0,18415.0,18415.0
877,76.100,189.390,76.16,189.24,1120.67,43343.0,17689.0,17689.0
878,76.100,189.390,75.93,189.26,1120.67,40019.0,12974.0,12974.0
879,76.100,189.390,75.8,189.28,1120.67,43667.0,17218.0,17218.0
880,76.100,189.390,75.87,189.39,1120.67,46403.0,18269.0,18269.0
881,76.100,189.390,75.81,189.52,1120.67,44335.0,16780.0,16780.0
882,76.100,189.390,75.89,189.41,1120.67,43224.0,16408.0,16408.0
883,76.100,189.390,75.91,189.43,1120.67,42483.0,15529.0,15529.0
884,76.100,189.390,75.78,189.3,1120.67,41278.0,15081.0,15081.0
885,76.100,189.390,76.03,189.58,1120.67,39996.0,14532.0,14532.0
886,76.100,189.390,75.98,189.31,1120.67,40554.0,13150.0,13150.0
887,76.100,189.390,76.01,189.48,1120.67,42602.0,15415.0,15415.0
888,76.100,189.390,75.92,189.23,1120.67,46026.0,18839.0,18839.0
889,76.100,189.390,75.84,189.22,1120.67,44348.0,16709.0,16709.0
890,76.100,189.390,75.92,189.37,1120.67,40351.0,13372.0,13372.0
891,76.100,189.390,75.73,189.47,1120.67,44810.0,17865.0,17865.0
892,76.100,189.390,75.9,189.44,1120.67,38873.0,12539.0,12539.0
893,76.100,189.390,75.73,189.27,1120.67,41176.0,13763.0,13763.0
894,76.100,189.390,76.11,189.29,1120.67,42472.0,15977.0,15977.0
895,76.100,189.390,75.71,189.32,1120.67,41221.0,14425.0,14425.0
896,76.100,189.390,75.82,189.49,1120.67,38958.0,12619.0,12619.0
897,76.100,189.390,75.79,189.46,1120.67,42241.0,14995.0,14995.0
898,76.100,189.390,75.98,189.54,1120.67,41227.0,14268.0,14268.0
899,76.100,189.390,76,189.29,1120.67,43589.0,15467.0,15467.0
900,76.100,189.390,75.96,189.3,1120.67,39168.0,11568.0,11568.0
901,76.100,189.390,75.89,189.43,1120.67,41644.0,14175.0,14175.0
902,76.100,189.390,75.81,189.51,1120.67,42456.0,15333.0,15333.0
903,76.100,189.390,75.8,189.51,1120.67,39259.0,12667.0,12667.0
904,76.100,189.390,75.59,189.56,1120.67,40455.0,14033.0,14033.0
905,76.100,189.390,75.85,189.61,1120.67,39102.0,13134.0,13134.0
906,76.100,189.390,75.68,189.36,1120.67,42489.0,15767.0,15767.0
907,76.100,189.390,75.84,189.16,1120.67,40536.0,13788.0,13788.0
908,76.100,189.390,75.85,189.3,1120.67,41051.0,13813.0,13813.0
909,76.100,189.390,75.8,189.4,1120.67,40822.0,14013.0,14013.0
910,76.100,189.390,76.09,189.4,1120.67,39716.0,13538.0,13538.0
911,76.100,189.390,75.86,189.36,1120.67,41188.0,14392.0,14392.0
912,76.100,189.390,76.01,189.45,1120.67,43621.0,16028.0,16028.0
913,76.100,189.390,75.88,189.34,1120.67,41541.0,15286.0,15286.0
914,76.100,189.390,76.01,189.52,1120.67,41134.0,14248.0,14248.0
915,76.100,189.390,75.9,189.31,1120.67,44400.0,17393.0,17393.0
916,76.100,189.390,75.83,189.29,1120.67,48451.0,20470.0,20470.0
917,76.100,189.390,75.99,189.49,1120.67,50218.0,22209.0,22209.0
918,76.100,189.390,75.82,189.5,1120.67,48467.0,20386.0,20386.0
919,76.100,189.390,75.88,189.44,1120.67,45502.0,18378.0,18378.0
920,76.100,189.390,76.05,189.45,1120.67,44142.0,17832.0,17832.0
921,76.100,189.390,75.58,189.38,1120.67,39151.0,14045.0,14045.0
922,76.100,189.390,75.83,189.32,1120.67,42630.0,16691.0,16691.0
923,76.100,189.390,75.87,189.33,1120.67,38863.0,11956.0,11956.0
924,76.100,189.390,75.85,189.27,1120.67,51083.0,22862.0,22862.0
925,76.100,189.390,76.02,189.39,1120.67,47942.0,19538.0,19538.0
926,76.100,189.390,75.94,189.41,1120.67,47520.0,20653.0,20653.0
927,76.100,189.390,75.87,189.35,1120.67,42008.0,14339.0,14339.0
928,76.100,189.390,76.11,189.22,1120.67,42700.0,16401.0,16401.0
929,76.100,189.390,75.99,189.27,1120.67,39988.0,13402.0,13402.0
930,76.100,189.390,75.96,189.64,1120.67,36281.0,10395.0,10395.0
931,76.100,189.390,75.9,189.23,1120.67,34256.0,8888.0,8888.0
932,76.100,189.390,75.78,189.15,1120.67,32758.0,8111.0,8111.0
933,76.100,189.390,75.88,189.44,1120.67,40582.0,13382.0,13382.0
934,76.100,189.390,75.65,189.54,1120.67,43233.0,16499.0,16499.0
935,76.100,189.390,75.86,189.38,1120.67,42719.0,15466.0,15466.0
936,76.100,189.390,75.86,189.58,1120.67,41470.0,13673.0,13673.0
937,76.100,189.390,76.14,189.27,1120.67,41341.0,14222.0,14222.0
938,76.100,189.390,75.99,189.33,1120.67,39122.0,12269.0,12269.0
939,76.100,189.390,75.9,189.43,1120.67,38314.0,11800.0,11800.0
940,76.100,189.390,75.95,189.29,1120.67,33881.0,8424.0,8424.0
941,76.100,189.390,76.05,189.45,1120.67,37375.0,11823.0,11823.0
942,76.100,189.390,75.89,189.26,1120.67,40885.0,14757.0,14757.0
943,76.100,189.390,75.78,189.21,1120.67,43541.0,15223.0,15223.0
944,76.100,189.390,75.93,189.34,1120.67,40259.0,12678.0,12678.0
945,76.100,189.390,75.95,189.49,1120.67,44479.0,17027.0,17027.0
946,76.100,189.390,75.98,189.31,1120.67,42933.0,15209.0,15209.0
947,76.100,189.390,75.97,189.31,1120.67,44694.0,17092.0,17092.0
948,76.100,189.390,76.05,189.32,1120.67,41076.0,13493.0,13493.0
949,76.100,189.390,75.86,189.38,1120.67,42121.0,14258.0,14258.0
950,76.100,189.390,75.8,189.36,1120.67,35786.0,9988.0,9988.0
951,76.100,189.390,76.13,189.29,1120.67,36542.0,10968.0,10968.0
952,76.100,189.390,76.01,189.25,1120.67,35183.0,8332.0,8332.0
953,76.100,189.390,75.87,189.56,1120.67,40089.0,13154.0,13154.0
954,76.100,189.390,76.02,189.43,1120.67,36660.0,10177.0,10177.0
955,76.100,189.390,75.74,189.53,1120.67,39996.0,13814.0,13814.0
956,76.100,189.390,75.82,189.63,1120.67,37884.0,10639.0,10639.0
957,76.100,189.390,75.81,189.48,1120.67,37282.0,10278.0,10278.0
958,76.100,189.390,75.84,189.49,1120.67,34083.0,9141.0,9141.0
959,76.100,189.390,75.96,189.5,1120.67,37042.0,10260.0,10260.0
960,76.100,189.390,75.99,189.07,1120.67,36072.0,9419.0,9419.0
961,76.100,189.390,75.82,189.17,1120.67,36017.0,9348.0,9348.0
962,76.100,189.390,76,189.09,1120.67,36959.0,9524.0,9524.0
963,76.100,189.390,75.99,189.53,1120.67,35920.0,9619.0,9619.0
964,76.100,189.390,75.95,189.4,1120.67,38808.0,12893.0,12893.0
965,76.100,189.390,75.92,189.5,1120.67,41662.0,14850.0,14850.0
966,76.100,189.390,75.98,189.3,1120.67,40807.0,14767.0,14767.0
967,76.100,189.390,75.89,189.51,1120.67,43174.0,16741.0,16741.0
968,76.100,189.390,75.82,189.17,1120.67,43548.0,15484.0,15484.0
969,76.100,189.390,76.16,189.43,1120.67,39649.0,13090.0,13090.0
970,76.100,189.390,75.95,189.34,1120.67,41506.0,15855.0,15855.0
971,76.100,189.390,75.87,189.42,1120.67,44113.0,16421.0,16421.0
972,76.100,189.390,76.04,189.68,1120.67,39338.0,12802.0,12802.0
973,76.100,189.390,75.75,189.47,1120.67,41776.0,15269.0,15269.0
974,76.100,189.390,75.86,189.42,1120.67,44930.0,16980.0,16980.0
975,76.100,189.390,75.71,189.49,1120.67,38598.0,11424.0,11424.0
976,76.100,189.390,75.9,189.39,1120.67,43982.0,16829.0,16829.0
977,76.100,189.390,75.82,189.45,1120.67,43090.0,16242.0,16242.0
978,76.100,189.390,75.98,189.46,1120.67,43195.0,16008.0,16008.0
979,76.100,189.390,75.97,189.36,1120.67,43497.0,15537.0,15537.0
980,76.100,189.390,75.98,189.45,1120.67,39396.0,12236.0,12236.0
981,76.100,189.390,76.01,189.39,1120.67,41426.0,14910.0,14910.0
982,76.100,189.390,75.9,189.16,1120.67,33565.0,7792.0,7792.0
983,76.100,189.390,75.93,189.12,1120.67,34085.0,8260.0,8260.0
984,76.100,189.390,76.06,189.05,1120.67,35961.0,9587.0,9587.0
985,76.100,189.390,76.09,189.17,1120.67,37062.0,10592.0,10592.0
986,76.100,189.390,75.69,189.43,1120.67,43668.0,17423.0,17423.0
987,76.100,189.390,76.02,189.37,1120.67,40933.0,13674.0,13674.0
988,76.100,189.390,75.87,189.29,1120.67,47406.0,19303.0,19303.0
989,76.100,189.390,75.86,189.28,1120.67,41742.0,14984.0,14984.0
990,76.100,189.390,76.23,189.52,1120.67,38665.0,11962.0,11962.0
991,76.100,189.390,76.22,189.44,1120.67,43896.0,15986.0,15986.0
992,76.100,189.390,75.99,189.34,1120.67,45045.0,17689.0,17689.0
993,76.100,189.390,75.9,189.22,1120.67,41964.0,15126.0,15126.0
994,76.100,189.390,75.83,189.65,1120.67,36770.0,10418.0,10418.0
995,76.100,189.390,76.02,189.17,1120.67,37464.0,11530.0,11530.0
996,76.100,189.390,75.72,189.59,1120.67,34505.0,8751.0,8751.0
997,76.100,189.390,76.13,189.55,1120.67,33696.0,8763.0,8763.0
998,76.100,189.390,76.33,189.19,1120.67,34875.0,9013.0,9013.0
999,76.100,189.390,76.05,189.3,1120.67,37080.0,10077.0,10077.0
1000,76.100,189.390,76.11,189.33,1120.67,36067.0,9545.0,9545.0
1001,76.100,189.390,76.03,189.15,1120.67,39645.0,12629.0,12629.0
1002,76.100,189.390,75.94,189.4,1120.67,42646.0,14526.0,14526.0
1003,76.100,189.390,76,189.54,1120.67,41156.0,14039.0,14039.0
1004,76.100,189.390,75.87,189.26,1120.67,34492.0,8508.0,8508.0
1005,76.100,189.390,75.97,189.38,1120.67,33615.0,8246.0,8246.0
1006,76.100,189.390,75.91,189.35,1120.67,38481.0,11479.0,11479.0
1007,76.100,189.390,75.96,189.19,1120.67,33603.0,8019.0,8019.0
1008,76.100,189.390,76.13,189.46,1120.67,37484.0,10335.0,10335.0
1009,76.100,189.390,75.65,189.43,1120.67,36387.0,9742.0,9742.0
1010,76.100,189.390,76.01,189.42,1120.67,37170.0,9887.0,9887.0
1011,76.100,189.390,76.02,189.31,1120.67,40544.0,14327.0,14327.0
1012,76.100,189.390,75.94,189.35,1120.67,42092.0,14245.0,14245.0
1013,76.100,189.390,75.83,189.31,1120.67,39242.0,12519.0,12519.0
1014,76.100,189.390,76.09,189.11,1120.67,35880.0,8450.0,8450.0
1015,76.100,189.390,76,189.41,1120.67,35854.0,9442.0,9442.0
1016,76.100,189.390,76.05,189.09,1120.67,43397.0,14677.0,14677.0
1017,76.100,189.390,75.91,189.14,1120.67,41441.0,13373.0,13373.0
1018,76.100,189.390,76.01,189.39,1120.67,47060.0,17083.0,17083.0
1019,76.100,189.390,75.92,189.37,1120.67,41339.0,14383.0,14383.0
1020,76.100,189.390,75.93,189.13,1120.67,42744.0,14535.0,14535.0
1021,76.100,189.390,76.09,189.26,1120.67,39567.0,12643.0,12643.0
1022,76.100,189.390,76.02,189.34,1120.67,40633.0,13322.0,13322.0
1023,76.100,189.390,75.59,189.38,1120.67,45555.0,17564.0,17564.0
1024,76.100,189.390,75.94,189.25,1120.67,46282.0,18037.0,18037.0
1025,76.100,189.390,76.43,189.27,1120.67,43207.0,15628.0,15628.0
1026,76.100,189.390,76.25,189.5,1120.67,41667.0,13513.0,13513.0
1027,76.100,189.390,76.04,189.33,1120.67,41742.0,15126.0,15126.0
1028,76.100,189.390,75.92,189.28,1120.67,44642.0,17417.0,17417.0
1029,76.100,189.390,75.89,189.22,1120.67,48702.0,20929.0,20929.0
1030,76.100,189.390,75.85,189.12,1120.67,41027.0,13628.0,13628.0
1031,76.100,189.390,76,189.47,1120.67,41716.0,14425.0,14425.0
1032,76.100,189.390,76.03,189.29,1120.67,41360.0,14517.0,14517.0
1033,76.100,189.390,76.11,189.24,1120.67,40761.0,12254.0,12254.0
1034,76.100,189.390,76.01,189.31,1120.67,50363.0,21733.0,21733.0
1035,76.100,189.390,75.81,189.41,1120.67,48830.0,20140.0,20140.0
1036,76.100,189.390,76.01,189.39,1120.67,46085.0,17035.0,17035.0
1037,76.100,189.390,75.89,189.19,1120.67,49868.0,22238.0,22238.0
1038,76.100,189.390,76.03,189.33,1120.67,45545.0,17034.0,17034.0
1039,76.100,189.390,75.87,189.36,1120.67,46217.0,18382.0,18382.0
1040,76.100,189.390,75.59,189.51,1120.67,38694.0,12590.0,12590.0
1041,76.100,189.390,75.88,189.27,1120.67,36907.0,9665.0,9665.0
1042,76.100,189.390,76.1,189.3,1120.67,40762.0,14120.0,14120.0
1043,76.100,189.390,75.89,189.37,1120.67,48816.0,21169.0,21169.0
1044,76.100,189.390,75.92,189.41,1120.67,46222.0,18679.0,18679.0
1045,76.100,189.390,76.04,189.23,1120.67,44678.0,16587.0,16587.0
1046,76.100,189.390,75.89,189.4,1120.67,47100.0,19185.0,19185.0
1047,76.100,189.390,76.24,189.32,1120.67,42746.0,16350.0,16350.0
1048,76.100,189.390,76.15,189.21,1120.67,46919.0,17516.0,17516.0
1049,76.100,189.390,75.93,189.34,1120.67,47473.0,18793.0,18793.0
1050,76.100,189.390,75.7,189.33,1120.67,45358.0,17782.0,17782.0
1051,76.100,189.390,75.89,189.4,1120.67,46430.0,17784.0,17784.0
1052,76.100,189.390,75.9,189.38,1120.67,55779.0,25984.0,25984.0
1053,76.100,189.390,76.03,189.31,1120.67,55071.0,26229.0,26229.0
1054,76.100,189.390,75.93,189.37,1120.67,46630.0,19077.0,19077.0
1055,76.100,189.390,75.93,189.25,1120.67,50189.0,21459.0,21459.0
1056,76.100,189.390,75.97,189.25,1120.67,47251.0,19628.0,19628.0
1057,76.100,189.390,75.91,189.36,1120.67,46968.0,18580.0,18580.0
1058,76.100,189.390,75.8,189.35,1120.67,50520.0,22769.0,22769.0
1059,76.100,189.390,76.03,189.48,1120.67,50567.0,21226.0,21226.0
1060,76.100,189.390,75.7,189.41,1120.67,48468.0,19876.0,19876.0
1061,76.100,189.390,75.85,189.26,1120.67,53200.0,25348.0,25348.0
1062,76.100,189.390,76.06,189.31,1120.67,55613.0,26488.0,26488.0
1063,76.100,189.390,75.76,189.35,1120.67,53309.0,25149.0,25149.0
1064,76.100,189.390,76.01,189.29,1120.67,52506.0,24531.0,24531.0
1065,76.100,189.390,75.84,189.3,1120.67,50319.0,22579.0,22579.0
1066,76.100,189.390,76.03,189.4,1120.67,40318.0,13640.0,13640.0
1067,76.100,189.390,76.01,189.47,1120.67,38509.0,13063.0,13063.0
1068,76.100,189.390,75.92,189.26,1120.67,43660.0,16691.0,16691.0
1069,76.100,189.390,76.14,189.5,1120.67,41777.0,15175.0,15175.0
1070,76.100,189.390,75.95,189.45,1120.67,44586.0,18133.0,18133.0
1071,76.100,189.390,75.95,189.26,1120.67,41154.0,13610.0,13610.0
1072,76.100,189.390,75.91,189.3,1120.67,44566.0,17098.0,17098.0
1073,76.100,189.390,75.99,189.18,1120.67,45234.0,17871.0,17871.0
1074,76.100,189.390,75.99,189.4,1120.67,47569.0,18959.0,18959.0
1075,76.100,189.390,76.04,189.24,1120.67,48758.0,21003.0,21003.0
1076,76.100,189.390,76.02,189.3,1120.67,55534.0,26322.0,26322.0
1077,76.100,189.390,76.05,189.36,1120.67,55121.0,25881.0,25881.0
1078,76.100,189.390,75.86,189.45,1120.67,59248.0,29869.0,29869.0
1079,76.100,189.390,76.1,189.39,1120.67,48138.0,19950.0,19950.0
1080,76.100,189.390,76.1,189.39,1120.67,25384.0,879.0,879.0
1081,76.100,189.390,76.1,189.39,1120.67,23811.0,0.0,0.0
1082,76.100,189.390,76.1,189.39,1120.67,23058.0,103.0,103.0
1083,76.100,189.390,76.1,189.39,1120.67,23290.0,0.0,0.0
1084,76.100,189.390,76.1,189.39,1120.67,24252.0,50.0,50.0
1085,76.100,189.390,76.1,189.39,1120.67,25509.0,265.0,265.0
1086,76.100,189.390,76.1,189.39,1120.67,24658.0,243.0,243.0
1087,76.100,189.390,76.1,189.39,1120.67,25535.0,1240.0,1240.0
1088,76.100,189.390,76.1,189.39,1120.67,39902.0,11955.0,11955.0
1089,76.100,189.390,76.1,189.39,1120.67,55903.0,27461.0,27461.0
1090,76.100,189.390,76.1,189.39,1120.67,36726.0,10896.0,10896.0
1091,76.100,189.390,76.1,189.39,1120.67,33754.0,8653.0,8653.0
1092,76.100,189.390,76.1,189.39,1120.67,42050.0,14656.0,14656.0
1093,76.100,189.390,76.1,189.39,1120.67,43420.0,15440.0,15440.0
1094,76.100,189.390,76.1,189.39,1120.67,43045.0,16435.0,16435.0
1095,76.100,189.390,76.1,189.39,1120.67,40003.0,12783.0,12783.0
1096,76.100,189.390,76.1,189.39,1120.67,25472.0,733.0,733.0
1097,76.100,189.390,76.1,189.39,1120.67,23446.0,0.0,0.0
1098,76.100,189.390,76.1,189.39,1120.67,28808.0,3902.0,3902.0
1099,76.100,189.390,76.1,189.39,1120.67,27315.0,2415.0,2415.0
1100,76.100,189.390,76.1,189.39,1120.67,26799.0,3188.0,3188.0
1101,76.100,189.390,76.1,189.39,1120.67,26737.0,2651.0,2651.0
1102,76.100,189.390,76.1,189.39,1120.67,25999.0,1456.0,1456.0
1103,76.100,189.390,76.1,189.39,1120.67,27078.0,2013.0,2013.0
1104,76.100,189.390,76.1,189.39,1120.67,26388.0,1395.0,1395.0
1105,76.100,189.390,76.1,189.39,1120.67,26978.0,2910.0,2910.0
1106,76.100,189.390,76.1,189.39,1120.67,27452.0,3204.0,3204.0
1107,76.100,189.390,76.1,189.39,1120.67,25844.0,1883.0,1883.0
1108,76.100,189.390,76.1,189.39,1120.67,28088.0,2856.0,2856.0
1109,76.100,189.390,76.1,189.39,1120.67,25793.0,1839.0,1839.0
1110,76.100,189.390,76.1,189.39,1120.67,27314.0,2599.0,2599.0
1111,76.100,189.390,76.1,189.39,1120.67,26783.0,2559.0,2559.0
1112,76.100,189.390,76.1,189.39,1120.67,26853.0,2698.0,2698.0
1113,76.100,189.390,76.1,189.39,1120.67,27712.0,3010.0,3010.0
1114,76.100,189.390,76.1,189.39,1120.67,26129.0,1426.0,1426.0
1115,76.100,189.390,76.1,189.39,1120.67,25867.0,915.0,915.0
1116,76.100,189.390,76.1,189.39,1120.67,25316.0,1285.0,1285.0
1117,76.100,189.390,76.1,189.39,1120.67,28586.0,4380.0,4380.0
1118,76.100,189.390,76.1,189.39,1120.67,25836.0,658.0,658.0
1119,76.100,189.390,76.1,189.39,1120.67,26363.0,2729.0,2729.0
1120,76.100,189.390,76.1,189.39,1120.67,26512.0,2485.0,2485.0
1121,76.100,189.390,76.1,189.39,1120.67,27934.0,3070.0,3070.0
1122,76.100,189.390,76.1,189.39,1120.67,26955.0,2133.0,2133.0
1123,76.100,189.390,76.1,189.39,1120.67,28210.0,3324.0,3324.0
1124,76.100,189.390,76.1,189.39,1120.67,26595.0,1329.0,1329.0
1125,76.100,189.390,76.1,189.39,1120.67,25072.0,987.0,987.0
1126,76.100,189.390,76.1,189.39,1120.67,24147.0,186.0,186.0
1127,76.100,189.390,76.1,189.39,1120.67,27776.0,2255.0,2255.0
1128,76.100,189.390,76.1,189.39,1120.67,26638.0,1830.0,1830.0
1129,76.100,189.390,76.1,189.39,1120.67,25562.0,913.0,913.0
1130,76.100,189.390,76.1,189.39,1120.67,25108.0,872.0,872.0
1131,76.100,189.390,76.1,189.39,1120.67,26066.0,2374.0,2374.0
1132,76.100,189.390,76.1,189.39,1120.67,26256.0,2740.0,2740.0
1133,76.100,189.390,76.1,189.39,1120.67,26010.0,2367.0,2367.0
1134,76.100,189.390,76.1,189.39,1120.67,24657.0,352.0,352.0
1135,76.100,189.390,76.1,189.39,1120.67,25200.0,1659.0,1659.0
1136,76.100,189.390,76.1,189.39,1120.67,25214.0,316.0,316.0
1137,76.100,189.390,76.1,189.39,1120.67,25700.0,1865.0,1865.0
1138,76.100,189.390,76.1,189.39,1120.67,24938.0,1229.0,1229.0
1139,76.100,189.390,76.1,189.39,1120.67,25161.0,1109.0,1109.0
1140,76.100,189.390,76.1,189.39,1120.67,25460.0,978.0,978.0
1141,76.100,189.390,76.1,189.39,1120.67,26224.0,1467.0,1467.0
1142,76.100,189.390,76.1,189.39,1120.67,26816.0,1994.0,1994.0
1143,76.100,189.390,76.1,189.39,1120.67,23977.0,304.0,304.0
1144,76.100,189.390,76.1,189.39,1120.67,25602.0,1130.0,1130.0
1145,76.100,189.390,76.1,189.39,1120.67,25095.0,891.0,891.0
1146,76.100,189.390,76.1,189.39,1120.67,25153.0,595.0,595.0
1147,76.100,189.390,76.1,189.39,1120.67,22219.0,0.0,0.0
1148,76.100,189.390,76.1,189.39,1120.67,25436.0,1073.0,1073.0
1149,76.100,189.390,76.1,189.39,1120.67,26353.0,2422.0,2422.0
1150,76.100,189.390,76.1,189.39,1120.67,25067.0,1172.0,1172.0
1151,76.100,189.390,76.1,189.39,1120.67,25014.0,0.0,0.0
1152,76.100,189.390,76.1,189.39,1120.67,24525.0,270.0,270.0
1153,76.100,189.390,76.1,189.39,1120.67,25043.0,1759.0,1759.0
1154,76.100,189.390,76.1,189.39,1120.67,25243.0,1400.0,1400.0
1155,76.100,189.390,76.1,189.39,1120.67,25448.0,1490.0,1490.0
1156,76.100,189.390,76.1,189.39,1120.67,26572.0,1849.0,1849.0
1157,76.100,189.390,76.1,189.39,1120.67,26740.0,1619.0,1619.0
1158,76.100,189.390,76.1,189.39,1120.67,29391.0,4928.0,4928.0
1159,76.100,189.390,76.1,189.39,1120.67,25858.0,2401.0,2401.0
1160,76.100,189.390,76.1,189.39,1120.67,27847.0,2978.0,2978.0
1161,76.100,189.390,76.1,189.39,1120.67,30212.0,3851.0,3851.0
1162,76.100,189.390,76.1,189.39,1120.67,25923.0,1214.0,1214.0
1163,76.100,189.390,76.1,189.39,1120.67,27322.0,2642.0,2642.0
1164,76.100,189.390,76.1,189.39,1120.67,26288.0,1801.0,1801.0
1165,76.100,189.390,76.1,189.39,1120.67,26126.0,1465.0,1465.0
1166,76.100,189.390,76.1,189.39,1120.67,25295.0,1776.0,1776.0
1167,76.100,189.390,76.1,189.39,1120.67,26902.0,2153.0,2153.0
1168,76.100,189.390,76.1,189.39,1120.67,27621.0,3291.0,3291.0
1169,76.100,189.390,76.1,189.39,1120.67,26872.0,1276.0,1276.0
1170,76.100,189.390,76.1,189.39,1120.67,27479.0,2441.0,2441.0
1171,76.100,189.390,76.1,189.39,1120.67,26475.0,2837.0,2837.0
1172,76.100,189.390,76.1,189.39,1120.67,25497.0,1147.0,1147.0
1173,76.100,189.390,76.1,189.39,1120.67,27922.0,2935.0,2935.0
1174,76.100,189.390,76.1,189.39,1120.67,24717.0,818.0,818.0
1175,76.100,189.390,76.1,189.39,1120.67,24610.0,348.0,348.0
1176,76.100,189.390,76.1,189.39,1120.67,24682.0,797.0,797.0
1177,76.100,189.390,76.1,189.39,1120.67,26016.0,1133.0,1133.0
1178,76.100,189.390,76.1,189.39,1120.67,26330.0,2548.0,2548.0
1179,76.100,189.390,76.1,189.39,1120.67,26194.0,1870.0,1870.0
1180,76.100,189.390,76.1,189.39,1120.67,23417.0,0.0,0.0
1181,76.100,189.390,76.1,189.39,1120.67,24575.0,1975.0,1975.0
1182,76.100,189.390,76.1,189.39,1120.67,27268.0,2750.0,2750.0
1183,76.100,189.390,76.1,189.39,1120.67,26316.0,2274.0,2274.0
1184,76.100,189.390,76.1,189.39,1120.67,25410.0,2210.0,2210.0
1185,76.100,189.390,76.1,189.39,1120.67,25649.0,1543.0,1543.0
1186,76.100,189.390,76.1,189.39,1120.67,25586.0,1159.0,1159.0
1187,76.100,189.390,76.1,189.39,1120.67,26079.0,757.0,757.0
1188,76.100,189.390,76.1,189.39,1120.67,24993.0,1499.0,1499.0
1189,76.100,189.390,76.1,189.39,1120.67,27676.0,2945.0,2945.0
1190,76.100,189.390,76.1,189.39,1120.67,27009.0,2273.0,2273.0
1191,76.100,189.390,76.1,189.39,1120.67,28940.0,4572.0,4572.0
1192,76.100,189.390,76.1,189.39,1120.67,27642.0,3662.0,3662.0
1193,76.100,189.390,76.1,189.39,1120.67,25450.0,1455.0,1455.0
1194,76.100,189.390,76.1,189.39,1120.67,26047.0,2364.0,2364.0
1195,76.100,189.390,76.1,189.39,1120.67,26347.0,2059.0,2059.0
1196,76.100,189.390,76.1,189.39,1120.67,28227.0,3484.0,3484.0
1197,76.100,189.390,76.1,189.39,1120.67,27133.0,2973.0,2973.0
1198,76.100,189.390,76.1,189.39,1120.67,26485.0,1155.0,1155.0
1199,76.100,189.390,76.1,189.39,1120.67,27106.0,2409.0,2409.0
1200,76.100,189.390,76.1,189.39,1120.67,28213.0,2684.0,2684.0
1201,76.100,189.390,76.1,189.39,1120.67,25418.0,1133.0,1133.0
1202,76.100,189.390,76.1,189.39,1120.67,28196.0,2974.0,2974.0
1203,76.100,189.390,76.1,189.39,1120.67,26437.0,1911.0,1911.0
1204,76.100,189.390,76.1,189.39,1120.67,26290.0,2148.0,2148.0
1205,76.100,189.390,76.1,189.39,1120.67,26223.0,2550.0,2550.0
1206,76.100,189.390,76.1,189.39,1120.67,29334.0,4161.0,4161.0
1207,76.100,189.390,76.1,189.39,1120.67,26765.0,1923.0,1923.0
1208,76.100,189.390,76.1,189.39,1120.67,27620.0,3352.0,3352.0
1209,76.100,189.390,76.1,189.39,1120.67,27296.0,2584.0,2584.0
1210,76.100,189.390,76.1,189.39,1120.67,26809.0,2321.0,2321.0
1211,76.100,189.390,76.1,189.39,1120.67,25973.0,2181.0,2181.0
1212,76.100,189.390,76.1,189.39,1120.67,26705.0,2795.0,2795.0
1213,76.100,189.390,76.1,189.39,1120.67,26262.0,2163.0,2163.0
1214,76.100,189.390,76.1,189.39,1120.67,26489.0,1282.0,1282.0
1215,76.100,189.390,76.1,189.39,1120.67,26548.0,1936.0,1936.0
1216,76.100,189.390,76.1,189.39,1120.67,27609.0,3794.0,3794.0
1217,76.100,189.390,76.1,189.39,1120.67,27761.0,2694.0,2694.0
1218,76.100,189.390,76.1,189.39,1120.67,25289.0,1600.0,1600.0
1219,76.100,189.390,76.1,189.39,1120.67,25740.0,1766.0,1766.0
1220,76.100,189.390,76.1,189.39,1120.67,26350.0,2546.0,2546.0
1221,76.100,189.390,76.1,189.39,1120.67,24908.0,1040.0,1040.0
1222,76.100,189.390,76.1,189.39,1120.67,25286.0,1186.0,1186.0
1223,76.100,189.390,76.1,189.39,1120.67,27989.0,2919.0,2919.0
1224,76.100,189.390,76.1,189.39,1120.67,26830.0,1661.0,1661.0
1225,76.100,189.390,76.1,189.39,1120.67,26690.0,2472.0,2472.0
1226,76.100,189.390,76.1,189.39,1120.67,26560.0,2439.0,2439.0
1227,76.100,189.390,76.1,189.39,1120.67,24534.0,1708.0,1708.0
1228,76.100,189.390,76.1,189.39,1120.67,25739.0,1741.0,1741.0
1229,76.100,189.390,76.1,189.39,1120.67,24782.0,883.0,883.0
1230,76.100,189.390,76.1,189.39,1120.67,25075.0,1311.0,1311.0
1231,76.100,189.390,76.1,189.39,1120.67,25249.0,1616.0,1616.0
1232,76.100,189.390,76.1,189.39,1120.67,26194.0,1221.0,1221.0
1233,76.100,189.390,76.1,189.39,1120.67,23226.0,140.0,140.0
1234,76.100,189.390,76.1,189.39,1120.67,24145.0,78.0,78.0
1235,76.100,189.390,76.1,189.39,1120.67,26136.0,1959.0,1959.0
1236,76.100,189.390,76.1,189.39,1120.67,24360.0,1176.0,1176.0
1237,76.100,189.390,76.1,189.39,1120.67,25077.0,653.0,653.0
1238,76.100,189.390,76.1,189.39,1120.67,24532.0,956.0,956.0
1239,76.100,189.390,76.1,189.39,1120.67,25446.0,1838.0,1838.0
1240,76.100,189.390,76.1,189.39,1120.67,25393.0,610.0,610.0
1241,76.100,189.390,76.1,189.39,1120.67,24938.0,625.0,625.0
1242,76.100,189.390,76.1,189.39,1120.67,25189.0,1055.0,1055.0
1243,76.100,189.390,76.1,189.39,1120.67,26134.0,1393.0,1393.0
1244,76.100,189.390,76.1,189.39,1120.67,25907.0,1949.0,1949.0
1245,76.100,189.390,76.1,189.39,1120.67,25946.0,624.0,624.0
1246,76.100,189.390,76.1,189.39,1120.67,26692.0,2173.0,2173.0
1247,76.100,189.390,76.1,189.39,1120.67,25644.0,1856.0,1856.0
1248,76.100,189.390,76.1,189.39,1120.67,25031.0,163.0,163.0
1249,76.100,189.390,76.1,189.39,1120.67,24974.0,660.0,660.0
1250,76.100,189.390,76.1,189.39,1120.67,26686.0,1372.0,1372.0
1251,76.100,189.390,76.1,189.39,1120.67,25784.0,1657.0,1657.0
1252,76.100,189.390,76.1,189.39,1120.67,24706.0,1917.0,1917.0
1253,76.100,189.390,76.1,189.39,1120.67,24970.0,1511.0,1511.0
1254,76.100,189.390,76.1,189.39,1120.67,25550.0,1787.0,1787.0
1255,76.100,189.390,76.1,189.39,1120.67,25742.0,1367.0,1367.0
1256,76.100,189.390,76.1,189.39,1120.67,28937.0,4044.0,4044.0
1257,76.100,189.390,76.1,189.39,1120.67,25879.0,1554.0,1554.0
1258,76.100,189.390,76.1,189.39,1120.67,25386.0,1790.0,1790.0
1259,76.100,189.390,76.1,189.39,1120.67,24612.0,851.0,851.0
1260,76.100,189.390,76.1,189.39,1120.67,26556.0,2528.0,2528.0
1261,76.100,189.390,76.1,189.39,1120.67,26259.0,2118.0,2118.0
1262,76.100,189.390,76.1,189.39,1120.67,23735.0,292.0,292.0
1263,76.100,189.390,76.1,189.39,1120.67,26009.0,2457.0,2457.0
1264,76.100,189.390,76.1,189.39,1120.67,26919.0,2063.0,2063.0
1265,76.100,189.390,76.1,189.39,1120.67,26241.0,1756.0,1756.0
1266,76.100,189.390,76.1,189.39,1120.67,25161.0,1618.0,1618.0
1267,76.100,189.390,76.1,189.39,1120.67,26962.0,3142.0,3142.0
1268,76.100,189.390,76.1,189.39,1120.67,25101.0,1076.0,1076.0
1269,76.100,189.390,76.1,189.39,1120.67,24158.0,532.0,532.0
1270,76.100,189.390,76.1,189.39,1120.67,24281.0,1107.0,1107.0
1271,76.100,189.390,76.1,189.39,1120.67,26353.0,1985.0,1985.0
1272,76.100,189.390,76.1,189.39,1120.67,26810.0,1693.0,1693.0
1273,76.100,189.390,76.1,189.39,1120.67,27349.0,2598.0,2598.0
1274,76.100,189.390,76.1,189.39,1120.67,27287.0,2077.0,2077.0
1275,76.100,189.390,76.1,189.39,1120.67,25517.0,2018.0,2018.0
1276,76.100,189.390,76.1,189.39,1120.67,24041.0,258.0,258.0
1277,76.100,189.390,76.1,189.39,1120.67,26360.0,2047.0,2047.0
1278,76.100,189.390,76.1,189.39,1120.67,26178.0,1108.0,1108.0
1279,76.100,189.390,76.1,189.39,1120.67,25960.0,1703.0,1703.0
