id,avg_x,avg_y,x,y,bg,Square_intensity,circular_intensity,Gaussian_intensity
583,179.630,105.270,180,105.03,1031.63,25222.0,0.0,0.0
584,179.630,105.270,180,105.03,1031.63,24423.0,0.0,0.0
585,179.630,105.270,180,105.03,1031.63,25354.0,0.0,0.0
586,179.630,105.270,180,105.03,1031.63,25635.0,0.0,0.0
587,179.630,105.270,180,105.03,1031.63,25753.0,0.0,0.0
588,179.630,105.270,180,105.03,1031.63,25059.0,0.0,0.0
589,179.630,105.270,180,105.03,1031.63,27507.0,422.0,422.0
590,179.630,105.270,180,105.03,1031.63,26088.0,169.0,169.0
591,179.630,105.270,180,105.03,1031.63,24309.0,0.0,0.0
592,179.630,105.270,180,105.03,1031.63,24276.0,0.0,0.0
593,179.630,105.270,180,105.03,1031.63,24924.0,0.0,0.0
594,179.630,105.270,180,105.03,1031.63,25391.0,0.0,0.0
595,179.630,105.270,180,105.03,1031.63,28316.0,58.0,58.0
596,179.630,105.270,180,105.03,1031.63,32297.0,4331.0,4331.0
597,179.630,105.270,180,105.03,1031.63,44842.0,14059.0,14059.0
598,179.630,105.270,180,105.03,1031.63,44958.0,14252.0,14252.0
599,179.630,105.270,180,105.03,1031.63,43700.0,12671.0,12671.0
600,179.630,105.270,180,105.03,1031.63,44706.0,13974.0,13974.0
601,179.630,105.270,180,105.03,1031.63,42859.0,13317.0,13317.0
602,179.630,105.270,180,105.03,1031.63,49542.0,18852.0,18852.0
603,179.630,105.270,180,105.03,1031.63,46259.0,15494.0,15494.0
604,179.630,105.270,180,105.03,1031.63,42221.0,12745.0,12745.0
605,179.630,105.270,180,105.03,1031.63,47900.0,17389.0,17389.0
606,179.630,105.270,180,105.03,1031.63,45686.0,15056.0,15056.0
607,179.630,105.270,180,105.03,1031.63,48049.0,17323.0,17323.0
608,179.630,105.270,180,105.03,1031.63,42157.0,13570.0,13570.0
609,179.630,105.270,180,105.03,1031.63,39735.0,10737.0,10737.0
610,179.630,105.270,180,105.03,1031.63,43149.0,13612.0,13612.0
611,179.630,105.270,180,105.03,1031.63,44438.0,14218.0,14218.0
612,179.630,105.270,180,105.03,1031.63,49056.0,17562.0,17562.0
613,179.630,105.270,180,105.03,1031.63,43681.0,13458.0,13458.0
614,179.630,105.270,180,105.03,1031.63,36554.0,8151.0,8151.0
615,179.630,105.270,180,105.03,1031.63,47669.0,15972.0,15972.0
616,179.630,105.270,180,105.03,1031.63,48255.0,16932.0,16932.0
617,179.630,105.270,180,105.03,1031.63,41951.0,11306.0,11306.0
618,179.630,105.270,180,105.03,1031.63,41440.0,11767.0,11767.0
619,179.630,105.270,180,105.03,1031.63,49045.0,16829.0,16829.0
620,179.630,105.270,180,105.03,1031.63,48050.0,16654.0,16654.0
621,179.630,105.270,180,105.03,1031.63,52818.0,19954.0,19954.0
622,179.630,105.270,180,105.03,1031.63,48018.0,17201.0,17201.0
623,179.630,105.270,180,105.03,1031.63,48856.0,17237.0,17237.0
624,179.630,105.270,180,105.03,1031.63,47420.0,15590.0,15590.0
625,179.630,105.270,180,105.03,1031.63,48662.0,16262.0,16262.0
626,179.630,105.270,180,105.03,1031.63,42043.0,11853.0,11853.0
627,179.630,105.270,180,105.03,1031.63,48030.0,15869.0,15869.0
628,179.630,105.270,180,105.03,1031.63,48353.0,16211.0,16211.0
629,179.630,105.270,180,105.03,1031.63,45754.0,15826.0,15826.0
630,179.630,105.270,180,105.03,1031.63,44600.0,14296.0,14296.0
631,179.630,105.270,180,105.03,1031.63,43493.0,13377.0,13377.0
632,179.630,105.270,180,105.03,1031.63,45563.0,13467.0,13467.0
633,179.630,105.270,180,105.03,1031.63,49457.0,15503.0,15503.0
634,179.630,105.270,180,105.03,1031.63,48812.0,17186.0,17186.0
635,179.630,105.270,180,105.03,1031.63,45744.0,14683.0,14683.0
636,179.630,105.270,180,105.03,1031.63,45584.0,13545.0,13545.0
637,179.630,105.270,180,105.03,1031.63,48884.0,15976.0,15976.0
638,179.630,105.270,180,105.03,1031.63,43449.0,13230.0,13230.0
639,179.630,105.270,180,105.03,1031.63,49874.0,17060.0,17060.0
640,179.630,105.270,180,105.03,1031.63,48630.0,17614.0,17614.0
641,179.630,105.270,180,105.03,1031.63,48419.0,16680.0,16680.0
642,179.630,105.270,180,105.03,1031.63,35551.0,5971.0,5971.0
643,179.630,105.270,180,105.03,1031.63,49877.0,17383.0,17383.0
644,179.630,105.270,180,105.03,1031.63,48523.0,16694.0,16694.0
645,179.630,105.270,180,105.03,1031.63,40072.0,9157.0,9157.0
646,179.630,105.270,180,105.03,1031.63,37933.0,8085.0,8085.0
647,179.630,105.270,180,105.03,1031.63,37123.0,8204.0,8204.0
648,179.630,105.270,180,105.03,1031.63,49980.0,17616.0,17616.0
649,179.630,105.270,180,105.03,1031.63,54025.0,21762.0,21762.0
650,179.630,105.270,180,105.03,1031.63,46606.0,15196.0,15196.0
651,179.630,105.270,180,105.03,1031.63,38201.0,9374.0,9374.0
652,179.630,105.270,180,105.03,1031.63,43744.0,11448.0,11448.0
653,179.630,105.270,180,105.03,1031.63,42528.0,10845.0,10845.0
654,179.630,105.270,180,105.03,1031.63,36756.0,6996.0,6996.0
655,179.630,105.270,180,105.03,1031.63,42375.0,11065.0,11065.0
656,179.630,105.270,180,105.03,1031.63,41100.0,10679.0,10679.0
657,179.630,105.270,180,105.03,1031.63,34022.0,5788.0,5788.0
658,179.630,105.270,180,105.03,1031.63,41156.0,10543.0,10543.0
659,179.630,105.270,180,105.03,1031.63,51792.0,19209.0,19209.0
660,179.630,105.270,180,105.03,1031.63,50615.0,18661.0,18661.0
661,179.630,105.270,180,105.03,1031.63,48130.0,15656.0,15656.0
662,179.630,105.270,180,105.03,1031.63,46182.0,14869.0,14869.0
663,179.630,105.270,180,105.03,1031.63,46429.0,15206.0,15206.0
664,179.630,105.270,180,105.03,1031.63,48959.0,16880.0,16880.0
665,179.630,105.270,180,105.03,1031.63,50947.0,18340.0,18340.0
666,179.630,105.270,180,105.03,1031.63,43441.0,12734.0,12734.0
667,179.630,105.270,180,105.03,1031.63,47787.0,15952.0,15952.0
668,179.630,105.270,180,105.03,1031.63,46009.0,16427.0,16427.0
669,179.630,105.270,180,105.03,1031.63,51592.0,18883.0,18883.0
670,179.630,105.270,180,105.03,1031.63,44650.0,13483.0,13483.0
671,179.630,105.270,180,105.03,1031.63,43232.0,12139.0,12139.0
672,179.630,105.270,180,105.03,1031.63,39452.0,9869.0,9869.0
673,179.630,105.270,180,105.03,1031.63,39444.0,9542.0,9542.0
674,179.630,105.270,180,105.03,1031.63,42981.0,11091.0,11091.0
675,179.630,105.270,180,105.03,1031.63,43715.0,12454.0,12454.0
676,179.630,105.270,180,105.03,1031.63,42969.0,12727.0,12727.0
677,179.630,105.270,180,105.03,1031.63,46671.0,14700.0,14700.0
678,179.630,105.270,180,105.03,1031.63,43551.0,13457.0,13457.0
679,179.630,105.270,180,105.03,1031.63,44145.0,13271.0,13271.0
680,179.630,105.270,180,105.03,1031.63,50318.0,18618.0,18618.0
681,179.630,105.270,180,105.03,1031.63,42690.0,12790.0,12790.0
682,179.630,105.270,180,105.03,1031.63,51768.0,18898.0,18898.0
683,179.630,105.270,180,105.03,1031.63,42612.0,12223.0,12223.0
684,179.630,105.270,180,105.03,1031.63,46726.0,16531.0,16531.0
685,179.630,105.270,180,105.03,1031.63,48487.0,17170.0,17170.0
686,179.630,105.270,180,105.03,1031.63,51547.0,19300.0,19300.0
687,179.630,105.270,180,105.03,1031.63,51669.0,20133.0,20133.0
688,179.630,105.270,180,105.03,1031.63,46270.0,15604.0,15604.0
689,179.630,105.270,180,105.03,1031.63,51487.0,18699.0,18699.0
690,179.630,105.270,180,105.03,1031.63,51177.0,18635.0,18635.0
691,179.630,105.270,180,105.03,1031.63,45660.0,14303.0,14303.0
692,179.630,105.270,180,105.03,1031.63,44111.0,12130.0,12130.0
693,179.630,105.270,180,105.03,1031.63,47241.0,15967.0,15967.0
694,179.630,105.270,180,105.03,1031.63,39948.0,9602.0,9602.0
695,179.630,105.270,180,105.03,1031.63,37954.0,8477.0,8477.0
696,179.630,105.270,180,105.03,1031.63,37870.0,7535.0,7535.0
697,179.630,105.270,180,105.03,1031.63,39946.0,8444.0,8444.0
698,179.630,105.270,180,105.03,1031.63,37109.0,7004.0,7004.0
699,179.630,105.270,180,105.03,1031.63,39445.0,8886.0,8886.0
700,179.630,105.270,180,105.03,1031.63,37711.0,8547.0,8547.0
701,179.630,105.270,180,105.03,1031.63,40540.0,8289.0,8289.0
702,179.630,105.270,180,105.03,1031.63,37750.0,7769.0,7769.0
703,179.630,105.270,180,105.03,1031.63,38982.0,8405.0,8405.0
704,179.630,105.270,180,105.03,1031.63,39093.0,7421.0,7421.0
705,179.630,105.270,180,105.03,1031.63,38643.0,8994.0,8994.0
706,179.630,105.270,180,105.03,1031.63,35748.0,7123.0,7123.0
707,179.630,105.270,180,105.03,1031.63,38362.0,9089.0,9089.0
708,179.630,105.270,180,105.03,1031.63,39631.0,9260.0,9260.0
709,179.630,105.270,180,105.03,1031.63,43087.0,10705.0,10705.0
710,179.630,105.270,180,105.03,1031.63,38725.0,7480.0,7480.0
711,179.630,105.270,180,105.03,1031.63,41651.0,9828.0,9828.0
712,179.630,105.270,180,105.03,1031.63,39072.0,8325.0,8325.0
713,179.630,105.270,180,105.03,1031.63,40019.0,8907.0,8907.0
714,179.630,105.270,180,105.03,1031.63,37166.0,7308.0,7308.0
715,179.630,105.270,180,105.03,1031.63,36781.0,8201.0,8201.0
716,179.630,105.270,180,105.03,1031.63,36334.0,7972.0,7972.0
717,179.630,105.270,180,105.03,1031.63,38329.0,8949.0,8949.0
718,179.630,105.270,180,105.03,1031.63,38249.0,9053.0,9053.0
719,179.630,105.270,180,105.03,1031.63,39069.0,9933.0,9933.0
720,179.630,105.270,180,105.03,1031.63,41328.0,11912.0,11912.0
721,179.630,105.270,180,105.03,1031.63,39924.0,10299.0,10299.0
722,179.630,105.270,180,105.03,1031.63,42154.0,11095.0,11095.0
723,179.630,105.270,180,105.03,1031.63,42393.0,11262.0,11262.0
724,179.630,105.270,180,105.03,1031.63,39884.0,9601.0,9601.0
725,179.630,105.270,180,105.03,1031.63,37960.0,8870.0,8870.0
726,179.630,105.270,180,105.03,1031.63,39838.0,10376.0,10376.0
727,179.630,105.270,180,105.03,1031.63,39080.0,9641.0,9641.0
728,179.630,105.270,180,105.03,1031.63,45208.0,16345.0,16345.0
729,179.630,105.270,180,105.03,1031.63,41864.0,11670.0,11670.0
730,179.630,105.270,180,105.03,1031.63,37106.0,7567.0,7567.0
731,179.630,105.270,180,105.03,1031.63,43298.0,12698.0,12698.0
732,179.630,105.270,180,105.03,1031.63,41053.0,11626.0,11626.0
733,179.630,105.270,180,105.03,1031.63,38666.0,9743.0,9743.0
734,179.630,105.270,180,105.03,1031.63,38865.0,10285.0,10285.0
735,179.630,105.270,180,105.03,1031.63,38004.0,9623.0,9623.0
736,179.630,105.270,180,105.03,1031.63,33091.0,4285.0,4285.0
737,179.630,105.270,180,105.03,1031.63,42061.0,12374.0,12374.0
738,179.630,105.270,180,105.03,1031.63,37369.0,8306.0,8306.0
739,179.630,105.270,180,105.03,1031.63,38600.0,9084.0,9084.0
740,179.630,105.270,180,105.03,1031.63,35937.0,6665.0,6665.0
741,179.630,105.270,180,105.03,1031.63,39389.0,9310.0,9310.0
742,179.630,105.270,180,105.03,1031.63,38839.0,10644.0,10644.0
743,179.630,105.270,180,105.03,1031.63,34618.0,6940.0,6940.0
744,179.630,105.270,180,105.03,1031.63,40805.0,11045.0,11045.0
745,179.630,105.270,180,105.03,1031.63,38566.0,9286.0,9286.0
746,179.630,105.270,180,105.03,1031.63,41638.0,11470.0,11470.0
747,179.630,105.270,180,105.03,1031.63,40207.0,10475.0,10475.0
748,179.630,105.270,180,105.03,1031.63,40055.0,11448.0,11448.0
749,179.630,105.270,180,105.03,1031.63,39588.0,10904.0,10904.0
750,179.630,105.270,180,105.03,1031.63,40386.0,11423.0,11423.0
751,179.630,105.270,180,105.03,1031.63,42488.0,12215.0,12215.0
752,179.630,105.270,180,105.03,1031.63,43044.0,12907.0,12907.0
753,179.630,105.270,180,105.03,1031.63,43258.0,12416.0,12416.0
754,179.630,105.270,180,105.03,1031.63,42728.0,12363.0,12363.0
755,179.630,105.270,180,105.03,1031.63,42252.0,12544.0,12544.0
756,179.630,105.270,180,105.03,1031.63,41735.0,13410.0,13410.0
757,179.630,105.270,180,105.03,1031.63,38935.0,10527.0,10527.0
758,179.630,105.270,180,105.03,1031.63,36129.0,7882.0,7882.0
759,179.630,105.270,180,105.03,1031.63,37608.0,8188.0,8188.0
760,179.630,105.270,180,105.03,1031.63,40950.0,12080.0,12080.0
761,179.630,105.270,180,105.03,1031.63,40815.0,10035.0,10035.0
762,179.630,105.270,180,105.03,1031.63,39691.0,9963.0,9963.0
763,179.630,105.270,180,105.03,1031.63,36161.0,7161.0,7161.0
764,179.630,105.270,180,105.03,1031.63,39907.0,10477.0,10477.0
765,179.630,105.270,180,105.03,1031.63,40209.0,10779.0,10779.0
766,179.630,105.270,180,105.03,1031.63,37069.0,8281.0,8281.0
767,179.630,105.270,180,105.03,1031.63,40232.0,11016.0,11016.0
768,179.630,105.270,180,105.03,1031.63,37136.0,9003.0,9003.0
769,179.630,105.270,180,105.03,1031.63,41382.0,12792.0,12792.0
770,179.630,105.270,180,105.03,1031.63,36968.0,8580.0,8580.0
771,179.630,105.270,180,105.03,1031.63,37513.0,8984.0,8984.0
772,179.630,105.270,180,105.03,1031.63,39560.0,9830.0,9830.0
773,179.630,105.270,180,105.03,1031.63,39649.0,8833.0,8833.0
774,179.630,105.270,180,105.03,1031.63,36966.0,8256.0,8256.0
775,179.630,105.270,180,105.03,1031.63,33533.0,5383.0,5383.0
776,179.630,105.270,180,105.03,1031.63,34561.0,4670.0,4670.0
777,179.630,105.270,180,105.03,1031.63,35312.0,6923.0,6923.0
778,179.630,105.270,180,105.03,1031.63,34794.0,6143.0,6143.0
779,179.630,105.270,180,105.03,1031.63,34836.0,5658.0,5658.0
780,179.630,105.270,180,105.03,1031.63,28870.0,1774.0,1774.0
781,179.630,105.270,180,105.03,1031.63,31785.0,3537.0,3537.0
782,179.630,105.270,180,105.03,1031.63,34319.0,5859.0,5859.0
783,179.630,105.270,180,105.03,1031.63,30393.0,3200.0,3200.0
784,179.630,105.270,180,105.03,1031.63,32193.0,4263.0,4263.0
785,179.630,105.270,180,105.03,1031.63,29439.0,1862.0,1862.0
786,179.630,105.270,180,105.03,1031.63,31011.0,2908.0,2908.0
787,179.630,105.270,180,105.03,1031.63,28974.0,1333.0,1333.0
788,179.630,105.270,180,105.03,1031.63,34165.0,5282.0,5282.0
789,179.630,105.270,180,105.03,1031.63,31179.0,2763.0,2763.0
790,179.630,105.270,180,105.03,1031.63,33592.0,5736.0,5736.0
791,179.630,105.270,180,105.03,1031.63,34401.0,4241.0,4241.0
792,179.630,105.270,180,105.03,1031.63,28021.0,1900.0,1900.0
793,179.630,105.270,180,105.03,1031.63,33407.0,4528.0,4528.0
794,179.630,105.270,180,105.03,1031.63,34382.0,6572.0,6572.0
795,179.630,105.270,180,105.03,1031.63,32869.0,5297.0,5297.0
796,179.630,105.270,180,105.03,1031.63,34540.0,6592.0,6592.0
797,179.630,105.270,180,105.03,1031.63,32685.0,5394.0,5394.0
798,179.630,105.270,180,105.03,1031.63,28910.0,1843.0,1843.0
799,179.630,105.270,180,105.03,1031.63,31824.0,3345.0,3345.0
800,179.630,105.270,180,105.03,1031.63,32941.0,5830.0,5830.0
801,179.630,105.270,180,105.03,1031.63,37172.0,9895.0,9895.0
802,179.630,105.270,180,105.03,1031.63,32538.0,5706.0,5706.0
803,179.630,105.270,180,105.03,1031.63,35968.0,6840.0,6840.0
804,179.630,105.270,180,105.03,1031.63,32847.0,4898.0,4898.0
805,179.630,105.270,180,105.03,1031.63,34411.0,5802.0,5802.0
806,179.630,105.270,180,105.03,1031.63,33410.0,5768.0,5768.0
807,179.630,105.270,180,105.03,1031.63,35522.0,7022.0,7022.0
808,179.630,105.270,180,105.03,1031.63,30021.0,2227.0,2227.0
809,179.630,105.270,180,105.03,1031.63,32374.0,4353.0,4353.0
810,179.630,105.270,180,105.03,1031.63,32715.0,4475.0,4475.0
811,179.630,105.270,180,105.03,1031.63,31631.0,4494.0,4494.0
812,179.630,105.270,180,105.03,1031.63,34082.0,5790.0,5790.0
813,179.630,105.270,180,105.03,1031.63,33353.0,5154.0,5154.0
814,179.630,105.270,180,105.03,1031.63,30458.0,3630.0,3630.0
815,179.630,105.270,180,105.03,1031.63,30467.0,3549.0,3549.0
816,179.630,105.270,180,105.03,1031.63,33680.0,5374.0,5374.0
817,179.630,105.270,180,105.03,1031.63,37794.0,9474.0,9474.0
818,179.630,105.270,180,105.03,1031.63,37404.0,8296.0,8296.0
819,179.630,105.270,180,105.03,1031.63,37659.0,9462.0,9462.0
820,179.630,105.270,180,105.03,1031.63,32299.0,4944.0,4944.0
821,179.630,105.270,180,105.03,1031.63,34539.0,5441.0,5441.0
822,179.630,105.270,180,105.03,1031.63,38018.0,9368.0,9368.0
823,179.630,105.270,180,105.03,1031.63,36344.0,7134.0,7134.0
824,179.630,105.270,180,105.03,1031.63,36429.0,6666.0,6666.0
825,179.630,105.270,180,105.03,1031.63,36012.0,8405.0,8405.0
826,179.630,105.270,180,105.03,1031.63,29991.0,2823.0,2823.0
827,179.630,105.270,180,105.03,1031.63,35181.0,5015.0,5015.0
828,179.630,105.270,180,105.03,1031.63,35778.0,7080.0,7080.0
829,179.630,105.270,180,105.03,1031.63,30959.0,3105.0,3105.0
830,179.630,105.270,180,105.03,1031.63,34757.0,5742.0,5742.0
831,179.630,105.270,180,105.03,1031.63,35002.0,7532.0,7532.0
832,179.630,105.270,180,105.03,1031.63,34018.0,6185.0,6185.0
833,179.630,105.270,180,105.03,1031.63,34861.0,6576.0,6576.0
834,179.630,105.270,180,105.03,1031.63,35330.0,5522.0,5522.0
835,179.630,105.270,180,105.03,1031.63,29564.0,1756.0,1756.0
836,179.630,105.270,180,105.03,1031.63,32031.0,3973.0,3973.0
837,179.630,105.270,180,105.03,1031.63,31403.0,3553.0,3553.0
838,179.630,105.270,180,105.03,1031.63,33123.0,4607.0,4607.0
839,179.630,105.270,180,105.03,1031.63,35962.0,7883.0,7883.0
840,179.630,105.270,180,105.03,1031.63,33692.0,5149.0,5149.0
841,179.630,105.270,180,105.03,1031.63,31563.0,4233.0,4233.0
842,179.630,105.270,180,105.03,1031.63,36558.0,7398.0,7398.0
843,179.630,105.270,180,105.03,1031.63,32676.0,5228.0,5228.0
844,179.630,105.270,180,105.03,1031.63,31502.0,3188.0,3188.0
845,179.630,105.270,180,105.03,1031.63,31797.0,3057.0,3057.0
846,179.630,105.270,180,105.03,1031.63,29605.0,2157.0,2157.0
847,179.630,105.270,180,105.03,1031.63,30158.0,2273.0,2273.0
848,179.630,105.270,180,105.03,1031.63,31615.0,2258.0,2258.0
849,179.630,105.270,180,105.03,1031.63,33779.0,4809.0,4809.0
850,179.630,105.270,180,105.03,1031.63,36960.0,6820.0,6820.0
851,179.630,105.270,180,105.03,1031.63,35395.0,6752.0,6752.0
852,179.630,105.270,180,105.03,1031.63,33952.0,5747.0,5747.0
853,179.630,105.270,180,105.03,1031.63,33290.0,4683.0,4683.0
854,179.630,105.270,180,105.03,1031.63,38675.0,9185.0,9185.0
855,179.630,105.270,180,105.03,1031.63,34101.0,5219.0,5219.0
856,179.630,105.270,180,105.03,1031.63,34898.0,6328.0,6328.0
857,179.630,105.270,180,105.03,1031.63,36617.0,7453.0,7453.0
858,179.630,105.270,180,105.03,1031.63,36733.0,7885.0,7885.0
859,179.630,105.270,180,105.03,1031.63,35120.0,5580.0,5580.0
860,179.630,105.270,180,105.03,1031.63,34644.0,6347.0,6347.0
861,179.630,105.270,180,105.03,1031.63,31392.0,3040.0,3040.0
862,179.630,105.270,180,105.03,1031.63,31857.0,3559.0,3559.0
863,179.630,105.270,180,105.03,1031.63,34430.0,6084.0,6084.0
864,179.630,105.270,180,105.03,1031.63,30431.0,2230.0,2230.0
865,179.630,105.270,180,105.03,1031.63,31840.0,2987.0,2987.0
866,179.630,105.270,180,105.03,1031.63,38004.0,8145.0,8145.0
867,179.630,105.270,180,105.03,1031.63,34851.0,6007.0,6007.0
868,179.630,105.270,180,105.03,1031.63,32842.0,4355.0,4355.0
869,179.630,105.270,180,105.03,1031.63,33642.0,4390.0,4390.0
870,179.630,105.270,180,105.03,1031.63,35637.0,5726.0,5726.0
871,179.630,105.270,180,105.03,1031.63,32069.0,3711.0,3711.0
872,179.630,105.270,180,105.03,1031.63,36191.0,6037.0,6037.0
873,179.630,105.270,180,105.03,1031.63,38089.0,8171.0,8171.0
874,179.630,105.270,180,105.03,1031.63,29487.0,1680.0,1680.0
875,179.630,105.270,180,105.03,1031.63,32762.0,3471.0,3471.0
876,179.630,105.270,180,105.03,1031.63,34707.0,6389.0,6389.0
877,179.630,105.270,180,105.03,1031.63,37031.0,7013.0,7013.0
878,179.630,105.270,180,105.03,1031.63,38717.0,7622.0,7622.0
879,179.630,105.270,180,105.03,1031.63,34906.0,4912.0,4912.0
880,179.630,105.270,180,105.03,1031.63,35652.0,5132.0,5132.0
881,179.630,105.270,180,105.03,1031.63,32631.0,3580.0,3580.0
882,179.630,105.270,180,105.03,1031.63,33394.0,4897.0,4897.0
883,179.630,105.270,180,105.03,1031.63,36299.0,7108.0,7108.0
884,179.630,105.270,180,105.03,1031.63,34256.0,6448.0,6448.0
885,179.630,105.270,180,105.03,1031.63,33597.0,4243.0,4243.0
886,179.630,105.270,180,105.03,1031.63,41367.0,9821.0,9821.0
887,179.630,105.270,180,105.03,1031.63,34550.0,5504.0,5504.0
888,179.630,105.270,180,105.03,1031.63,34617.0,5151.0,5151.0
889,179.630,105.270,180,105.03,1031.63,34169.0,5418.0,5418.0
890,179.630,105.270,180,105.03,1031.63,37969.0,6949.0,6949.0
891,179.630,105.270,180,105.03,1031.63,33420.0,5810.0,5810.0
892,179.630,105.270,180,105.03,1031.63,30514.0,1713.0,1713.0
893,179.630,105.270,180,105.03,1031.63,32212.0,3362.0,3362.0
894,179.630,105.270,180,105.03,1031.63,32364.0,3632.0,3632.0
895,179.630,105.270,180,105.03,1031.63,31387.0,2299.0,2299.0
896,179.630,105.270,180,105.03,1031.63,33924.0,4877.0,4877.0
897,179.630,105.270,180,105.03,1031.63,30441.0,2000.0,2000.0
898,179.630,105.270,180,105.03,1031.63,30973.0,1892.0,1892.0
899,179.630,105.270,180,105.03,1031.63,30037.0,1209.0,1209.0
900,179.630,105.270,180,105.03,1031.63,34155.0,5371.0,5371.0
901,179.630,105.270,180,105.03,1031.63,29613.0,2193.0,2193.0
902,179.630,105.270,180,105.03,1031.63,30938.0,2201.0,2201.0
903,179.630,105.270,180,105.03,1031.63,32054.0,3042.0,3042.0
904,179.630,105.270,180,105.03,1031.63,32152.0,2739.0,2739.0
905,179.630,105.270,180,105.03,1031.63,30797.0,591.0,591.0
906,179.630,105.270,180,105.03,1031.63,30854.0,746.0,746.0
907,179.630,105.270,180,105.03,1031.63,29974.0,620.0,620.0
908,179.630,105.270,180,105.03,1031.63,31583.0,1357.0,1357.0
909,179.630,105.270,180,105.03,1031.63,33685.0,3752.0,3752.0
910,179.630,105.270,180,105.03,1031.63,27695.0,618.0,618.0
911,179.630,105.270,180,105.03,1031.63,31511.0,3025.0,3025.0
912,179.630,105.270,180,105.03,1031.63,32501.0,4471.0,4471.0
913,179.630,105.270,180,105.03,1031.63,37302.0,7641.0,7641.0
914,179.630,105.270,180,105.03,1031.63,32566.0,5287.0,5287.0
915,179.630,105.270,180,105.03,1031.63,32227.0,5001.0,5001.0
916,179.630,105.270,180,105.03,1031.63,37353.0,7877.0,7877.0
917,179.630,105.270,180,105.03,1031.63,33275.0,3565.0,3565.0
918,179.630,105.270,180,105.03,1031.63,33726.0,5451.0,5451.0
919,179.630,105.270,180,105.03,1031.63,35317.0,6447.0,6447.0
920,179.630,105.270,180,105.03,1031.63,32126.0,3810.0,3810.0
921,179.630,105.270,180,105.03,1031.63,34448.0,3851.0,3851.0
922,179.630,105.270,180,105.03,1031.63,37536.0,8734.0,8734.0
923,179.630,105.270,180,105.03,1031.63,34069.0,3838.0,3838.0
924,179.630,105.270,180,105.03,1031.63,32411.0,3821.0,3821.0
925,179.630,105.270,180,105.03,1031.63,34795.0,6068.0,6068.0
926,179.630,105.270,180,105.03,1031.63,30756.0,2763.0,2763.0
927,179.630,105.270,180,105.03,1031.63,35562.0,6153.0,6153.0
928,179.630,105.270,180,105.03,1031.63,30058.0,1433.0,1433.0
929,179.630,105.270,180,105.03,1031.63,29353.0,2157.0,2157.0
930,179.630,105.270,180,105.03,1031.63,30487.0,1378.0,1378.0
931,179.630,105.270,180,105.03,1031.63,29701.0,1974.0,1974.0
932,179.630,105.270,180,105.03,1031.63,30280.0,2727.0,2727.0
933,179.630,105.270,180,105.03,1031.63,34642.0,4864.0,4864.0
934,179.630,105.270,180,105.03,1031.63,28590.0,0.0,0.0
935,179.630,105.270,180,105.03,1031.63,32774.0,4298.0,4298.0
936,179.630,105.270,180,105.03,1031.63,29836.0,1270.0,1270.0
937,179.630,105.270,180,105.03,1031.63,34648.0,5561.0,5561.0
938,179.630,105.270,180,105.03,1031.63,32887.0,4756.0,4756.0
939,179.630,105.270,180,105.03,1031.63,30198.0,2531.0,2531.0
940,179.630,105.270,180,105.03,1031.63,33755.0,5222.0,5222.0
941,179.630,105.270,180,105.03,1031.63,29425.0,2036.0,2036.0
942,179.630,105.270,180,105.03,1031.63,32034.0,3610.0,3610.0
943,179.630,105.270,180,105.03,1031.63,32701.0,4038.0,4038.0
944,179.630,105.270,180,105.03,1031.63,32252.0,3816.0,3816.0
945,179.630,105.270,180,105.03,1031.63,35500.0,6237.0,6237.0
946,179.630,105.270,180,105.03,1031.63,32905.0,4916.0,4916.0
947,179.630,105.270,180,105.03,1031.63,34252.0,5119.0,5119.0
948,179.630,105.270,180,105.03,1031.63,33810.0,6618.0,6618.0
949,179.630,105.270,180,105.03,1031.63,30734.0,2609.0,2609.0
950,179.630,105.270,180,105.03,1031.63,33553.0,3766.0,3766.0
951,179.630,105.270,180,105.03,1031.63,34908.0,5108.0,5108.0
952,179.630,105.270,180,105.03,1031.63,34439.0,3424.0,3424.0
953,179.630,105.270,180,105.03,1031.63,34448.0,3441.0,3441.0
954,179.630,105.270,180,105.03,1031.63,33402.0,5285.0,5285.0
955,179.630,105.270,180,105.03,1031.63,31764.0,4850.0,4850.0
956,179.630,105.270,180,105.03,1031.63,33519.0,5730.0,5730.0
957,179.630,105.270,180,105.03,1031.63,39440.0,9704.0,9704.0
958,179.630,105.270,180,105.03,1031.63,33039.0,4507.0,4507.0
959,179.630,105.270,180,105.03,1031.63,31557.0,2766.0,2766.0
960,179.630,105.270,180,105.03,1031.63,30941.0,2619.0,2619.0
961,179.630,105.270,180,105.03,1031.63,28765.0,850.0,850.0
962,179.630,105.270,180,105.03,1031.63,33881.0,4320.0,4320.0
963,179.630,105.270,180,105.03,1031.63,32435.0,3534.0,3534.0
964,179.630,105.270,180,105.03,1031.63,34556.0,5008.0,5008.0
965,179.630,105.270,180,105.03,1031.63,35309.0,6257.0,6257.0
966,179.630,105.270,180,105.03,1031.63,31539.0,1923.0,1923.0
967,179.630,105.270,180,105.03,1031.63,31652.0,3049.0,3049.0
968,179.630,105.270,180,105.03,1031.63,31723.0,2362.0,2362.0
969,179.630,105.270,180,105.03,1031.63,31545.0,3914.0,3914.0
970,179.630,105.270,180,105.03,1031.63,32799.0,3789.0,3789.0
971,179.630,105.270,180,105.03,1031.63,33251.0,4138.0,4138.0
972,179.630,105.270,180,105.03,1031.63,31394.0,2688.0,2688.0
973,179.630,105.270,180,105.03,1031.63,31799.0,4796.0,4796.0
974,179.630,105.270,180,105.03,1031.63,33568.0,3908.0,3908.0
975,179.630,105.270,180,105.03,1031.63,35192.0,4316.0,4316.0
976,179.630,105.270,180,105.03,1031.63,33653.0,4329.0,4329.0
977,179.630,105.270,180,105.03,1031.63,35591.0,6322.0,6322.0
978,179.630,105.270,180,105.03,1031.63,32686.0,4054.0,4054.0
979,179.630,105.270,180,105.03,1031.63,30577.0,3377.0,3377.0
980,179.630,105.270,180,105.03,1031.63,35550.0,6180.0,6180.0
981,179.630,105.270,180,105.03,1031.63,35351.0,5675.0,5675.0
982,179.630,105.270,180,105.03,1031.63,31318.0,4181.0,4181.0
983,179.630,105.270,180,105.03,1031.63,30472.0,2676.0,2676.0
984,179.630,105.270,180,105.03,1031.63,33081.0,5105.0,5105.0
985,179.630,105.270,180,105.03,1031.63,34070.0,5214.0,5214.0
986,179.630,105.270,180,105.03,1031.63,34052.0,4372.0,4372.0
987,179.630,105.270,180,105.03,1031.63,33470.0,4372.0,4372.0
988,179.630,105.270,180,105.03,1031.63,29079.0,1576.0,1576.0
989,179.630,105.270,180,105.03,1031.63,30716.0,3018.0,3018.0
990,179.630,105.270,180,105.03,1031.63,32363.0,4314.0,4314.0
991,179.630,105.270,180,105.03,1031.63,31187.0,3979.0,3979.0
992,179.630,105.270,180,105.03,1031.63,30818.0,3510.0,3510.0
993,179.630,105.270,180,105.03,1031.63,30803.0,2268.0,2268.0
994,179.630,105.270,180,105.03,1031.63,27394.0,0.0,0.0
995,179.630,105.270,180,105.03,1031.63,30556.0,1754.0,1754.0
996,179.630,105.270,180,105.03,1031.63,31076.0,3461.0,3461.0
997,179.630,105.270,180,105.03,1031.63,32948.0,5070.0,5070.0
998,179.630,105.270,180,105.03,1031.63,32321.0,3249.0,3249.0
999,179.630,105.270,180,105.03,1031.63,31825.0,4772.0,4772.0
1000,179.630,105.270,180,105.03,1031.63,30561.0,3229.0,3229.0
1001,179.630,105.270,180,105.03,1031.63,30775.0,2224.0,2224.0
1002,179.630,105.270,180,105.03,1031.63,30581.0,2946.0,2946.0
1003,179.630,105.270,180,105.03,1031.63,32365.0,4974.0,4974.0
1004,179.630,105.270,180,105.03,1031.63,31213.0,3494.0,3494.0
1005,179.630,105.270,180,105.03,1031.63,31952.0,3261.0,3261.0
1006,179.630,105.270,180,105.03,1031.63,33553.0,4505.0,4505.0
1007,179.630,105.270,180,105.03,1031.63,30631.0,3602.0,3602.0
1008,179.630,105.270,180,105.03,1031.63,28599.0,668.0,668.0
1009,179.630,105.270,180,105.03,1031.63,29939.0,1266.0,1266.0
1010,179.630,105.270,180,105.03,1031.63,32848.0,3746.0,3746.0
1011,179.630,105.270,180,105.03,1031.63,29556.0,2681.0,2681.0
1012,179.630,105.270,180,105.03,1031.63,30242.0,1941.0,1941.0
1013,179.630,105.270,180,105.03,1031.63,32328.0,4221.0,4221.0
1014,179.630,105.270,180,105.03,1031.63,32672.0,4639.0,4639.0
1015,179.630,105.270,180,105.03,1031.63,31484.0,3896.0,3896.0
1016,179.630,105.270,180,105.03,1031.63,36699.0,8270.0,8270.0
1017,179.630,105.270,180,105.03,1031.63,32803.0,5564.0,5564.0
1018,179.630,105.270,180,105.03,1031.63,29889.0,3213.0,3213.0
1019,179.630,105.270,180,105.03,1031.63,32434.0,3516.0,3516.0
1020,179.630,105.270,180,105.03,1031.63,31044.0,3532.0,3532.0
1021,179.630,105.270,180,105.03,1031.63,32716.0,4399.0,4399.0
1022,179.630,105.270,180,105.03,1031.63,31960.0,2648.0,2648.0
1023,179.630,105.270,180,105.03,1031.63,35783.0,5507.0,5507.0
1024,179.630,105.270,180,105.03,1031.63,32952.0,4510.0,4510.0
1025,179.630,105.270,180,105.03,1031.63,32901.0,4604.0,4604.0
1026,179.630,105.270,180,105.03,1031.63,32937.0,4249.0,4249.0
1027,179.630,105.270,180,105.03,1031.63,32986.0,4788.0,4788.0
1028,179.630,105.270,180,105.03,1031.63,32121.0,2650.0,2650.0
1029,179.630,105.270,180,105.03,1031.63,34218.0,6046.0,6046.0
1030,179.630,105.270,180,105.03,1031.63,33791.0,5186.0,5186.0
1031,179.630,105.270,180,105.03,1031.63,37815.0,8293.0,8293.0
1032,179.630,105.270,180,105.03,1031.63,33129.0,3812.0,3812.0
1033,179.630,105.270,180,105.03,1031.63,34317.0,6328.0,6328.0
1034,179.630,105.270,180,105.03,1031.63,34204.0,5675.0,5675.0
1035,179.630,105.270,180,105.03,1031.63,31689.0,4299.0,4299.0
1036,179.630,105.270,180,105.03,1031.63,36120.0,6438.0,6438.0
1037,179.630,105.270,180,105.03,1031.63,35687.0,7024.0,7024.0
1038,179.630,105.270,180,105.03,1031.63,31503.0,3919.0,3919.0
1039,179.630,105.270,180,105.03,1031.63,30956.0,3760.0,3760.0
1040,179.630,105.270,180,105.03,1031.63,35820.0,6321.0,6321.0
1041,179.630,105.270,180,105.03,1031.63,34872.0,6898.0,6898.0
1042,179.630,105.270,180,105.03,1031.63,35225.0,5310.0,5310.0
1043,179.630,105.270,180,105.03,1031.63,36032.0,7670.0,7670.0
1044,179.630,105.270,180,105.03,1031.63,34586.0,6310.0,6310.0
1045,179.630,105.270,180,105.03,1031.63,32466.0,6077.0,6077.0
1046,179.630,105.270,180,105.03,1031.63,33087.0,5313.0,5313.0
1047,179.630,105.270,180,105.03,1031.63,34195.0,5813.0,5813.0
1048,179.630,105.270,180,105.03,1031.63,34509.0,7121.0,7121.0
1049,179.630,105.270,180,105.03,1031.63,32288.0,5329.0,5329.0
1050,179.630,105.270,180,105.03,1031.63,31689.0,4925.0,4925.0
1051,179.630,105.270,180,105.03,1031.63,31423.0,4242.0,4242.0
1052,179.630,105.270,180,105.03,1031.63,31246.0,2595.0,2595.0
1053,179.630,105.270,180,105.03,1031.63,31494.0,3308.0,3308.0
1054,179.630,105.270,180,105.03,1031.63,31751.0,4660.0,4660.0
1055,179.630,105.270,180,105.03,1031.63,33462.0,5745.0,5745.0
1056,179.630,105.270,180,105.03,1031.63,31576.0,4099.0,4099.0
1057,179.630,105.270,180,105.03,1031.63,29274.0,2534.0,2534.0
1058,179.630,105.270,180,105.03,1031.63,33142.0,5496.0,5496.0
1059,179.630,105.270,180,105.03,1031.63,32096.0,4014.0,4014.0
1060,179.630,105.270,180,105.03,1031.63,34814.0,6679.0,6679.0
1061,179.630,105.270,180,105.03,1031.63,31246.0,3298.0,3298.0
1062,179.630,105.270,180,105.03,1031.63,31328.0,3767.0,3767.0
1063,179.630,105.270,180,105.03,1031.63,33149.0,6053.0,6053.0
1064,179.630,105.270,180,105.03,1031.63,34295.0,6419.0,6419.0
1065,179.630,105.270,180,105.03,1031.63,35053.0,7045.0,7045.0
1066,179.630,105.270,180,105.03,1031.63,33317.0,5281.0,5281.0
1067,179.630,105.270,180,105.03,1031.63,31977.0,4560.0,4560.0
1068,179.630,105.270,180,105.03,1031.63,34173.0,7005.0,7005.0
1069,179.630,105.270,180,105.03,1031.63,32445.0,6331.0,6331.0
1070,179.630,105.270,180,105.03,1031.63,29915.0,3937.0,3937.0
1071,179.630,105.270,180,105.03,1031.63,33089.0,5956.0,5956.0
1072,179.630,105.270,180,105.03,1031.63,33839.0,6078.0,6078.0
1073,179.630,105.270,180,105.03,1031.63,31782.0,4083.0,4083.0
1074,179.630,105.270,180,105.03,1031.63,31688.0,4856.0,4856.0
1075,179.630,105.270,180,105.03,1031.63,29545.0,2062.0,2062.0
1076,179.630,105.270,180,105.03,1031.63,35270.0,7397.0,7397.0
1077,179.630,105.270,180,105.03,1031.63,33221.0,5641.0,5641.0
1078,179.630,105.270,180,105.03,1031.63,34778.0,7510.0,7510.0
1079,179.630,105.270,180,105.03,1031.63,28176.0,1908.0,1908.0
1080,179.630,105.270,180,105.03,1031.63,32921.0,5127.0,5127.0
1081,179.630,105.270,180,105.03,1031.63,29570.0,3496.0,3496.0
1082,179.630,105.270,180,105.03,1031.63,33154.0,5899.0,5899.0
1083,179.630,105.270,180,105.03,1031.63,33276.0,6034.0,6034.0
1084,179.630,105.270,180.2,105.34,1031.63,34922.0,7807.0,7807.0
1085,179.630,105.270,180.21,104.83,1031.63,33374.0,5866.0,5866.0
1086,179.630,105.270,180.4,104.63,1031.63,33599.0,6452.0,6452.0
1087,179.630,105.270,180,105.03,1031.63,34514.0,5471.0,5471.0
1088,179.630,105.270,180,105.03,1031.63,29154.0,2957.0,2957.0
1089,179.630,105.270,180,105.03,1031.63,33043.0,5963.0,5963.0
1090,179.630,105.270,180.16,105.21,1031.63,36819.0,9676.0,9676.0
1091,179.630,105.270,180.47,104.96,1031.63,40159.0,12502.0,12502.0
1092,179.630,105.270,180.17,105.05,1031.63,39174.0,11595.0,11595.0
1093,179.630,105.270,180.08,104.93,1031.63,38273.0,9770.0,9770.0
1094,179.630,105.270,180.12,105.06,1031.63,43028.0,13773.0,13773.0
1095,179.630,105.270,180.2,105.03,1031.63,41528.0,12667.0,12667.0
1096,179.630,105.270,180.16,104.95,1031.63,40876.0,12539.0,12539.0
1097,179.630,105.270,180.01,104.82,1031.63,40653.0,12541.0,12541.0
1098,179.630,105.270,180.12,105.11,1031.63,40952.0,11622.0,11622.0
1099,179.630,105.270,180.27,105.09,1031.63,38830.0,9407.0,9407.0
1100,179.630,105.270,180.46,105.08,1031.63,39069.0,10947.0,10947.0
1101,179.630,105.270,180.13,105.04,1031.63,43925.0,13994.0,13994.0
1102,179.630,105.270,180.35,104.68,1031.63,39969.0,11207.0,11207.0
1103,179.630,105.270,179.97,105.13,1031.63,38428.0,9663.0,9663.0
1104,179.630,105.270,180.04,105.07,1031.63,36777.0,8208.0,8208.0
1105,179.630,105.270,180.02,105.01,1031.63,40963.0,12053.0,12053.0
1106,179.630,105.270,180.37,105.24,1031.63,40319.0,10562.0,10562.0
1107,179.630,105.270,180.4,105,1031.63,40188.0,10839.0,10839.0
1108,179.630,105.270,180.1,105.17,1031.63,40333.0,12347.0,12347.0
1109,179.630,105.270,180.18,105.35,1031.63,39337.0,12168.0,12168.0
1110,179.630,105.270,180.31,105.09,1031.63,39365.0,11821.0,11821.0
1111,179.630,105.270,180.48,105.01,1031.63,36916.0,8843.0,8843.0
1112,179.630,105.270,180.12,105.11,1031.63,39672.0,10891.0,10891.0
1113,179.630,105.270,180.09,105.05,1031.63,40929.0,12329.0,12329.0
1114,179.630,105.270,180.07,104.87,1031.63,43563.0,14685.0,14685.0
1115,179.630,105.270,180.16,105.17,1031.63,40990.0,11837.0,11837.0
1116,179.630,105.270,180.4,105,1031.63,38818.0,11228.0,11228.0
1117,179.630,105.270,180.28,105.08,1031.63,43006.0,14725.0,14725.0
1118,179.630,105.270,180.23,105.11,1031.63,40865.0,12344.0,12344.0
1119,179.630,105.270,180.39,104.89,1031.63,43712.0,15087.0,15087.0
1120,179.630,105.270,180,105.08,1031.63,39845.0,11102.0,11102.0
1121,179.630,105.270,180.47,105.14,1031.63,38421.0,10301.0,10301.0
1122,179.630,105.270,180.58,105.31,1031.63,36305.0,8040.0,8040.0
1123,179.630,105.270,180.16,105.21,1031.63,36458.0,8353.0,8353.0
1124,179.630,105.270,180.26,104.88,1031.63,36861.0,7899.0,7899.0
1125,179.630,105.270,180.11,105.01,1031.63,37392.0,9723.0,9723.0
1126,179.630,105.270,180.11,104.83,1031.63,35235.0,7489.0,7489.0
1127,179.630,105.270,180.3,105.14,1031.63,38349.0,10018.0,10018.0
1128,179.630,105.270,180.51,105.11,1031.63,43544.0,14041.0,14041.0
1129,179.630,105.270,180.39,105.29,1031.63,38443.0,9570.0,9570.0
1130,179.630,105.270,180.35,104.63,1031.63,38456.0,10477.0,10477.0
1131,179.630,105.270,180.43,104.79,1031.63,37680.0,9235.0,9235.0
1132,179.630,105.270,180.33,105.17,1031.63,38826.0,10361.0,10361.0
1133,179.630,105.270,180.32,104.96,1031.63,35160.0,6280.0,6280.0
1134,179.630,105.270,179.7,104.7,1031.63,38244.0,9355.0,9355.0
1135,179.630,105.270,180.55,105.08,1031.63,36201.0,7747.0,7747.0
1136,179.630,105.270,180.34,104.97,1031.63,37053.0,8764.0,8764.0
1137,179.630,105.270,180.16,104.89,1031.63,42130.0,12881.0,12881.0
1138,179.630,105.270,180.28,105.03,1031.63,37812.0,9292.0,9292.0
1139,179.630,105.270,180.25,104.97,1031.63,40063.0,10257.0,10257.0
1140,179.630,105.270,180.2,105.02,1031.63,41779.0,11869.0,11869.0
1141,179.630,105.270,180.48,105.02,1031.63,35403.0,7187.0,7187.0
1142,179.630,105.270,180.19,105.04,1031.63,39213.0,10145.0,10145.0
1143,179.630,105.270,180.5,105.38,1031.63,39135.0,9909.0,9909.0
1144,179.630,105.270,180.29,104.98,1031.63,38774.0,10034.0,10034.0
1145,179.630,105.270,180.07,104.95,1031.63,38863.0,9230.0,9230.0
1146,179.630,105.270,180.34,105.15,1031.63,38319.0,11169.0,11169.0
1147,179.630,105.270,180.27,104.87,1031.63,42710.0,13106.0,13106.0
1148,179.630,105.270,180.13,104.99,1031.63,42246.0,11574.0,11574.0
1149,179.630,105.270,180.05,105,1031.63,38668.0,10613.0,10613.0
1150,179.630,105.270,180.23,105.06,1031.63,35836.0,5982.0,5982.0
1151,179.630,105.270,180,105.03,1031.63,29796.0,1807.0,1807.0
1152,179.630,105.270,180,105.03,1031.63,31682.0,3885.0,3885.0
1153,179.630,105.270,179.63,105.27,1031.63,33966.0,6004.0,6004.0
1154,179.630,105.270,179.63,105.27,1031.63,32030.0,2723.0,2723.0
1155,179.630,105.270,179.63,105.27,1031.63,31144.0,2676.0,2676.0
1156,179.630,105.270,179.63,105.27,1031.63,30715.0,2122.0,2122.0
1157,179.630,105.270,179.63,105.27,1031.63,29769.0,2050.0,2050.0
1158,179.630,105.270,179.63,105.27,1031.63,34098.0,5964.0,5964.0
1159,179.630,105.270,179.63,105.27,1031.63,31141.0,2956.0,2956.0
1160,179.630,105.270,179.63,105.27,1031.63,32207.0,3293.0,3293.0
1161,179.630,105.270,179.63,105.27,1031.63,28602.0,563.0,563.0
1162,179.630,105.270,179.63,105.27,1031.63,31436.0,2713.0,2713.0
1163,179.630,105.270,179.63,105.27,1031.63,32351.0,3487.0,3487.0
1164,179.630,105.270,179.63,105.27,1031.63,36899.0,6057.0,6057.0
1165,179.630,105.270,179.63,105.27,1031.63,30137.0,1312.0,1312.0
1166,179.630,105.270,179.63,105.27,1031.63,31701.0,2514.0,2514.0
1167,179.630,105.270,179.63,105.27,1031.63,32624.0,4182.0,4182.0
1168,179.630,105.270,179.63,105.27,1031.63,31458.0,2992.0,2992.0
1169,179.630,105.270,179.63,105.27,1031.63,41021.0,9690.0,9690.0
1170,179.630,105.270,179.63,105.27,1031.63,38614.0,8015.0,8015.0
1171,179.630,105.270,179.63,105.27,1031.63,32192.0,3544.0,3544.0
1172,179.630,105.270,179.63,105.27,1031.63,33843.0,4647.0,4647.0
1173,179.630,105.270,179.63,105.27,1031.63,31424.0,3644.0,3644.0
1174,179.630,105.270,179.63,105.27,1031.63,29307.0,893.0,893.0
1175,179.630,105.270,179.63,105.27,1031.63,34787.0,4980.0,4980.0
1176,179.630,105.270,179.63,105.27,1031.63,31114.0,3669.0,3669.0
1177,179.630,105.270,179.63,105.27,1031.63,36755.0,6358.0,6358.0
1178,179.630,105.270,179.63,105.27,1031.63,46163.0,13173.0,13173.0
1179,179.630,105.270,179.63,105.27,1031.63,42773.0,12233.0,12233.0
1180,179.630,105.270,179.63,105.27,1031.63,48007.0,16606.0,16606.0
1181,179.630,105.270,179.63,105.27,1031.63,42010.0,10129.0,10129.0
1182,179.630,105.270,179.63,105.27,1031.63,45784.0,13181.0,13181.0
1183,179.630,105.270,179.63,105.27,1031.63,44523.0,13808.0,13808.0
1184,179.630,105.270,179.63,105.27,1031.63,43195.0,11865.0,11865.0
1185,179.630,105.270,179.63,105.27,1031.63,33522.0,3650.0,3650.0
1186,179.630,105.270,179.63,105.27,1031.63,31422.0,2854.0,2854.0
1187,179.630,105.270,179.63,105.27,1031.63,31685.0,3028.0,3028.0
1188,179.630,105.270,179.63,105.27,1031.63,30736.0,3300.0,3300.0
1189,179.630,105.270,179.63,105.27,1031.63,33969.0,5037.0,5037.0
1190,179.630,105.270,179.63,105.27,1031.63,31032.0,1882.0,1882.0
1191,179.630,105.270,179.63,105.27,1031.63,31399.0,1423.0,1423.0
1192,179.630,105.270,179.63,105.27,1031.63,30520.0,1923.0,1923.0
1193,179.630,105.270,179.63,105.27,1031.63,35700.0,4572.0,4572.0
1194,179.630,105.270,179.63,105.27,1031.63,32783.0,4226.0,4226.0
1195,179.630,105.270,179.63,105.27,1031.63,33913.0,4873.0,4873.0
1196,179.630,105.270,179.63,105.27,1031.63,31909.0,3432.0,3432.0
1197,179.630,105.270,179.63,105.27,1031.63,30244.0,1637.0,1637.0
1198,179.630,105.270,179.63,105.27,1031.63,35936.0,6765.0,6765.0
1199,179.630,105.270,179.63,105.27,1031.63,34807.0,5371.0,5371.0
1200,179.630,105.270,179.63,105.27,1031.63,34373.0,4402.0,4402.0
1201,179.630,105.270,179.63,105.27,1031.63,32308.0,4713.0,4713.0
1202,179.630,105.270,179.63,105.27,1031.63,35097.0,6711.0,6711.0
1203,179.630,105.270,179.63,105.27,1031.63,33935.0,5156.0,5156.0
1204,179.630,105.270,179.63,105.27,1031.63,30990.0,3353.0,3353.0
1205,179.630,105.270,179.63,105.27,1031.63,34430.0,6297.0,6297.0
1206,179.630,105.270,179.63,105.27,1031.63,32554.0,3069.0,3069.0
1207,179.630,105.270,179.63,105.27,1031.63,36072.0,6492.0,6492.0
1208,179.630,105.270,179.63,105.27,1031.63,30545.0,2206.0,2206.0
1209,179.630,105.270,179.63,105.27,1031.63,32648.0,2983.0,2983.0
1210,179.630,105.270,179.63,105.27,1031.63,30538.0,1504.0,1504.0
1211,179.630,105.270,179.63,105.27,1031.63,30106.0,1144.0,1144.0
1212,179.630,105.270,179.63,105.27,1031.63,33165.0,3630.0,3630.0
1213,179.630,105.270,179.63,105.27,1031.63,33127.0,3613.0,3613.0
1214,179.630,105.270,179.63,105.27,1031.63,32617.0,3301.0,3301.0
1215,179.630,105.270,179.63,105.27,1031.63,27269.0,0.0,0.0
1216,179.630,105.270,179.63,105.27,1031.63,29065.0,827.0,827.0
1217,179.630,105.270,179.63,105.27,1031.63,29554.0,1613.0,1613.0
1218,179.630,105.270,179.63,105.27,1031.63,31622.0,2496.0,2496.0
1219,179.630,105.270,179.63,105.27,1031.63,32400.0,4508.0,4508.0
1220,179.630,105.270,179.63,105.27,1031.63,30231.0,1995.0,1995.0
1221,179.630,105.270,179.63,105.27,1031.63,31025.0,2704.0,2704.0
1222,179.630,105.270,179.63,105.27,1031.63,33741.0,4847.0,4847.0
1223,179.630,105.270,179.63,105.27,1031.63,31094.0,1568.0,1568.0
1224,179.630,105.270,179.63,105.27,1031.63,33318.0,3548.0,3548.0
1225,179.630,105.270,179.63,105.27,1031.63,33095.0,3696.0,3696.0
1226,179.630,105.270,179.63,105.27,1031.63,30861.0,2612.0,2612.0
1227,179.630,105.270,179.63,105.27,1031.63,37310.0,8056.0,8056.0
1228,179.630,105.270,179.63,105.27,1031.63,31416.0,2209.0,2209.0
1229,179.630,105.270,179.63,105.27,1031.63,36453.0,7036.0,7036.0
1230,179.630,105.270,179.63,105.27,1031.63,31195.0,2200.0,2200.0
1231,179.630,105.270,179.63,105.27,1031.63,39487.0,8161.0,8161.0
1232,179.630,105.270,179.63,105.27,1031.63,34937.0,6574.0,6574.0
1233,179.630,105.270,179.63,105.27,1031.63,34710.0,4971.0,4971.0
1234,179.630,105.270,179.63,105.27,1031.63,33221.0,5287.0,5287.0
1235,179.630,105.270,179.63,105.27,1031.63,40363.0,9174.0,9174.0
1236,179.630,105.270,179.63,105.27,1031.63,38728.0,8322.0,8322.0
1237,179.630,105.270,179.63,105.27,1031.63,41441.0,10849.0,10849.0
1238,179.630,105.270,179.63,105.27,1031.63,38660.0,9594.0,9594.0
1239,179.630,105.270,179.63,105.27,1031.63,36488.0,5563.0,5563.0
1240,179.630,105.270,179.63,105.27,1031.63,39032.0,8206.0,8206.0
1241,179.630,105.270,179.63,105.27,1031.63,34108.0,4291.0,4291.0
1242,179.630,105.270,179.63,105.27,1031.63,41760.0,10386.0,10386.0
1243,179.630,105.270,179.63,105.27,1031.63,40289.0,10034.0,10034.0
1244,179.630,105.270,179.63,105.27,1031.63,38698.0,8698.0,8698.0
1245,179.630,105.270,179.63,105.27,1031.63,42346.0,10951.0,10951.0
1246,179.630,105.270,179.63,105.27,1031.63,38813.0,7973.0,7973.0
1247,179.630,105.270,179.63,105.27,1031.63,38612.0,8216.0,8216.0
1248,179.630,105.270,179.63,105.27,1031.63,44218.0,13525.0,13525.0
1249,179.630,105.270,179.63,105.27,1031.63,41443.0,10660.0,10660.0
1250,179.630,105.270,179.63,105.27,1031.63,44807.0,12782.0,12782.0
1251,179.630,105.270,179.63,105.27,1031.63,55528.0,21880.0,21880.0
1252,179.630,105.270,179.63,105.27,1031.63,50510.0,18797.0,18797.0
1253,179.630,105.270,179.63,105.27,1031.63,47876.0,16387.0,16387.0
1254,179.630,105.270,179.63,105.27,1031.63,47493.0,16913.0,16913.0
1255,179.630,105.270,179.63,105.27,1031.63,48953.0,16434.0,16434.0
1256,179.630,105.270,179.63,105.27,1031.63,44444.0,13315.0,13315.0
1257,179.630,105.270,179.63,105.27,1031.63,52958.0,20047.0,20047.0
1258,179.630,105.270,179.63,105.27,1031.63,58933.0,25975.0,25975.0
1259,179.630,105.270,179.63,105.27,1031.63,51582.0,18664.0,18664.0
1260,179.630,105.270,179.63,105.27,1031.63,51435.0,19084.0,19084.0
1261,179.630,105.270,179.63,105.27,1031.63,49738.0,17367.0,17367.0
1262,179.630,105.270,179.63,105.27,1031.63,50618.0,18089.0,18089.0
1263,179.630,105.270,179.63,105.27,1031.63,45906.0,14186.0,14186.0
1264,179.630,105.270,179.63,105.27,1031.63,50705.0,18049.0,18049.0
1265,179.630,105.270,179.63,105.27,1031.63,48849.0,16241.0,16241.0
1266,179.630,105.270,179.63,105.27,1031.63,48380.0,16958.0,16958.0
1267,179.630,105.270,179.63,105.27,1031.63,50788.0,17629.0,17629.0
1268,179.630,105.270,179.63,105.27,1031.63,46116.0,16019.0,16019.0
1269,179.630,105.270,179.63,105.27,1031.63,53396.0,21804.0,21804.0
1270,179.630,105.270,179.63,105.27,1031.63,48411.0,16426.0,16426.0
1271,179.630,105.270,179.63,105.27,1031.63,45869.0,14181.0,14181.0
1272,179.630,105.270,179.63,105.27,1031.63,50502.0,19409.0,19409.0
1273,179.630,105.270,179.63,105.27,1031.63,51806.0,19583.0,19583.0
1274,179.630,105.270,179.63,105.27,1031.63,47457.0,17255.0,17255.0
1275,179.630,105.270,179.63,105.27,1031.63,53817.0,21286.0,21286.0
1276,179.630,105.270,179.63,105.27,1031.63,49112.0,16946.0,16946.0
1277,179.630,105.270,179.63,105.27,1031.63,52000.0,19255.0,19255.0
1278,179.630,105.270,179.63,105.27,1031.63,45080.0,12909.0,12909.0
1279,179.630,105.270,179.63,105.27,1031.63,53532.0,22600.0,22600.0
1280,179.630,105.270,179.63,105.27,1031.63,50259.0,19017.0,19017.0
1281,179.630,105.270,179.63,105.27,1031.63,45323.0,13186.0,13186.0
1282,179.630,105.270,179.63,105.27,1031.63,51303.0,17847.0,17847.0
1283,179.630,105.270,179.63,105.27,1031.63,51280.0,18951.0,18951.0
1284,179.630,105.270,179.63,105.27,1031.63,52729.0,19685.0,19685.0
1285,179.630,105.270,179.63,105.27,1031.63,55059.0,21220.0,21220.0
1286,179.630,105.270,179.63,105.27,1031.63,51916.0,20372.0,20372.0
1287,179.630,105.270,179.63,105.27,1031.63,55657.0,23299.0,23299.0
1288,179.630,105.270,179.63,105.27,1031.63,50758.0,18815.0,18815.0
1289,179.630,105.270,179.63,105.27,1031.63,48522.0,16875.0,16875.0
1290,179.630,105.270,179.63,105.27,1031.63,44645.0,13254.0,13254.0
1291,179.630,105.270,179.63,105.27,1031.63,50374.0,17743.0,17743.0
1292,179.630,105.270,179.63,105.27,1031.63,47094.0,14975.0,14975.0
1293,179.630,105.270,179.63,105.27,1031.63,45190.0,15463.0,15463.0
1294,179.630,105.270,179.63,105.27,1031.63,43907.0,12979.0,12979.0
1295,179.630,105.270,179.63,105.27,1031.63,51551.0,19308.0,19308.0
1296,179.630,105.270,179.63,105.27,1031.63,41956.0,11384.0,11384.0
1297,179.630,105.270,179.63,105.27,1031.63,45511.0,14999.0,14999.0
1298,179.630,105.270,179.63,105.27,1031.63,42305.0,11241.0,11241.0
1299,179.630,105.270,179.63,105.27,1031.63,38057.0,7299.0,7299.0
1300,179.630,105.270,179.63,105.27,1031.63,44674.0,13736.0,13736.0
1301,179.630,105.270,179.63,105.27,1031.63,43403.0,12611.0,12611.0
1302,179.630,105.270,179.63,105.27,1031.63,47035.0,15240.0,15240.0
1303,179.630,105.270,179.63,105.27,1031.63,42576.0,10598.0,10598.0
1304,179.630,105.270,179.63,105.27,1031.63,41067.0,10370.0,10370.0
1305,179.630,105.270,179.63,105.27,1031.63,50987.0,17687.0,17687.0
1306,179.630,105.270,179.63,105.27,1031.63,49437.0,17031.0,17031.0
1307,179.630,105.270,179.63,105.27,1031.63,46203.0,13750.0,13750.0
1308,179.630,105.270,179.63,105.27,1031.63,48542.0,15591.0,15591.0
1309,179.630,105.270,179.63,105.27,1031.63,47903.0,16772.0,16772.0
1310,179.630,105.270,179.63,105.27,1031.63,47059.0,15515.0,15515.0
1311,179.630,105.270,179.63,105.27,1031.63,47784.0,15102.0,15102.0
1312,179.630,105.270,179.63,105.27,1031.63,45306.0,14936.0,14936.0
1313,179.630,105.270,179.63,105.27,1031.63,48718.0,16921.0,16921.0
1314,179.630,105.270,179.63,105.27,1031.63,52810.0,20483.0,20483.0
1315,179.630,105.270,179.63,105.27,1031.63,41728.0,11034.0,11034.0
1316,179.630,105.270,179.63,105.27,1031.63,54585.0,21861.0,21861.0
1317,179.630,105.270,179.63,105.27,1031.63,57399.0,23855.0,23855.0
1318,179.630,105.270,179.63,105.27,1031.63,50649.0,17449.0,17449.0
1319,179.630,105.270,179.63,105.27,1031.63,50350.0,16916.0,16916.0
1320,179.630,105.270,179.63,105.27,1031.63,48214.0,16614.0,16614.0
1321,179.630,105.270,179.63,105.27,1031.63,49561.0,17531.0,17531.0
1322,179.630,105.270,179.63,105.27,1031.63,53160.0,19483.0,19483.0
1323,179.630,105.270,179.63,105.27,1031.63,41695.0,11528.0,11528.0
1324,179.630,105.270,179.63,105.27,1031.63,43751.0,12969.0,12969.0
1325,179.630,105.270,179.63,105.27,1031.63,45772.0,15308.0,15308.0
1326,179.630,105.270,179.63,105.27,1031.63,47608.0,15862.0,15862.0
1327,179.630,105.270,179.63,105.27,1031.63,46032.0,13953.0,13953.0
1328,179.630,105.270,179.63,105.27,1031.63,41603.0,10838.0,10838.0
1329,179.630,105.270,179.63,105.27,1031.63,46793.0,14989.0,14989.0
1330,179.630,105.270,179.63,105.27,1031.63,41659.0,10834.0,10834.0
1331,179.630,105.270,179.63,105.27,1031.63,44854.0,12931.0,12931.0
1332,179.630,105.270,179.63,105.27,1031.63,44478.0,13740.0,13740.0
1333,179.630,105.270,179.63,105.27,1031.63,45202.0,13180.0,13180.0
1334,179.630,105.270,179.63,105.27,1031.63,50036.0,17844.0,17844.0
1335,179.630,105.270,179.63,105.27,1031.63,50199.0,18014.0,18014.0
1336,179.630,105.270,179.63,105.27,1031.63,47662.0,15781.0,15781.0
1337,179.630,105.270,179.63,105.27,1031.63,51835.0,20585.0,20585.0
1338,179.630,105.270,179.63,105.27,1031.63,49704.0,18206.0,18206.0
1339,179.630,105.270,179.63,105.27,1031.63,48314.0,15353.0,15353.0
1340,179.630,105.270,179.63,105.27,1031.63,50440.0,18756.0,18756.0
1341,179.630,105.270,179.63,105.27,1031.63,53933.0,20730.0,20730.0
1342,179.630,105.270,179.63,105.27,1031.63,51925.0,19368.0,19368.0
1343,179.630,105.270,179.63,105.27,1031.63,49278.0,17080.0,17080.0
1344,179.630,105.270,179.63,105.27,1031.63,52503.0,18887.0,18887.0
1345,179.630,105.270,179.63,105.27,1031.63,47914.0,14911.0,14911.0
1346,179.630,105.270,179.63,105.27,1031.63,52575.0,19174.0,19174.0
1347,179.630,105.270,179.63,105.27,1031.63,44800.0,12545.0,12545.0
1348,179.630,105.270,179.63,105.27,1031.63,47663.0,16842.0,16842.0
1349,179.630,105.270,179.63,105.27,1031.63,43596.0,10831.0,10831.0
1350,179.630,105.270,179.63,105.27,1031.63,42889.0,11158.0,11158.0
1351,179.630,105.270,179.63,105.27,1031.63,46609.0,14619.0,14619.0
1352,179.630,105.270,179.63,105.27,1031.63,41315.0,9505.0,9505.0
1353,179.630,105.270,179.63,105.27,1031.63,43645.0,12143.0,12143.0
1354,179.630,105.270,179.63,105.27,1031.63,46245.0,15272.0,15272.0
1355,179.630,105.270,179.63,105.27,1031.63,52404.0,18812.0,18812.0
1356,179.630,105.270,179.63,105.27,1031.63,51531.0,18438.0,18438.0
1357,179.630,105.270,179.63,105.27,1031.63,46774.0,14052.0,14052.0
1358,179.630,105.270,179.63,105.27,1031.63,49932.0,16619.0,16619.0
1359,179.630,105.270,179.63,105.27,1031.63,40414.0,9699.0,9699.0
1360,179.630,105.270,179.63,105.27,1031.63,44125.0,12228.0,12228.0
1361,179.630,105.270,179.63,105.27,1031.63,44589.0,13084.0,13084.0
1362,179.630,105.270,179.63,105.27,1031.63,51983.0,18991.0,18991.0
1363,179.630,105.270,179.63,105.27,1031.63,53326.0,19830.0,19830.0
1364,179.630,105.270,179.63,105.27,1031.63,53662.0,19986.0,19986.0
1365,179.630,105.270,179.63,105.27,1031.63,56696.0,23379.0,23379.0
1366,179.630,105.270,179.63,105.27,1031.63,52946.0,20392.0,20392.0
1367,179.630,105.270,179.63,105.27,1031.63,52499.0,19400.0,19400.0
1368,179.630,105.270,179.63,105.27,1031.63,54914.0,21153.0,21153.0
1369,179.630,105.270,179.63,105.27,1031.63,54352.0,21152.0,21152.0
1370,179.630,105.270,179.63,105.27,1031.63,58690.0,24451.0,24451.0
1371,179.630,105.270,179.63,105.27,1031.63,53630.0,20822.0,20822.0
1372,179.630,105.270,179.63,105.27,1031.63,62733.0,28270.0,28270.0
1373,179.630,105.270,179.63,105.27,1031.63,56043.0,22294.0,22294.0
1374,179.630,105.270,179.63,105.27,1031.63,54574.0,21728.0,21728.0
1375,179.630,105.270,179.63,105.27,1031.63,54494.0,21716.0,21716.0
1376,179.630,105.270,179.63,105.27,1031.63,51770.0,18970.0,18970.0
1377,179.630,105.270,179.63,105.27,1031.63,53441.0,20507.0,20507.0
1378,179.630,105.270,179.63,105.27,1031.63,54439.0,20760.0,20760.0
1379,179.630,105.270,179.63,105.27,1031.63,57569.0,24457.0,24457.0
1380,179.630,105.270,179.63,105.27,1031.63,57000.0,23637.0,23637.0
1381,179.630,105.270,179.63,105.27,1031.63,59905.0,26528.0,26528.0
1382,179.630,105.270,179.63,105.27,1031.63,49722.0,16656.0,16656.0
1383,179.630,105.270,179.63,105.27,1031.63,42622.0,10966.0,10966.0
1384,179.630,105.270,179.63,105.27,1031.63,50399.0,17297.0,17297.0
1385,179.630,105.270,179.63,105.27,1031.63,50984.0,17657.0,17657.0
1386,179.630,105.270,179.63,105.27,1031.63,49108.0,15345.0,15345.0
1387,179.630,105.270,179.63,105.27,1031.63,49768.0,17813.0,17813.0
1388,179.630,105.270,179.63,105.27,1031.63,44984.0,11773.0,11773.0
1389,179.630,105.270,179.63,105.27,1031.63,47184.0,14290.0,14290.0
1390,179.630,105.270,179.63,105.27,1031.63,46428.0,13733.0,13733.0
1391,179.630,105.270,179.63,105.27,1031.63,41014.0,8182.0,8182.0
1392,179.630,105.270,179.63,105.27,1031.63,48715.0,15872.0,15872.0
1393,179.630,105.270,179.63,105.27,1031.63,44909.0,12476.0,12476.0
1394,179.630,105.270,179.63,105.27,1031.63,45218.0,12462.0,12462.0
1395,179.630,105.270,179.63,105.27,1031.63,42265.0,10536.0,10536.0
1396,179.630,105.270,179.63,105.27,1031.63,47310.0,14019.0,14019.0
1397,179.630,105.270,179.63,105.27,1031.63,47739.0,15032.0,15032.0
1398,179.630,105.270,179.63,105.27,1031.63,43879.0,11179.0,11179.0
