id,avg_x,avg_y,x,y,bg,Square_intensity,circular_intensity,Gaussian_intensity
1,35.810,17.570,36.48,18.13,1061.96,60342.0,26765.0,26765.0
2,35.810,17.570,36.29,18.12,1061.96,61724.0,26762.0,26762.0
3,35.810,17.570,36.32,18.02,1061.96,64988.0,29991.0,29991.0
4,35.810,17.570,36.39,18.21,1061.96,61300.0,28270.0,28270.0
5,35.810,17.570,36.43,18.18,1061.96,55466.0,22852.0,22852.0
6,35.810,17.570,36.45,18.1,1061.96,62704.0,29498.0,29498.0
7,35.810,17.570,36.32,18.23,1061.96,54844.0,21025.0,21025.0
8,35.810,17.570,36.44,18.03,1061.96,59125.0,27486.0,27486.0
9,35.810,17.570,36.24,18.23,1061.96,60152.0,27048.0,27048.0
10,35.810,17.570,36.16,18.11,1061.96,60415.0,27463.0,27463.0
11,35.810,17.570,36.23,18.12,1061.96,57541.0,23863.0,23863.0
12,35.810,17.570,36.45,18.19,1061.96,60431.0,26795.0,26795.0
13,35.810,17.570,36.4,18.27,1061.96,60587.0,28266.0,28266.0
14,35.810,17.570,36.39,18.24,1061.96,56943.0,24134.0,24134.0
15,35.810,17.570,36.46,17.96,1061.96,56803.0,24513.0,24513.0
16,35.810,17.570,36.27,18.25,1061.96,59054.0,25383.0,25383.0
17,35.810,17.570,36.47,18.04,1061.96,56157.0,24748.0,24748.0
18,35.810,17.570,36.18,18.19,1061.96,57596.0,25171.0,25171.0
19,35.810,17.570,36.24,18.42,1061.96,58807.0,25552.0,25552.0
20,35.810,17.570,36.44,18.38,1061.96,56025.0,21982.0,21982.0
21,35.810,17.570,36.4,18.11,1061.96,60626.0,28093.0,28093.0
22,35.810,17.570,36.47,17.98,1061.96,58054.0,24712.0,24712.0
23,35.810,17.570,36.43,18.08,1061.96,56005.0,22371.0,22371.0
24,35.810,17.570,36.65,18.27,1061.96,54440.0,20559.0,20559.0
25,35.810,17.570,36.38,18.1,1061.96,56547.0,23609.0,23609.0
26,35.810,17.570,36.3,18.19,1061.96,55257.0,21115.0,21115.0
27,35.810,17.570,36.35,18.47,1061.96,56263.0,21164.0,21164.0
28,35.810,17.570,36.26,18.23,1061.96,56162.0,23140.0,23140.0
29,35.810,17.570,36.36,18.08,1061.96,58266.0,24331.0,24331.0
30,35.810,17.570,36.2,18.19,1061.96,57883.0,24246.0,24246.0
31,35.810,17.570,36.33,18.04,1061.96,55810.0,22254.0,22254.0
32,35.810,17.570,36.36,18.09,1061.96,54986.0,22084.0,22084.0
33,35.810,17.570,36.24,18.19,1061.96,57420.0,23911.0,23911.0
34,35.810,17.570,36.28,18.12,1061.96,58133.0,23985.0,23985.0
35,35.810,17.570,36.33,18.04,1061.96,56216.0,22383.0,22383.0
36,35.810,17.570,36.56,18.07,1061.96,59112.0,25725.0,25725.0
37,35.810,17.570,36.31,18.37,1061.96,62711.0,28995.0,28995.0
38,35.810,17.570,36.26,18.01,1061.96,55353.0,21463.0,21463.0
39,35.810,17.570,36.3,18.21,1061.96,51893.0,18382.0,18382.0
40,35.810,17.570,36.34,18.18,1061.96,55764.0,21977.0,21977.0
41,35.810,17.570,36.19,17.99,1061.96,54968.0,19575.0,19575.0
42,35.810,17.570,36.14,18.07,1061.96,56231.0,22611.0,22611.0
43,35.810,17.570,36.49,18.07,1061.96,59679.0,26750.0,26750.0
44,35.810,17.570,36.3,18.04,1061.96,55753.0,21340.0,21340.0
45,35.810,17.570,36.28,18.25,1061.96,51351.0,18932.0,18932.0
46,35.810,17.570,36.29,18.32,1061.96,53749.0,20741.0,20741.0
47,35.810,17.570,36.17,18.02,1061.96,54554.0,21243.0,21243.0
48,35.810,17.570,36.27,18.14,1061.96,54921.0,21146.0,21146.0
49,35.810,17.570,36.12,18.31,1061.96,54897.0,20818.0,20818.0
50,35.810,17.570,36.3,18.21,1061.96,55250.0,22634.0,22634.0
51,35.810,17.570,36.18,17.88,1061.96,57791.0,23382.0,23382.0
52,35.810,17.570,36.55,18.27,1061.96,52652.0,19971.0,19971.0
53,35.810,17.570,36.19,18.22,1061.96,56295.0,23655.0,23655.0
54,35.810,17.570,36.33,18.15,1061.96,55444.0,21458.0,21458.0
55,35.810,17.570,36.21,18.16,1061.96,58733.0,24258.0,24258.0
56,35.810,17.570,36.27,17.98,1061.96,55982.0,21558.0,21558.0
57,35.810,17.570,36.03,18.14,1061.96,61146.0,26326.0,26326.0
58,35.810,17.570,36.41,18.24,1061.96,57286.0,24624.0,24624.0
59,35.810,17.570,36.2,18.26,1061.96,55977.0,23313.0,23313.0
60,35.810,17.570,36.29,18.11,1061.96,53077.0,19895.0,19895.0
61,35.810,17.570,36.28,18.09,1061.96,57647.0,24418.0,24418.0
62,35.810,17.570,36.25,18.15,1061.96,59393.0,24707.0,24707.0
63,35.810,17.570,36.32,18.09,1061.96,51952.0,19088.0,19088.0
64,35.810,17.570,36.33,18.08,1061.96,58300.0,24257.0,24257.0
65,35.810,17.570,36.14,18.07,1061.96,55075.0,21438.0,21438.0
66,35.810,17.570,36.24,18.12,1061.96,53473.0,19404.0,19404.0
67,35.810,17.570,36.03,17.99,1061.96,55313.0,21641.0,21641.0
68,35.810,17.570,36.28,18.25,1061.96,55867.0,22719.0,22719.0
69,35.810,17.570,36.25,18.19,1061.96,58820.0,25330.0,25330.0
70,35.810,17.570,36.08,18.08,1061.96,55242.0,20610.0,20610.0
71,35.810,17.570,36.13,18.03,1061.96,56478.0,22995.0,22995.0
72,35.810,17.570,36.18,18.04,1061.96,56937.0,22699.0,22699.0
73,35.810,17.570,36.09,17.92,1061.96,54318.0,20137.0,20137.0
74,35.810,17.570,36.38,18.38,1061.96,56471.0,23145.0,23145.0
75,35.810,17.570,36.12,18.05,1061.96,51495.0,18876.0,18876.0
76,35.810,17.570,36.19,18.1,1061.96,53510.0,20368.0,20368.0
77,35.810,17.570,36.24,18.11,1061.96,55080.0,22882.0,22882.0
78,35.810,17.570,36.23,18.15,1061.96,56168.0,23298.0,23298.0
79,35.810,17.570,36.18,18.16,1061.96,53452.0,20740.0,20740.0
80,35.810,17.570,36.16,18.33,1061.96,57376.0,24312.0,24312.0
81,35.810,17.570,36.18,18.15,1061.96,56042.0,24365.0,24365.0
82,35.810,17.570,36.23,18.17,1061.96,57557.0,23843.0,23843.0
83,35.810,17.570,36.13,18.16,1061.96,57333.0,24062.0,24062.0
84,35.810,17.570,36.1,18.11,1061.96,53820.0,19642.0,19642.0
85,35.810,17.570,36.14,18.08,1061.96,53646.0,21200.0,21200.0
86,35.810,17.570,36.16,17.99,1061.96,56790.0,22242.0,22242.0
87,35.810,17.570,36.4,17.84,1061.96,54676.0,20796.0,20796.0
88,35.810,17.570,36.25,18.03,1061.96,54659.0,21870.0,21870.0
89,35.810,17.570,36.36,17.9,1061.96,52305.0,20440.0,20440.0
90,35.810,17.570,36.2,17.92,1061.96,50663.0,17094.0,17094.0
91,35.810,17.570,36.36,18.4,1061.96,52306.0,20020.0,20020.0
92,35.810,17.570,36.31,18.09,1061.96,54536.0,21237.0,21237.0
93,35.810,17.570,36.3,17.95,1061.96,55046.0,21113.0,21113.0
94,35.810,17.570,36.35,18.26,1061.96,51807.0,19437.0,19437.0
95,35.810,17.570,36.38,18.09,1061.96,55314.0,22340.0,22340.0
96,35.810,17.570,36.31,18.09,1061.96,55048.0,21217.0,21217.0
97,35.810,17.570,36.09,18.2,1061.96,52684.0,20211.0,20211.0
98,35.810,17.570,35.97,18.25,1061.96,52839.0,20866.0,20866.0
99,35.810,17.570,35.94,18.14,1061.96,56254.0,22349.0,22349.0
100,35.810,17.570,36.21,18.24,1061.96,53367.0,20916.0,20916.0
101,35.810,17.570,36.27,18.09,1061.96,52912.0,19686.0,19686.0
102,35.810,17.570,36.19,18.05,1061.96,53921.0,22053.0,22053.0
103,35.810,17.570,36.18,18.03,1061.96,53533.0,20516.0,20516.0
104,35.810,17.570,36.07,18.27,1061.96,51774.0,19288.0,19288.0
105,35.810,17.570,36.09,18.06,1061.96,53733.0,21330.0,21330.0
106,35.810,17.570,36.15,18.04,1061.96,55167.0,22281.0,22281.0
107,35.810,17.570,36.14,18.18,1061.96,55629.0,22189.0,22189.0
108,35.810,17.570,36.1,18.16,1061.96,54246.0,21736.0,21736.0
109,35.810,17.570,36.01,18.2,1061.96,53644.0,22330.0,22330.0
110,35.810,17.570,36.09,18.1,1061.96,53653.0,20607.0,20607.0
111,35.810,17.570,36.2,18.09,1061.96,52140.0,20022.0,20022.0
112,35.810,17.570,36.04,18.08,1061.96,52081.0,18505.0,18505.0
113,35.810,17.570,36.17,17.95,1061.96,50362.0,18249.0,18249.0
114,35.810,17.570,36.52,18.07,1061.96,52790.0,19631.0,19631.0
115,35.810,17.570,36.17,17.89,1061.96,50281.0,18137.0,18137.0
116,35.810,17.570,36.13,17.84,1061.96,52231.0,20420.0,20420.0
117,35.810,17.570,36.16,18.13,1061.96,55781.0,23504.0,23504.0
118,35.810,17.570,36.12,18.04,1061.96,48810.0,17085.0,17085.0
119,35.810,17.570,36.24,18.07,1061.96,56025.0,23867.0,23867.0
120,35.810,17.570,36.07,18.23,1061.96,52022.0,21409.0,21409.0
121,35.810,17.570,36.15,18.05,1061.96,51359.0,17935.0,17935.0
122,35.810,17.570,36.19,17.99,1061.96,50190.0,18959.0,18959.0
123,35.810,17.570,36.09,18.05,1061.96,52618.0,19235.0,19235.0
124,35.810,17.570,36.27,17.94,1061.96,50641.0,18640.0,18640.0
125,35.810,17.570,36.02,18.05,1061.96,51239.0,19753.0,19753.0
126,35.810,17.570,36.18,17.98,1061.96,52436.0,20253.0,20253.0
127,35.810,17.570,36.55,17.8,1061.96,51864.0,19760.0,19760.0
128,35.810,17.570,36.18,18.04,1061.96,49099.0,16368.0,16368.0
129,35.810,17.570,36.26,18.13,1061.96,47306.0,15991.0,15991.0
130,35.810,17.570,36.17,17.99,1061.96,49377.0,17953.0,17953.0
131,35.810,17.570,36.19,17.94,1061.96,49200.0,17572.0,17572.0
132,35.810,17.570,36.12,18.06,1061.96,51732.0,20742.0,20742.0
133,35.810,17.570,36.38,18,1061.96,44422.0,14308.0,14308.0
134,35.810,17.570,36.54,18,1061.96,36868.0,7514.0,7514.0
135,35.810,17.570,36.13,18.35,1061.96,42462.0,12058.0,12058.0
136,35.810,17.570,36.52,17.76,1061.96,39256.0,9661.0,9661.0
137,35.810,17.570,36.33,18.46,1061.96,38645.0,9657.0,9657.0
138,35.810,17.570,36.18,18.47,1061.96,39560.0,9949.0,9949.0
139,35.810,17.570,36.21,17.93,1061.96,38241.0,8856.0,8856.0
140,35.810,17.570,36.31,18.15,1061.96,41150.0,12215.0,12215.0
141,35.810,17.570,36.14,17.92,1061.96,40986.0,10651.0,10651.0
142,35.810,17.570,36.45,17.79,1061.96,40092.0,11085.0,11085.0
143,35.810,17.570,36.22,18.18,1061.96,38073.0,9111.0,9111.0
144,35.810,17.570,36,17.94,1061.96,40105.0,10928.0,10928.0
145,35.810,17.570,36.22,18.03,1061.96,37948.0,9490.0,9490.0
146,35.810,17.570,36.07,18.02,1061.96,41236.0,11930.0,11930.0
147,35.810,17.570,36.16,18,1061.96,41595.0,11373.0,11373.0
148,35.810,17.570,36.2,18.17,1061.96,44978.0,14294.0,14294.0
149,35.810,17.570,36.17,18.01,1061.96,40669.0,9317.0,9317.0
150,35.810,17.570,36.09,17.89,1061.96,42360.0,12180.0,12180.0
151,35.810,17.570,36.5,17.98,1061.96,41070.0,11604.0,11604.0
152,35.810,17.570,36.45,18.19,1061.96,42444.0,12594.0,12594.0
153,35.810,17.570,36.1,18.13,1061.96,42298.0,12702.0,12702.0
154,35.810,17.570,36.02,18.01,1061.96,44095.0,13691.0,13691.0
155,35.810,17.570,36.2,18.04,1061.96,41058.0,12109.0,12109.0
156,35.810,17.570,36.18,18.15,1061.96,42213.0,13301.0,13301.0
157,35.810,17.570,36.27,17.93,1061.96,42692.0,11781.0,11781.0
158,35.810,17.570,36.24,17.97,1061.96,40950.0,11516.0,11516.0
159,35.810,17.570,36,17.8,1061.96,39593.0,9962.0,9962.0
160,35.810,17.570,36.17,17.88,1061.96,39713.0,9439.0,9439.0
161,35.810,17.570,36,18.02,1061.96,39974.0,10675.0,10675.0
162,35.810,17.570,36.07,18.15,1061.96,44040.0,12434.0,12434.0
163,35.810,17.570,36.14,17.99,1061.96,41907.0,11024.0,11024.0
164,35.810,17.570,35.92,18.19,1061.96,40204.0,9767.0,9767.0
165,35.810,17.570,35.58,18.3,1061.96,39856.0,10236.0,10236.0
166,35.810,17.570,36.21,17.88,1061.96,43435.0,13777.0,13777.0
167,35.810,17.570,36.31,18.4,1061.96,44304.0,13016.0,13016.0
168,35.810,17.570,36.05,17.97,1061.96,42778.0,12896.0,12896.0
169,35.810,17.570,35.92,17.98,1061.96,43936.0,12795.0,12795.0
170,35.810,17.570,36.24,18.02,1061.96,43578.0,13887.0,13887.0
171,35.810,17.570,36.01,18,1061.96,41100.0,10856.0,10856.0
172,35.810,17.570,36.15,18,1061.96,40992.0,11754.0,11754.0
173,35.810,17.570,36.38,17.5,1061.96,39909.0,11534.0,11534.0
174,35.810,17.570,36.25,17.92,1061.96,43584.0,13344.0,13344.0
175,35.810,17.570,36.34,17.6,1061.96,41580.0,12704.0,12704.0
176,35.810,17.570,36.16,18.06,1061.96,40901.0,11291.0,11291.0
177,35.810,17.570,36.07,17.93,1061.96,41750.0,12750.0,12750.0
178,35.810,17.570,36.2,18.45,1061.96,43785.0,12875.0,12875.0
179,35.810,17.570,36.2,17.97,1061.96,41969.0,13180.0,13180.0
180,35.810,17.570,36.32,17.81,1061.96,39022.0,9063.0,9063.0
181,35.810,17.570,36.2,18.09,1061.96,42324.0,13013.0,13013.0
182,35.810,17.570,36.19,17.92,1061.96,45330.0,15924.0,15924.0
183,35.810,17.570,36.05,18.08,1061.96,38944.0,9553.0,9553.0
184,35.810,17.570,35.96,18.02,1061.96,42486.0,11283.0,11283.0
185,35.810,17.570,36.2,18.2,1061.96,40940.0,11189.0,11189.0
186,35.810,17.570,36.11,17.79,1061.96,40308.0,11412.0,11412.0
187,35.810,17.570,35.97,18.03,1061.96,42971.0,12725.0,12725.0
188,35.810,17.570,35.96,17.8,1061.96,41650.0,12525.0,12525.0
189,35.810,17.570,36.02,17.96,1061.96,40049.0,11563.0,11563.0
190,35.810,17.570,36.28,17.97,1061.96,40196.0,10914.0,10914.0
191,35.810,17.570,36.44,17.55,1061.96,39373.0,10558.0,10558.0
192,35.810,17.570,36.27,17.91,1061.96,40195.0,11473.0,11473.0
193,35.810,17.570,36.3,18.38,1061.96,42842.0,13167.0,13167.0
194,35.810,17.570,36.08,18.19,1061.96,40759.0,11751.0,11751.0
195,35.810,17.570,36.13,18.07,1061.96,39607.0,10798.0,10798.0
196,35.810,17.570,36.05,17.95,1061.96,39930.0,10873.0,10873.0
197,35.810,17.570,36.11,17.96,1061.96,41209.0,11122.0,11122.0
198,35.810,17.570,35.89,18.19,1061.96,41025.0,12886.0,12886.0
199,35.810,17.570,36.36,17.62,1061.96,43655.0,13948.0,13948.0
200,35.810,17.570,36.17,18.08,1061.96,42731.0,12478.0,12478.0
201,35.810,17.570,36.11,17.86,1061.96,42142.0,12743.0,12743.0
202,35.810,17.570,36.31,17.99,1061.96,39165.0,9573.0,9573.0
203,35.810,17.570,36.38,18,1061.96,41960.0,11503.0,11503.0
204,35.810,17.570,36.14,17.98,1061.96,42474.0,12390.0,12390.0
205,35.810,17.570,35.97,18.13,1061.96,40381.0,10273.0,10273.0
206,35.810,17.570,35.96,18.01,1061.96,39121.0,10847.0,10847.0
207,35.810,17.570,36.14,18.05,1061.96,43607.0,14520.0,14520.0
208,35.810,17.570,36.06,17.82,1061.96,43502.0,13650.0,13650.0
209,35.810,17.570,35.95,18.11,1061.96,39853.0,11181.0,11181.0
210,35.810,17.570,36.35,18.19,1061.96,39774.0,10957.0,10957.0
211,35.810,17.570,35.71,18.4,1061.96,40486.0,11596.0,11596.0
212,35.810,17.570,36.16,18.26,1061.96,40749.0,11667.0,11667.0
213,35.810,17.570,35.82,17.94,1061.96,39817.0,11045.0,11045.0
214,35.810,17.570,36,17.94,1061.96,42807.0,13796.0,13796.0
215,35.810,17.570,36.05,18.02,1061.96,40937.0,11596.0,11596.0
216,35.810,17.570,36.08,17.62,1061.96,38702.0,9961.0,9961.0
217,35.810,17.570,36.17,18.03,1061.96,41763.0,12683.0,12683.0
218,35.810,17.570,36.43,18.44,1061.96,40635.0,11523.0,11523.0
219,35.810,17.570,36.27,17.56,1061.96,42457.0,13622.0,13622.0
220,35.810,17.570,36.16,17.96,1061.96,38728.0,10316.0,10316.0
221,35.810,17.570,36.04,17.99,1061.96,40758.0,12489.0,12489.0
222,35.810,17.570,36.01,17.91,1061.96,40289.0,11091.0,11091.0
223,35.810,17.570,36.32,18.17,1061.96,39052.0,10308.0,10308.0
224,35.810,17.570,36.26,18.02,1061.96,43066.0,13634.0,13634.0
225,35.810,17.570,35.91,17.99,1061.96,39811.0,10763.0,10763.0
226,35.810,17.570,36.08,17.92,1061.96,39012.0,10580.0,10580.0
227,35.810,17.570,36.15,17.92,1061.96,38661.0,9121.0,9121.0
228,35.810,17.570,36.05,17.74,1061.96,41087.0,12321.0,12321.0
229,35.810,17.570,36.41,17.75,1061.96,40869.0,11464.0,11464.0
230,35.810,17.570,36.06,17.95,1061.96,36850.0,8404.0,8404.0
231,35.810,17.570,36.39,18.27,1061.96,37646.0,8538.0,8538.0
232,35.810,17.570,36.09,17.74,1061.96,40960.0,11467.0,11467.0
233,35.810,17.570,35.9,17.83,1061.96,37968.0,9509.0,9509.0
234,35.810,17.570,35.82,18.1,1061.96,38148.0,9825.0,9825.0
235,35.810,17.570,36.06,18.03,1061.96,40247.0,10260.0,10260.0
236,35.810,17.570,36.21,17.93,1061.96,37412.0,9591.0,9591.0
237,35.810,17.570,36.05,18,1061.96,39201.0,9906.0,9906.0
238,35.810,17.570,36.08,18.41,1061.96,38177.0,9204.0,9204.0
239,35.810,17.570,36.06,17.98,1061.96,39123.0,11179.0,11179.0
240,35.810,17.570,35.99,18.02,1061.96,35975.0,7334.0,7334.0
241,35.810,17.570,36.5,18.15,1061.96,38244.0,9327.0,9327.0
242,35.810,17.570,36.24,18.04,1061.96,37834.0,9072.0,9072.0
243,35.810,17.570,36.22,17.88,1061.96,38443.0,8971.0,8971.0
244,35.810,17.570,36.28,17.98,1061.96,37640.0,10001.0,10001.0
245,35.810,17.570,35.99,17.93,1061.96,35458.0,7009.0,7009.0
246,35.810,17.570,35.93,18,1061.96,37470.0,9192.0,9192.0
247,35.810,17.570,36.19,17.78,1061.96,38599.0,10220.0,10220.0
248,35.810,17.570,35.92,17.96,1061.96,39490.0,11371.0,11371.0
249,35.810,17.570,36.03,17.91,1061.96,40616.0,11313.0,11313.0
250,35.810,17.570,36.05,17.96,1061.96,40268.0,10342.0,10342.0
251,35.810,17.570,36.01,17.75,1061.96,36473.0,8101.0,8101.0
252,35.810,17.570,36.4,17.58,1061.96,36049.0,7845.0,7845.0
253,35.810,17.570,36.14,18.21,1061.96,37006.0,9192.0,9192.0
254,35.810,17.570,36.24,17.89,1061.96,37946.0,9385.0,9385.0
255,35.810,17.570,36.48,18.06,1061.96,36878.0,8288.0,8288.0
256,35.810,17.570,36.39,17.61,1061.96,38208.0,10033.0,10033.0
257,35.810,17.570,36.06,18.4,1061.96,35906.0,7639.0,7639.0
258,35.810,17.570,36.36,18.15,1061.96,38412.0,9395.0,9395.0
259,35.810,17.570,35.84,17.75,1061.96,37512.0,8392.0,8392.0
260,35.810,17.570,35.64,18.4,1061.96,36734.0,9099.0,9099.0
261,35.810,17.570,36.13,17.97,1061.96,37773.0,9050.0,9050.0
262,35.810,17.570,36.12,18.12,1061.96,36591.0,8888.0,8888.0
263,35.810,17.570,36.16,17.82,1061.96,36433.0,7934.0,7934.0
264,35.810,17.570,36.08,18.01,1061.96,37972.0,9079.0,9079.0
265,35.810,17.570,36.28,17.95,1061.96,41279.0,12454.0,12454.0
266,35.810,17.570,36.41,18.4,1061.96,37064.0,9196.0,9196.0
267,35.810,17.570,36.48,18.13,1061.96,34220.0,5781.0,5781.0
268,35.810,17.570,35.89,18.07,1061.96,39016.0,9098.0,9098.0
269,35.810,17.570,36.62,17.98,1061.96,35401.0,7450.0,7450.0
270,35.810,17.570,36.01,17.98,1061.96,35497.0,7566.0,7566.0
271,35.810,17.570,35.9,17.9,1061.96,36123.0,7910.0,7910.0
272,35.810,17.570,35.9,17.83,1061.96,38806.0,9472.0,9472.0
273,35.810,17.570,35.68,18.09,1061.96,36139.0,7345.0,7345.0
274,35.810,17.570,35.95,17.92,1061.96,40948.0,11520.0,11520.0
275,35.810,17.570,36.14,17.9,1061.96,36359.0,7838.0,7838.0
276,35.810,17.570,36.08,17.99,1061.96,38473.0,10489.0,10489.0
277,35.810,17.570,36.13,17.94,1061.96,39448.0,9753.0,9753.0
278,35.810,17.570,36.31,18,1061.96,38994.0,9957.0,9957.0
279,35.810,17.570,36.24,17.96,1061.96,36950.0,8592.0,8592.0
280,35.810,17.570,35.8,18.07,1061.96,38778.0,9624.0,9624.0
281,35.810,17.570,36.19,18.09,1061.96,34207.0,6799.0,6799.0
282,35.810,17.570,36.12,17.99,1061.96,37694.0,8799.0,8799.0
283,35.810,17.570,36.04,17.78,1061.96,37520.0,8287.0,8287.0
284,35.810,17.570,36.31,18.47,1061.96,36205.0,8531.0,8531.0
285,35.810,17.570,35.9,18.23,1061.96,37496.0,8333.0,8333.0
286,35.810,17.570,36.07,18.1,1061.96,37815.0,8765.0,8765.0
287,35.810,17.570,35.63,17.59,1061.96,35502.0,8363.0,8363.0
288,35.810,17.570,36.05,18.33,1061.96,35368.0,8449.0,8449.0
289,35.810,17.570,36.37,17.84,1061.96,38903.0,10510.0,10510.0
290,35.810,17.570,36.1,18.01,1061.96,37741.0,9819.0,9819.0
291,35.810,17.570,36.34,18.31,1061.96,39250.0,10855.0,10855.0
292,35.810,17.570,35.94,17.85,1061.96,37909.0,9742.0,9742.0
293,35.810,17.570,36.41,18.08,1061.96,35697.0,9251.0,9251.0
294,35.810,17.570,36.06,17.88,1061.96,36110.0,7498.0,7498.0
295,35.810,17.570,36.03,17.8,1061.96,37391.0,9952.0,9952.0
296,35.810,17.570,36.11,17.7,1061.96,37239.0,9666.0,9666.0
297,35.810,17.570,35.89,17.97,1061.96,38614.0,10000.0,10000.0
298,35.810,17.570,36.08,18.11,1061.96,37839.0,10089.0,10089.0
299,35.810,17.570,36.37,17.97,1061.96,34539.0,6715.0,6715.0
300,35.810,17.570,36.27,18.05,1061.96,35428.0,6343.0,6343.0
301,35.810,17.570,36.45,17.85,1061.96,37965.0,9307.0,9307.0
302,35.810,17.570,36.1,17.95,1061.96,37525.0,9378.0,9378.0
303,35.810,17.570,36.07,18.02,1061.96,35601.0,8735.0,8735.0
304,35.810,17.570,36.12,17.93,1061.96,36819.0,8916.0,8916.0
305,35.810,17.570,36.16,17.97,1061.96,38468.0,10153.0,10153.0
306,35.810,17.570,36.48,17.61,1061.96,36466.0,7674.0,7674.0
307,35.810,17.570,36.51,17.69,1061.96,36280.0,9065.0,9065.0
308,35.810,17.570,36.02,17.84,1061.96,37911.0,9335.0,9335.0
309,35.810,17.570,36.07,17.77,1061.96,38636.0,10390.0,10390.0
310,35.810,17.570,36.07,18.07,1061.96,36760.0,9109.0,9109.0
311,35.810,17.570,36.06,17.87,1061.96,39890.0,11034.0,11034.0
312,35.810,17.570,35.51,18.02,1061.96,34484.0,7757.0,7757.0
313,35.810,17.570,36.5,17.71,1061.96,37658.0,9354.0,9354.0
314,35.810,17.570,36.11,17.89,1061.96,37679.0,9755.0,9755.0
315,35.810,17.570,36.38,18.05,1061.96,37121.0,8535.0,8535.0
316,35.810,17.570,35.92,18.07,1061.96,39056.0,10774.0,10774.0
317,35.810,17.570,36.14,17.87,1061.96,36953.0,9380.0,9380.0
318,35.810,17.570,36.05,17.96,1061.96,36579.0,8193.0,8193.0
319,35.810,17.570,36.17,17.78,1061.96,35122.0,6903.0,6903.0
320,35.810,17.570,36.22,17.53,1061.96,36982.0,8871.0,8871.0
321,35.810,17.570,35.88,17.95,1061.96,37493.0,9372.0,9372.0
322,35.810,17.570,36.11,17.83,1061.96,36333.0,8738.0,8738.0
323,35.810,17.570,36.03,17.96,1061.96,38196.0,9259.0,9259.0
324,35.810,17.570,36.01,17.63,1061.96,36093.0,8277.0,8277.0
325,35.810,17.570,36.08,17.92,1061.96,35935.0,7965.0,7965.0
326,35.810,17.570,36.48,18.13,1061.96,35692.0,7616.0,7616.0
327,35.810,17.570,35.78,17.5,1061.96,36246.0,8201.0,8201.0
328,35.810,17.570,36.42,17.77,1061.96,35524.0,7458.0,7458.0
329,35.810,17.570,36.41,17.5,1061.96,37930.0,10036.0,10036.0
330,35.810,17.570,36.23,17.64,1061.96,36373.0,8562.0,8562.0
331,35.810,17.570,36.17,17.93,1061.96,36120.0,8811.0,8811.0
332,35.810,17.570,36.12,17.85,1061.96,38396.0,10301.0,10301.0
333,35.810,17.570,35.95,17.85,1061.96,37837.0,9516.0,9516.0
334,35.810,17.570,35.89,17.95,1061.96,34400.0,6591.0,6591.0
335,35.810,17.570,36.03,18.02,1061.96,38788.0,10631.0,10631.0
336,35.810,17.570,36.46,18.26,1061.96,35783.0,7299.0,7299.0
337,35.810,17.570,36.05,18.03,1061.96,35508.0,6958.0,6958.0
338,35.810,17.570,36.1,17.81,1061.96,35802.0,7476.0,7476.0
339,35.810,17.570,35.93,18.12,1061.96,34195.0,7535.0,7535.0
340,35.810,17.570,36.04,17.83,1061.96,35097.0,7517.0,7517.0
341,35.810,17.570,35.99,17.85,1061.96,38938.0,10213.0,10213.0
342,35.810,17.570,36.32,17.63,1061.96,34662.0,7065.0,7065.0
343,35.810,17.570,36.1,17.89,1061.96,36218.0,7718.0,7718.0
344,35.810,17.570,36.48,18.09,1061.96,38294.0,9933.0,9933.0
345,35.810,17.570,35.98,18.01,1061.96,36045.0,7869.0,7869.0
346,35.810,17.570,35.99,17.77,1061.96,36779.0,9341.0,9341.0
347,35.810,17.570,36.43,18,1061.96,37496.0,9418.0,9418.0
348,35.810,17.570,36.03,17.77,1061.96,35385.0,8283.0,8283.0
349,35.810,17.570,35.99,18.02,1061.96,39399.0,10030.0,10030.0
350,35.810,17.570,36.24,17.92,1061.96,37851.0,10393.0,10393.0
351,35.810,17.570,35.9,18.21,1061.96,36662.0,9338.0,9338.0
352,35.810,17.570,36,17.52,1061.96,37084.0,8586.0,8586.0
353,35.810,17.570,35.87,17.81,1061.96,36265.0,8484.0,8484.0
354,35.810,17.570,35.76,17.8,1061.96,40587.0,12053.0,12053.0
355,35.810,17.570,36.34,17.61,1061.96,38170.0,9379.0,9379.0
356,35.810,17.570,36.27,17.91,1061.96,36812.0,9392.0,9392.0
357,35.810,17.570,35.84,17.83,1061.96,37076.0,9492.0,9492.0
358,35.810,17.570,35.99,18,1061.96,35428.0,6945.0,6945.0
359,35.810,17.570,36.01,17.8,1061.96,36341.0,8695.0,8695.0
360,35.810,17.570,36.02,18.1,1061.96,37372.0,8953.0,8953.0
361,35.810,17.570,36.37,17.51,1061.96,36547.0,8611.0,8611.0
362,35.810,17.570,35.93,17.7,1061.96,35412.0,8302.0,8302.0
363,35.810,17.570,36.12,18.01,1061.96,35027.0,7552.0,7552.0
364,35.810,17.570,36.18,17.85,1061.96,34693.0,7123.0,7123.0
365,35.810,17.570,35.99,18.26,1061.96,35440.0,7650.0,7650.0
366,35.810,17.570,36.48,18.13,1061.96,34982.0,6932.0,6932.0
367,35.810,17.570,36.27,17.57,1061.96,35872.0,8663.0,8663.0
368,35.810,17.570,36.08,18.13,1061.96,35374.0,8380.0,8380.0
369,35.810,17.570,36.01,18.04,1061.96,36896.0,9484.0,9484.0
370,35.810,17.570,36.34,17.56,1061.96,38189.0,9980.0,9980.0
371,35.810,17.570,36.07,18.13,1061.96,34388.0,6301.0,6301.0
372,35.810,17.570,35.66,17.93,1061.96,35123.0,8071.0,8071.0
373,35.810,17.570,36.28,18.48,1061.96,36346.0,8285.0,8285.0
374,35.810,17.570,36.48,18.13,1061.96,35513.0,7206.0,7206.0
375,35.810,17.570,36.19,18.08,1061.96,37328.0,9402.0,9402.0
376,35.810,17.570,35.79,17.59,1061.96,33970.0,6497.0,6497.0
377,35.810,17.570,35.76,18.42,1061.96,38226.0,9986.0,9986.0
378,35.810,17.570,36.48,18.13,1061.96,35336.0,7171.0,7171.0
379,35.810,17.570,36.38,17.49,1061.96,36577.0,8508.0,8508.0
380,35.810,17.570,35.85,17.79,1061.96,36240.0,8630.0,8630.0
381,35.810,17.570,35.99,17.89,1061.96,33018.0,6114.0,6114.0
382,35.810,17.570,36.16,17.96,1061.96,38208.0,10075.0,10075.0
383,35.810,17.570,36.11,17.91,1061.96,36283.0,8590.0,8590.0
384,35.810,17.570,36.04,18.04,1061.96,33410.0,6194.0,6194.0
385,35.810,17.570,35.96,17.97,1061.96,39346.0,9716.0,9716.0
386,35.810,17.570,36.35,17.59,1061.96,36026.0,7025.0,7025.0
387,35.810,17.570,36.12,17.85,1061.96,36012.0,8416.0,8416.0
388,35.810,17.570,36.11,17.85,1061.96,36322.0,9088.0,9088.0
389,35.810,17.570,36.25,17.92,1061.96,35966.0,8565.0,8565.0
390,35.810,17.570,36.43,18.31,1061.96,35516.0,7905.0,7905.0
391,35.810,17.570,36.3,17.56,1061.96,35283.0,7644.0,7644.0
392,35.810,17.570,35.96,17.7,1061.96,37840.0,9059.0,9059.0
393,35.810,17.570,36.11,17.82,1061.96,38709.0,10193.0,10193.0
394,35.810,17.570,35.95,17.77,1061.96,37287.0,10121.0,10121.0
395,35.810,17.570,36.32,18.06,1061.96,37486.0,9182.0,9182.0
396,35.810,17.570,35.61,17.63,1061.96,37145.0,9975.0,9975.0
397,35.810,17.570,36.07,17.84,1061.96,35916.0,8673.0,8673.0
398,35.810,17.570,36.48,18.13,1061.96,32815.0,5854.0,5854.0
399,35.810,17.570,36.14,17.69,1061.96,37246.0,9522.0,9522.0
400,35.810,17.570,36.19,17.86,1061.96,37059.0,7908.0,7908.0
401,35.810,17.570,36.44,18.38,1061.96,37325.0,9804.0,9804.0
402,35.810,17.570,36.13,17.98,1061.96,37833.0,8704.0,8704.0
403,35.810,17.570,36.12,17.67,1061.96,37876.0,9761.0,9761.0
404,35.810,17.570,36.48,18.13,1061.96,35567.0,8688.0,8688.0
405,35.810,17.570,36.02,17.83,1061.96,37242.0,9159.0,9159.0
406,35.810,17.570,36.27,18.37,1061.96,39000.0,10934.0,10934.0
407,35.810,17.570,36.43,17.63,1061.96,34940.0,7484.0,7484.0
408,35.810,17.570,36.11,17.88,1061.96,37219.0,8597.0,8597.0
409,35.810,17.570,36.29,17.93,1061.96,34162.0,6849.0,6849.0
410,35.810,17.570,36.05,17.47,1061.96,39564.0,10909.0,10909.0
411,35.810,17.570,35.98,17.8,1061.96,37075.0,10421.0,10421.0
412,35.810,17.570,36.03,17.9,1061.96,37820.0,8809.0,8809.0
413,35.810,17.570,36.09,17.79,1061.96,37729.0,10397.0,10397.0
414,35.810,17.570,36.48,18.13,1061.96,34491.0,6122.0,6122.0
415,35.810,17.570,36.48,18.13,1061.96,35486.0,7130.0,7130.0
416,35.810,17.570,35.9,17.86,1061.96,37212.0,9730.0,9730.0
417,35.810,17.570,36.12,17.91,1061.96,34973.0,7703.0,7703.0
418,35.810,17.570,36.11,18.05,1061.96,36697.0,7719.0,7719.0
419,35.810,17.570,36.48,18.13,1061.96,34095.0,6224.0,6224.0
420,35.810,17.570,35.97,18,1061.96,37127.0,9140.0,9140.0
421,35.810,17.570,36.22,17.76,1061.96,33892.0,7096.0,7096.0
422,35.810,17.570,36.08,17.78,1061.96,37821.0,9717.0,9717.0
423,35.810,17.570,36.52,17.6,1061.96,39830.0,11379.0,11379.0
424,35.810,17.570,36.04,18.02,1061.96,37692.0,9339.0,9339.0
425,35.810,17.570,35.83,17.69,1061.96,36225.0,8694.0,8694.0
426,35.810,17.570,36.07,17.84,1061.96,37573.0,10062.0,10062.0
427,35.810,17.570,35.9,17.59,1061.96,36762.0,8926.0,8926.0
428,35.810,17.570,36.11,17.92,1061.96,37548.0,9498.0,9498.0
429,35.810,17.570,36.06,17.65,1061.96,38460.0,9443.0,9443.0
430,35.810,17.570,35.89,17.62,1061.96,37095.0,9514.0,9514.0
431,35.810,17.570,36.03,17.56,1061.96,34576.0,6815.0,6815.0
432,35.810,17.570,36.21,18.02,1061.96,38476.0,10053.0,10053.0
433,35.810,17.570,36.48,18.13,1061.96,33878.0,5790.0,5790.0
434,35.810,17.570,36.45,17.67,1061.96,36580.0,8922.0,8922.0
435,35.810,17.570,36.12,18.39,1061.96,38079.0,10718.0,10718.0
436,35.810,17.570,36.16,18.17,1061.96,35666.0,7964.0,7964.0
437,35.810,17.570,36.6,17.68,1061.96,38206.0,9614.0,9614.0
438,35.810,17.570,36.06,17.58,1061.96,34528.0,8018.0,8018.0
439,35.810,17.570,36.05,17.79,1061.96,36998.0,9202.0,9202.0
440,35.810,17.570,35.96,17.58,1061.96,36419.0,8540.0,8540.0
441,35.810,17.570,35.95,17.78,1061.96,35111.0,7662.0,7662.0
442,35.810,17.570,36.13,17.89,1061.96,34337.0,6938.0,6938.0
443,35.810,17.570,36.15,17.67,1061.96,36290.0,8886.0,8886.0
444,35.810,17.570,36.45,17.59,1061.96,36307.0,8629.0,8629.0
445,35.810,17.570,36.39,17.56,1061.96,36486.0,8166.0,8166.0
446,35.810,17.570,35.84,17.99,1061.96,37296.0,9027.0,9027.0
447,35.810,17.570,36.24,18.04,1061.96,38817.0,11305.0,11305.0
448,35.810,17.570,36.04,18.04,1061.96,36885.0,10409.0,10409.0
449,35.810,17.570,35.81,17.8,1061.96,36617.0,8500.0,8500.0
450,35.810,17.570,35.88,17.81,1061.96,36795.0,8569.0,8569.0
451,35.810,17.570,36.03,17.86,1061.96,38827.0,9897.0,9897.0
452,35.810,17.570,35.92,17.94,1061.96,39132.0,10506.0,10506.0
453,35.810,17.570,36.04,17.89,1061.96,33620.0,6524.0,6524.0
454,35.810,17.570,36.17,18.04,1061.96,35130.0,7705.0,7705.0
455,35.810,17.570,36.43,17.68,1061.96,36210.0,9434.0,9434.0
456,35.810,17.570,35.9,18.03,1061.96,36371.0,8105.0,8105.0
457,35.810,17.570,36.23,17.8,1061.96,35966.0,8004.0,8004.0
458,35.810,17.570,36.09,18.01,1061.96,37983.0,10078.0,10078.0
459,35.810,17.570,35.96,17.82,1061.96,35097.0,6429.0,6429.0
460,35.810,17.570,36.08,18.05,1061.96,36040.0,8205.0,8205.0
461,35.810,17.570,36.36,17.54,1061.96,36611.0,8997.0,8997.0
462,35.810,17.570,36.25,18.38,1061.96,36709.0,8787.0,8787.0
463,35.810,17.570,35.88,17.99,1061.96,36973.0,8342.0,8342.0
464,35.810,17.570,36.31,17.59,1061.96,37821.0,9719.0,9719.0
465,35.810,17.570,36.48,18.13,1061.96,34709.0,6398.0,6398.0
466,35.810,17.570,36.22,18.03,1061.96,35237.0,8355.0,8355.0
467,35.810,17.570,36,17.6,1061.96,36319.0,8048.0,8048.0
468,35.810,17.570,35.91,18.07,1061.96,35247.0,7846.0,7846.0
469,35.810,17.570,36.44,17.97,1061.96,38352.0,10073.0,10073.0
470,35.810,17.570,36.15,17.73,1061.96,34698.0,7353.0,7353.0
471,35.810,17.570,36.21,17.59,1061.96,35278.0,8200.0,8200.0
472,35.810,17.570,36.48,17.64,1061.96,36402.0,8626.0,8626.0
473,35.810,17.570,35.97,18.08,1061.96,33822.0,6492.0,6492.0
474,35.810,17.570,36.03,17.93,1061.96,35903.0,8615.0,8615.0
475,35.810,17.570,36.05,17.94,1061.96,34953.0,8089.0,8089.0
476,35.810,17.570,35.97,17.92,1061.96,38488.0,9754.0,9754.0
477,35.810,17.570,35.99,17.61,1061.96,34573.0,7202.0,7202.0
478,35.810,17.570,36.13,17.72,1061.96,38745.0,10749.0,10749.0
479,35.810,17.570,36.2,18.14,1061.96,37283.0,9271.0,9271.0
480,35.810,17.570,36.07,18.11,1061.96,36837.0,9061.0,9061.0
481,35.810,17.570,36.24,18.05,1061.96,37700.0,9727.0,9727.0
482,35.810,17.570,36.19,17.91,1061.96,37690.0,10485.0,10485.0
483,35.810,17.570,36.14,17.94,1061.96,34642.0,7739.0,7739.0
484,35.810,17.570,36.1,17.89,1061.96,36815.0,8943.0,8943.0
485,35.810,17.570,36.09,17.89,1061.96,34935.0,7046.0,7046.0
486,35.810,17.570,36.01,17.87,1061.96,38349.0,10212.0,10212.0
487,35.810,17.570,35.77,18.42,1061.96,34546.0,6788.0,6788.0
488,35.810,17.570,35.84,17.94,1061.96,38430.0,4533.0,4533.0
489,35.810,17.570,36.11,17.41,1061.96,38487.0,8929.0,8929.0
490,35.810,17.570,36.17,17.81,1061.96,37540.0,6268.0,6268.0
491,35.810,17.570,36.16,17.91,1061.96,36255.0,5711.0,5711.0
492,35.810,17.570,36,18.09,1061.96,38816.0,5342.0,5342.0
493,35.810,17.570,36.3,18,1061.96,37838.0,7496.0,7496.0
494,35.810,17.570,36.46,18.35,1061.96,35921.0,8339.0,8339.0
495,35.810,17.570,36.32,17.59,1061.96,35865.0,8643.0,8643.0
496,35.810,17.570,36.49,17.65,1061.96,36965.0,8676.0,8676.0
497,35.810,17.570,36.04,17.81,1061.96,34799.0,6493.0,6493.0
498,35.810,17.570,36.21,18.01,1061.96,36294.0,9093.0,9093.0
499,35.810,17.570,36.17,17.95,1061.96,36610.0,8550.0,8550.0
500,35.810,17.570,36.24,17.78,1061.96,37563.0,8717.0,8717.0
501,35.810,17.570,36.09,17.62,1061.96,36505.0,8550.0,8550.0
502,35.810,17.570,36.41,17.65,1061.96,36097.0,7820.0,7820.0
503,35.810,17.570,35.74,17.73,1061.96,36927.0,10056.0,10056.0
504,35.810,17.570,35.95,17.86,1061.96,36170.0,7717.0,7717.0
505,35.810,17.570,36.05,17.8,1061.96,37241.0,9170.0,9170.0
506,35.810,17.570,36.42,17.68,1061.96,35803.0,7998.0,7998.0
507,35.810,17.570,36.15,17.93,1061.96,39722.0,11155.0,11155.0
508,35.810,17.570,36.48,18.13,1061.96,32701.0,4803.0,4803.0
509,35.810,17.570,36.09,17.7,1061.96,36206.0,8523.0,8523.0
510,35.810,17.570,36.33,18.2,1061.96,38563.0,10411.0,10411.0
511,35.810,17.570,36.07,17.76,1061.96,37797.0,9244.0,9244.0
512,35.810,17.570,35.78,18.08,1061.96,36906.0,8623.0,8623.0
513,35.810,17.570,36.14,17.96,1061.96,37679.0,9219.0,9219.0
514,35.810,17.570,36,17.36,1061.96,35917.0,7755.0,7755.0
515,35.810,17.570,36.25,17.97,1061.96,36878.0,8679.0,8679.0
516,35.810,17.570,36.16,17.71,1061.96,37305.0,10039.0,10039.0
517,35.810,17.570,36,17.65,1061.96,36270.0,8398.0,8398.0
518,35.810,17.570,36.2,17.78,1061.96,36950.0,8946.0,8946.0
519,35.810,17.570,36.33,17.98,1061.96,36665.0,9233.0,9233.0
520,35.810,17.570,36.4,17.49,1061.96,36155.0,8598.0,8598.0
521,35.810,17.570,36.11,17.75,1061.96,35431.0,8432.0,8432.0
522,35.810,17.570,36.06,17.61,1061.96,35924.0,9552.0,9552.0
523,35.810,17.570,35.92,17.89,1061.96,37564.0,10176.0,10176.0
524,35.810,17.570,36.25,17.85,1061.96,35616.0,8527.0,8527.0
525,35.810,17.570,35.63,17.72,1061.96,33024.0,5618.0,5618.0
526,35.810,17.570,36.03,17.67,1061.96,35000.0,7731.0,7731.0
527,35.810,17.570,35.93,17.76,1061.96,36704.0,6857.0,6857.0
528,35.810,17.570,35.99,17.64,1061.96,34959.0,5756.0,5756.0
529,35.810,17.570,36.23,17.8,1061.96,37019.0,9043.0,9043.0
530,35.810,17.570,35.84,18.05,1061.96,35658.0,7837.0,7837.0
531,35.810,17.570,36.2,17.78,1061.96,38046.0,10313.0,10313.0
532,35.810,17.570,35.73,18.01,1061.96,36891.0,9148.0,9148.0
533,35.810,17.570,36.48,18.13,1061.96,33501.0,5832.0,5832.0
534,35.810,17.570,36.27,17.49,1061.96,35990.0,8927.0,8927.0
535,35.810,17.570,35.59,17.95,1061.96,38250.0,9146.0,9146.0
536,35.810,17.570,35.72,17.93,1061.96,35119.0,7998.0,7998.0
537,35.810,17.570,36.12,17.74,1061.96,32661.0,6439.0,6439.0
538,35.810,17.570,36.3,17.46,1061.96,35879.0,9449.0,9449.0
539,35.810,17.570,35.65,17.5,1061.96,35646.0,8773.0,8773.0
540,35.810,17.570,36.46,17.77,1061.96,38524.0,10507.0,10507.0
541,35.810,17.570,36,17.67,1061.96,35627.0,7496.0,7496.0
542,35.810,17.570,36.15,17.73,1061.96,38390.0,10536.0,10536.0
543,35.810,17.570,35.87,17.84,1061.96,38261.0,10799.0,10799.0
544,35.810,17.570,36.18,17.92,1061.96,35736.0,8099.0,8099.0
545,35.810,17.570,35.95,18.06,1061.96,37051.0,9650.0,9650.0
546,35.810,17.570,36.44,17.92,1061.96,35803.0,8966.0,8966.0
547,35.810,17.570,36.18,17.48,1061.96,37202.0,9574.0,9574.0
548,35.810,17.570,36.25,17.63,1061.96,34950.0,8459.0,8459.0
549,35.810,17.570,36.35,17.88,1061.96,38477.0,11060.0,11060.0
550,35.810,17.570,36.39,17.54,1061.96,36222.0,8438.0,8438.0
551,35.810,17.570,35.99,17.79,1061.96,36371.0,9003.0,9003.0
552,35.810,17.570,35.81,17.57,1061.96,39024.0,11269.0,11269.0
553,35.810,17.570,35.81,17.57,1061.96,31607.0,4786.0,4786.0
554,35.810,17.570,35.81,17.57,1061.96,26390.0,0.0,0.0
555,35.810,17.570,35.81,17.57,1061.96,26677.0,333.0,333.0
556,35.810,17.570,35.81,17.57,1061.96,26244.0,412.0,412.0
557,35.810,17.570,35.81,17.57,1061.96,26264.0,0.0,0.0
558,35.810,17.570,35.81,17.57,1061.96,25827.0,335.0,335.0
559,35.810,17.570,35.81,17.57,1061.96,26161.0,56.0,56.0
560,35.810,17.570,35.81,17.57,1061.96,24333.0,0.0,0.0
561,35.810,17.570,35.81,17.57,1061.96,24759.0,0.0,0.0
562,35.810,17.570,35.81,17.57,1061.96,25360.0,0.0,0.0
563,35.810,17.570,35.81,17.57,1061.96,27822.0,521.0,521.0
564,35.810,17.570,35.81,17.57,1061.96,25479.0,0.0,0.0
565,35.810,17.570,35.81,17.57,1061.96,26261.0,0.0,0.0
566,35.810,17.570,35.81,17.57,1061.96,26109.0,0.0,0.0
567,35.810,17.570,35.81,17.57,1061.96,23462.0,0.0,0.0
568,35.810,17.570,35.81,17.57,1061.96,24742.0,0.0,0.0
569,35.810,17.570,35.81,17.57,1061.96,25097.0,0.0,0.0
570,35.810,17.570,35.81,17.57,1061.96,27347.0,1916.0,1916.0
571,35.810,17.570,35.81,17.57,1061.96,24128.0,0.0,0.0
572,35.810,17.570,35.81,17.57,1061.96,26410.0,660.0,660.0
573,35.810,17.570,35.81,17.57,1061.96,26527.0,410.0,410.0
574,35.810,17.570,35.81,17.57,1061.96,24635.0,0.0,0.0
575,35.810,17.570,35.81,17.57,1061.96,26822.0,715.0,715.0
576,35.810,17.570,35.81,17.57,1061.96,24790.0,0.0,0.0
577,35.810,17.570,35.81,17.57,1061.96,26299.0,288.0,288.0
578,35.810,17.570,35.81,17.57,1061.96,27867.0,2356.0,2356.0
579,35.810,17.570,35.81,17.57,1061.96,26602.0,761.0,761.0
580,35.810,17.570,35.81,17.57,1061.96,26942.0,744.0,744.0
581,35.810,17.570,35.81,17.57,1061.96,24665.0,0.0,0.0
582,35.810,17.570,35.81,17.57,1061.96,26480.0,1133.0,1133.0
583,35.810,17.570,35.81,17.57,1061.96,26481.0,449.0,449.0
584,35.810,17.570,35.81,17.57,1061.96,27301.0,219.0,219.0
585,35.810,17.570,35.81,17.57,1061.96,25213.0,0.0,0.0
586,35.810,17.570,35.81,17.57,1061.96,24621.0,0.0,0.0
587,35.810,17.570,35.81,17.57,1061.96,26159.0,383.0,383.0
588,35.810,17.570,35.81,17.57,1061.96,27051.0,166.0,166.0
589,35.810,17.570,35.81,17.57,1061.96,24583.0,0.0,0.0
590,35.810,17.570,35.81,17.57,1061.96,25854.0,1380.0,1380.0
591,35.810,17.570,35.81,17.57,1061.96,26785.0,1313.0,1313.0
592,35.810,17.570,35.81,17.57,1061.96,24624.0,61.0,61.0
593,35.810,17.570,35.81,17.57,1061.96,25364.0,351.0,351.0
594,35.810,17.570,35.81,17.57,1061.96,26503.0,300.0,300.0
595,35.810,17.570,35.81,17.57,1061.96,25188.0,0.0,0.0
596,35.810,17.570,35.81,17.57,1061.96,24580.0,0.0,0.0
597,35.810,17.570,35.81,17.57,1061.96,26390.0,491.0,491.0
598,35.810,17.570,35.81,17.57,1061.96,26752.0,269.0,269.0
599,35.810,17.570,35.81,17.57,1061.96,25361.0,0.0,0.0
600,35.810,17.570,35.81,17.57,1061.96,24919.0,0.0,0.0
601,35.810,17.570,35.81,17.57,1061.96,26691.0,722.0,722.0
602,35.810,17.570,35.81,17.57,1061.96,22855.0,0.0,0.0
603,35.810,17.570,35.81,17.57,1061.96,27395.0,1987.0,1987.0
604,35.810,17.570,35.81,17.57,1061.96,24129.0,0.0,0.0
605,35.810,17.570,35.81,17.57,1061.96,25637.0,0.0,0.0
606,35.810,17.570,35.81,17.57,1061.96,26374.0,821.0,821.0
607,35.810,17.570,35.81,17.57,1061.96,24859.0,0.0,0.0
608,35.810,17.570,35.81,17.57,1061.96,25784.0,0.0,0.0
609,35.810,17.570,35.81,17.57,1061.96,26696.0,67.0,67.0
610,35.810,17.570,35.81,17.57,1061.96,26166.0,457.0,457.0
611,35.810,17.570,35.81,17.57,1061.96,24856.0,0.0,0.0
612,35.810,17.570,35.81,17.57,1061.96,26760.0,340.0,340.0
613,35.810,17.570,35.81,17.57,1061.96,25352.0,0.0,0.0
614,35.810,17.570,35.81,17.57,1061.96,25822.0,877.0,877.0
615,35.810,17.570,35.81,17.57,1061.96,24430.0,0.0,0.0
616,35.810,17.570,35.81,17.57,1061.96,26437.0,0.0,0.0
617,35.810,17.570,35.81,17.57,1061.96,26201.0,707.0,707.0
618,35.810,17.570,35.81,17.57,1061.96,24557.0,0.0,0.0
619,35.810,17.570,35.81,17.57,1061.96,25286.0,0.0,0.0
620,35.810,17.570,35.81,17.57,1061.96,25452.0,0.0,0.0
621,35.810,17.570,35.81,17.57,1061.96,25419.0,0.0,0.0
622,35.810,17.570,35.81,17.57,1061.96,24660.0,0.0,0.0
623,35.810,17.570,35.81,17.57,1061.96,26143.0,67.0,67.0
624,35.810,17.570,35.81,17.57,1061.96,25933.0,0.0,0.0
625,35.810,17.570,35.81,17.57,1061.96,25693.0,0.0,0.0
626,35.810,17.570,35.81,17.57,1061.96,26040.0,25.0,25.0
627,35.810,17.570,35.81,17.57,1061.96,28525.0,2299.0,2299.0
628,35.810,17.570,35.81,17.57,1061.96,26169.0,422.0,422.0
629,35.810,17.570,35.81,17.57,1061.96,25514.0,0.0,0.0
630,35.810,17.570,35.81,17.57,1061.96,25105.0,0.0,0.0
631,35.810,17.570,35.81,17.57,1061.96,26147.0,0.0,0.0
632,35.810,17.570,35.81,17.57,1061.96,24723.0,0.0,0.0
633,35.810,17.570,35.81,17.57,1061.96,27292.0,925.0,925.0
634,35.810,17.570,35.81,17.57,1061.96,24485.0,0.0,0.0
635,35.810,17.570,35.81,17.57,1061.96,27065.0,1354.0,1354.0
636,35.810,17.570,35.81,17.57,1061.96,26485.0,39.0,39.0
637,35.810,17.570,35.81,17.57,1061.96,24733.0,0.0,0.0
638,35.810,17.570,35.81,17.57,1061.96,25256.0,0.0,0.0
639,35.810,17.570,35.81,17.57,1061.96,27077.0,927.0,927.0
640,35.810,17.570,35.81,17.57,1061.96,24822.0,0.0,0.0
641,35.810,17.570,35.81,17.57,1061.96,26702.0,1324.0,1324.0
642,35.810,17.570,35.81,17.57,1061.96,25136.0,402.0,402.0
643,35.810,17.570,35.81,17.57,1061.96,26554.0,681.0,681.0
644,35.810,17.570,35.81,17.57,1061.96,26973.0,1275.0,1275.0
645,35.810,17.570,35.81,17.57,1061.96,25554.0,0.0,0.0
646,35.810,17.570,35.81,17.57,1061.96,26496.0,1109.0,1109.0
647,35.810,17.570,35.81,17.57,1061.96,25809.0,524.0,524.0
648,35.810,17.570,35.81,17.57,1061.96,26384.0,0.0,0.0
649,35.810,17.570,35.81,17.57,1061.96,26483.0,473.0,473.0
650,35.810,17.570,35.81,17.57,1061.96,27860.0,1391.0,1391.0
651,35.810,17.570,35.81,17.57,1061.96,26578.0,0.0,0.0
652,35.810,17.570,35.81,17.57,1061.96,26093.0,0.0,0.0
653,35.810,17.570,35.81,17.57,1061.96,26740.0,657.0,657.0
654,35.810,17.570,35.81,17.57,1061.96,26254.0,516.0,516.0
655,35.810,17.570,35.81,17.57,1061.96,24716.0,0.0,0.0
656,35.810,17.570,35.81,17.57,1061.96,25126.0,0.0,0.0
657,35.810,17.570,35.81,17.57,1061.96,24080.0,0.0,0.0
658,35.810,17.570,35.81,17.57,1061.96,26588.0,715.0,715.0
659,35.810,17.570,35.81,17.57,1061.96,27031.0,1045.0,1045.0
660,35.810,17.570,35.81,17.57,1061.96,26261.0,596.0,596.0
661,35.810,17.570,35.81,17.57,1061.96,26202.0,0.0,0.0
662,35.810,17.570,35.81,17.57,1061.96,25772.0,0.0,0.0
663,35.810,17.570,35.81,17.57,1061.96,27336.0,571.0,571.0
664,35.810,17.570,35.81,17.57,1061.96,24114.0,0.0,0.0
665,35.810,17.570,35.81,17.57,1061.96,24760.0,0.0,0.0
666,35.810,17.570,35.81,17.57,1061.96,24876.0,0.0,0.0
667,35.810,17.570,35.81,17.57,1061.96,26443.0,633.0,633.0
668,35.810,17.570,35.81,17.57,1061.96,24724.0,0.0,0.0
669,35.810,17.570,35.81,17.57,1061.96,26489.0,555.0,555.0
670,35.810,17.570,35.81,17.57,1061.96,24389.0,0.0,0.0
671,35.810,17.570,35.81,17.57,1061.96,26684.0,1144.0,1144.0
672,35.810,17.570,35.81,17.57,1061.96,25243.0,0.0,0.0
673,35.810,17.570,35.81,17.57,1061.96,24964.0,0.0,0.0
674,35.810,17.570,35.81,17.57,1061.96,25559.0,545.0,545.0
675,35.810,17.570,35.81,17.57,1061.96,26608.0,331.0,331.0
676,35.810,17.570,35.81,17.57,1061.96,26603.0,735.0,735.0
677,35.810,17.570,35.81,17.57,1061.96,24053.0,0.0,0.0
678,35.810,17.570,35.81,17.57,1061.96,26987.0,1970.0,1970.0
679,35.810,17.570,35.81,17.57,1061.96,26104.0,281.0,281.0
680,35.810,17.570,35.81,17.57,1061.96,27076.0,1473.0,1473.0
681,35.810,17.570,35.81,17.57,1061.96,25073.0,0.0,0.0
682,35.810,17.570,35.81,17.57,1061.96,26541.0,579.0,579.0
683,35.810,17.570,35.81,17.57,1061.96,26009.0,0.0,0.0
684,35.810,17.570,35.81,17.57,1061.96,26266.0,57.0,57.0
685,35.810,17.570,35.81,17.57,1061.96,26747.0,721.0,721.0
686,35.810,17.570,35.81,17.57,1061.96,24851.0,0.0,0.0
687,35.810,17.570,35.81,17.57,1061.96,25875.0,0.0,0.0
688,35.810,17.570,35.81,17.57,1061.96,26855.0,531.0,531.0
689,35.810,17.570,35.81,17.57,1061.96,25462.0,0.0,0.0
690,35.810,17.570,35.81,17.57,1061.96,26741.0,1245.0,1245.0
691,35.810,17.570,35.81,17.57,1061.96,24914.0,0.0,0.0
692,35.810,17.570,35.81,17.57,1061.96,25933.0,0.0,0.0
693,35.810,17.570,35.81,17.57,1061.96,25195.0,0.0,0.0
694,35.810,17.570,35.81,17.57,1061.96,25559.0,598.0,598.0
695,35.810,17.570,35.81,17.57,1061.96,24705.0,0.0,0.0
696,35.810,17.570,35.81,17.57,1061.96,26480.0,315.0,315.0
697,35.810,17.570,35.81,17.57,1061.96,25194.0,0.0,0.0
698,35.810,17.570,35.81,17.57,1061.96,26287.0,104.0,104.0
699,35.810,17.570,35.81,17.57,1061.96,26016.0,667.0,667.0
700,35.810,17.570,35.81,17.57,1061.96,26070.0,318.0,318.0
701,35.810,17.570,35.81,17.57,1061.96,25354.0,0.0,0.0
702,35.810,17.570,35.81,17.57,1061.96,26039.0,564.0,564.0
703,35.810,17.570,35.81,17.57,1061.96,27364.0,1297.0,1297.0
704,35.810,17.570,35.81,17.57,1061.96,25896.0,0.0,0.0
705,35.810,17.570,35.81,17.57,1061.96,24234.0,0.0,0.0
706,35.810,17.570,35.81,17.57,1061.96,24797.0,0.0,0.0
707,35.810,17.570,35.81,17.57,1061.96,24759.0,0.0,0.0
708,35.810,17.570,35.81,17.57,1061.96,26812.0,1476.0,1476.0
709,35.810,17.570,35.81,17.57,1061.96,25468.0,212.0,212.0
710,35.810,17.570,35.81,17.57,1061.96,25183.0,0.0,0.0
711,35.810,17.570,35.81,17.57,1061.96,26947.0,455.0,455.0
712,35.810,17.570,35.81,17.57,1061.96,25625.0,112.0,112.0
713,35.810,17.570,35.81,17.57,1061.96,25644.0,0.0,0.0
714,35.810,17.570,35.81,17.57,1061.96,26554.0,723.0,723.0
715,35.810,17.570,35.81,17.57,1061.96,25941.0,0.0,0.0
716,35.810,17.570,35.81,17.57,1061.96,25781.0,0.0,0.0
717,35.810,17.570,35.81,17.57,1061.96,24601.0,0.0,0.0
718,35.810,17.570,35.81,17.57,1061.96,25772.0,0.0,0.0
719,35.810,17.570,35.81,17.57,1061.96,23881.0,0.0,0.0
720,35.810,17.570,35.81,17.57,1061.96,24912.0,0.0,0.0
721,35.810,17.570,35.81,17.57,1061.96,25792.0,0.0,0.0
722,35.810,17.570,35.81,17.57,1061.96,24158.0,0.0,0.0
723,35.810,17.570,35.81,17.57,1061.96,26325.0,119.0,119.0
724,35.810,17.570,35.81,17.57,1061.96,26628.0,50.0,50.0
725,35.810,17.570,35.81,17.57,1061.96,27965.0,1550.0,1550.0
726,35.810,17.570,35.81,17.57,1061.96,25584.0,0.0,0.0
727,35.810,17.570,35.81,17.57,1061.96,23861.0,0.0,0.0
728,35.810,17.570,35.81,17.57,1061.96,23580.0,0.0,0.0
729,35.810,17.570,35.81,17.57,1061.96,25141.0,0.0,0.0
730,35.810,17.570,35.81,17.57,1061.96,25598.0,0.0,0.0
731,35.810,17.570,35.81,17.57,1061.96,25238.0,0.0,0.0
732,35.810,17.570,35.81,17.57,1061.96,24763.0,0.0,0.0
733,35.810,17.570,35.81,17.57,1061.96,26848.0,2192.0,2192.0
734,35.810,17.570,35.81,17.57,1061.96,25187.0,0.0,0.0
735,35.810,17.570,35.81,17.57,1061.96,24455.0,0.0,0.0
736,35.810,17.570,35.81,17.57,1061.96,25803.0,0.0,0.0
737,35.810,17.570,35.81,17.57,1061.96,26071.0,0.0,0.0
738,35.810,17.570,35.81,17.57,1061.96,27364.0,1221.0,1221.0
739,35.810,17.570,35.81,17.57,1061.96,27474.0,1088.0,1088.0
740,35.810,17.570,35.81,17.57,1061.96,26689.0,873.0,873.0
741,35.810,17.570,35.81,17.57,1061.96,26765.0,1238.0,1238.0
742,35.810,17.570,35.81,17.57,1061.96,25462.0,0.0,0.0
743,35.810,17.570,35.81,17.57,1061.96,26608.0,1243.0,1243.0
744,35.810,17.570,35.81,17.57,1061.96,26640.0,0.0,0.0
745,35.810,17.570,35.81,17.57,1061.96,25630.0,0.0,0.0
746,35.810,17.570,35.81,17.57,1061.96,25508.0,0.0,0.0
747,35.810,17.570,35.81,17.57,1061.96,25251.0,0.0,0.0
748,35.810,17.570,35.81,17.57,1061.96,24942.0,0.0,0.0
749,35.810,17.570,35.81,17.57,1061.96,26813.0,509.0,509.0
750,35.810,17.570,35.81,17.57,1061.96,26588.0,956.0,956.0
751,35.810,17.570,35.81,17.57,1061.96,24234.0,0.0,0.0
752,35.810,17.570,35.81,17.57,1061.96,24281.0,0.0,0.0
