id,avg_x,avg_y,x,y,bg,Square_intensity,circular_intensity,Gaussian_intensity
926,233.100,151.290,233.47,151.39,969.56,23286.0,0.0,0.0
927,233.100,151.290,233.47,151.39,969.56,22782.0,0.0,0.0
928,233.100,151.290,233.47,151.39,969.56,22713.0,0.0,0.0
929,233.100,151.290,233.47,151.39,969.56,24446.0,76.0,76.0
930,233.100,151.290,233.47,151.39,969.56,25808.0,2982.0,2982.0
931,233.100,151.290,233.47,151.39,969.56,21770.0,0.0,0.0
932,233.100,151.290,233.47,151.39,969.56,24006.0,0.0,0.0
933,233.100,151.290,233.47,151.39,969.56,22437.0,0.0,0.0
934,233.100,151.290,233.47,151.39,969.56,24444.0,659.0,659.0
935,233.100,151.290,233.47,151.39,969.56,23694.0,0.0,0.0
936,233.100,151.290,233.47,151.39,969.56,23010.0,0.0,0.0
937,233.100,151.290,233.47,151.39,969.56,23939.0,0.0,0.0
938,233.100,151.290,233.47,151.39,969.56,26515.0,2345.0,2345.0
939,233.100,151.290,233.47,151.39,969.56,24698.0,818.0,818.0
940,233.100,151.290,233.47,151.39,969.56,22666.0,0.0,0.0
941,233.100,151.290,233.47,151.39,969.56,24392.0,0.0,0.0
942,233.100,151.290,233.47,151.39,969.56,26491.0,2370.0,2370.0
943,233.100,151.290,233.47,151.39,969.56,22273.0,0.0,0.0
944,233.100,151.290,233.47,151.39,969.56,24890.0,229.0,229.0
945,233.100,151.290,233.47,151.39,969.56,24182.0,286.0,286.0
946,233.100,151.290,233.47,151.39,969.56,23917.0,998.0,998.0
947,233.100,151.290,233.47,151.39,969.56,25537.0,1792.0,1792.0
948,233.100,151.290,233.47,151.39,969.56,22412.0,0.0,0.0
949,233.100,151.290,233.47,151.39,969.56,21974.0,0.0,0.0
950,233.100,151.290,233.47,151.39,969.56,23311.0,0.0,0.0
951,233.100,151.290,233.47,151.39,969.56,24411.0,714.0,714.0
952,233.100,151.290,233.47,151.39,969.56,24717.0,0.0,0.0
953,233.100,151.290,233.47,151.39,969.56,25081.0,785.0,785.0
954,233.100,151.290,233.47,151.39,969.56,24134.0,0.0,0.0
955,233.100,151.290,233.47,151.39,969.56,24116.0,0.0,0.0
956,233.100,151.290,233.47,151.39,969.56,24637.0,0.0,0.0
957,233.100,151.290,233.47,151.39,969.56,23682.0,0.0,0.0
958,233.100,151.290,233.47,151.39,969.56,22938.0,0.0,0.0
959,233.100,151.290,233.47,151.39,969.56,25909.0,2427.0,2427.0
960,233.100,151.290,233.47,151.39,969.56,24071.0,0.0,0.0
961,233.100,151.290,233.47,151.39,969.56,23993.0,1147.0,1147.0
962,233.100,151.290,233.47,151.39,969.56,24450.0,37.0,37.0
963,233.100,151.290,233.47,151.39,969.56,24969.0,1870.0,1870.0
964,233.100,151.290,233.47,151.39,969.56,24603.0,1184.0,1184.0
965,233.100,151.290,233.47,151.39,969.56,21841.0,0.0,0.0
966,233.100,151.290,233.47,151.39,969.56,23282.0,0.0,0.0
967,233.100,151.290,233.47,151.39,969.56,23993.0,333.0,333.0
968,233.100,151.290,233.47,151.39,969.56,22660.0,0.0,0.0
969,233.100,151.290,233.47,151.39,969.56,23176.0,0.0,0.0
970,233.100,151.290,233.47,151.39,969.56,22628.0,0.0,0.0
971,233.100,151.290,233.47,151.39,969.56,23148.0,0.0,0.0
972,233.100,151.290,233.47,151.39,969.56,23287.0,0.0,0.0
973,233.100,151.290,233.47,151.39,969.56,24823.0,1632.0,1632.0
974,233.100,151.290,233.47,151.39,969.56,23759.0,0.0,0.0
975,233.100,151.290,233.47,151.39,969.56,23268.0,0.0,0.0
976,233.100,151.290,233.47,151.39,969.56,23152.0,0.0,0.0
977,233.100,151.290,233.47,151.39,969.56,23517.0,345.0,345.0
978,233.100,151.290,233.47,151.39,969.56,23818.0,339.0,339.0
979,233.100,151.290,233.47,151.39,969.56,24520.0,313.0,313.0
980,233.100,151.290,233.47,151.39,969.56,23410.0,161.0,161.0
981,233.100,151.290,233.47,151.39,969.56,24371.0,680.0,680.0
982,233.100,151.290,233.47,151.39,969.56,22223.0,0.0,0.0
983,233.100,151.290,233.47,151.39,969.56,22858.0,0.0,0.0
984,233.100,151.290,233.47,151.39,969.56,23025.0,0.0,0.0
985,233.100,151.290,233.47,151.39,969.56,22683.0,0.0,0.0
986,233.100,151.290,233.47,151.39,969.56,23128.0,247.0,247.0
987,233.100,151.290,233.47,151.39,969.56,23274.0,0.0,0.0
988,233.100,151.290,233.47,151.39,969.56,24461.0,1070.0,1070.0
989,233.100,151.290,233.47,151.39,969.56,24229.0,1088.0,1088.0
990,233.100,151.290,233.47,151.39,969.56,22676.0,0.0,0.0
991,233.100,151.290,233.47,151.39,969.56,24868.0,848.0,848.0
992,233.100,151.290,233.47,151.39,969.56,23815.0,201.0,201.0
993,233.100,151.290,233.47,151.39,969.56,24916.0,1224.0,1224.0
994,233.100,151.290,233.47,151.39,969.56,22700.0,0.0,0.0
995,233.100,151.290,233.47,151.39,969.56,22383.0,0.0,0.0
996,233.100,151.290,233.47,151.39,969.56,23611.0,637.0,637.0
997,233.100,151.290,233.47,151.39,969.56,25930.0,1971.0,1971.0
998,233.100,151.290,233.47,151.39,969.56,23399.0,0.0,0.0
999,233.100,151.290,233.47,151.39,969.56,23067.0,0.0,0.0
1000,233.100,151.290,233.47,151.39,969.56,23075.0,0.0,0.0
1001,233.100,151.290,233.47,151.39,969.56,23735.0,206.0,206.0
1002,233.100,151.290,233.47,151.39,969.56,24689.0,1017.0,1017.0
1003,233.100,151.290,233.47,151.39,969.56,25507.0,1419.0,1419.0
1004,233.100,151.290,233.47,151.39,969.56,23896.0,652.0,652.0
1005,233.100,151.290,233.47,151.39,969.56,23830.0,476.0,476.0
1006,233.100,151.290,233.47,151.39,969.56,22699.0,0.0,0.0
1007,233.100,151.290,233.47,151.39,969.56,23429.0,0.0,0.0
1008,233.100,151.290,233.47,151.39,969.56,24047.0,674.0,674.0
1009,233.100,151.290,233.47,151.39,969.56,24813.0,405.0,405.0
1010,233.100,151.290,233.47,151.39,969.56,24230.0,381.0,381.0
1011,233.100,151.290,233.47,151.39,969.56,29019.0,4380.0,4380.0
1012,233.100,151.290,233.47,151.39,969.56,30277.0,4995.0,4995.0
1013,233.100,151.290,233.47,151.39,969.56,28176.0,3665.0,3665.0
1014,233.100,151.290,233.47,151.39,969.56,30119.0,6261.0,6261.0
1015,233.100,151.290,233.47,151.39,969.56,32247.0,6397.0,6397.0
1016,233.100,151.290,233.47,151.39,969.56,28683.0,3425.0,3425.0
1017,233.100,151.290,233.47,151.39,969.56,27368.0,2638.0,2638.0
1018,233.100,151.290,233.47,151.39,969.56,30038.0,5958.0,5958.0
1019,233.100,151.290,233.47,151.39,969.56,30187.0,5626.0,5626.0
1020,233.100,151.290,233.47,151.39,969.56,29153.0,4491.0,4491.0
1021,233.100,151.290,233.47,151.39,969.56,28752.0,3266.0,3266.0
1022,233.100,151.290,233.47,151.39,969.56,27216.0,2960.0,2960.0
1023,233.100,151.290,233.47,151.39,969.56,27154.0,3166.0,3166.0
1024,233.100,151.290,233.47,151.39,969.56,29656.0,5180.0,5180.0
1025,233.100,151.290,233.47,151.39,969.56,26658.0,3415.0,3415.0
1026,233.100,151.290,233.47,151.39,969.56,29694.0,6235.0,6235.0
1027,233.100,151.290,233.47,151.39,969.56,28657.0,4505.0,4505.0
1028,233.100,151.290,233.47,151.39,969.56,29541.0,4469.0,4469.0
1029,233.100,151.290,233.47,151.39,969.56,29182.0,4626.0,4626.0
1030,233.100,151.290,233.47,151.39,969.56,30518.0,5812.0,5812.0
1031,233.100,151.290,233.47,151.39,969.56,26672.0,2911.0,2911.0
1032,233.100,151.290,233.47,151.39,969.56,29508.0,4136.0,4136.0
1033,233.100,151.290,233.47,151.39,969.56,31800.0,7208.0,7208.0
1034,233.100,151.290,233.47,151.39,969.56,31325.0,5809.0,5809.0
1035,233.100,151.290,233.47,151.39,969.56,30301.0,5891.0,5891.0
1036,233.100,151.290,233.47,151.39,969.56,29708.0,5521.0,5521.0
1037,233.100,151.290,233.47,151.39,969.56,29786.0,5324.0,5324.0
1038,233.100,151.290,233.47,151.39,969.56,28684.0,4273.0,4273.0
1039,233.100,151.290,233.47,151.39,969.56,29917.0,4815.0,4815.0
1040,233.100,151.290,233.47,151.39,969.56,30946.0,6302.0,6302.0
1041,233.100,151.290,233.47,151.39,969.56,29680.0,5460.0,5460.0
1042,233.100,151.290,233.47,151.39,969.56,29270.0,4766.0,4766.0
1043,233.100,151.290,233.47,151.39,969.56,30693.0,5203.0,5203.0
1044,233.100,151.290,233.47,151.39,969.56,31420.0,6244.0,6244.0
1045,233.100,151.290,233.47,151.39,969.56,30953.0,6638.0,6638.0
1046,233.100,151.290,233.47,151.39,969.56,28273.0,2860.0,2860.0
1047,233.100,151.290,233.47,151.39,969.56,30082.0,3870.0,3870.0
1048,233.100,151.290,233.47,151.39,969.56,28078.0,3144.0,3144.0
1049,233.100,151.290,233.47,151.39,969.56,27620.0,2846.0,2846.0
1050,233.100,151.290,233.47,151.39,969.56,28477.0,4657.0,4657.0
1051,233.100,151.290,233.47,151.39,969.56,28707.0,5190.0,5190.0
1052,233.100,151.290,233.47,151.39,969.56,31010.0,6288.0,6288.0
1053,233.100,151.290,233.47,151.39,969.56,32424.0,7242.0,7242.0
1054,233.100,151.290,233.47,151.39,969.56,29408.0,4558.0,4558.0
1055,233.100,151.290,233.47,151.39,969.56,30364.0,4764.0,4764.0
1056,233.100,151.290,233.47,151.39,969.56,29696.0,5056.0,5056.0
1057,233.100,151.290,233.47,151.39,969.56,30767.0,6746.0,6746.0
1058,233.100,151.290,233.47,151.39,969.56,29758.0,5798.0,5798.0
1059,233.100,151.290,233.47,151.39,969.56,29641.0,4701.0,4701.0
1060,233.100,151.290,233.47,151.39,969.56,26678.0,2412.0,2412.0
1061,233.100,151.290,233.47,151.39,969.56,25653.0,1641.0,1641.0
1062,233.100,151.290,233.47,151.39,969.56,23081.0,0.0,0.0
1063,233.100,151.290,233.47,151.39,969.56,24107.0,0.0,0.0
1064,233.100,151.290,233.47,151.39,969.56,25293.0,1314.0,1314.0
1065,233.100,151.290,233.47,151.39,969.56,29740.0,5025.0,5025.0
1066,233.100,151.290,233.47,151.39,969.56,28775.0,4186.0,4186.0
1067,233.100,151.290,233.47,151.39,969.56,29356.0,5291.0,5291.0
1068,233.100,151.290,233.47,151.39,969.56,28398.0,4214.0,4214.0
1069,233.100,151.290,233.47,151.39,969.56,28052.0,4027.0,4027.0
1070,233.100,151.290,233.47,151.39,969.56,27212.0,2577.0,2577.0
1071,233.100,151.290,233.47,151.39,969.56,30135.0,4831.0,4831.0
1072,233.100,151.290,233.47,151.39,969.56,31340.0,6223.0,6223.0
1073,233.100,151.290,233.47,151.39,969.56,28922.0,4042.0,4042.0
1074,233.100,151.290,233.47,151.39,969.56,28988.0,4308.0,4308.0
1075,233.100,151.290,233.47,151.39,969.56,30806.0,5943.0,5943.0
1076,233.100,151.290,233.47,151.39,969.56,28022.0,4194.0,4194.0
1077,233.100,151.290,233.47,151.39,969.56,32297.0,6638.0,6638.0
1078,233.100,151.290,233.47,151.39,969.56,27957.0,3126.0,3126.0
1079,233.100,151.290,233.47,151.39,969.56,27983.0,4440.0,4440.0
1080,233.100,151.290,233.47,151.39,969.56,29899.0,5605.0,5605.0
1081,233.100,151.290,233.47,151.39,969.56,29418.0,5137.0,5137.0
1082,233.100,151.290,233.47,151.39,969.56,32955.0,7269.0,7269.0
1083,233.100,151.290,233.47,151.39,969.56,31357.0,5356.0,5356.0
1084,233.100,151.290,233.47,151.39,969.56,29459.0,5290.0,5290.0
1085,233.100,151.290,233.47,151.39,969.56,31349.0,5944.0,5944.0
1086,233.100,151.290,233.47,151.39,969.56,28781.0,3686.0,3686.0
1087,233.100,151.290,233.47,151.39,969.56,30528.0,6025.0,6025.0
1088,233.100,151.290,233.47,151.39,969.56,29272.0,4181.0,4181.0
1089,233.100,151.290,233.47,151.39,969.56,31365.0,7093.0,7093.0
1090,233.100,151.290,233.47,151.39,969.56,29170.0,4822.0,4822.0
1091,233.100,151.290,233.47,151.39,969.56,29999.0,4978.0,4978.0
1092,233.100,151.290,233.47,151.39,969.56,28890.0,4827.0,4827.0
1093,233.100,151.290,233.47,151.39,969.56,30020.0,5737.0,5737.0
1094,233.100,151.290,233.47,151.39,969.56,28782.0,3847.0,3847.0
1095,233.100,151.290,233.47,151.39,969.56,30124.0,5164.0,5164.0
1096,233.100,151.290,233.47,151.39,969.56,30387.0,5386.0,5386.0
1097,233.100,151.290,233.47,151.39,969.56,30400.0,5599.0,5599.0
1098,233.100,151.290,233.47,151.39,969.56,30422.0,5695.0,5695.0
1099,233.100,151.290,233.47,151.39,969.56,30808.0,5932.0,5932.0
1100,233.100,151.290,233.47,151.39,969.56,31566.0,6610.0,6610.0
1101,233.100,151.290,233.47,151.39,969.56,29572.0,5775.0,5775.0
1102,233.100,151.290,233.47,151.39,969.56,30586.0,5625.0,5625.0
1103,233.100,151.290,233.47,151.39,969.56,32621.0,8444.0,8444.0
1104,233.100,151.290,233.47,151.39,969.56,30678.0,5833.0,5833.0
1105,233.100,151.290,233.47,151.39,969.56,27521.0,2562.0,2562.0
1106,233.100,151.290,233.47,151.39,969.56,29672.0,4907.0,4907.0
1107,233.100,151.290,233.47,151.39,969.56,29305.0,3964.0,3964.0
1108,233.100,151.290,233.47,151.39,969.56,29367.0,4409.0,4409.0
1109,233.100,151.290,233.47,151.39,969.56,28951.0,4563.0,4563.0
1110,233.100,151.290,233.47,151.39,969.56,32010.0,6499.0,6499.0
1111,233.100,151.290,233.47,151.39,969.56,31236.0,6795.0,6795.0
1112,233.100,151.290,233.47,151.39,969.56,29064.0,4612.0,4612.0
1113,233.100,151.290,233.47,151.39,969.56,30213.0,5088.0,5088.0
1114,233.100,151.290,233.47,151.39,969.56,31117.0,6777.0,6777.0
1115,233.100,151.290,233.47,151.39,969.56,26990.0,2649.0,2649.0
1116,233.100,151.290,233.47,151.39,969.56,29078.0,4022.0,4022.0
1117,233.100,151.290,233.47,151.39,969.56,28040.0,3314.0,3314.0
1118,233.100,151.290,233.47,151.39,969.56,26612.0,2458.0,2458.0
1119,233.100,151.290,233.47,151.39,969.56,28401.0,4761.0,4761.0
1120,233.100,151.290,233.47,151.39,969.56,27681.0,3109.0,3109.0
1121,233.100,151.290,233.47,151.39,969.56,26541.0,3012.0,3012.0
1122,233.100,151.290,233.47,151.39,969.56,27731.0,3542.0,3542.0
1123,233.100,151.290,233.47,151.39,969.56,28967.0,4225.0,4225.0
1124,233.100,151.290,233.47,151.39,969.56,28036.0,3110.0,3110.0
1125,233.100,151.290,233.47,151.39,969.56,29651.0,4665.0,4665.0
1126,233.100,151.290,233.47,151.39,969.56,27384.0,4087.0,4087.0
1127,233.100,151.290,233.47,151.39,969.56,27765.0,3559.0,3559.0
1128,233.100,151.290,233.47,151.39,969.56,24967.0,1674.0,1674.0
1129,233.100,151.290,233.47,151.39,969.56,29185.0,4908.0,4908.0
1130,233.100,151.290,233.47,151.39,969.56,28648.0,3761.0,3761.0
1131,233.100,151.290,233.47,151.39,969.56,28994.0,4361.0,4361.0
1132,233.100,151.290,233.47,151.39,969.56,28618.0,4684.0,4684.0
1133,233.100,151.290,233.47,151.39,969.56,28724.0,4095.0,4095.0
1134,233.100,151.290,233.47,151.39,969.56,30026.0,6190.0,6190.0
1135,233.100,151.290,233.47,151.39,969.56,29392.0,6096.0,6096.0
1136,233.100,151.290,233.47,151.39,969.56,30005.0,5431.0,5431.0
1137,233.100,151.290,233.47,151.39,969.56,27783.0,3248.0,3248.0
1138,233.100,151.290,233.47,151.39,969.56,31770.0,7237.0,7237.0
1139,233.100,151.290,233.47,151.39,969.56,29495.0,5122.0,5122.0
1140,233.100,151.290,233.47,151.39,969.56,31295.0,6939.0,6939.0
1141,233.100,151.290,233.47,151.39,969.56,30134.0,5360.0,5360.0
1142,233.100,151.290,233.47,151.39,969.56,28583.0,3482.0,3482.0
1143,233.100,151.290,233.47,151.39,969.56,27808.0,3193.0,3193.0
1144,233.100,151.290,233.47,151.39,969.56,26627.0,2385.0,2385.0
1145,233.100,151.290,233.47,151.39,969.56,25899.0,1832.0,1832.0
1146,233.100,151.290,233.47,151.39,969.56,27684.0,3458.0,3458.0
1147,233.100,151.290,233.47,151.39,969.56,26820.0,2071.0,2071.0
1148,233.100,151.290,233.47,151.39,969.56,28155.0,4006.0,4006.0
1149,233.100,151.290,233.47,151.39,969.56,27156.0,3202.0,3202.0
1150,233.100,151.290,233.47,151.39,969.56,29884.0,5791.0,5791.0
1151,233.100,151.290,233.47,151.39,969.56,27110.0,3021.0,3021.0
1152,233.100,151.290,233.47,151.39,969.56,27776.0,3758.0,3758.0
1153,233.100,151.290,233.47,151.39,969.56,28107.0,3482.0,3482.0
1154,233.100,151.290,233.47,151.39,969.56,28300.0,3738.0,3738.0
1155,233.100,151.290,233.47,151.39,969.56,30165.0,5747.0,5747.0
1156,233.100,151.290,233.47,151.39,969.56,29249.0,4155.0,4155.0
1157,233.100,151.290,233.47,151.39,969.56,27187.0,3240.0,3240.0
1158,233.100,151.290,233.47,151.39,969.56,29552.0,5765.0,5765.0
1159,233.100,151.290,233.47,151.39,969.56,28770.0,3920.0,3920.0
1160,233.100,151.290,233.47,151.39,969.56,27042.0,2744.0,2744.0
1161,233.100,151.290,233.47,151.39,969.56,27390.0,3801.0,3801.0
1162,233.100,151.290,233.47,151.39,969.56,28762.0,4501.0,4501.0
1163,233.100,151.290,233.47,151.39,969.56,26640.0,2399.0,2399.0
1164,233.100,151.290,233.47,151.39,969.56,28595.0,4414.0,4414.0
1165,233.100,151.290,233.47,151.39,969.56,25818.0,1506.0,1506.0
1166,233.100,151.290,233.47,151.39,969.56,24682.0,381.0,381.0
1167,233.100,151.290,233.47,151.39,969.56,24486.0,747.0,747.0
1168,233.100,151.290,233.47,151.39,969.56,26050.0,1825.0,1825.0
1169,233.100,151.290,233.47,151.39,969.56,24202.0,416.0,416.0
1170,233.100,151.290,233.47,151.39,969.56,25359.0,772.0,772.0
1171,233.100,151.290,233.47,151.39,969.56,25910.0,1057.0,1057.0
1172,233.100,151.290,233.47,151.39,969.56,24830.0,973.0,973.0
1173,233.100,151.290,233.47,151.39,969.56,24693.0,1109.0,1109.0
1174,233.100,151.290,233.47,151.39,969.56,25467.0,1994.0,1994.0
1175,233.100,151.290,233.47,151.39,969.56,25666.0,2190.0,2190.0
1176,233.100,151.290,233.47,151.39,969.56,26741.0,1901.0,1901.0
1177,233.100,151.290,233.47,151.39,969.56,25207.0,1484.0,1484.0
1178,233.100,151.290,233.47,151.39,969.56,23875.0,893.0,893.0
1179,233.100,151.290,233.47,151.39,969.56,27356.0,2969.0,2969.0
1180,233.100,151.290,233.47,151.39,969.56,25862.0,1383.0,1383.0
1181,233.100,151.290,233.47,151.39,969.56,25567.0,2240.0,2240.0
1182,233.100,151.290,233.47,151.39,969.56,27274.0,2632.0,2632.0
1183,233.100,151.290,233.47,151.39,969.56,26259.0,2129.0,2129.0
1184,233.100,151.290,233.47,151.39,969.56,25853.0,1529.0,1529.0
1185,233.100,151.290,233.47,151.39,969.56,26967.0,2395.0,2395.0
1186,233.100,151.290,233.47,151.39,969.56,25282.0,1239.0,1239.0
1187,233.100,151.290,233.47,151.39,969.56,27678.0,4032.0,4032.0
1188,233.100,151.290,233.47,151.39,969.56,29938.0,5458.0,5458.0
1189,233.100,151.290,233.47,151.39,969.56,28762.0,4418.0,4418.0
1190,233.100,151.290,233.47,151.39,969.56,29728.0,5553.0,5553.0
1191,233.100,151.290,233.47,151.39,969.56,30069.0,5562.0,5562.0
1192,233.100,151.290,233.47,151.39,969.56,28516.0,3518.0,3518.0
1193,233.100,151.290,233.47,151.39,969.56,30211.0,6465.0,6465.0
1194,233.100,151.290,233.47,151.39,969.56,30402.0,5788.0,5788.0
1195,233.100,151.290,233.47,151.39,969.56,30763.0,6361.0,6361.0
1196,233.100,151.290,233.47,151.39,969.56,29518.0,4977.0,4977.0
1197,233.100,151.290,233.47,151.39,969.56,28629.0,5045.0,5045.0
1198,233.100,151.290,233.47,151.39,969.56,29348.0,5297.0,5297.0
1199,233.100,151.290,233.47,151.39,969.56,30730.0,6488.0,6488.0
1200,233.100,151.290,233.47,151.39,969.56,30064.0,4741.0,4741.0
1201,233.100,151.290,233.47,151.39,969.56,28341.0,4127.0,4127.0
1202,233.100,151.290,233.47,151.39,969.56,29217.0,4734.0,4734.0
1203,233.100,151.290,233.47,151.39,969.56,30879.0,6239.0,6239.0
1204,233.100,151.290,233.47,151.39,969.56,30527.0,5514.0,5514.0
1205,233.100,151.290,233.47,151.39,969.56,29545.0,5100.0,5100.0
1206,233.100,151.290,233.47,151.39,969.56,29166.0,5168.0,5168.0
1207,233.100,151.290,233.47,151.39,969.56,30366.0,4546.0,4546.0
1208,233.100,151.290,233.47,151.39,969.56,30642.0,6387.0,6387.0
1209,233.100,151.290,233.47,151.39,969.56,31716.0,6505.0,6505.0
1210,233.100,151.290,233.47,151.39,969.56,29307.0,5351.0,5351.0
1211,233.100,151.290,233.47,151.39,969.56,31691.0,6641.0,6641.0
1212,233.100,151.290,233.47,151.39,969.56,28889.0,4990.0,4990.0
1213,233.100,151.290,233.47,151.39,969.56,29249.0,4769.0,4769.0
1214,233.100,151.290,233.47,151.39,969.56,29000.0,3810.0,3810.0
1215,233.100,151.290,233.47,151.39,969.56,28919.0,4814.0,4814.0
1216,233.100,151.290,233.47,151.39,969.56,29103.0,4443.0,4443.0
1217,233.100,151.290,233.47,151.39,969.56,28860.0,4043.0,4043.0
1218,233.100,151.290,233.47,151.39,969.56,24771.0,1305.0,1305.0
1219,233.100,151.290,233.47,151.39,969.56,26239.0,2186.0,2186.0
1220,233.100,151.290,233.47,151.39,969.56,25796.0,1675.0,1675.0
1221,233.100,151.290,233.47,151.39,969.56,24926.0,791.0,791.0
1222,233.100,151.290,233.47,151.39,969.56,26951.0,2410.0,2410.0
1223,233.100,151.290,233.47,151.39,969.56,28460.0,3670.0,3670.0
1224,233.100,151.290,233.47,151.39,969.56,29154.0,4456.0,4456.0
1225,233.100,151.290,233.47,151.39,969.56,28829.0,4409.0,4409.0
1226,233.100,151.290,233.47,151.39,969.56,27561.0,3519.0,3519.0
1227,233.100,151.290,233.47,151.39,969.56,28979.0,4982.0,4982.0
1228,233.100,151.290,233.47,151.39,969.56,28379.0,4753.0,4753.0
1229,233.100,151.290,233.47,151.39,969.56,30549.0,5753.0,5753.0
1230,233.100,151.290,233.47,151.39,969.56,29337.0,4685.0,4685.0
1231,233.100,151.290,233.47,151.39,969.56,29618.0,5006.0,5006.0
1232,233.100,151.290,233.47,151.39,969.56,29733.0,4589.0,4589.0
1233,233.100,151.290,233.47,151.39,969.56,29321.0,4547.0,4547.0
1234,233.100,151.290,233.47,151.39,969.56,30429.0,5735.0,5735.0
1235,233.100,151.290,233.47,151.39,969.56,31675.0,7229.0,7229.0
1236,233.100,151.290,233.47,151.39,969.56,33136.0,8648.0,8648.0
1237,233.100,151.290,233.47,151.39,969.56,33636.0,8584.0,8584.0
1238,233.100,151.290,233.47,151.39,969.56,33166.0,7918.0,7918.0
1239,233.100,151.290,233.47,151.39,969.56,31570.0,6673.0,6673.0
1240,233.100,151.290,233.47,151.39,969.56,28241.0,2809.0,2809.0
1241,233.100,151.290,233.47,151.39,969.56,33803.0,8037.0,8037.0
1242,233.100,151.290,233.47,151.39,969.56,32154.0,6899.0,6899.0
1243,233.100,151.290,233.47,151.39,969.56,34815.0,9082.0,9082.0
1244,233.100,151.290,233.47,151.39,969.56,32806.0,7668.0,7668.0
1245,233.100,151.290,233.47,151.39,969.56,31944.0,6768.0,6768.0
1246,233.100,151.290,233.47,151.39,969.56,27875.0,3877.0,3877.0
1247,233.100,151.290,233.47,151.39,969.56,29515.0,5165.0,5165.0
1248,233.100,151.290,233.47,151.39,969.56,34164.0,8954.0,8954.0
1249,233.100,151.290,233.47,151.39,969.56,33203.0,8122.0,8122.0
1250,233.100,151.290,233.47,151.39,969.56,32479.0,7339.0,7339.0
1251,233.100,151.290,233.47,151.39,969.56,32621.0,7414.0,7414.0
1252,233.100,151.290,233.47,151.39,969.56,31537.0,6630.0,6630.0
1253,233.100,151.290,233.47,151.39,969.56,35042.0,9574.0,9574.0
1254,233.100,151.290,233.47,151.39,969.56,30096.0,5756.0,5756.0
1255,233.100,151.290,233.47,151.39,969.56,34256.0,9208.0,9208.0
1256,233.100,151.290,233.47,151.39,969.56,33878.0,8608.0,8608.0
1257,233.100,151.290,233.47,151.39,969.56,31678.0,6812.0,6812.0
1258,233.100,151.290,233.47,151.39,969.56,33028.0,8037.0,8037.0
1259,233.100,151.290,233.47,151.39,969.56,31890.0,7026.0,7026.0
1260,233.100,151.290,233.47,151.39,969.56,33567.0,7319.0,7319.0
1261,233.100,151.290,233.47,151.39,969.56,33696.0,9059.0,9059.0
1262,233.100,151.290,233.47,151.39,969.56,32455.0,7727.0,7727.0
1263,233.100,151.290,233.47,151.39,969.56,33595.0,9314.0,9314.0
1264,233.100,151.290,233.47,151.39,969.56,32074.0,7182.0,7182.0
1265,233.100,151.290,233.47,151.39,969.56,31129.0,5392.0,5392.0
1266,233.100,151.290,233.47,151.39,969.56,33497.0,8296.0,8296.0
1267,233.100,151.290,233.47,151.39,969.56,32104.0,6310.0,6310.0
1268,233.100,151.290,233.47,151.39,969.56,31131.0,6064.0,6064.0
1269,233.100,151.290,233.47,151.39,969.56,35084.0,9248.0,9248.0
1270,233.100,151.290,233.47,151.39,969.56,32070.0,6698.0,6698.0
1271,233.100,151.290,233.47,151.39,969.56,31032.0,5906.0,5906.0
1272,233.100,151.290,233.47,151.39,969.56,29089.0,4811.0,4811.0
1273,233.100,151.290,233.47,151.39,969.56,34472.0,9366.0,9366.0
1274,233.100,151.290,233.47,151.39,969.56,34887.0,9328.0,9328.0
1275,233.100,151.290,233.47,151.39,969.56,32240.0,7294.0,7294.0
1276,233.100,151.290,233.47,151.39,969.56,33900.0,7680.0,7680.0
1277,233.100,151.290,233.47,151.39,969.56,30265.0,5757.0,5757.0
1278,233.100,151.290,233.47,151.39,969.56,32319.0,6147.0,6147.0
1279,233.100,151.290,233.47,151.39,969.56,31254.0,6202.0,6202.0
1280,233.100,151.290,233.47,151.39,969.56,31696.0,6255.0,6255.0
1281,233.100,151.290,233.47,151.39,969.56,31567.0,7223.0,7223.0
1282,233.100,151.290,233.47,151.39,969.56,35347.0,9605.0,9605.0
1283,233.100,151.290,233.47,151.39,969.56,35544.0,9248.0,9248.0
1284,233.100,151.290,233.47,151.39,969.56,35146.0,9400.0,9400.0
1285,233.100,151.290,233.47,151.39,969.56,34341.0,9221.0,9221.0
1286,233.100,151.290,233.47,151.39,969.56,32714.0,7579.0,7579.0
1287,233.100,151.290,233.47,151.39,969.56,35340.0,10326.0,10326.0
1288,233.100,151.290,233.47,151.39,969.56,35312.0,9475.0,9475.0
1289,233.100,151.290,233.47,151.39,969.56,35793.0,10438.0,10438.0
1290,233.100,151.290,233.47,151.39,969.56,33954.0,8488.0,8488.0
1291,233.100,151.290,233.47,151.39,969.56,33370.0,8530.0,8530.0
1292,233.100,151.290,233.47,151.39,969.56,33016.0,7073.0,7073.0
1293,233.100,151.290,233.47,151.39,969.56,35634.0,10091.0,10091.0
1294,233.100,151.290,233.47,151.39,969.56,35748.0,9805.0,9805.0
1295,233.100,151.290,233.47,151.39,969.56,32665.0,8194.0,8194.0
1296,233.100,151.290,233.47,151.39,969.56,26874.0,3316.0,3316.0
1297,233.100,151.290,233.47,151.39,969.56,30648.0,6014.0,6014.0
1298,233.100,151.290,233.47,151.39,969.56,29517.0,4624.0,4624.0
1299,233.100,151.290,233.47,151.39,969.56,32600.0,8353.0,8353.0
1300,233.100,151.290,233.47,151.39,969.56,30592.0,6488.0,6488.0
1301,233.100,151.290,233.47,151.39,969.56,31768.0,6526.0,6526.0
1302,233.100,151.290,233.47,151.39,969.56,35855.0,10306.0,10306.0
1303,233.100,151.290,233.47,151.39,969.56,31691.0,7618.0,7618.0
1304,233.100,151.290,233.47,151.39,969.56,36362.0,10954.0,10954.0
1305,233.100,151.290,233.47,151.39,969.56,31368.0,6528.0,6528.0
1306,233.100,151.290,233.47,151.39,969.56,33574.0,8574.0,8574.0
1307,233.100,151.290,233.47,151.39,969.56,30484.0,5748.0,5748.0
1308,233.100,151.290,233.47,151.39,969.56,26411.0,1336.0,1336.0
1309,233.100,151.290,233.47,151.39,969.56,30896.0,5648.0,5648.0
1310,233.100,151.290,233.47,151.39,969.56,31121.0,5750.0,5750.0
1311,233.100,151.290,233.47,151.39,969.56,27764.0,2088.0,2088.0
1312,233.100,151.290,233.47,151.39,969.56,28592.0,3653.0,3653.0
1313,233.100,151.290,233.47,151.39,969.56,27754.0,3138.0,3138.0
1314,233.100,151.290,233.47,151.39,969.56,28341.0,4055.0,4055.0
1315,233.100,151.290,233.47,151.39,969.56,28412.0,2989.0,2989.0
1316,233.100,151.290,233.47,151.39,969.56,31031.0,6323.0,6323.0
1317,233.100,151.290,233.47,151.39,969.56,31002.0,5711.0,5711.0
1318,233.100,151.290,233.47,151.39,969.56,31336.0,6118.0,6118.0
1319,233.100,151.290,233.47,151.39,969.56,28778.0,4479.0,4479.0
1320,233.100,151.290,233.47,151.39,969.56,31073.0,6426.0,6426.0
1321,233.100,151.290,233.47,151.39,969.56,26816.0,1838.0,1838.0
1322,233.100,151.290,233.47,151.39,969.56,26769.0,2794.0,2794.0
1323,233.100,151.290,233.47,151.39,969.56,29312.0,4366.0,4366.0
1324,233.100,151.290,233.47,151.39,969.56,27639.0,2735.0,2735.0
1325,233.100,151.290,233.47,151.39,969.56,28399.0,3085.0,3085.0
1326,233.100,151.290,233.47,151.39,969.56,26715.0,2078.0,2078.0
1327,233.100,151.290,233.47,151.39,969.56,31153.0,5650.0,5650.0
1328,233.100,151.290,233.47,151.39,969.56,27662.0,2822.0,2822.0
1329,233.100,151.290,233.47,151.39,969.56,28171.0,3624.0,3624.0
1330,233.100,151.290,233.47,151.39,969.56,25905.0,1951.0,1951.0
1331,233.100,151.290,233.47,151.39,969.56,28315.0,4502.0,4502.0
1332,233.100,151.290,233.47,151.39,969.56,29267.0,5470.0,5470.0
1333,233.100,151.290,233.47,151.39,969.56,27857.0,3204.0,3204.0
1334,233.100,151.290,233.47,151.39,969.56,26063.0,1603.0,1603.0
1335,233.100,151.290,233.47,151.39,969.56,29077.0,4591.0,4591.0
1336,233.100,151.290,233.47,151.39,969.56,29216.0,4664.0,4664.0
1337,233.100,151.290,233.47,151.39,969.56,27884.0,3402.0,3402.0
1338,233.100,151.290,233.47,151.39,969.56,29354.0,5148.0,5148.0
1339,233.100,151.290,233.47,151.39,969.56,28295.0,3969.0,3969.0
1340,233.100,151.290,233.47,151.39,969.56,27582.0,1980.0,1980.0
1341,233.100,151.290,233.47,151.39,969.56,28157.0,3192.0,3192.0
1342,233.100,151.290,233.47,151.39,969.56,26528.0,2737.0,2737.0
1343,233.100,151.290,233.47,151.39,969.56,26905.0,3107.0,3107.0
1344,233.100,151.290,233.47,151.39,969.56,26787.0,2142.0,2142.0
1345,233.100,151.290,233.47,151.39,969.56,27230.0,2400.0,2400.0
1346,233.100,151.290,233.47,151.39,969.56,27141.0,2398.0,2398.0
1347,233.100,151.290,233.47,151.39,969.56,28134.0,2934.0,2934.0
1348,233.100,151.290,233.47,151.39,969.56,27834.0,3268.0,3268.0
1349,233.100,151.290,233.47,151.39,969.56,24794.0,529.0,529.0
1350,233.100,151.290,233.47,151.39,969.56,25932.0,1381.0,1381.0
1351,233.100,151.290,233.47,151.39,969.56,25885.0,1763.0,1763.0
1352,233.100,151.290,233.47,151.39,969.56,28414.0,3576.0,3576.0
1353,233.100,151.290,233.47,151.39,969.56,26861.0,2743.0,2743.0
1354,233.100,151.290,233.47,151.39,969.56,25623.0,1513.0,1513.0
1355,233.100,151.290,233.47,151.39,969.56,28338.0,2852.0,2852.0
1356,233.100,151.290,233.47,151.39,969.56,25849.0,1132.0,1132.0
1357,233.100,151.290,233.47,151.39,969.56,28304.0,3946.0,3946.0
1358,233.100,151.290,233.47,151.39,969.56,27730.0,2732.0,2732.0
1359,233.100,151.290,233.47,151.39,969.56,27756.0,3029.0,3029.0
1360,233.100,151.290,233.47,151.39,969.56,25887.0,949.0,949.0
1361,233.100,151.290,233.47,151.39,969.56,26340.0,2384.0,2384.0
1362,233.100,151.290,233.47,151.39,969.56,26984.0,2405.0,2405.0
1363,233.100,151.290,233.47,151.39,969.56,26961.0,3023.0,3023.0
1364,233.100,151.290,233.47,151.39,969.56,27918.0,3031.0,3031.0
1365,233.100,151.290,233.47,151.39,969.56,25595.0,910.0,910.0
1366,233.100,151.290,233.47,151.39,969.56,26804.0,2017.0,2017.0
1367,233.100,151.290,233.47,151.39,969.56,27207.0,2729.0,2729.0
1368,233.100,151.290,233.47,151.39,969.56,30230.0,5047.0,5047.0
1369,233.100,151.290,233.47,151.39,969.56,31764.0,6775.0,6775.0
1370,233.100,151.290,233.47,151.39,969.56,29619.0,4905.0,4905.0
1371,233.100,151.290,233.47,151.39,969.56,27630.0,2776.0,2776.0
1372,233.100,151.290,233.47,151.39,969.56,27205.0,1907.0,1907.0
1373,233.100,151.290,233.47,151.39,969.56,29363.0,4612.0,4612.0
1374,233.100,151.290,233.47,151.39,969.56,27032.0,2827.0,2827.0
1375,233.100,151.290,233.47,151.39,969.56,28602.0,3641.0,3641.0
1376,233.100,151.290,233.47,151.39,969.56,33246.0,7512.0,7512.0
1377,233.100,151.290,233.47,151.39,969.56,28612.0,4140.0,4140.0
1378,233.100,151.290,233.47,151.39,969.56,28858.0,3452.0,3452.0
1379,233.100,151.290,233.47,151.39,969.56,31368.0,5734.0,5734.0
1380,233.100,151.290,233.47,151.39,969.56,32304.0,7526.0,7526.0
1381,233.100,151.290,233.47,151.39,969.56,30169.0,5657.0,5657.0
1382,233.100,151.290,233.47,151.39,969.56,31842.0,6461.0,6461.0
1383,233.100,151.290,233.47,151.39,969.56,30285.0,5011.0,5011.0
1384,233.100,151.290,233.47,151.39,969.56,30906.0,6022.0,6022.0
1385,233.100,151.290,233.47,151.39,969.56,29564.0,4246.0,4246.0
1386,233.100,151.290,233.47,151.39,969.56,28631.0,4511.0,4511.0
1387,233.100,151.290,233.47,151.39,969.56,33502.0,7663.0,7663.0
1388,233.100,151.290,233.47,151.39,969.56,32479.0,6504.0,6504.0
1389,233.100,151.290,233.47,151.39,969.56,27276.0,2378.0,2378.0
1390,233.100,151.290,233.47,151.39,969.56,26328.0,2481.0,2481.0
1391,233.100,151.290,233.47,151.39,969.56,27900.0,3363.0,3363.0
1392,233.100,151.290,233.47,151.39,969.56,27179.0,2966.0,2966.0
1393,233.100,151.290,233.47,151.39,969.56,29803.0,5347.0,5347.0
1394,233.100,151.290,233.47,151.39,969.56,28573.0,4297.0,4297.0
1395,233.100,151.290,233.47,151.39,969.56,30054.0,4516.0,4516.0
1396,233.100,151.290,233.47,151.39,969.56,26786.0,1758.0,1758.0
1397,233.100,151.290,233.47,151.39,969.56,25615.0,51.0,51.0
1398,233.100,151.290,233.47,151.39,969.56,23615.0,247.0,247.0
1399,233.100,151.290,233.47,151.39,969.56,24728.0,0.0,0.0
1400,233.100,151.290,233.47,151.39,969.56,25082.0,1046.0,1046.0
1401,233.100,151.290,233.47,151.39,969.56,25563.0,1224.0,1224.0
1402,233.100,151.290,233.47,151.39,969.56,23796.0,0.0,0.0
1403,233.100,151.290,233.47,151.39,969.56,26844.0,2290.0,2290.0
1404,233.100,151.290,233.47,151.39,969.56,25433.0,1424.0,1424.0
1405,233.100,151.290,233.47,151.39,969.56,28455.0,4286.0,4286.0
1406,233.100,151.290,233.47,151.39,969.56,28073.0,3950.0,3950.0
1407,233.100,151.290,233.47,151.39,969.56,27554.0,3649.0,3649.0
1408,233.100,151.290,233.47,151.39,969.56,29501.0,5786.0,5786.0
1409,233.100,151.290,233.47,151.39,969.56,29203.0,4807.0,4807.0
1410,233.100,151.290,233.47,151.39,969.56,26927.0,3561.0,3561.0
1411,233.100,151.290,233.47,151.39,969.56,31307.0,7212.0,7212.0
1412,233.100,151.290,233.47,151.39,969.56,28436.0,4540.0,4540.0
1413,233.100,151.290,233.47,151.39,969.56,27983.0,3374.0,3374.0
1414,233.100,151.290,233.47,151.39,969.56,30494.0,6525.0,6525.0
1415,233.100,151.290,233.47,151.39,969.56,29378.0,5598.0,5598.0
1416,233.100,151.290,233.47,151.39,969.56,29331.0,4680.0,4680.0
1417,233.100,151.290,233.47,151.39,969.56,28797.0,4659.0,4659.0
1418,233.100,151.290,233.47,151.39,969.56,27952.0,3636.0,3636.0
1419,233.100,151.290,233.47,151.39,969.56,27144.0,3434.0,3434.0
1420,233.100,151.290,233.47,151.39,969.56,25970.0,2034.0,2034.0
1421,233.100,151.290,233.47,151.39,969.56,26078.0,1706.0,1706.0
1422,233.100,151.290,233.47,151.39,969.56,26490.0,1916.0,1916.0
1423,233.100,151.290,233.47,151.39,969.56,26793.0,2211.0,2211.0
1424,233.100,151.290,233.47,151.39,969.56,25512.0,1776.0,1776.0
1425,233.100,151.290,233.47,151.39,969.56,28418.0,3695.0,3695.0
1426,233.100,151.290,233.47,151.39,969.56,33316.0,7861.0,7861.0
1427,233.100,151.290,233.38,151.2,969.56,32050.0,7499.0,7499.0
1428,233.100,151.290,233.47,151.39,969.56,29520.0,4078.0,4078.0
1429,233.100,151.290,233.01,151.06,969.56,31140.0,5631.0,5631.0
1430,233.100,151.290,233.08,151.43,969.56,31141.0,5914.0,5914.0
1431,233.100,151.290,233.07,151.02,969.56,32170.0,6324.0,6324.0
1432,233.100,151.290,233.13,151.38,969.56,31395.0,6114.0,6114.0
1433,233.100,151.290,233.47,151.39,969.56,30813.0,6190.0,6190.0
1434,233.100,151.290,233.47,151.39,969.56,31861.0,6783.0,6783.0
1435,233.100,151.290,233.41,151.14,969.56,33437.0,8157.0,8157.0
1436,233.100,151.290,233.47,151.39,969.56,32401.0,6693.0,6693.0
1437,233.100,151.290,233.47,151.39,969.56,31184.0,5806.0,5806.0
1438,233.100,151.290,233.25,151.19,969.56,31765.0,6244.0,6244.0
1439,233.100,151.290,233.4,151.28,969.56,33228.0,7582.0,7582.0
1440,233.100,151.290,233.06,151.26,969.56,31726.0,5953.0,5953.0
1441,233.100,151.290,233.06,151.16,969.56,37417.0,10889.0,10889.0
1442,233.100,151.290,232.63,151.33,969.56,34124.0,8557.0,8557.0
1443,233.100,151.290,233.47,151.39,969.56,30792.0,5894.0,5894.0
1444,233.100,151.290,233.47,151.39,969.56,30256.0,4696.0,4696.0
1445,233.100,151.290,233.26,151.26,969.56,35703.0,9800.0,9800.0
1446,233.100,151.290,233.31,151.11,969.56,34673.0,9338.0,9338.0
1447,233.100,151.290,232.96,151.14,969.56,33868.0,7935.0,7935.0
1448,233.100,151.290,233.01,151.4,969.56,35786.0,9896.0,9896.0
1449,233.100,151.290,233.48,151.36,969.56,33415.0,7602.0,7602.0
1450,233.100,151.290,233.47,151.39,969.56,32060.0,6536.0,6536.0
1451,233.100,151.290,233.09,151.22,969.56,31863.0,7463.0,7463.0
1452,233.100,151.290,233.15,151.47,969.56,31582.0,5972.0,5972.0
1453,233.100,151.290,233.07,151.21,969.56,34387.0,8724.0,8724.0
1454,233.100,151.290,233.25,151.06,969.56,36104.0,10264.0,10264.0
1455,233.100,151.290,233.16,151.12,969.56,36439.0,9820.0,9820.0
1456,233.100,151.290,233.02,151.36,969.56,33301.0,7568.0,7568.0
1457,233.100,151.290,233.35,151.4,969.56,33047.0,8006.0,8006.0
1458,233.100,151.290,233.06,151.17,969.56,30918.0,6118.0,6118.0
1459,233.100,151.290,233.06,151.54,969.56,33253.0,7212.0,7212.0
1460,233.100,151.290,233.43,151.36,969.56,33903.0,8204.0,8204.0
1461,233.100,151.290,233.47,151.39,969.56,31066.0,6481.0,6481.0
1462,233.100,151.290,232.89,151.08,969.56,34141.0,8135.0,8135.0
1463,233.100,151.290,232.85,151.48,969.56,33819.0,7936.0,7936.0
1464,233.100,151.290,233.45,150.8,969.56,33140.0,7301.0,7301.0
1465,233.100,151.290,233.19,151.1,969.56,33314.0,7637.0,7637.0
1466,233.100,151.290,233.15,151.07,969.56,34437.0,7613.0,7613.0
1467,233.100,151.290,233.29,150.93,969.56,31155.0,6576.0,6576.0
1468,233.100,151.290,233.16,151.15,969.56,32343.0,6749.0,6749.0
1469,233.100,151.290,233.47,151.39,969.56,32536.0,7434.0,7434.0
1470,233.100,151.290,233.05,151.06,969.56,33071.0,7587.0,7587.0
1471,233.100,151.290,233.47,151.39,969.56,33005.0,7610.0,7610.0
1472,233.100,151.290,233.31,151.23,969.56,35345.0,9426.0,9426.0
1473,233.100,151.290,232.72,151.33,969.56,33011.0,8140.0,8140.0
1474,233.100,151.290,232.82,151.25,969.56,37264.0,10939.0,10939.0
1475,233.100,151.290,232.99,151.06,969.56,32552.0,7883.0,7883.0
1476,233.100,151.290,233.2,151.14,969.56,33918.0,7598.0,7598.0
1477,233.100,151.290,233.21,151.08,969.56,35150.0,8183.0,8183.0
1478,233.100,151.290,233.47,151.39,969.56,32438.0,6757.0,6757.0
1479,233.100,151.290,233.47,151.39,969.56,32116.0,6693.0,6693.0
1480,233.100,151.290,233.1,151.29,969.56,32385.0,7197.0,7197.0
1481,233.100,151.290,233.1,151.29,969.56,30312.0,4605.0,4605.0
1482,233.100,151.290,233.1,151.29,969.56,31260.0,6440.0,6440.0
1483,233.100,151.290,233.1,151.29,969.56,29948.0,5071.0,5071.0
1484,233.100,151.290,233.1,151.29,969.56,31233.0,6637.0,6637.0
1485,233.100,151.290,233.1,151.29,969.56,31989.0,7525.0,7525.0
1486,233.100,151.290,233.1,151.29,969.56,29763.0,5815.0,5815.0
1487,233.100,151.290,233.1,151.29,969.56,31006.0,6094.0,6094.0
1488,233.100,151.290,233.1,151.29,969.56,32390.0,7117.0,7117.0
1489,233.100,151.290,233.1,151.29,969.56,32307.0,7814.0,7814.0
1490,233.100,151.290,233.1,151.29,969.56,33354.0,7483.0,7483.0
1491,233.100,151.290,233.1,151.29,969.56,30160.0,5180.0,5180.0
1492,233.100,151.290,233.1,151.29,969.56,31296.0,5902.0,5902.0
1493,233.100,151.290,233.1,151.29,969.56,29305.0,4416.0,4416.0
1494,233.100,151.290,233.1,151.29,969.56,24396.0,175.0,175.0
1495,233.100,151.290,233.1,151.29,969.56,24083.0,858.0,858.0
1496,233.100,151.290,233.1,151.29,969.56,23729.0,0.0,0.0
1497,233.100,151.290,233.1,151.29,969.56,24244.0,802.0,802.0
1498,233.100,151.290,233.1,151.29,969.56,23803.0,251.0,251.0
1499,233.100,151.290,233.1,151.29,969.56,24488.0,1298.0,1298.0
1500,233.100,151.290,233.1,151.29,969.56,25050.0,1122.0,1122.0
