id,avg_x,avg_y,x,y,bg,Square_intensity,circular_intensity,Gaussian_intensity
42,192.270,137.500,193.53,138.3,1095.5,32260.0,2513.0,2513.0
43,192.270,137.500,193.53,138.3,1095.5,33994.0,3533.0,3533.0
44,192.270,137.500,193.53,138.3,1095.5,34265.0,4368.0,4368.0
45,192.270,137.500,193.53,138.3,1095.5,34430.0,4591.0,4591.0
46,192.270,137.500,193.53,138.3,1095.5,32724.0,2202.0,2202.0
47,192.270,137.500,193.53,138.3,1095.5,33582.0,3261.0,3261.0
48,192.270,137.500,193.53,138.3,1095.5,31564.0,2469.0,2469.0
49,192.270,137.500,193.53,138.3,1095.5,33444.0,3361.0,3361.0
50,192.270,137.500,193.53,138.3,1095.5,35042.0,4068.0,4068.0
51,192.270,137.500,193.53,138.3,1095.5,33387.0,3851.0,3851.0
52,192.270,137.500,193.53,138.3,1095.5,32408.0,1764.0,1764.0
53,192.270,137.500,193.53,138.3,1095.5,34975.0,4052.0,4052.0
54,192.270,137.500,193.53,138.3,1095.5,30685.0,1155.0,1155.0
55,192.270,137.500,193.53,138.3,1095.5,33847.0,3044.0,3044.0
56,192.270,137.500,193.53,138.3,1095.5,32905.0,2789.0,2789.0
57,192.270,137.500,193.53,138.3,1095.5,31215.0,659.0,659.0
58,192.270,137.500,193.53,138.3,1095.5,31455.0,2139.0,2139.0
59,192.270,137.500,193.53,138.3,1095.5,31896.0,1459.0,1459.0
60,192.270,137.500,193.53,138.3,1095.5,32356.0,2772.0,2772.0
61,192.270,137.500,193.53,138.3,1095.5,30437.0,331.0,331.0
62,192.270,137.500,193.53,138.3,1095.5,33049.0,2323.0,2323.0
63,192.270,137.500,193.53,138.3,1095.5,33379.0,2717.0,2717.0
64,192.270,137.500,193.53,138.3,1095.5,31344.0,1235.0,1235.0
65,192.270,137.500,193.53,138.3,1095.5,31926.0,1913.0,1913.0
66,192.270,137.500,193.53,138.3,1095.5,30470.0,2356.0,2356.0
67,192.270,137.500,193.53,138.3,1095.5,33788.0,4383.0,4383.0
68,192.270,137.500,193.53,138.3,1095.5,33290.0,3087.0,3087.0
69,192.270,137.500,193.53,138.3,1095.5,32203.0,3038.0,3038.0
70,192.270,137.500,193.53,138.3,1095.5,32099.0,2792.0,2792.0
71,192.270,137.500,193.53,138.3,1095.5,31863.0,2438.0,2438.0
72,192.270,137.500,193.53,138.3,1095.5,29612.0,1438.0,1438.0
73,192.270,137.500,193.53,138.3,1095.5,31435.0,1679.0,1679.0
74,192.270,137.500,193.53,138.3,1095.5,29214.0,0.0,0.0
75,192.270,137.500,193.53,138.3,1095.5,30547.0,1512.0,1512.0
76,192.270,137.500,193.53,138.3,1095.5,30989.0,1279.0,1279.0
77,192.270,137.500,193.53,138.3,1095.5,30940.0,1412.0,1412.0
78,192.270,137.500,193.53,138.3,1095.5,31382.0,1716.0,1716.0
79,192.270,137.500,193.53,138.3,1095.5,31703.0,3379.0,3379.0
80,192.270,137.500,193.53,138.3,1095.5,30315.0,1602.0,1602.0
81,192.270,137.500,193.53,138.3,1095.5,30619.0,2333.0,2333.0
82,192.270,137.500,193.53,138.3,1095.5,30845.0,1885.0,1885.0
83,192.270,137.500,193.53,138.3,1095.5,30185.0,2269.0,2269.0
84,192.270,137.500,193.53,138.3,1095.5,29494.0,396.0,396.0
85,192.270,137.500,193.53,138.3,1095.5,29850.0,1495.0,1495.0
86,192.270,137.500,193.53,138.3,1095.5,29276.0,930.0,930.0
87,192.270,137.500,193.53,138.3,1095.5,29376.0,293.0,293.0
88,192.270,137.500,193.53,138.3,1095.5,31903.0,2835.0,2835.0
89,192.270,137.500,193.53,138.3,1095.5,29717.0,1322.0,1322.0
90,192.270,137.500,193.53,138.3,1095.5,30259.0,1272.0,1272.0
91,192.270,137.500,193.53,138.3,1095.5,29967.0,596.0,596.0
92,192.270,137.500,193.53,138.3,1095.5,30948.0,3373.0,3373.0
93,192.270,137.500,193.53,138.3,1095.5,28798.0,0.0,0.0
94,192.270,137.500,193.53,138.3,1095.5,28985.0,0.0,0.0
95,192.270,137.500,193.53,138.3,1095.5,31814.0,1723.0,1723.0
96,192.270,137.500,193.53,138.3,1095.5,31119.0,1250.0,1250.0
97,192.270,137.500,193.53,138.3,1095.5,31522.0,1935.0,1935.0
98,192.270,137.500,193.53,138.3,1095.5,28523.0,0.0,0.0
99,192.270,137.500,193.53,138.3,1095.5,30852.0,890.0,890.0
100,192.270,137.500,193.53,138.3,1095.5,30965.0,800.0,800.0
101,192.270,137.500,193.53,138.3,1095.5,30294.0,0.0,0.0
102,192.270,137.500,193.53,138.3,1095.5,30620.0,1370.0,1370.0
103,192.270,137.500,193.53,138.3,1095.5,29774.0,300.0,300.0
104,192.270,137.500,193.53,138.3,1095.5,30161.0,203.0,203.0
105,192.270,137.500,193.53,138.3,1095.5,29358.0,0.0,0.0
106,192.270,137.500,193.53,138.3,1095.5,30173.0,765.0,765.0
107,192.270,137.500,193.53,138.3,1095.5,31026.0,934.0,934.0
108,192.270,137.500,193.53,138.3,1095.5,29382.0,0.0,0.0
109,192.270,137.500,193.53,138.3,1095.5,31185.0,856.0,856.0
110,192.270,137.500,193.53,138.3,1095.5,30869.0,827.0,827.0
111,192.270,137.500,193.53,138.3,1095.5,30874.0,1164.0,1164.0
112,192.270,137.500,193.53,138.3,1095.5,39670.0,8704.0,8704.0
113,192.270,137.500,193.47,138.2,1095.5,43956.0,11625.0,11625.0
114,192.270,137.500,193.46,138.14,1095.5,38235.0,6873.0,6873.0
115,192.270,137.500,193.56,138.16,1095.5,40171.0,9190.0,9190.0
116,192.270,137.500,193.67,138.18,1095.5,39436.0,7958.0,7958.0
117,192.270,137.500,193.53,138.26,1095.5,39622.0,8938.0,8938.0
118,192.270,137.500,193.34,138.59,1095.5,42178.0,10694.0,10694.0
119,192.270,137.500,193.58,138.24,1095.5,39015.0,8257.0,8257.0
120,192.270,137.500,193.65,138.39,1095.5,42488.0,10883.0,10883.0
121,192.270,137.500,193.32,138.13,1095.5,39365.0,8605.0,8605.0
122,192.270,137.500,193.31,138.12,1095.5,38936.0,7765.0,7765.0
123,192.270,137.500,193.42,138.48,1095.5,39752.0,8560.0,8560.0
124,192.270,137.500,193.35,138.13,1095.5,36661.0,6182.0,6182.0
125,192.270,137.500,193.3,137.91,1095.5,41138.0,10310.0,10310.0
126,192.270,137.500,193.45,138.33,1095.5,41306.0,11063.0,11063.0
127,192.270,137.500,193.33,137.85,1095.5,41722.0,10600.0,10600.0
128,192.270,137.500,193.41,138.04,1095.5,41866.0,10343.0,10343.0
129,192.270,137.500,193.47,138.24,1095.5,39904.0,8963.0,8963.0
130,192.270,137.500,193.35,138.29,1095.5,40817.0,10049.0,10049.0
131,192.270,137.500,193.46,138.17,1095.5,39406.0,8955.0,8955.0
132,192.270,137.500,193.52,138.18,1095.5,44552.0,13916.0,13916.0
133,192.270,137.500,193.61,137.98,1095.5,39921.0,9620.0,9620.0
134,192.270,137.500,193.49,138.19,1095.5,41589.0,11123.0,11123.0
135,192.270,137.500,193.64,138.2,1095.5,40662.0,10576.0,10576.0
136,192.270,137.500,193.47,138.12,1095.5,41226.0,11878.0,11878.0
137,192.270,137.500,193.36,138.28,1095.5,40026.0,10476.0,10476.0
138,192.270,137.500,193.19,138.05,1095.5,39184.0,8905.0,8905.0
139,192.270,137.500,193.59,138.38,1095.5,38514.0,9102.0,9102.0
140,192.270,137.500,193.43,138.04,1095.5,40885.0,10680.0,10680.0
141,192.270,137.500,193.82,138.11,1095.5,40630.0,11158.0,11158.0
142,192.270,137.500,193.54,138.26,1095.5,39194.0,11030.0,11030.0
143,192.270,137.500,193.82,138.21,1095.5,38760.0,8980.0,8980.0
144,192.270,137.500,193.64,138.31,1095.5,38120.0,8073.0,8073.0
145,192.270,137.500,193.44,138.19,1095.5,41973.0,12340.0,12340.0
146,192.270,137.500,193.56,138.39,1095.5,38913.0,9486.0,9486.0
147,192.270,137.500,193.22,138.25,1095.5,37287.0,8119.0,8119.0
148,192.270,137.500,193.31,138.16,1095.5,41447.0,11175.0,11175.0
149,192.270,137.500,193.46,138.24,1095.5,41196.0,11737.0,11737.0
150,192.270,137.500,193.62,137.94,1095.5,41534.0,11269.0,11269.0
151,192.270,137.500,193.66,138.11,1095.5,41008.0,11365.0,11365.0
152,192.270,137.500,193.15,138.1,1095.5,38319.0,9431.0,9431.0
153,192.270,137.500,193.44,138.01,1095.5,42029.0,12387.0,12387.0
154,192.270,137.500,193.24,138.07,1095.5,38023.0,7805.0,7805.0
155,192.270,137.500,193.28,137.99,1095.5,38540.0,9201.0,9201.0
156,192.270,137.500,193.32,138.14,1095.5,39760.0,10782.0,10782.0
157,192.270,137.500,193.35,138.35,1095.5,38307.0,9126.0,9126.0
158,192.270,137.500,193.56,138.18,1095.5,41190.0,11644.0,11644.0
159,192.270,137.500,193.16,138.07,1095.5,38656.0,9168.0,9168.0
160,192.270,137.500,193.44,137.84,1095.5,37577.0,9127.0,9127.0
161,192.270,137.500,193.57,137.93,1095.5,40899.0,12305.0,12305.0
162,192.270,137.500,193.66,138.09,1095.5,35384.0,6678.0,6678.0
163,192.270,137.500,193.4,138.19,1095.5,38021.0,9047.0,9047.0
164,192.270,137.500,193.32,138.11,1095.5,37989.0,9249.0,9249.0
165,192.270,137.500,193.41,138.08,1095.5,40085.0,10619.0,10619.0
166,192.270,137.500,193.44,138.14,1095.5,38234.0,9480.0,9480.0
167,192.270,137.500,193.71,138.44,1095.5,38316.0,9441.0,9441.0
168,192.270,137.500,193.54,138.39,1095.5,38552.0,9331.0,9331.0
169,192.270,137.500,193.63,137.96,1095.5,38492.0,9594.0,9594.0
170,192.270,137.500,193.48,137.94,1095.5,40629.0,10526.0,10526.0
171,192.270,137.500,193.89,138.05,1095.5,39404.0,9353.0,9353.0
172,192.270,137.500,193.54,138,1095.5,39411.0,10134.0,10134.0
173,192.270,137.500,193.44,138.34,1095.5,40910.0,11816.0,11816.0
174,192.270,137.500,193.64,138.07,1095.5,40470.0,10600.0,10600.0
175,192.270,137.500,193.39,138.47,1095.5,38681.0,10329.0,10329.0
176,192.270,137.500,193.41,138.29,1095.5,37766.0,8810.0,8810.0
177,192.270,137.500,193.5,137.97,1095.5,40121.0,10466.0,10466.0
178,192.270,137.500,193.49,138.13,1095.5,39421.0,10662.0,10662.0
179,192.270,137.500,193.44,138.02,1095.5,39109.0,9180.0,9180.0
180,192.270,137.500,193.41,138.05,1095.5,37257.0,7938.0,7938.0
181,192.270,137.500,193.4,138.01,1095.5,40666.0,10004.0,10004.0
182,192.270,137.500,193.44,138.14,1095.5,41531.0,11632.0,11632.0
183,192.270,137.500,193.31,138.4,1095.5,41287.0,12228.0,12228.0
184,192.270,137.500,193.14,137.91,1095.5,40016.0,9991.0,9991.0
185,192.270,137.500,193.36,138.05,1095.5,36907.0,8645.0,8645.0
186,192.270,137.500,193.32,138.25,1095.5,39547.0,10215.0,10215.0
187,192.270,137.500,193.49,137.95,1095.5,40230.0,11011.0,11011.0
188,192.270,137.500,193.32,138.35,1095.5,38569.0,8879.0,8879.0
189,192.270,137.500,193.37,137.85,1095.5,38757.0,9883.0,9883.0
190,192.270,137.500,193.68,137.81,1095.5,37467.0,9201.0,9201.0
191,192.270,137.500,193.35,138.11,1095.5,37414.0,9212.0,9212.0
192,192.270,137.500,193.58,138.12,1095.5,37079.0,7999.0,7999.0
193,192.270,137.500,193.37,138.06,1095.5,38216.0,9105.0,9105.0
194,192.270,137.500,193.43,138.31,1095.5,36322.0,8235.0,8235.0
195,192.270,137.500,193.58,138.34,1095.5,39431.0,11051.0,11051.0
196,192.270,137.500,193.2,138.35,1095.5,38625.0,9542.0,9542.0
197,192.270,137.500,193.5,138.29,1095.5,39610.0,10907.0,10907.0
198,192.270,137.500,193.55,138.11,1095.5,37909.0,9691.0,9691.0
199,192.270,137.500,193.56,138.03,1095.5,36972.0,7867.0,7867.0
200,192.270,137.500,193.46,138.11,1095.5,36868.0,8126.0,8126.0
201,192.270,137.500,193.36,138.06,1095.5,36872.0,8666.0,8666.0
202,192.270,137.500,193.41,138.06,1095.5,41240.0,11598.0,11598.0
203,192.270,137.500,193.42,138.42,1095.5,38996.0,9145.0,9145.0
204,192.270,137.500,193.23,138.01,1095.5,39133.0,8472.0,8472.0
205,192.270,137.500,193.49,138.39,1095.5,38627.0,8529.0,8529.0
206,192.270,137.500,193.18,137.97,1095.5,39055.0,8874.0,8874.0
207,192.270,137.500,193.58,137.92,1095.5,39920.0,10192.0,10192.0
208,192.270,137.500,193.46,138.15,1095.5,38958.0,9079.0,9079.0
209,192.270,137.500,193.29,138.27,1095.5,39009.0,10361.0,10361.0
210,192.270,137.500,193.42,138.32,1095.5,42020.0,11497.0,11497.0
211,192.270,137.500,193.82,138.23,1095.5,39226.0,8344.0,8344.0
212,192.270,137.500,193.28,137.92,1095.5,37342.0,7987.0,7987.0
213,192.270,137.500,193.51,138.05,1095.5,38413.0,8945.0,8945.0
214,192.270,137.500,193.37,138.51,1095.5,38190.0,8388.0,8388.0
215,192.270,137.500,193.5,137.85,1095.5,39446.0,10024.0,10024.0
216,192.270,137.500,193.44,138.04,1095.5,38600.0,9145.0,9145.0
217,192.270,137.500,193.42,138.27,1095.5,39790.0,10255.0,10255.0
218,192.270,137.500,193.32,138.3,1095.5,37200.0,8115.0,8115.0
219,192.270,137.500,193.19,138.09,1095.5,37194.0,7698.0,7698.0
220,192.270,137.500,193.43,138.16,1095.5,39990.0,10338.0,10338.0
221,192.270,137.500,193.33,138.19,1095.5,39002.0,9562.0,9562.0
222,192.270,137.500,193.4,138.11,1095.5,41207.0,10465.0,10465.0
223,192.270,137.500,193.43,138.39,1095.5,40460.0,11212.0,11212.0
224,192.270,137.500,193.31,138.04,1095.5,37518.0,8004.0,8004.0
225,192.270,137.500,193.2,138.07,1095.5,41779.0,10946.0,10946.0
226,192.270,137.500,193.52,138.55,1095.5,39581.0,9355.0,9355.0
227,192.270,137.500,192.95,138.16,1095.5,38353.0,9252.0,9252.0
228,192.270,137.500,193.14,138.2,1095.5,39410.0,9845.0,9845.0
229,192.270,137.500,194.39,138.23,1095.5,37114.0,6247.0,6247.0
230,192.270,137.500,193.31,138.3,1095.5,37785.0,7649.0,7649.0
231,192.270,137.500,193.5,137.97,1095.5,43166.0,11700.0,11700.0
232,192.270,137.500,193.44,137.92,1095.5,38373.0,7903.0,7903.0
233,192.270,137.500,193.23,138.26,1095.5,39125.0,9507.0,9507.0
234,192.270,137.500,193.7,137.58,1095.5,40672.0,8998.0,8998.0
235,192.270,137.500,193.23,138.01,1095.5,39930.0,10415.0,10415.0
236,192.270,137.500,193.58,138.04,1095.5,39575.0,9735.0,9735.0
237,192.270,137.500,193.46,137.88,1095.5,42913.0,13063.0,13063.0
238,192.270,137.500,193.27,138.08,1095.5,39789.0,10791.0,10791.0
239,192.270,137.500,193.63,138.17,1095.5,40407.0,10530.0,10530.0
240,192.270,137.500,193.54,138.09,1095.5,40567.0,10670.0,10670.0
241,192.270,137.500,193.57,137.96,1095.5,40433.0,10749.0,10749.0
242,192.270,137.500,193.52,138.31,1095.5,40422.0,9922.0,9922.0
243,192.270,137.500,193.22,138.15,1095.5,42494.0,11682.0,11682.0
244,192.270,137.500,192.97,138.34,1095.5,39435.0,9349.0,9349.0
245,192.270,137.500,193.52,137.92,1095.5,37978.0,7020.0,7020.0
246,192.270,137.500,193.29,138.18,1095.5,37621.0,8571.0,8571.0
247,192.270,137.500,193.19,138.18,1095.5,37014.0,7433.0,7433.0
248,192.270,137.500,193.44,138.08,1095.5,39435.0,9538.0,9538.0
249,192.270,137.500,193.55,138.05,1095.5,37674.0,7665.0,7665.0
250,192.270,137.500,193.54,138.16,1095.5,37889.0,9405.0,9405.0
251,192.270,137.500,193.63,138.18,1095.5,41159.0,11117.0,11117.0
252,192.270,137.500,193.48,137.93,1095.5,39587.0,10533.0,10533.0
253,192.270,137.500,193.5,138.37,1095.5,40521.0,10955.0,10955.0
254,192.270,137.500,193.35,138.09,1095.5,39181.0,8764.0,8764.0
255,192.270,137.500,193.72,138.09,1095.5,38524.0,8586.0,8586.0
256,192.270,137.500,193.31,138.07,1095.5,37480.0,8639.0,8639.0
257,192.270,137.500,193.42,138.27,1095.5,37889.0,8294.0,8294.0
258,192.270,137.500,193.42,138.32,1095.5,41193.0,11079.0,11079.0
259,192.270,137.500,193.48,138.15,1095.5,38906.0,9458.0,9458.0
260,192.270,137.500,193.32,138.16,1095.5,37400.0,8426.0,8426.0
261,192.270,137.500,193.38,138.47,1095.5,39567.0,10311.0,10311.0
262,192.270,137.500,193.26,137.93,1095.5,37751.0,8748.0,8748.0
263,192.270,137.500,193.32,137.94,1095.5,37199.0,7831.0,7831.0
264,192.270,137.500,193.38,137.96,1095.5,40974.0,10540.0,10540.0
265,192.270,137.500,193.41,138.21,1095.5,39644.0,9579.0,9579.0
266,192.270,137.500,193.45,137.98,1095.5,39166.0,8869.0,8869.0
267,192.270,137.500,193.32,138.3,1095.5,39779.0,10078.0,10078.0
268,192.270,137.500,193.54,138,1095.5,40954.0,10700.0,10700.0
269,192.270,137.500,193.14,137.87,1095.5,38780.0,9189.0,9189.0
270,192.270,137.500,193.34,138.24,1095.5,40841.0,11987.0,11987.0
271,192.270,137.500,193.39,138.06,1095.5,39816.0,9604.0,9604.0
272,192.270,137.500,193.23,137.66,1095.5,36491.0,5842.0,5842.0
273,192.270,137.500,193.55,138.1,1095.5,39356.0,9380.0,9380.0
274,192.270,137.500,193.37,137.65,1095.5,41794.0,12663.0,12663.0
275,192.270,137.500,193.37,138.01,1095.5,41094.0,9106.0,9106.0
276,192.270,137.500,193.12,138.05,1095.5,38435.0,8458.0,8458.0
277,192.270,137.500,193.65,137.94,1095.5,38600.0,9075.0,9075.0
278,192.270,137.500,193.48,138.02,1095.5,38229.0,9057.0,9057.0
279,192.270,137.500,193.6,137.84,1095.5,41621.0,12044.0,12044.0
280,192.270,137.500,193.27,138.02,1095.5,38684.0,8597.0,8597.0
281,192.270,137.500,193.32,138.25,1095.5,38501.0,10978.0,10978.0
282,192.270,137.500,193.54,138.03,1095.5,38974.0,10689.0,10689.0
283,192.270,137.500,193.54,138.15,1095.5,41023.0,10691.0,10691.0
284,192.270,137.500,193.56,137.99,1095.5,40306.0,10270.0,10270.0
285,192.270,137.500,193.35,138.45,1095.5,35644.0,7194.0,7194.0
286,192.270,137.500,193.39,137.96,1095.5,37392.0,7880.0,7880.0
287,192.270,137.500,193.49,137.71,1095.5,38998.0,8841.0,8841.0
288,192.270,137.500,193.4,137.74,1095.5,38490.0,9689.0,9689.0
289,192.270,137.500,193.47,137.56,1095.5,41033.0,11820.0,11820.0
290,192.270,137.500,193.47,138.17,1095.5,37699.0,9225.0,9225.0
291,192.270,137.500,193.49,138.09,1095.5,39061.0,9139.0,9139.0
292,192.270,137.500,193.23,138.05,1095.5,41635.0,12154.0,12154.0
293,192.270,137.500,193.34,137.86,1095.5,38617.0,9451.0,9451.0
294,192.270,137.500,193.65,138.13,1095.5,40193.0,10357.0,10357.0
295,192.270,137.500,193.43,138.25,1095.5,38575.0,8348.0,8348.0
296,192.270,137.500,193.46,138.05,1095.5,40369.0,10128.0,10128.0
297,192.270,137.500,193.28,138.11,1095.5,37968.0,8552.0,8552.0
298,192.270,137.500,193.42,137.88,1095.5,39488.0,9527.0,9527.0
299,192.270,137.500,193.13,138,1095.5,38734.0,9008.0,9008.0
300,192.270,137.500,193.45,138.01,1095.5,36831.0,7490.0,7490.0
301,192.270,137.500,193.5,137.62,1095.5,37873.0,8725.0,8725.0
302,192.270,137.500,193.53,137.81,1095.5,36953.0,8245.0,8245.0
303,192.270,137.500,193.36,138.46,1095.5,36386.0,7368.0,7368.0
304,192.270,137.500,193.3,138.32,1095.5,41115.0,11674.0,11674.0
305,192.270,137.500,193.65,137.87,1095.5,38544.0,8607.0,8607.0
306,192.270,137.500,192.93,138.11,1095.5,40771.0,11124.0,11124.0
307,192.270,137.500,193.08,138.05,1095.5,39906.0,9903.0,9903.0
308,192.270,137.500,193.46,137.97,1095.5,39718.0,9746.0,9746.0
309,192.270,137.500,193.17,137.81,1095.5,40530.0,10389.0,10389.0
310,192.270,137.500,193.42,137.98,1095.5,37683.0,9113.0,9113.0
311,192.270,137.500,193.44,137.86,1095.5,39051.0,9817.0,9817.0
312,192.270,137.500,193.32,137.95,1095.5,40556.0,10593.0,10593.0
313,192.270,137.500,193.39,138.02,1095.5,37796.0,10025.0,10025.0
314,192.270,137.500,193.29,138.45,1095.5,37745.0,9492.0,9492.0
315,192.270,137.500,193.2,138.08,1095.5,38386.0,9600.0,9600.0
316,192.270,137.500,193.51,137.97,1095.5,39654.0,9915.0,9915.0
317,192.270,137.500,193.52,137.61,1095.5,40377.0,11119.0,11119.0
318,192.270,137.500,193.47,138.38,1095.5,35117.0,6544.0,6544.0
319,192.270,137.500,193.49,137.83,1095.5,36262.0,6396.0,6396.0
320,192.270,137.500,193.33,138.1,1095.5,37702.0,8998.0,8998.0
321,192.270,137.500,193.55,137.73,1095.5,37398.0,8668.0,8668.0
322,192.270,137.500,193.18,137.95,1095.5,39504.0,9870.0,9870.0
323,192.270,137.500,193.26,137.88,1095.5,36660.0,8319.0,8319.0
324,192.270,137.500,193.66,138.21,1095.5,36911.0,9019.0,9019.0
325,192.270,137.500,193.52,137.92,1095.5,38705.0,9563.0,9563.0
326,192.270,137.500,193.52,138.02,1095.5,37437.0,8392.0,8392.0
327,192.270,137.500,193.75,138.14,1095.5,38471.0,9440.0,9440.0
328,192.270,137.500,193.41,137.73,1095.5,36467.0,6929.0,6929.0
329,192.270,137.500,193.51,138.02,1095.5,39553.0,10638.0,10638.0
330,192.270,137.500,193.53,138.3,1095.5,40656.0,11622.0,11622.0
331,192.270,137.500,193.05,138.06,1095.5,38035.0,7720.0,7720.0
332,192.270,137.500,193.3,137.51,1095.5,40432.0,10462.0,10462.0
333,192.270,137.500,193.46,138.06,1095.5,37274.0,9290.0,9290.0
334,192.270,137.500,193.45,138.21,1095.5,37761.0,8479.0,8479.0
335,192.270,137.500,193.6,137.88,1095.5,38239.0,9286.0,9286.0
336,192.270,137.500,192.65,137.59,1095.5,37181.0,8842.0,8842.0
337,192.270,137.500,193.74,138.13,1095.5,40177.0,11751.0,11751.0
338,192.270,137.500,193.28,137.46,1095.5,37210.0,8616.0,8616.0
339,192.270,137.500,193.33,137.83,1095.5,36262.0,8499.0,8499.0
340,192.270,137.500,193.24,138.11,1095.5,36013.0,9131.0,9131.0
341,192.270,137.500,193.51,138.35,1095.5,38539.0,10537.0,10537.0
342,192.270,137.500,193.56,138.05,1095.5,37768.0,9580.0,9580.0
343,192.270,137.500,193.68,138.06,1095.5,39844.0,11639.0,11639.0
344,192.270,137.500,193.04,138.16,1095.5,42513.0,13238.0,13238.0
345,192.270,137.500,193.3,137.95,1095.5,37029.0,9679.0,9679.0
346,192.270,137.500,193.5,137.73,1095.5,38972.0,10554.0,10554.0
347,192.270,137.500,193.67,138.15,1095.5,38077.0,10341.0,10341.0
348,192.270,137.500,193.37,138.44,1095.5,36375.0,8782.0,8782.0
349,192.270,137.500,193.26,138.01,1095.5,38382.0,10612.0,10612.0
350,192.270,137.500,193.43,137.52,1095.5,39489.0,11834.0,11834.0
351,192.270,137.500,193.54,137.65,1095.5,36356.0,8027.0,8027.0
352,192.270,137.500,193.02,138.31,1095.5,37282.0,8502.0,8502.0
353,192.270,137.500,193.34,137.97,1095.5,39952.0,10816.0,10816.0
354,192.270,137.500,193.06,137.99,1095.5,38593.0,10638.0,10638.0
355,192.270,137.500,193.51,137.87,1095.5,39299.0,10915.0,10915.0
356,192.270,137.500,193.41,137.61,1095.5,36863.0,9428.0,9428.0
357,192.270,137.500,193.39,138.3,1095.5,36850.0,10054.0,10054.0
358,192.270,137.500,193.81,137.96,1095.5,40118.0,11267.0,11267.0
359,192.270,137.500,193.36,137.62,1095.5,36850.0,10013.0,10013.0
360,192.270,137.500,193.32,138.29,1095.5,36965.0,9567.0,9567.0
361,192.270,137.500,193.48,138.31,1095.5,39649.0,11471.0,11471.0
362,192.270,137.500,193.26,137.82,1095.5,35351.0,8684.0,8684.0
363,192.270,137.500,193.46,138.16,1095.5,38214.0,10460.0,10460.0
364,192.270,137.500,193.45,137.57,1095.5,40161.0,11069.0,11069.0
365,192.270,137.500,193.28,138.06,1095.5,38270.0,9855.0,9855.0
366,192.270,137.500,193.23,138.09,1095.5,36428.0,9185.0,9185.0
367,192.270,137.500,193.6,138.34,1095.5,37707.0,10547.0,10547.0
368,192.270,137.500,193.38,138.21,1095.5,37988.0,10318.0,10318.0
369,192.270,137.500,193.37,138.44,1095.5,39153.0,11410.0,11410.0
370,192.270,137.500,193.36,138.18,1095.5,38989.0,10327.0,10327.0
371,192.270,137.500,193.34,138.15,1095.5,37524.0,10357.0,10357.0
372,192.270,137.500,193.15,138.05,1095.5,40089.0,11649.0,11649.0
373,192.270,137.500,194.6,138.58,1095.5,35453.0,7372.0,7372.0
374,192.270,137.500,193.24,138.04,1095.5,38949.0,11747.0,11747.0
375,192.270,137.500,193.46,138.3,1095.5,37269.0,8671.0,8671.0
376,192.270,137.500,193.38,138.17,1095.5,40027.0,11805.0,11805.0
377,192.270,137.500,193.49,137.87,1095.5,36690.0,9186.0,9186.0
378,192.270,137.500,193.52,138.05,1095.5,38883.0,10335.0,10335.0
379,192.270,137.500,193.42,138.02,1095.5,39560.0,11709.0,11709.0
380,192.270,137.500,193.49,138.27,1095.5,38008.0,9652.0,9652.0
381,192.270,137.500,193.25,137.91,1095.5,35565.0,7270.0,7270.0
382,192.270,137.500,193.46,137.8,1095.5,38919.0,11762.0,11762.0
383,192.270,137.500,193.41,138.11,1095.5,41932.0,13643.0,13643.0
384,192.270,137.500,193.76,137.72,1095.5,39538.0,11358.0,11358.0
385,192.270,137.500,193.26,137.92,1095.5,37472.0,8990.0,8990.0
386,192.270,137.500,193.18,138.08,1095.5,38594.0,11635.0,11635.0
387,192.270,137.500,193.45,137.95,1095.5,35231.0,7905.0,7905.0
388,192.270,137.500,193.68,138,1095.5,38184.0,9358.0,9358.0
389,192.270,137.500,193.13,138.08,1095.5,39709.0,10549.0,10549.0
390,192.270,137.500,193.49,138.04,1095.5,37663.0,8626.0,8626.0
391,192.270,137.500,193.45,137.85,1095.5,38258.0,9681.0,9681.0
392,192.270,137.500,193.44,138.35,1095.5,36662.0,9181.0,9181.0
393,192.270,137.500,193.66,138.2,1095.5,37961.0,10765.0,10765.0
394,192.270,137.500,193.3,138.04,1095.5,38275.0,11311.0,11311.0
395,192.270,137.500,193.37,138.42,1095.5,37346.0,9484.0,9484.0
396,192.270,137.500,193.51,137.79,1095.5,40181.0,11490.0,11490.0
397,192.270,137.500,193.64,138.27,1095.5,36646.0,8749.0,8749.0
398,192.270,137.500,193.21,137.82,1095.5,39050.0,10702.0,10702.0
399,192.270,137.500,193.35,137.98,1095.5,37138.0,8985.0,8985.0
400,192.270,137.500,193.14,137.74,1095.5,39609.0,12357.0,12357.0
401,192.270,137.500,193.26,138.22,1095.5,38930.0,10337.0,10337.0
402,192.270,137.500,193.31,138.1,1095.5,39789.0,12443.0,12443.0
403,192.270,137.500,193.44,137.78,1095.5,38282.0,10720.0,10720.0
404,192.270,137.500,193.69,137.78,1095.5,38605.0,11113.0,11113.0
405,192.270,137.500,193.42,138.01,1095.5,34846.0,7090.0,7090.0
406,192.270,137.500,193.21,138.03,1095.5,41174.0,14157.0,14157.0
407,192.270,137.500,193.44,137.67,1095.5,37835.0,9413.0,9413.0
408,192.270,137.500,193.23,137.84,1095.5,35973.0,8171.0,8171.0
409,192.270,137.500,193.44,138.08,1095.5,39463.0,11503.0,11503.0
410,192.270,137.500,193.44,137.83,1095.5,36476.0,8810.0,8810.0
411,192.270,137.500,193.21,137.92,1095.5,37198.0,10153.0,10153.0
412,192.270,137.500,193.38,137.87,1095.5,37213.0,10296.0,10296.0
413,192.270,137.500,193.23,137.8,1095.5,37858.0,9419.0,9419.0
414,192.270,137.500,193.25,138.03,1095.5,41461.0,11785.0,11785.0
415,192.270,137.500,193.46,138.31,1095.5,38909.0,11427.0,11427.0
416,192.270,137.500,193.09,137.81,1095.5,37972.0,9917.0,9917.0
417,192.270,137.500,193.17,138.27,1095.5,38453.0,11143.0,11143.0
418,192.270,137.500,193.42,138.11,1095.5,35522.0,7998.0,7998.0
419,192.270,137.500,193.45,137.96,1095.5,38951.0,10742.0,10742.0
420,192.270,137.500,193.48,138.06,1095.5,38984.0,11598.0,11598.0
421,192.270,137.500,193.34,137.84,1095.5,39058.0,11166.0,11166.0
422,192.270,137.500,193.36,138.06,1095.5,41904.0,12469.0,12469.0
423,192.270,137.500,193.45,137.68,1095.5,35110.0,7082.0,7082.0
424,192.270,137.500,193.42,137.59,1095.5,40300.0,12508.0,12508.0
425,192.270,137.500,193.34,138.01,1095.5,38646.0,10596.0,10596.0
426,192.270,137.500,193.4,138.38,1095.5,40396.0,12363.0,12363.0
427,192.270,137.500,193.5,138.02,1095.5,37889.0,10537.0,10537.0
428,192.270,137.500,193.45,138.28,1095.5,37175.0,9208.0,9208.0
429,192.270,137.500,193.4,137.74,1095.5,37869.0,10052.0,10052.0
430,192.270,137.500,193.57,137.78,1095.5,41434.0,12539.0,12539.0
431,192.270,137.500,193.1,138.04,1095.5,36805.0,9599.0,9599.0
432,192.270,137.500,193.79,137.83,1095.5,39437.0,11667.0,11667.0
433,192.270,137.500,193.34,137.85,1095.5,39431.0,10998.0,10998.0
434,192.270,137.500,193.2,137.91,1095.5,38623.0,9777.0,9777.0
435,192.270,137.500,193.41,138.09,1095.5,38986.0,10903.0,10903.0
436,192.270,137.500,193.3,137.93,1095.5,38009.0,10095.0,10095.0
437,192.270,137.500,193.39,137.9,1095.5,37644.0,9679.0,9679.0
438,192.270,137.500,193.77,138.28,1095.5,39652.0,11802.0,11802.0
439,192.270,137.500,193.47,137.92,1095.5,36613.0,9795.0,9795.0
440,192.270,137.500,193.23,138.06,1095.5,39482.0,12239.0,12239.0
441,192.270,137.500,193.38,138.06,1095.5,38064.0,10321.0,10321.0
442,192.270,137.500,193.66,137.96,1095.5,37036.0,8771.0,8771.0
443,192.270,137.500,193.39,138.12,1095.5,36609.0,9171.0,9171.0
444,192.270,137.500,193.59,138.14,1095.5,37624.0,9489.0,9489.0
445,192.270,137.500,193.5,138.11,1095.5,39883.0,11945.0,11945.0
446,192.270,137.500,193.26,137.99,1095.5,39455.0,11229.0,11229.0
447,192.270,137.500,193.53,137.89,1095.5,37218.0,10357.0,10357.0
448,192.270,137.500,193.59,137.93,1095.5,37510.0,10263.0,10263.0
449,192.270,137.500,193.38,137.97,1095.5,37480.0,9459.0,9459.0
450,192.270,137.500,193.41,137.85,1095.5,38146.0,10415.0,10415.0
451,192.270,137.500,193.28,137.84,1095.5,38704.0,10599.0,10599.0
452,192.270,137.500,193.6,137.66,1095.5,37440.0,9811.0,9811.0
453,192.270,137.500,193.82,137.84,1095.5,37992.0,10330.0,10330.0
454,192.270,137.500,193.59,137.9,1095.5,39035.0,10902.0,10902.0
455,192.270,137.500,193.45,137.92,1095.5,39735.0,12132.0,12132.0
456,192.270,137.500,193.46,137.53,1095.5,38705.0,10967.0,10967.0
457,192.270,137.500,193.36,138.07,1095.5,39757.0,11215.0,11215.0
458,192.270,137.500,193.37,138.02,1095.5,36560.0,9027.0,9027.0
459,192.270,137.500,193.35,137.89,1095.5,39707.0,11793.0,11793.0
460,192.270,137.500,194.03,138.12,1095.5,39100.0,9240.0,9240.0
461,192.270,137.500,193.11,137.98,1095.5,37142.0,9586.0,9586.0
462,192.270,137.500,193.36,138.02,1095.5,39464.0,11479.0,11479.0
463,192.270,137.500,193.49,138.32,1095.5,40381.0,11613.0,11613.0
464,192.270,137.500,193.35,138.04,1095.5,38162.0,11073.0,11073.0
465,192.270,137.500,193.3,137.72,1095.5,38347.0,10419.0,10419.0
466,192.270,137.500,193.38,138,1095.5,38749.0,9484.0,9484.0
467,192.270,137.500,193.64,138.08,1095.5,38349.0,10886.0,10886.0
468,192.270,137.500,193.53,137.93,1095.5,39409.0,11263.0,11263.0
469,192.270,137.500,193.36,137.99,1095.5,38290.0,9480.0,9480.0
470,192.270,137.500,193.61,138.03,1095.5,35406.0,7804.0,7804.0
471,192.270,137.500,193.52,138.41,1095.5,39750.0,11838.0,11838.0
472,192.270,137.500,193.28,137.9,1095.5,37892.0,10970.0,10970.0
473,192.270,137.500,193.37,138,1095.5,36367.0,9293.0,9293.0
474,192.270,137.500,193.47,137.75,1095.5,40019.0,11052.0,11052.0
475,192.270,137.500,193.54,137.85,1095.5,38113.0,9651.0,9651.0
476,192.270,137.500,193.12,138.03,1095.5,35799.0,8783.0,8783.0
477,192.270,137.500,193.42,138.33,1095.5,37448.0,10733.0,10733.0
478,192.270,137.500,193.17,138.01,1095.5,36741.0,8794.0,8794.0
479,192.270,137.500,193.61,137.56,1095.5,37257.0,9600.0,9600.0
480,192.270,137.500,193.52,137.89,1095.5,38901.0,12129.0,12129.0
481,192.270,137.500,193.18,138.12,1095.5,36101.0,7997.0,7997.0
482,192.270,137.500,193.56,137.83,1095.5,37325.0,8860.0,8860.0
483,192.270,137.500,193.2,137.97,1095.5,39902.0,11710.0,11710.0
484,192.270,137.500,193.4,138.14,1095.5,37083.0,9888.0,9888.0
485,192.270,137.500,193.46,137.77,1095.5,37765.0,10085.0,10085.0
486,192.270,137.500,193.48,137.63,1095.5,38178.0,10465.0,10465.0
487,192.270,137.500,193.53,137.83,1095.5,38471.0,9717.0,9717.0
488,192.270,137.500,193.37,138.01,1095.5,38943.0,11392.0,11392.0
489,192.270,137.500,193.66,137.86,1095.5,36172.0,8709.0,8709.0
490,192.270,137.500,193.5,137.81,1095.5,35894.0,8556.0,8556.0
491,192.270,137.500,193.44,137.75,1095.5,36386.0,9594.0,9594.0
492,192.270,137.500,193.43,137.84,1095.5,39053.0,11426.0,11426.0
493,192.270,137.500,193.43,137.85,1095.5,36654.0,9875.0,9875.0
494,192.270,137.500,193.38,137.92,1095.5,37566.0,9576.0,9576.0
495,192.270,137.500,193.37,137.55,1095.5,39531.0,12069.0,12069.0
496,192.270,137.500,192.3,135.54,1095.5,45089.0,14538.0,14538.0
497,192.270,137.500,193.52,137.59,1095.5,49465.0,17522.0,17522.0
498,192.270,137.500,193.56,137.68,1095.5,43141.0,11524.0,11524.0
499,192.270,137.500,192.76,137.17,1095.5,50083.0,18567.0,18567.0
500,192.270,137.500,192.28,135.6,1095.5,47520.0,16983.0,16983.0
501,192.270,137.500,191.44,137.11,1095.5,46815.0,15059.0,15059.0
502,192.270,137.500,191.3,136.28,1095.5,43124.0,11700.0,11700.0
503,192.270,137.500,192.41,136.09,1095.5,47843.0,17381.0,17381.0
504,192.270,137.500,192.87,137.59,1095.5,50371.0,18499.0,18499.0
505,192.270,137.500,192.86,137.89,1095.5,46246.0,14720.0,14720.0
506,192.270,137.500,192.78,137.63,1095.5,49071.0,17422.0,17422.0
507,192.270,137.500,193.52,137.7,1095.5,48579.0,15866.0,15866.0
508,192.270,137.500,192.18,136.2,1095.5,47437.0,16416.0,16416.0
509,192.270,137.500,193.5,137.75,1095.5,49739.0,17042.0,17042.0
510,192.270,137.500,192.29,135.96,1095.5,45518.0,13542.0,13542.0
511,192.270,137.500,192.24,136.77,1095.5,49698.0,18429.0,18429.0
512,192.270,137.500,192.29,136.17,1095.5,49539.0,18477.0,18477.0
513,192.270,137.500,192.44,136.42,1095.5,47886.0,16103.0,16103.0
514,192.270,137.500,193.01,137.45,1095.5,46867.0,15242.0,15242.0
515,192.270,137.500,193.66,137.75,1095.5,44720.0,12106.0,12106.0
516,192.270,137.500,192.21,135.59,1095.5,47488.0,15552.0,15552.0
517,192.270,137.500,193.34,137.53,1095.5,47901.0,16924.0,16924.0
518,192.270,137.500,192.19,136.02,1095.5,48562.0,16160.0,16160.0
519,192.270,137.500,193.35,137.66,1095.5,46896.0,15669.0,15669.0
520,192.270,137.500,191.96,135.53,1095.5,46455.0,15160.0,15160.0
521,192.270,137.500,193.54,137.5,1095.5,45169.0,15505.0,15505.0
522,192.270,137.500,193.52,137.62,1095.5,46374.0,14494.0,14494.0
523,192.270,137.500,191.7,135.64,1095.5,44364.0,12496.0,12496.0
524,192.270,137.500,192.25,135.48,1095.5,44398.0,12985.0,12985.0
525,192.270,137.500,192.08,136.03,1095.5,47173.0,14935.0,14935.0
526,192.270,137.500,192.18,135.85,1095.5,47124.0,14666.0,14666.0
527,192.270,137.500,191.76,135.91,1095.5,44766.0,10654.0,10654.0
528,192.270,137.500,192.86,137.09,1095.5,48448.0,17522.0,17522.0
529,192.270,137.500,193.21,137.49,1095.5,49708.0,17787.0,17787.0
530,192.270,137.500,192.52,136.43,1095.5,47871.0,18003.0,18003.0
531,192.270,137.500,193.53,138.51,1095.5,43095.0,12893.0,12893.0
532,192.270,137.500,193.53,138.3,1095.5,43491.0,11972.0,11972.0
533,192.270,137.500,193.53,138.3,1095.5,46793.0,15247.0,15247.0
534,192.270,137.500,193.48,137.97,1095.5,44059.0,12055.0,12055.0
535,192.270,137.500,193.53,138.3,1095.5,45883.0,14244.0,14244.0
536,192.270,137.500,193.53,138.3,1095.5,44367.0,11760.0,11760.0
537,192.270,137.500,192.27,137.5,1095.5,50164.0,18077.0,18077.0
538,192.270,137.500,192.27,137.5,1095.5,49958.0,18249.0,18249.0
539,192.270,137.500,192.27,137.5,1095.5,48979.0,17517.0,17517.0
540,192.270,137.500,192.27,137.5,1095.5,45090.0,15288.0,15288.0
541,192.270,137.500,192.27,137.5,1095.5,49696.0,18084.0,18084.0
542,192.270,137.500,192.27,137.5,1095.5,47923.0,16345.0,16345.0
543,192.270,137.500,192.27,137.5,1095.5,46207.0,15793.0,15793.0
544,192.270,137.500,192.27,137.5,1095.5,48557.0,17768.0,17768.0
545,192.270,137.500,192.27,137.5,1095.5,48015.0,16242.0,16242.0
546,192.270,137.500,192.27,137.5,1095.5,49452.0,17654.0,17654.0
547,192.270,137.500,192.27,137.5,1095.5,49419.0,17184.0,17184.0
548,192.270,137.500,192.27,137.5,1095.5,48304.0,16680.0,16680.0
549,192.270,137.500,192.27,137.5,1095.5,49974.0,17476.0,17476.0
550,192.270,137.500,192.27,137.5,1095.5,49958.0,18630.0,18630.0
551,192.270,137.500,192.27,137.5,1095.5,47711.0,16608.0,16608.0
552,192.270,137.500,192.27,137.5,1095.5,46103.0,15435.0,15435.0
553,192.270,137.500,192.27,137.5,1095.5,49198.0,17861.0,17861.0
554,192.270,137.500,192.27,137.5,1095.5,50095.0,18188.0,18188.0
555,192.270,137.500,192.27,137.5,1095.5,49096.0,18405.0,18405.0
556,192.270,137.500,192.27,137.5,1095.5,45347.0,14047.0,14047.0
557,192.270,137.500,192.27,137.5,1095.5,47449.0,16330.0,16330.0
558,192.270,137.500,192.27,137.5,1095.5,48877.0,17199.0,17199.0
559,192.270,137.500,192.27,137.5,1095.5,47274.0,15870.0,15870.0
560,192.270,137.500,192.27,137.5,1095.5,47834.0,16144.0,16144.0
561,192.270,137.500,192.27,137.5,1095.5,48674.0,16563.0,16563.0
562,192.270,137.500,192.27,137.5,1095.5,43496.0,13289.0,13289.0
563,192.270,137.500,192.27,137.5,1095.5,48036.0,17510.0,17510.0
564,192.270,137.500,192.27,137.5,1095.5,48760.0,17553.0,17553.0
565,192.270,137.500,192.27,137.5,1095.5,46304.0,15382.0,15382.0
566,192.270,137.500,192.27,137.5,1095.5,47541.0,16230.0,16230.0
567,192.270,137.500,192.27,137.5,1095.5,48471.0,17381.0,17381.0
568,192.270,137.500,192.27,137.5,1095.5,47981.0,17201.0,17201.0
569,192.270,137.500,192.27,137.5,1095.5,47805.0,16869.0,16869.0
570,192.270,137.500,192.27,137.5,1095.5,45971.0,14679.0,14679.0
571,192.270,137.500,192.27,137.5,1095.5,48569.0,17384.0,17384.0
572,192.270,137.500,192.27,137.5,1095.5,46838.0,16159.0,16159.0
573,192.270,137.500,192.27,137.5,1095.5,46894.0,16550.0,16550.0
574,192.270,137.500,192.27,137.5,1095.5,47781.0,16289.0,16289.0
575,192.270,137.500,192.27,137.5,1095.5,48359.0,17162.0,17162.0
576,192.270,137.500,192.27,137.5,1095.5,44772.0,14183.0,14183.0
577,192.270,137.500,192.27,137.5,1095.5,48755.0,17186.0,17186.0
578,192.270,137.500,192.27,137.5,1095.5,47570.0,16538.0,16538.0
579,192.270,137.500,192.27,137.5,1095.5,50078.0,18212.0,18212.0
580,192.270,137.500,192.27,137.5,1095.5,49517.0,17875.0,17875.0
581,192.270,137.500,192.27,137.5,1095.5,48655.0,16992.0,16992.0
582,192.270,137.500,192.27,137.5,1095.5,48914.0,16855.0,16855.0
583,192.270,137.500,192.27,137.5,1095.5,46695.0,16198.0,16198.0
584,192.270,137.500,192.27,137.5,1095.5,49223.0,17771.0,17771.0
585,192.270,137.500,192.27,137.5,1095.5,49267.0,16782.0,16782.0
586,192.270,137.500,192.27,137.5,1095.5,45713.0,15098.0,15098.0
587,192.270,137.500,192.27,137.5,1095.5,48768.0,17212.0,17212.0
588,192.270,137.500,192.27,137.5,1095.5,46443.0,16474.0,16474.0
589,192.270,137.500,192.27,137.5,1095.5,49139.0,17760.0,17760.0
590,192.270,137.500,192.27,137.5,1095.5,47387.0,16959.0,16959.0
591,192.270,137.500,192.27,137.5,1095.5,41409.0,12321.0,12321.0
592,192.270,137.500,192.27,137.5,1095.5,49740.0,18399.0,18399.0
593,192.270,137.500,192.27,137.5,1095.5,47345.0,15865.0,15865.0
594,192.270,137.500,192.27,137.5,1095.5,46273.0,15521.0,15521.0
595,192.270,137.500,192.27,137.5,1095.5,47337.0,16337.0,16337.0
596,192.270,137.500,192.27,137.5,1095.5,48259.0,16944.0,16944.0
597,192.270,137.500,192.27,137.5,1095.5,46923.0,16281.0,16281.0
598,192.270,137.500,192.27,137.5,1095.5,47894.0,16933.0,16933.0
599,192.270,137.500,192.27,137.5,1095.5,47388.0,16448.0,16448.0
600,192.270,137.500,192.27,137.5,1095.5,48028.0,16537.0,16537.0
601,192.270,137.500,192.27,137.5,1095.5,49024.0,16911.0,16911.0
602,192.270,137.500,192.27,137.5,1095.5,46449.0,14217.0,14217.0
603,192.270,137.500,192.27,137.5,1095.5,50706.0,18788.0,18788.0
604,192.270,137.500,192.27,137.5,1095.5,47449.0,16368.0,16368.0
605,192.270,137.500,192.27,137.5,1095.5,47829.0,17123.0,17123.0
606,192.270,137.500,192.27,137.5,1095.5,50431.0,18218.0,18218.0
607,192.270,137.500,192.27,137.5,1095.5,49882.0,17567.0,17567.0
608,192.270,137.500,192.27,137.5,1095.5,48899.0,18144.0,18144.0
609,192.270,137.500,192.27,137.5,1095.5,47160.0,16397.0,16397.0
610,192.270,137.500,192.27,137.5,1095.5,48636.0,18376.0,18376.0
611,192.270,137.500,192.27,137.5,1095.5,47666.0,17236.0,17236.0
612,192.270,137.500,192.27,137.5,1095.5,45750.0,15336.0,15336.0
613,192.270,137.500,192.27,137.5,1095.5,48206.0,17360.0,17360.0
614,192.270,137.500,192.27,137.5,1095.5,47159.0,16380.0,16380.0
615,192.270,137.500,192.27,137.5,1095.5,48842.0,17846.0,17846.0
616,192.270,137.500,192.27,137.5,1095.5,47403.0,15918.0,15918.0
617,192.270,137.500,192.27,137.5,1095.5,48803.0,17216.0,17216.0
618,192.270,137.500,192.27,137.5,1095.5,45844.0,15248.0,15248.0
619,192.270,137.500,192.27,137.5,1095.5,47423.0,16673.0,16673.0
620,192.270,137.500,192.27,137.5,1095.5,49095.0,18672.0,18672.0
621,192.270,137.500,192.27,137.5,1095.5,49202.0,17875.0,17875.0
622,192.270,137.500,192.27,137.5,1095.5,48615.0,17207.0,17207.0
623,192.270,137.500,192.27,137.5,1095.5,51306.0,18556.0,18556.0
624,192.270,137.500,192.27,137.5,1095.5,48009.0,17867.0,17867.0
625,192.270,137.500,192.27,137.5,1095.5,45684.0,14533.0,14533.0
626,192.270,137.500,192.27,137.5,1095.5,48747.0,18205.0,18205.0
627,192.270,137.500,192.27,137.5,1095.5,48761.0,17874.0,17874.0
628,192.270,137.500,192.27,137.5,1095.5,46039.0,14576.0,14576.0
629,192.270,137.500,192.27,137.5,1095.5,49351.0,18065.0,18065.0
630,192.270,137.500,192.27,137.5,1095.5,48633.0,18074.0,18074.0
631,192.270,137.500,192.27,137.5,1095.5,49656.0,18253.0,18253.0
632,192.270,137.500,192.27,137.5,1095.5,48278.0,18445.0,18445.0
633,192.270,137.500,192.27,137.5,1095.5,48324.0,17117.0,17117.0
634,192.270,137.500,192.27,137.5,1095.5,49097.0,17022.0,17022.0
635,192.270,137.500,192.27,137.5,1095.5,49149.0,17715.0,17715.0
636,192.270,137.500,192.27,137.5,1095.5,48204.0,17618.0,17618.0
637,192.270,137.500,192.27,137.5,1095.5,50367.0,17367.0,17367.0
638,192.270,137.500,192.27,137.5,1095.5,45122.0,14335.0,14335.0
639,192.270,137.500,192.27,137.5,1095.5,47240.0,16470.0,16470.0
640,192.270,137.500,192.27,137.5,1095.5,48637.0,17052.0,17052.0
641,192.270,137.500,192.27,137.5,1095.5,49233.0,17086.0,17086.0
642,192.270,137.500,192.27,137.5,1095.5,48694.0,17423.0,17423.0
643,192.270,137.500,192.27,137.5,1095.5,48539.0,17944.0,17944.0
644,192.270,137.500,192.27,137.5,1095.5,47553.0,17040.0,17040.0
645,192.270,137.500,192.27,137.5,1095.5,47964.0,16856.0,16856.0
646,192.270,137.500,192.27,137.5,1095.5,49097.0,16731.0,16731.0
647,192.270,137.500,192.27,137.5,1095.5,47989.0,16151.0,16151.0
648,192.270,137.500,192.27,137.5,1095.5,47290.0,16724.0,16724.0
649,192.270,137.500,192.27,137.5,1095.5,45915.0,15509.0,15509.0
650,192.270,137.500,192.27,137.5,1095.5,46919.0,15780.0,15780.0
651,192.270,137.500,192.27,137.5,1095.5,47813.0,15763.0,15763.0
652,192.270,137.500,192.27,137.5,1095.5,46582.0,15530.0,15530.0
653,192.270,137.500,192.27,137.5,1095.5,49482.0,19397.0,19397.0
654,192.270,137.500,192.27,137.5,1095.5,48902.0,17050.0,17050.0
655,192.270,137.500,192.27,137.5,1095.5,47766.0,16577.0,16577.0
656,192.270,137.500,192.27,137.5,1095.5,47679.0,17239.0,17239.0
657,192.270,137.500,192.27,137.5,1095.5,48775.0,17633.0,17633.0
658,192.270,137.500,192.27,137.5,1095.5,47455.0,16901.0,16901.0
659,192.270,137.500,192.27,137.5,1095.5,45230.0,14324.0,14324.0
660,192.270,137.500,192.27,137.5,1095.5,47450.0,16457.0,16457.0
661,192.270,137.500,192.27,137.5,1095.5,48164.0,17151.0,17151.0
662,192.270,137.500,192.27,137.5,1095.5,49402.0,18978.0,18978.0
663,192.270,137.500,192.27,137.5,1095.5,47728.0,16896.0,16896.0
664,192.270,137.500,192.27,137.5,1095.5,47116.0,16412.0,16412.0
665,192.270,137.500,192.27,137.5,1095.5,49215.0,17554.0,17554.0
666,192.270,137.500,192.27,137.5,1095.5,47046.0,16528.0,16528.0
667,192.270,137.500,192.27,137.5,1095.5,42347.0,11837.0,11837.0
668,192.270,137.500,192.27,137.5,1095.5,49076.0,16994.0,16994.0
669,192.270,137.500,192.27,137.5,1095.5,47298.0,16587.0,16587.0
670,192.270,137.500,192.27,137.5,1095.5,47206.0,15585.0,15585.0
671,192.270,137.500,192.27,137.5,1095.5,48914.0,17998.0,17998.0
672,192.270,137.500,192.27,137.5,1095.5,48959.0,17834.0,17834.0
673,192.270,137.500,192.27,137.5,1095.5,50223.0,19449.0,19449.0
674,192.270,137.500,192.27,137.5,1095.5,46752.0,16086.0,16086.0
675,192.270,137.500,192.27,137.5,1095.5,49070.0,18226.0,18226.0
676,192.270,137.500,192.27,137.5,1095.5,47660.0,15638.0,15638.0
677,192.270,137.500,192.27,137.5,1095.5,48819.0,17898.0,17898.0
678,192.270,137.500,192.27,137.5,1095.5,47148.0,16319.0,16319.0
679,192.270,137.500,192.27,137.5,1095.5,49446.0,17684.0,17684.0
680,192.270,137.500,192.27,137.5,1095.5,44491.0,13247.0,13247.0
681,192.270,137.500,192.27,137.5,1095.5,52270.0,20226.0,20226.0
682,192.270,137.500,192.27,137.5,1095.5,46096.0,15107.0,15107.0
683,192.270,137.500,192.27,137.5,1095.5,48819.0,16990.0,16990.0
684,192.270,137.500,192.27,137.5,1095.5,51820.0,19707.0,19707.0
685,192.270,137.500,192.27,137.5,1095.5,50464.0,18847.0,18847.0
686,192.270,137.500,192.27,137.5,1095.5,47145.0,15732.0,15732.0
687,192.270,137.500,192.27,137.5,1095.5,50492.0,18478.0,18478.0
688,192.270,137.500,192.27,137.5,1095.5,51511.0,18816.0,18816.0
689,192.270,137.500,192.27,137.5,1095.5,47807.0,15978.0,15978.0
690,192.270,137.500,192.27,137.5,1095.5,52000.0,19746.0,19746.0
691,192.270,137.500,192.27,137.5,1095.5,48672.0,17672.0,17672.0
692,192.270,137.500,192.27,137.5,1095.5,47747.0,17707.0,17707.0
693,192.270,137.500,192.27,137.5,1095.5,47576.0,15964.0,15964.0
694,192.270,137.500,192.27,137.5,1095.5,49248.0,17203.0,17203.0
695,192.270,137.500,192.27,137.5,1095.5,49061.0,18402.0,18402.0
696,192.270,137.500,192.27,137.5,1095.5,49809.0,18929.0,18929.0
697,192.270,137.500,192.27,137.5,1095.5,49763.0,18263.0,18263.0
698,192.270,137.500,192.27,137.5,1095.5,47439.0,16016.0,16016.0
699,192.270,137.500,192.27,137.5,1095.5,49327.0,16910.0,16910.0
700,192.270,137.500,192.27,137.5,1095.5,48402.0,18521.0,18521.0
701,192.270,137.500,192.27,137.5,1095.5,49496.0,18715.0,18715.0
702,192.270,137.500,192.27,137.5,1095.5,48469.0,17359.0,17359.0
703,192.270,137.500,192.27,137.5,1095.5,48356.0,16803.0,16803.0
704,192.270,137.500,192.27,137.5,1095.5,48157.0,16491.0,16491.0
705,192.270,137.500,192.27,137.5,1095.5,51105.0,19617.0,19617.0
706,192.270,137.500,192.27,137.5,1095.5,49760.0,17791.0,17791.0
707,192.270,137.500,192.27,137.5,1095.5,48679.0,16109.0,16109.0
708,192.270,137.500,192.27,137.5,1095.5,46950.0,16638.0,16638.0
709,192.270,137.500,192.27,137.5,1095.5,46614.0,15569.0,15569.0
710,192.270,137.500,192.27,137.5,1095.5,49721.0,18193.0,18193.0
711,192.270,137.500,192.27,137.5,1095.5,48522.0,17630.0,17630.0
712,192.270,137.500,192.27,137.5,1095.5,47007.0,16135.0,16135.0
713,192.270,137.500,192.27,137.5,1095.5,47944.0,17168.0,17168.0
714,192.270,137.500,192.27,137.5,1095.5,46443.0,16565.0,16565.0
715,192.270,137.500,192.27,137.5,1095.5,47150.0,15824.0,15824.0
716,192.270,137.500,192.27,137.5,1095.5,50789.0,19341.0,19341.0
717,192.270,137.500,192.27,137.5,1095.5,48691.0,17396.0,17396.0
718,192.270,137.500,192.27,137.5,1095.5,48314.0,17690.0,17690.0
719,192.270,137.500,192.27,137.5,1095.5,50046.0,18637.0,18637.0
720,192.270,137.500,192.27,137.5,1095.5,50081.0,18247.0,18247.0
721,192.270,137.500,192.27,137.5,1095.5,48560.0,17317.0,17317.0
722,192.270,137.500,192.27,137.5,1095.5,48890.0,16593.0,16593.0
723,192.270,137.500,192.27,137.5,1095.5,45720.0,15286.0,15286.0
724,192.270,137.500,192.27,137.5,1095.5,48824.0,16781.0,16781.0
725,192.270,137.500,192.27,137.5,1095.5,49062.0,18385.0,18385.0
726,192.270,137.500,192.27,137.5,1095.5,44221.0,13982.0,13982.0
727,192.270,137.500,192.27,137.5,1095.5,49833.0,18249.0,18249.0
728,192.270,137.500,192.27,137.5,1095.5,47175.0,16265.0,16265.0
729,192.270,137.500,192.27,137.5,1095.5,46142.0,15190.0,15190.0
730,192.270,137.500,192.27,137.5,1095.5,47765.0,16763.0,16763.0
731,192.270,137.500,192.27,137.5,1095.5,46182.0,16102.0,16102.0
732,192.270,137.500,192.27,137.5,1095.5,47556.0,16196.0,16196.0
733,192.270,137.500,192.27,137.5,1095.5,49317.0,18234.0,18234.0
734,192.270,137.500,192.27,137.5,1095.5,48139.0,16219.0,16219.0
735,192.270,137.500,192.27,137.5,1095.5,48246.0,16177.0,16177.0
736,192.270,137.500,192.27,137.5,1095.5,46498.0,14414.0,14414.0
737,192.270,137.500,192.27,137.5,1095.5,48777.0,17796.0,17796.0
