id,avg_x,avg_y,x,y,bg,Square_intensity,circular_intensity,Gaussian_intensity
69,231.890,114.470,231.92,114.37,1116.84,31504.0,2642.0,2642.0
70,231.890,114.470,231.92,114.37,1116.84,31297.0,2611.0,2611.0
71,231.890,114.470,231.92,114.37,1116.84,29533.0,1974.0,1974.0
72,231.890,114.470,231.92,114.37,1116.84,30667.0,2321.0,2321.0
73,231.890,114.470,231.92,114.37,1116.84,31190.0,2728.0,2728.0
74,231.890,114.470,231.92,114.37,1116.84,30723.0,1738.0,1738.0
75,231.890,114.470,231.92,114.37,1116.84,32666.0,4910.0,4910.0
76,231.890,114.470,231.92,114.37,1116.84,31163.0,2702.0,2702.0
77,231.890,114.470,231.92,114.37,1116.84,31286.0,3074.0,3074.0
78,231.890,114.470,231.92,114.37,1116.84,31825.0,3544.0,3544.0
79,231.890,114.470,231.92,114.37,1116.84,32583.0,4038.0,4038.0
80,231.890,114.470,231.92,114.37,1116.84,31737.0,3368.0,3368.0
81,231.890,114.470,231.92,114.37,1116.84,31349.0,3567.0,3567.0
82,231.890,114.470,231.92,114.37,1116.84,29326.0,2266.0,2266.0
83,231.890,114.470,231.92,114.37,1116.84,31023.0,2881.0,2881.0
84,231.890,114.470,231.92,114.37,1116.84,29420.0,1365.0,1365.0
85,231.890,114.470,231.92,114.37,1116.84,31418.0,3588.0,3588.0
86,231.890,114.470,231.92,114.37,1116.84,34230.0,5619.0,5619.0
87,231.890,114.470,231.92,114.37,1116.84,30728.0,2606.0,2606.0
88,231.890,114.470,231.92,114.37,1116.84,33652.0,5471.0,5471.0
89,231.890,114.470,231.92,114.37,1116.84,35310.0,7217.0,7217.0
90,231.890,114.470,231.92,114.37,1116.84,34043.0,4714.0,4714.0
91,231.890,114.470,231.92,114.37,1116.84,32745.0,3723.0,3723.0
92,231.890,114.470,231.92,114.37,1116.84,31842.0,4925.0,4925.0
93,231.890,114.470,231.92,114.37,1116.84,31390.0,4203.0,4203.0
94,231.890,114.470,231.92,114.37,1116.84,33060.0,5109.0,5109.0
95,231.890,114.470,231.92,114.37,1116.84,34184.0,6458.0,6458.0
96,231.890,114.470,231.92,114.37,1116.84,33729.0,4618.0,4618.0
97,231.890,114.470,231.92,114.37,1116.84,35052.0,6691.0,6691.0
98,231.890,114.470,231.92,114.37,1116.84,32866.0,4361.0,4361.0
99,231.890,114.470,231.92,114.37,1116.84,31991.0,4244.0,4244.0
100,231.890,114.470,231.92,114.37,1116.84,33516.0,5759.0,5759.0
101,231.890,114.470,231.92,114.37,1116.84,30687.0,2288.0,2288.0
102,231.890,114.470,231.92,114.37,1116.84,33471.0,5444.0,5444.0
103,231.890,114.470,231.92,114.37,1116.84,32812.0,4228.0,4228.0
104,231.890,114.470,231.92,114.37,1116.84,29916.0,1638.0,1638.0
105,231.890,114.470,231.92,114.37,1116.84,31707.0,3087.0,3087.0
106,231.890,114.470,231.92,114.37,1116.84,29718.0,2522.0,2522.0
107,231.890,114.470,231.92,114.37,1116.84,32824.0,3304.0,3304.0
108,231.890,114.470,231.92,114.37,1116.84,33326.0,5337.0,5337.0
109,231.890,114.470,231.92,114.37,1116.84,35327.0,7226.0,7226.0
110,231.890,114.470,231.92,114.37,1116.84,36653.0,7775.0,7775.0
111,231.890,114.470,231.92,114.37,1116.84,33745.0,5179.0,5179.0
112,231.890,114.470,231.92,114.37,1116.84,35319.0,7170.0,7170.0
113,231.890,114.470,231.92,114.37,1116.84,34338.0,4146.0,4146.0
114,231.890,114.470,231.92,114.37,1116.84,36102.0,7632.0,7632.0
115,231.890,114.470,231.92,114.37,1116.84,34453.0,6203.0,6203.0
116,231.890,114.470,231.92,114.37,1116.84,35697.0,7692.0,7692.0
117,231.890,114.470,231.92,114.37,1116.84,34388.0,5767.0,5767.0
118,231.890,114.470,231.92,114.37,1116.84,31789.0,3379.0,3379.0
119,231.890,114.470,231.92,114.37,1116.84,32602.0,4819.0,4819.0
120,231.890,114.470,231.92,114.37,1116.84,31500.0,4020.0,4020.0
121,231.890,114.470,231.92,114.37,1116.84,36060.0,7240.0,7240.0
122,231.890,114.470,231.92,114.37,1116.84,34971.0,6923.0,6923.0
123,231.890,114.470,231.92,114.37,1116.84,35964.0,7224.0,7224.0
124,231.890,114.470,231.92,114.37,1116.84,36004.0,8343.0,8343.0
125,231.890,114.470,231.92,114.37,1116.84,35351.0,6682.0,6682.0
126,231.890,114.470,231.92,114.37,1116.84,35027.0,6522.0,6522.0
127,231.890,114.470,231.92,114.37,1116.84,35920.0,8409.0,8409.0
128,231.890,114.470,231.92,114.37,1116.84,34338.0,5993.0,5993.0
129,231.890,114.470,231.92,114.37,1116.84,34979.0,5955.0,5955.0
130,231.890,114.470,231.92,114.37,1116.84,36095.0,6318.0,6318.0
131,231.890,114.470,231.92,114.37,1116.84,34731.0,7327.0,7327.0
132,231.890,114.470,231.92,114.37,1116.84,33544.0,5960.0,5960.0
133,231.890,114.470,231.92,114.37,1116.84,35501.0,7552.0,7552.0
134,231.890,114.470,231.92,114.37,1116.84,33520.0,6481.0,6481.0
135,231.890,114.470,231.92,114.37,1116.84,34435.0,5379.0,5379.0
136,231.890,114.470,231.92,114.37,1116.84,33026.0,5187.0,5187.0
137,231.890,114.470,231.92,114.37,1116.84,37698.0,7856.0,7856.0
138,231.890,114.470,231.92,114.37,1116.84,34031.0,5323.0,5323.0
139,231.890,114.470,231.92,114.37,1116.84,35156.0,6761.0,6761.0
140,231.890,114.470,231.92,114.37,1116.84,34992.0,6828.0,6828.0
141,231.890,114.470,232.39,114.43,1116.84,35007.0,6834.0,6834.0
142,231.890,114.470,231.92,114.37,1116.84,32539.0,5835.0,5835.0
143,231.890,114.470,231.97,114.31,1116.84,37198.0,8454.0,8454.0
144,231.890,114.470,232.21,114.5,1116.84,35353.0,7372.0,7372.0
145,231.890,114.470,231.92,114.37,1116.84,35264.0,5853.0,5853.0
146,231.890,114.470,231.92,114.37,1116.84,34205.0,5737.0,5737.0
147,231.890,114.470,231.98,114.38,1116.84,33360.0,6756.0,6756.0
148,231.890,114.470,231.72,114.38,1116.84,35698.0,8192.0,8192.0
149,231.890,114.470,231.92,114.37,1116.84,31957.0,5298.0,5298.0
150,231.890,114.470,231.92,114.37,1116.84,33751.0,6979.0,6979.0
151,231.890,114.470,232.04,114.49,1116.84,35298.0,8066.0,8066.0
152,231.890,114.470,231.69,114.45,1116.84,35698.0,7878.0,7878.0
153,231.890,114.470,231.92,114.37,1116.84,35052.0,6251.0,6251.0
154,231.890,114.470,231.92,114.37,1116.84,32817.0,5540.0,5540.0
155,231.890,114.470,231.92,114.37,1116.84,33186.0,5110.0,5110.0
156,231.890,114.470,232.03,114.3,1116.84,35921.0,6975.0,6975.0
157,231.890,114.470,231.92,114.37,1116.84,35151.0,6927.0,6927.0
158,231.890,114.470,232.05,114.5,1116.84,37088.0,8648.0,8648.0
159,231.890,114.470,231.92,114.37,1116.84,34960.0,6244.0,6244.0
160,231.890,114.470,231.68,114.45,1116.84,34760.0,6597.0,6597.0
161,231.890,114.470,231.92,114.37,1116.84,30302.0,2574.0,2574.0
162,231.890,114.470,231.92,114.37,1116.84,33189.0,5496.0,5496.0
163,231.890,114.470,231.89,114.62,1116.84,34678.0,7168.0,7168.0
164,231.890,114.470,232.42,114.51,1116.84,34736.0,7717.0,7717.0
165,231.890,114.470,232.04,114.48,1116.84,34285.0,5705.0,5705.0
166,231.890,114.470,232.1,114.71,1116.84,33949.0,7721.0,7721.0
167,231.890,114.470,232.12,114.53,1116.84,34576.0,7093.0,7093.0
168,231.890,114.470,231.94,114.58,1116.84,35525.0,7776.0,7776.0
169,231.890,114.470,232.01,114.69,1116.84,35484.0,7664.0,7664.0
170,231.890,114.470,232.18,114.63,1116.84,38763.0,10398.0,10398.0
171,231.890,114.470,232.43,114.46,1116.84,37683.0,10779.0,10779.0
172,231.890,114.470,231.9,114.5,1116.84,35981.0,8441.0,8441.0
173,231.890,114.470,231.96,114.57,1116.84,37044.0,8286.0,8286.0
174,231.890,114.470,231.9,114.64,1116.84,36183.0,9013.0,9013.0
175,231.890,114.470,232,114.78,1116.84,38786.0,10990.0,10990.0
176,231.890,114.470,231.99,114.73,1116.84,36843.0,9331.0,9331.0
177,231.890,114.470,232.15,114.27,1116.84,39807.0,11326.0,11326.0
178,231.890,114.470,231.85,114.56,1116.84,39099.0,11373.0,11373.0
179,231.890,114.470,232.01,114.46,1116.84,38193.0,8680.0,8680.0
180,231.890,114.470,231.8,114.82,1116.84,35056.0,7455.0,7455.0
181,231.890,114.470,231.24,114.33,1116.84,34551.0,7016.0,7016.0
182,231.890,114.470,231.72,114.57,1116.84,37206.0,9386.0,9386.0
183,231.890,114.470,231.96,114.32,1116.84,39772.0,11932.0,11932.0
184,231.890,114.470,231.87,114.3,1116.84,37757.0,9790.0,9790.0
185,231.890,114.470,232.05,114.57,1116.84,38838.0,10835.0,10835.0
186,231.890,114.470,231.99,114.38,1116.84,40053.0,12214.0,12214.0
187,231.890,114.470,232.11,114.38,1116.84,35707.0,9205.0,9205.0
188,231.890,114.470,231.77,114.72,1116.84,36352.0,8699.0,8699.0
189,231.890,114.470,231.9,114.38,1116.84,35975.0,7018.0,7018.0
190,231.890,114.470,231.99,114.52,1116.84,35718.0,7854.0,7854.0
191,231.890,114.470,231.71,114.54,1116.84,37225.0,9919.0,9919.0
192,231.890,114.470,231.94,114.51,1116.84,34756.0,7162.0,7162.0
193,231.890,114.470,231.98,114.31,1116.84,42406.0,14253.0,14253.0
194,231.890,114.470,231.79,114.54,1116.84,38599.0,10728.0,10728.0
195,231.890,114.470,231.98,114.56,1116.84,37153.0,8795.0,8795.0
196,231.890,114.470,232.2,114.5,1116.84,38789.0,10566.0,10566.0
197,231.890,114.470,232.08,114.34,1116.84,38126.0,9840.0,9840.0
198,231.890,114.470,232.42,114.42,1116.84,37568.0,10033.0,10033.0
199,231.890,114.470,231.7,114.58,1116.84,42162.0,13100.0,13100.0
200,231.890,114.470,232.35,114.67,1116.84,37194.0,8693.0,8693.0
201,231.890,114.470,231.92,114.37,1116.84,34333.0,6729.0,6729.0
202,231.890,114.470,232.33,114.53,1116.84,32456.0,5601.0,5601.0
203,231.890,114.470,231.92,114.37,1116.84,33671.0,6366.0,6366.0
204,231.890,114.470,231.92,114.37,1116.84,32398.0,4746.0,4746.0
205,231.890,114.470,231.89,114.47,1116.84,35744.0,7453.0,7453.0
206,231.890,114.470,231.89,114.47,1116.84,33137.0,5933.0,5933.0
207,231.890,114.470,231.89,114.47,1116.84,30326.0,3642.0,3642.0
208,231.890,114.470,231.89,114.47,1116.84,30104.0,3143.0,3143.0
209,231.890,114.470,231.89,114.47,1116.84,29554.0,2851.0,2851.0
210,231.890,114.470,231.89,114.47,1116.84,28924.0,2492.0,2492.0
211,231.890,114.470,231.89,114.47,1116.84,29205.0,3442.0,3442.0
212,231.890,114.470,231.89,114.47,1116.84,26850.0,761.0,761.0
213,231.890,114.470,231.89,114.47,1116.84,26598.0,1265.0,1265.0
214,231.890,114.470,231.89,114.47,1116.84,27145.0,887.0,887.0
215,231.890,114.470,231.89,114.47,1116.84,25735.0,0.0,0.0
216,231.890,114.470,231.89,114.47,1116.84,26112.0,0.0,0.0
217,231.890,114.470,231.89,114.47,1116.84,26978.0,1949.0,1949.0
218,231.890,114.470,231.89,114.47,1116.84,25241.0,0.0,0.0
219,231.890,114.470,231.89,114.47,1116.84,26474.0,486.0,486.0
220,231.890,114.470,231.89,114.47,1116.84,23814.0,0.0,0.0
221,231.890,114.470,231.89,114.47,1116.84,27033.0,937.0,937.0
222,231.890,114.470,231.89,114.47,1116.84,26295.0,0.0,0.0
223,231.890,114.470,231.89,114.47,1116.84,24846.0,0.0,0.0
224,231.890,114.470,231.89,114.47,1116.84,24821.0,0.0,0.0
225,231.890,114.470,231.89,114.47,1116.84,26789.0,1415.0,1415.0
226,231.890,114.470,231.89,114.47,1116.84,26558.0,858.0,858.0
227,231.890,114.470,231.89,114.47,1116.84,26105.0,0.0,0.0
228,231.890,114.470,231.89,114.47,1116.84,24800.0,120.0,120.0
229,231.890,114.470,231.89,114.47,1116.84,26891.0,1148.0,1148.0
230,231.890,114.470,231.89,114.47,1116.84,26530.0,261.0,261.0
231,231.890,114.470,231.89,114.47,1116.84,25599.0,0.0,0.0
232,231.890,114.470,231.89,114.47,1116.84,25823.0,301.0,301.0
233,231.890,114.470,231.89,114.47,1116.84,25356.0,0.0,0.0
234,231.890,114.470,231.89,114.47,1116.84,26726.0,0.0,0.0
235,231.890,114.470,231.89,114.47,1116.84,26309.0,224.0,224.0
236,231.890,114.470,231.89,114.47,1116.84,28017.0,1252.0,1252.0
237,231.890,114.470,231.89,114.47,1116.84,25857.0,388.0,388.0
238,231.890,114.470,231.89,114.47,1116.84,28313.0,1272.0,1272.0
239,231.890,114.470,231.89,114.47,1116.84,26361.0,386.0,386.0
240,231.890,114.470,231.89,114.47,1116.84,26597.0,249.0,249.0
241,231.890,114.470,231.89,114.47,1116.84,25415.0,565.0,565.0
242,231.890,114.470,231.89,114.47,1116.84,26784.0,0.0,0.0
243,231.890,114.470,231.89,114.47,1116.84,26554.0,709.0,709.0
244,231.890,114.470,231.89,114.47,1116.84,27415.0,1455.0,1455.0
245,231.890,114.470,231.89,114.47,1116.84,25435.0,0.0,0.0
246,231.890,114.470,231.89,114.47,1116.84,25917.0,0.0,0.0
247,231.890,114.470,231.89,114.47,1116.84,25279.0,0.0,0.0
248,231.890,114.470,231.89,114.47,1116.84,24932.0,87.0,87.0
249,231.890,114.470,231.89,114.47,1116.84,27631.0,1718.0,1718.0
250,231.890,114.470,231.89,114.47,1116.84,25542.0,0.0,0.0
251,231.890,114.470,231.89,114.47,1116.84,25921.0,897.0,897.0
252,231.890,114.470,231.89,114.47,1116.84,26859.0,742.0,742.0
253,231.890,114.470,231.89,114.47,1116.84,27120.0,1370.0,1370.0
254,231.890,114.470,231.89,114.47,1116.84,26904.0,632.0,632.0
255,231.890,114.470,231.89,114.47,1116.84,24837.0,0.0,0.0
256,231.890,114.470,231.89,114.47,1116.84,25906.0,304.0,304.0
257,231.890,114.470,231.89,114.47,1116.84,26160.0,268.0,268.0
258,231.890,114.470,231.89,114.47,1116.84,25823.0,431.0,431.0
259,231.890,114.470,231.89,114.47,1116.84,24397.0,0.0,0.0
260,231.890,114.470,231.89,114.47,1116.84,24569.0,0.0,0.0
261,231.890,114.470,231.89,114.47,1116.84,26806.0,395.0,395.0
262,231.890,114.470,231.89,114.47,1116.84,28225.0,2061.0,2061.0
263,231.890,114.470,231.89,114.47,1116.84,27155.0,1561.0,1561.0
264,231.890,114.470,231.89,114.47,1116.84,25465.0,554.0,554.0
265,231.890,114.470,231.89,114.47,1116.84,26127.0,640.0,640.0
266,231.890,114.470,231.89,114.47,1116.84,25258.0,0.0,0.0
267,231.890,114.470,231.89,114.47,1116.84,26308.0,503.0,503.0
268,231.890,114.470,231.89,114.47,1116.84,28247.0,2643.0,2643.0
269,231.890,114.470,231.89,114.47,1116.84,26848.0,581.0,581.0
270,231.890,114.470,231.89,114.47,1116.84,23021.0,0.0,0.0
271,231.890,114.470,231.89,114.47,1116.84,26978.0,1776.0,1776.0
272,231.890,114.470,231.89,114.47,1116.84,27651.0,1357.0,1357.0
273,231.890,114.470,231.89,114.47,1116.84,25854.0,0.0,0.0
274,231.890,114.470,231.89,114.47,1116.84,24927.0,0.0,0.0
275,231.890,114.470,231.89,114.47,1116.84,26292.0,198.0,198.0
276,231.890,114.470,231.89,114.47,1116.84,26709.0,914.0,914.0
277,231.890,114.470,231.89,114.47,1116.84,26178.0,1161.0,1161.0
278,231.890,114.470,231.89,114.47,1116.84,25989.0,710.0,710.0
279,231.890,114.470,231.89,114.47,1116.84,28229.0,1570.0,1570.0
280,231.890,114.470,231.89,114.47,1116.84,26830.0,1776.0,1776.0
281,231.890,114.470,231.89,114.47,1116.84,27194.0,685.0,685.0
282,231.890,114.470,231.89,114.47,1116.84,25854.0,1503.0,1503.0
283,231.890,114.470,231.89,114.47,1116.84,26630.0,840.0,840.0
284,231.890,114.470,231.89,114.47,1116.84,27990.0,1661.0,1661.0
285,231.890,114.470,231.89,114.47,1116.84,26477.0,1403.0,1403.0
286,231.890,114.470,231.89,114.47,1116.84,25171.0,0.0,0.0
287,231.890,114.470,231.89,114.47,1116.84,25525.0,430.0,430.0
288,231.890,114.470,231.89,114.47,1116.84,25385.0,531.0,531.0
289,231.890,114.470,231.89,114.47,1116.84,24475.0,0.0,0.0
290,231.890,114.470,231.89,114.47,1116.84,27015.0,2131.0,2131.0
291,231.890,114.470,231.89,114.47,1116.84,25580.0,0.0,0.0
292,231.890,114.470,231.89,114.47,1116.84,26952.0,1110.0,1110.0
293,231.890,114.470,231.89,114.47,1116.84,28048.0,2822.0,2822.0
294,231.890,114.470,231.89,114.47,1116.84,26014.0,0.0,0.0
295,231.890,114.470,231.89,114.47,1116.84,24303.0,0.0,0.0
296,231.890,114.470,231.89,114.47,1116.84,25558.0,116.0,116.0
297,231.890,114.470,231.89,114.47,1116.84,25877.0,831.0,831.0
298,231.890,114.470,231.89,114.47,1116.84,27505.0,1519.0,1519.0
299,231.890,114.470,231.89,114.47,1116.84,25410.0,0.0,0.0
300,231.890,114.470,231.89,114.47,1116.84,27030.0,1094.0,1094.0
301,231.890,114.470,231.89,114.47,1116.84,25521.0,0.0,0.0
302,231.890,114.470,231.89,114.47,1116.84,25379.0,1646.0,1646.0
303,231.890,114.470,231.89,114.47,1116.84,28402.0,2175.0,2175.0
304,231.890,114.470,231.89,114.47,1116.84,26915.0,443.0,443.0
305,231.890,114.470,231.89,114.47,1116.84,26889.0,1491.0,1491.0
306,231.890,114.470,231.89,114.47,1116.84,26362.0,818.0,818.0
307,231.890,114.470,231.89,114.47,1116.84,25237.0,0.0,0.0
308,231.890,114.470,231.89,114.47,1116.84,25240.0,0.0,0.0
309,231.890,114.470,231.89,114.47,1116.84,26542.0,345.0,345.0
310,231.890,114.470,231.89,114.47,1116.84,25496.0,291.0,291.0
311,231.890,114.470,231.89,114.47,1116.84,24712.0,0.0,0.0
312,231.890,114.470,231.89,114.47,1116.84,24249.0,0.0,0.0
313,231.890,114.470,231.89,114.47,1116.84,26317.0,0.0,0.0
314,231.890,114.470,231.89,114.47,1116.84,24493.0,0.0,0.0
315,231.890,114.470,231.89,114.47,1116.84,27157.0,1541.0,1541.0
316,231.890,114.470,231.89,114.47,1116.84,27936.0,1594.0,1594.0
317,231.890,114.470,231.89,114.47,1116.84,26354.0,661.0,661.0
318,231.890,114.470,231.89,114.47,1116.84,25517.0,30.0,30.0
319,231.890,114.470,231.89,114.47,1116.84,23259.0,0.0,0.0
320,231.890,114.470,231.89,114.47,1116.84,24910.0,0.0,0.0
321,231.890,114.470,231.89,114.47,1116.84,26211.0,650.0,650.0
322,231.890,114.470,231.89,114.47,1116.84,24317.0,0.0,0.0
323,231.890,114.470,231.89,114.47,1116.84,23968.0,0.0,0.0
324,231.890,114.470,231.89,114.47,1116.84,26408.0,2305.0,2305.0
325,231.890,114.470,231.89,114.47,1116.84,25807.0,660.0,660.0
326,231.890,114.470,231.89,114.47,1116.84,24530.0,0.0,0.0
327,231.890,114.470,231.89,114.47,1116.84,26319.0,1034.0,1034.0
328,231.890,114.470,231.89,114.47,1116.84,24663.0,0.0,0.0
329,231.890,114.470,231.89,114.47,1116.84,25957.0,1534.0,1534.0
330,231.890,114.470,231.89,114.47,1116.84,25630.0,468.0,468.0
331,231.890,114.470,231.89,114.47,1116.84,26066.0,640.0,640.0
332,231.890,114.470,231.89,114.47,1116.84,24856.0,0.0,0.0
333,231.890,114.470,231.89,114.47,1116.84,26820.0,126.0,126.0
334,231.890,114.470,231.89,114.47,1116.84,25434.0,135.0,135.0
335,231.890,114.470,231.89,114.47,1116.84,24950.0,0.0,0.0
336,231.890,114.470,231.89,114.47,1116.84,26688.0,468.0,468.0
337,231.890,114.470,231.89,114.47,1116.84,24539.0,0.0,0.0
338,231.890,114.470,231.89,114.47,1116.84,23649.0,0.0,0.0
339,231.890,114.470,231.89,114.47,1116.84,24954.0,0.0,0.0
340,231.890,114.470,231.89,114.47,1116.84,27315.0,724.0,724.0
341,231.890,114.470,231.89,114.47,1116.84,23972.0,0.0,0.0
342,231.890,114.470,231.89,114.47,1116.84,26648.0,844.0,844.0
343,231.890,114.470,231.89,114.47,1116.84,25715.0,237.0,237.0
344,231.890,114.470,231.89,114.47,1116.84,24752.0,0.0,0.0
345,231.890,114.470,231.89,114.47,1116.84,25810.0,448.0,448.0
346,231.890,114.470,231.89,114.47,1116.84,28840.0,2148.0,2148.0
347,231.890,114.470,231.89,114.47,1116.84,24815.0,0.0,0.0
348,231.890,114.470,231.89,114.47,1116.84,26775.0,1180.0,1180.0
349,231.890,114.470,231.89,114.47,1116.84,26626.0,1008.0,1008.0
350,231.890,114.470,231.89,114.47,1116.84,24955.0,0.0,0.0
351,231.890,114.470,231.89,114.47,1116.84,26194.0,419.0,419.0
352,231.890,114.470,231.89,114.47,1116.84,24792.0,0.0,0.0
353,231.890,114.470,231.89,114.47,1116.84,24578.0,0.0,0.0
354,231.890,114.470,231.89,114.47,1116.84,25773.0,1034.0,1034.0
355,231.890,114.470,231.89,114.47,1116.84,26621.0,1029.0,1029.0
356,231.890,114.470,231.89,114.47,1116.84,26065.0,567.0,567.0
357,231.890,114.470,231.89,114.47,1116.84,25618.0,654.0,654.0
358,231.890,114.470,231.89,114.47,1116.84,27254.0,1043.0,1043.0
359,231.890,114.470,231.89,114.47,1116.84,24220.0,0.0,0.0
360,231.890,114.470,231.89,114.47,1116.84,25104.0,0.0,0.0
361,231.890,114.470,231.89,114.47,1116.84,26959.0,975.0,975.0
362,231.890,114.470,231.89,114.47,1116.84,24975.0,0.0,0.0
363,231.890,114.470,231.89,114.47,1116.84,26137.0,615.0,615.0
364,231.890,114.470,231.89,114.47,1116.84,24727.0,126.0,126.0
365,231.890,114.470,231.89,114.47,1116.84,25642.0,83.0,83.0
366,231.890,114.470,231.89,114.47,1116.84,25746.0,1113.0,1113.0
367,231.890,114.470,231.89,114.47,1116.84,25593.0,0.0,0.0
368,231.890,114.470,231.89,114.47,1116.84,24574.0,370.0,370.0
369,231.890,114.470,231.89,114.47,1116.84,26148.0,509.0,509.0
370,231.890,114.470,231.89,114.47,1116.84,24855.0,599.0,599.0
371,231.890,114.470,231.89,114.47,1116.84,24024.0,0.0,0.0
372,231.890,114.470,231.89,114.47,1116.84,24690.0,0.0,0.0
373,231.890,114.470,231.89,114.47,1116.84,26900.0,1625.0,1625.0
374,231.890,114.470,231.89,114.47,1116.84,25121.0,475.0,475.0
375,231.890,114.470,231.89,114.47,1116.84,25701.0,0.0,0.0
376,231.890,114.470,231.89,114.47,1116.84,25198.0,0.0,0.0
377,231.890,114.470,231.89,114.47,1116.84,23926.0,0.0,0.0
378,231.890,114.470,231.89,114.47,1116.84,25127.0,1215.0,1215.0
379,231.890,114.470,231.89,114.47,1116.84,24356.0,424.0,424.0
380,231.890,114.470,231.89,114.47,1116.84,25830.0,904.0,904.0
381,231.890,114.470,231.89,114.47,1116.84,25381.0,0.0,0.0
382,231.890,114.470,231.89,114.47,1116.84,24813.0,0.0,0.0
383,231.890,114.470,231.89,114.47,1116.84,25593.0,0.0,0.0
384,231.890,114.470,231.89,114.47,1116.84,23589.0,0.0,0.0
385,231.890,114.470,231.89,114.47,1116.84,24708.0,0.0,0.0
386,231.890,114.470,231.89,114.47,1116.84,25272.0,0.0,0.0
387,231.890,114.470,231.89,114.47,1116.84,25942.0,866.0,866.0
388,231.890,114.470,231.89,114.47,1116.84,25445.0,288.0,288.0
389,231.890,114.470,231.89,114.47,1116.84,24334.0,0.0,0.0
390,231.890,114.470,231.89,114.47,1116.84,25023.0,0.0,0.0
391,231.890,114.470,231.89,114.47,1116.84,26002.0,1122.0,1122.0
392,231.890,114.470,231.89,114.47,1116.84,25574.0,336.0,336.0
393,231.890,114.470,231.89,114.47,1116.84,27520.0,2296.0,2296.0
394,231.890,114.470,231.89,114.47,1116.84,24927.0,0.0,0.0
395,231.890,114.470,231.89,114.47,1116.84,25188.0,0.0,0.0
396,231.890,114.470,231.89,114.47,1116.84,25909.0,105.0,105.0
397,231.890,114.470,231.89,114.47,1116.84,25242.0,0.0,0.0
398,231.890,114.470,231.89,114.47,1116.84,25005.0,0.0,0.0
399,231.890,114.470,231.89,114.47,1116.84,25891.0,458.0,458.0
400,231.890,114.470,231.89,114.47,1116.84,26059.0,608.0,608.0
401,231.890,114.470,231.89,114.47,1116.84,24866.0,412.0,412.0
402,231.890,114.470,231.89,114.47,1116.84,26165.0,1124.0,1124.0
403,231.890,114.470,231.89,114.47,1116.84,26879.0,1464.0,1464.0
404,231.890,114.470,231.89,114.47,1116.84,25290.0,0.0,0.0
405,231.890,114.470,231.89,114.47,1116.84,25109.0,529.0,529.0
406,231.890,114.470,231.89,114.47,1116.84,27059.0,1954.0,1954.0
407,231.890,114.470,231.89,114.47,1116.84,25856.0,1134.0,1134.0
408,231.890,114.470,231.89,114.47,1116.84,24876.0,0.0,0.0
409,231.890,114.470,231.89,114.47,1116.84,25708.0,1239.0,1239.0
410,231.890,114.470,231.89,114.47,1116.84,27267.0,1188.0,1188.0
411,231.890,114.470,231.89,114.47,1116.84,25080.0,0.0,0.0
412,231.890,114.470,231.89,114.47,1116.84,26186.0,1012.0,1012.0
413,231.890,114.470,231.89,114.47,1116.84,26350.0,215.0,215.0
414,231.890,114.470,231.89,114.47,1116.84,25560.0,0.0,0.0
415,231.890,114.470,231.89,114.47,1116.84,25503.0,0.0,0.0
416,231.890,114.470,231.89,114.47,1116.84,25847.0,620.0,620.0
417,231.890,114.470,231.89,114.47,1116.84,27108.0,1173.0,1173.0
418,231.890,114.470,231.89,114.47,1116.84,24978.0,0.0,0.0
419,231.890,114.470,231.89,114.47,1116.84,28155.0,2686.0,2686.0
420,231.890,114.470,231.89,114.47,1116.84,25239.0,615.0,615.0
421,231.890,114.470,231.89,114.47,1116.84,27955.0,2836.0,2836.0
422,231.890,114.470,231.89,114.47,1116.84,25204.0,201.0,201.0
423,231.890,114.470,231.89,114.47,1116.84,26272.0,262.0,262.0
424,231.890,114.470,231.89,114.47,1116.84,25609.0,92.0,92.0
425,231.890,114.470,231.89,114.47,1116.84,25530.0,444.0,444.0
426,231.890,114.470,231.89,114.47,1116.84,25281.0,609.0,609.0
427,231.890,114.470,231.89,114.47,1116.84,25321.0,129.0,129.0
428,231.890,114.470,231.89,114.47,1116.84,26403.0,1012.0,1012.0
429,231.890,114.470,231.89,114.47,1116.84,25816.0,1200.0,1200.0
430,231.890,114.470,231.89,114.47,1116.84,26221.0,887.0,887.0
431,231.890,114.470,231.89,114.47,1116.84,26088.0,578.0,578.0
432,231.890,114.470,231.89,114.47,1116.84,26508.0,1147.0,1147.0
433,231.890,114.470,231.89,114.47,1116.84,27308.0,2178.0,2178.0
434,231.890,114.470,231.89,114.47,1116.84,25945.0,1433.0,1433.0
435,231.890,114.470,231.89,114.47,1116.84,26610.0,1283.0,1283.0
436,231.890,114.470,231.89,114.47,1116.84,24484.0,0.0,0.0
437,231.890,114.470,231.89,114.47,1116.84,25763.0,128.0,128.0
438,231.890,114.470,231.89,114.47,1116.84,25343.0,133.0,133.0
439,231.890,114.470,231.89,114.47,1116.84,26765.0,999.0,999.0
440,231.890,114.470,231.89,114.47,1116.84,24493.0,0.0,0.0
441,231.890,114.470,231.89,114.47,1116.84,24038.0,0.0,0.0
442,231.890,114.470,231.89,114.47,1116.84,27441.0,1780.0,1780.0
443,231.890,114.470,231.89,114.47,1116.84,25552.0,758.0,758.0
444,231.890,114.470,231.89,114.47,1116.84,26073.0,546.0,546.0
445,231.890,114.470,231.89,114.47,1116.84,25801.0,366.0,366.0
446,231.890,114.470,231.89,114.47,1116.84,25063.0,0.0,0.0
447,231.890,114.470,231.89,114.47,1116.84,26659.0,1280.0,1280.0
448,231.890,114.470,231.89,114.47,1116.84,25994.0,407.0,407.0
449,231.890,114.470,231.89,114.47,1116.84,26180.0,1466.0,1466.0
450,231.890,114.470,231.89,114.47,1116.84,24489.0,189.0,189.0
