id,avg_x,avg_y,x,y,bg,Square_intensity,circular_intensity,Gaussian_intensity
79,67.540,79.070,67.61,79.07,1066.71,28939.0,0.0,0.0
80,67.540,79.070,67.61,79.07,1066.71,30471.0,1472.0,1472.0
81,67.540,79.070,67.61,79.07,1066.71,30275.0,854.0,854.0
82,67.540,79.070,67.61,79.07,1066.71,28093.0,0.0,0.0
83,67.540,79.070,67.61,79.07,1066.71,29029.0,0.0,0.0
84,67.540,79.070,67.61,79.07,1066.71,28570.0,0.0,0.0
85,67.540,79.070,67.61,79.07,1066.71,27859.0,0.0,0.0
86,67.540,79.070,67.61,79.07,1066.71,28806.0,0.0,0.0
87,67.540,79.070,67.61,79.07,1066.71,29452.0,17.0,17.0
88,67.540,79.070,67.61,79.07,1066.71,28032.0,0.0,0.0
89,67.540,79.070,67.61,79.07,1066.71,29520.0,248.0,248.0
90,67.540,79.070,67.61,79.07,1066.71,28210.0,0.0,0.0
91,67.540,79.070,67.61,79.07,1066.71,29890.0,65.0,65.0
92,67.540,79.070,67.61,79.07,1066.71,26514.0,0.0,0.0
93,67.540,79.070,67.61,79.07,1066.71,28941.0,0.0,0.0
94,67.540,79.070,67.61,79.07,1066.71,26828.0,0.0,0.0
95,67.540,79.070,67.61,79.07,1066.71,27195.0,0.0,0.0
96,67.540,79.070,67.61,79.07,1066.71,25718.0,0.0,0.0
97,67.540,79.070,67.61,79.07,1066.71,28825.0,0.0,0.0
98,67.540,79.070,67.61,79.07,1066.71,28635.0,0.0,0.0
99,67.540,79.070,67.61,79.07,1066.71,27413.0,0.0,0.0
100,67.540,79.070,67.61,79.07,1066.71,29529.0,486.0,486.0
101,67.540,79.070,67.61,79.07,1066.71,29078.0,699.0,699.0
102,67.540,79.070,67.61,79.07,1066.71,27002.0,0.0,0.0
103,67.540,79.070,67.61,79.07,1066.71,28163.0,312.0,312.0
104,67.540,79.070,67.61,79.07,1066.71,27161.0,0.0,0.0
105,67.540,79.070,67.61,79.07,1066.71,26388.0,0.0,0.0
106,67.540,79.070,67.61,79.07,1066.71,27889.0,0.0,0.0
107,67.540,79.070,67.61,79.07,1066.71,27621.0,0.0,0.0
108,67.540,79.070,67.61,79.07,1066.71,27121.0,0.0,0.0
109,67.540,79.070,67.61,79.07,1066.71,26225.0,0.0,0.0
110,67.540,79.070,67.61,79.07,1066.71,30000.0,1017.0,1017.0
111,67.540,79.070,67.61,79.07,1066.71,27080.0,0.0,0.0
112,67.540,79.070,67.61,79.07,1066.71,30346.0,2433.0,2433.0
113,67.540,79.070,67.61,79.07,1066.71,26646.0,0.0,0.0
114,67.540,79.070,67.61,79.07,1066.71,27793.0,0.0,0.0
115,67.540,79.070,67.61,79.07,1066.71,28326.0,0.0,0.0
116,67.540,79.070,67.61,79.07,1066.71,27797.0,0.0,0.0
117,67.540,79.070,67.61,79.07,1066.71,28751.0,240.0,240.0
118,67.540,79.070,67.61,79.07,1066.71,29240.0,0.0,0.0
119,67.540,79.070,67.61,79.07,1066.71,28967.0,0.0,0.0
120,67.540,79.070,67.61,79.07,1066.71,30343.0,899.0,899.0
121,67.540,79.070,67.61,79.07,1066.71,29348.0,1368.0,1368.0
122,67.540,79.070,67.61,79.07,1066.71,28288.0,396.0,396.0
123,67.540,79.070,67.61,79.07,1066.71,29100.0,991.0,991.0
124,67.540,79.070,67.61,79.07,1066.71,27594.0,732.0,732.0
125,67.540,79.070,67.61,79.07,1066.71,27647.0,0.0,0.0
126,67.540,79.070,67.61,79.07,1066.71,27957.0,151.0,151.0
127,67.540,79.070,67.61,79.07,1066.71,29360.0,476.0,476.0
128,67.540,79.070,67.61,79.07,1066.71,28202.0,68.0,68.0
129,67.540,79.070,67.61,79.07,1066.71,27719.0,0.0,0.0
130,67.540,79.070,67.61,79.07,1066.71,28405.0,803.0,803.0
131,67.540,79.070,67.61,79.07,1066.71,27716.0,0.0,0.0
132,67.540,79.070,67.61,79.07,1066.71,26837.0,0.0,0.0
133,67.540,79.070,67.61,79.07,1066.71,26941.0,0.0,0.0
134,67.540,79.070,67.61,79.07,1066.71,27265.0,0.0,0.0
135,67.540,79.070,67.61,79.07,1066.71,26794.0,134.0,134.0
136,67.540,79.070,67.61,79.07,1066.71,25449.0,0.0,0.0
137,67.540,79.070,67.61,79.07,1066.71,29091.0,168.0,168.0
138,67.540,79.070,67.61,79.07,1066.71,28640.0,509.0,509.0
139,67.540,79.070,67.61,79.07,1066.71,28118.0,51.0,51.0
140,67.540,79.070,67.61,79.07,1066.71,27343.0,0.0,0.0
141,67.540,79.070,67.61,79.07,1066.71,27714.0,0.0,0.0
142,67.540,79.070,67.61,79.07,1066.71,28279.0,0.0,0.0
143,67.540,79.070,67.61,79.07,1066.71,27731.0,0.0,0.0
144,67.540,79.070,67.61,79.07,1066.71,26646.0,0.0,0.0
145,67.540,79.070,67.61,79.07,1066.71,28721.0,410.0,410.0
146,67.540,79.070,67.61,79.07,1066.71,26574.0,0.0,0.0
147,67.540,79.070,67.61,79.07,1066.71,28654.0,0.0,0.0
148,67.540,79.070,67.61,79.07,1066.71,28743.0,0.0,0.0
149,67.540,79.070,67.61,79.07,1066.71,28045.0,0.0,0.0
150,67.540,79.070,67.61,79.07,1066.71,27428.0,0.0,0.0
151,67.540,79.070,67.61,79.07,1066.71,26170.0,0.0,0.0
152,67.540,79.070,67.61,79.07,1066.71,26606.0,0.0,0.0
153,67.540,79.070,67.61,79.07,1066.71,26353.0,0.0,0.0
154,67.540,79.070,67.61,79.07,1066.71,27230.0,0.0,0.0
155,67.540,79.070,67.61,79.07,1066.71,28215.0,0.0,0.0
156,67.540,79.070,67.61,79.07,1066.71,25181.0,0.0,0.0
157,67.540,79.070,67.61,79.07,1066.71,27875.0,0.0,0.0
158,67.540,79.070,67.61,79.07,1066.71,27316.0,0.0,0.0
159,67.540,79.070,67.61,79.07,1066.71,27394.0,0.0,0.0
160,67.540,79.070,67.61,79.07,1066.71,28423.0,292.0,292.0
161,67.540,79.070,67.61,79.07,1066.71,28281.0,133.0,133.0
162,67.540,79.070,67.61,79.07,1066.71,27361.0,0.0,0.0
163,67.540,79.070,67.61,79.07,1066.71,28128.0,221.0,221.0
164,67.540,79.070,67.61,79.07,1066.71,26867.0,0.0,0.0
165,67.540,79.070,67.61,79.07,1066.71,29503.0,0.0,0.0
166,67.540,79.070,67.61,79.07,1066.71,27205.0,0.0,0.0
167,67.540,79.070,67.61,79.07,1066.71,27860.0,0.0,0.0
168,67.540,79.070,67.61,79.07,1066.71,33854.0,4341.0,4341.0
169,67.540,79.070,67.61,79.07,1066.71,41841.0,11384.0,11384.0
170,67.540,79.070,67.64,79.11,1066.71,43349.0,12165.0,12165.0
171,67.540,79.070,67.73,79.14,1066.71,43944.0,12641.0,12641.0
172,67.540,79.070,67.61,79.18,1066.71,40198.0,10061.0,10061.0
173,67.540,79.070,67.45,79.18,1066.71,43663.0,13339.0,13339.0
174,67.540,79.070,67.46,79.23,1066.71,42045.0,10342.0,10342.0
175,67.540,79.070,67.48,79.21,1066.71,43442.0,11648.0,11648.0
176,67.540,79.070,67.35,79.08,1066.71,42791.0,12635.0,12635.0
177,67.540,79.070,67.62,79.04,1066.71,43401.0,12089.0,12089.0
178,67.540,79.070,67.68,79.11,1066.71,43448.0,12247.0,12247.0
179,67.540,79.070,67.62,79.4,1066.71,45832.0,14724.0,14724.0
180,67.540,79.070,68.03,79.26,1066.71,44768.0,12105.0,12105.0
181,67.540,79.070,67.53,79.23,1066.71,43843.0,12278.0,12278.0
182,67.540,79.070,67.53,79.4,1066.71,41344.0,10802.0,10802.0
183,67.540,79.070,67.77,79.08,1066.71,42161.0,10924.0,10924.0
184,67.540,79.070,67.53,79.24,1066.71,42456.0,11696.0,11696.0
185,67.540,79.070,67.46,79.18,1066.71,43256.0,12151.0,12151.0
186,67.540,79.070,67.64,79.44,1066.71,40864.0,10767.0,10767.0
187,67.540,79.070,67.4,79.01,1066.71,42385.0,10981.0,10981.0
188,67.540,79.070,67.55,79.12,1066.71,41475.0,11595.0,11595.0
189,67.540,79.070,67.46,79.35,1066.71,45783.0,15695.0,15695.0
190,67.540,79.070,67.49,79.28,1066.71,43176.0,12596.0,12596.0
191,67.540,79.070,67.6,79.08,1066.71,43473.0,11687.0,11687.0
192,67.540,79.070,67.6,79.34,1066.71,41727.0,11016.0,11016.0
193,67.540,79.070,67.76,79.18,1066.71,43023.0,12105.0,12105.0
194,67.540,79.070,67.6,79.22,1066.71,41674.0,11133.0,11133.0
195,67.540,79.070,67.56,79.14,1066.71,44191.0,12441.0,12441.0
196,67.540,79.070,67.65,79.15,1066.71,44340.0,13349.0,13349.0
197,67.540,79.070,67.65,79.07,1066.71,44736.0,14190.0,14190.0
198,67.540,79.070,67.57,79.14,1066.71,42787.0,11946.0,11946.0
199,67.540,79.070,67.37,79.06,1066.71,42075.0,11667.0,11667.0
200,67.540,79.070,67.69,79.15,1066.71,43913.0,13397.0,13397.0
201,67.540,79.070,67.56,79.08,1066.71,44331.0,12930.0,12930.0
202,67.540,79.070,67.65,79.29,1066.71,43788.0,13353.0,13353.0
203,67.540,79.070,67.58,79.35,1066.71,43928.0,12530.0,12530.0
204,67.540,79.070,67.58,79.07,1066.71,41642.0,10285.0,10285.0
205,67.540,79.070,67.71,79.07,1066.71,44243.0,12242.0,12242.0
206,67.540,79.070,67.73,79.17,1066.71,40951.0,10120.0,10120.0
207,67.540,79.070,67.61,79.08,1066.71,44051.0,11962.0,11962.0
208,67.540,79.070,67.8,79.02,1066.71,40725.0,9879.0,9879.0
209,67.540,79.070,67.57,79.38,1066.71,45135.0,13039.0,13039.0
210,67.540,79.070,67.46,79.1,1066.71,44644.0,13786.0,13786.0
211,67.540,79.070,67.48,79.16,1066.71,45523.0,14006.0,14006.0
212,67.540,79.070,67.59,79.07,1066.71,41941.0,10302.0,10302.0
213,67.540,79.070,67.54,79.46,1066.71,44672.0,13889.0,13889.0
214,67.540,79.070,67.62,79.35,1066.71,42508.0,12107.0,12107.0
215,67.540,79.070,67.54,79.19,1066.71,41987.0,10690.0,10690.0
216,67.540,79.070,67.7,79.15,1066.71,44217.0,13110.0,13110.0
217,67.540,79.070,67.53,79.27,1066.71,41998.0,11144.0,11144.0
218,67.540,79.070,67.5,79.06,1066.71,41719.0,11521.0,11521.0
219,67.540,79.070,67.64,79.14,1066.71,40606.0,10581.0,10581.0
220,67.540,79.070,67.72,79.22,1066.71,42355.0,12022.0,12022.0
221,67.540,79.070,67.51,79.17,1066.71,43540.0,13866.0,13866.0
222,67.540,79.070,67.76,78.97,1066.71,42992.0,12440.0,12440.0
223,67.540,79.070,67.72,79.1,1066.71,44039.0,13288.0,13288.0
224,67.540,79.070,67.52,79.34,1066.71,41125.0,11323.0,11323.0
225,67.540,79.070,67.44,78.96,1066.71,40974.0,11175.0,11175.0
226,67.540,79.070,67.58,79.34,1066.71,42598.0,12503.0,12503.0
227,67.540,79.070,67.8,79.21,1066.71,42219.0,11605.0,11605.0
228,67.540,79.070,67.52,79.13,1066.71,41588.0,11975.0,11975.0
229,67.540,79.070,67.53,79.32,1066.71,44831.0,14478.0,14478.0
230,67.540,79.070,67.49,79.11,1066.71,44806.0,15089.0,15089.0
231,67.540,79.070,67.65,79.23,1066.71,40440.0,11071.0,11071.0
232,67.540,79.070,67.5,79.17,1066.71,39994.0,10680.0,10680.0
233,67.540,79.070,67.44,79.2,1066.71,46082.0,15728.0,15728.0
234,67.540,79.070,67.57,79.27,1066.71,42393.0,12069.0,12069.0
235,67.540,79.070,67.52,79.11,1066.71,44097.0,13081.0,13081.0
236,67.540,79.070,67.59,79.34,1066.71,44954.0,14238.0,14238.0
237,67.540,79.070,67.34,79.07,1066.71,40901.0,9569.0,9569.0
238,67.540,79.070,67.67,79.35,1066.71,43853.0,12511.0,12511.0
239,67.540,79.070,67.64,79.24,1066.71,45008.0,12623.0,12623.0
240,67.540,79.070,67.68,79.24,1066.71,41253.0,11577.0,11577.0
241,67.540,79.070,67.73,79.12,1066.71,43699.0,13721.0,13721.0
242,67.540,79.070,67.48,79.04,1066.71,39433.0,9519.0,9519.0
243,67.540,79.070,67.41,79.22,1066.71,43165.0,14065.0,14065.0
244,67.540,79.070,67.46,79.22,1066.71,44517.0,13607.0,13607.0
245,67.540,79.070,67.68,79.02,1066.71,43513.0,12707.0,12707.0
246,67.540,79.070,67.5,79.31,1066.71,36673.0,8277.0,8277.0
247,67.540,79.070,67.56,79.05,1066.71,41614.0,11427.0,11427.0
248,67.540,79.070,67.54,79.19,1066.71,42521.0,10972.0,10972.0
249,67.540,79.070,67.43,79.11,1066.71,45998.0,14861.0,14861.0
250,67.540,79.070,67.63,79.13,1066.71,42611.0,13097.0,13097.0
251,67.540,79.070,67.32,79.19,1066.71,40557.0,11485.0,11485.0
252,67.540,79.070,67.37,78.98,1066.71,45677.0,14251.0,14251.0
253,67.540,79.070,67.74,79.05,1066.71,40801.0,10619.0,10619.0
254,67.540,79.070,67.59,79.06,1066.71,42037.0,10755.0,10755.0
255,67.540,79.070,67.68,79.24,1066.71,43519.0,12393.0,12393.0
256,67.540,79.070,67.51,79.15,1066.71,46357.0,12688.0,12688.0
257,67.540,79.070,67.62,79.22,1066.71,45476.0,13134.0,13134.0
258,67.540,79.070,67.56,79.15,1066.71,44250.0,13674.0,13674.0
259,67.540,79.070,67.55,78.9,1066.71,44409.0,12823.0,12823.0
260,67.540,79.070,67.48,79.06,1066.71,41712.0,10029.0,10029.0
261,67.540,79.070,67.58,79.17,1066.71,43367.0,12376.0,12376.0
262,67.540,79.070,67.55,79.12,1066.71,43829.0,12118.0,12118.0
263,67.540,79.070,67.6,79.18,1066.71,42061.0,10131.0,10131.0
264,67.540,79.070,67.72,79.11,1066.71,42938.0,11266.0,11266.0
265,67.540,79.070,67.62,79.2,1066.71,41610.0,10537.0,10537.0
266,67.540,79.070,67.54,79.23,1066.71,41741.0,10784.0,10784.0
267,67.540,79.070,67.44,78.97,1066.71,42422.0,11324.0,11324.0
268,67.540,79.070,67.65,79.27,1066.71,41301.0,9665.0,9665.0
269,67.540,79.070,67.41,79.22,1066.71,43234.0,12880.0,12880.0
270,67.540,79.070,67.63,78.98,1066.71,42735.0,11232.0,11232.0
271,67.540,79.070,67.48,79.16,1066.71,41149.0,10943.0,10943.0
272,67.540,79.070,67.45,79.24,1066.71,40336.0,8865.0,8865.0
273,67.540,79.070,67.6,79.08,1066.71,43970.0,12211.0,12211.0
274,67.540,79.070,67.63,78.99,1066.71,42907.0,11065.0,11065.0
275,67.540,79.070,67.41,79.11,1066.71,44362.0,11993.0,11993.0
276,67.540,79.070,67.42,79.08,1066.71,44270.0,12371.0,12371.0
277,67.540,79.070,67.47,79.18,1066.71,44378.0,13778.0,13778.0
278,67.540,79.070,67.54,79.25,1066.71,42286.0,12115.0,12115.0
279,67.540,79.070,67.47,78.98,1066.71,42107.0,10664.0,10664.0
280,67.540,79.070,67.5,79.18,1066.71,44056.0,13583.0,13583.0
281,67.540,79.070,67.44,79.09,1066.71,38458.0,7648.0,7648.0
282,67.540,79.070,67.54,79.28,1066.71,42710.0,12679.0,12679.0
283,67.540,79.070,67.59,79.18,1066.71,43411.0,11001.0,11001.0
284,67.540,79.070,67.41,79.17,1066.71,39534.0,9816.0,9816.0
285,67.540,79.070,67.3,79.11,1066.71,44416.0,14014.0,14014.0
286,67.540,79.070,67.57,79.36,1066.71,42577.0,11556.0,11556.0
287,67.540,79.070,67.44,78.96,1066.71,42618.0,11079.0,11079.0
288,67.540,79.070,67.45,79.17,1066.71,44301.0,12948.0,12948.0
289,67.540,79.070,67.67,79.4,1066.71,44989.0,14032.0,14032.0
290,67.540,79.070,67.57,79.12,1066.71,44088.0,11724.0,11724.0
291,67.540,79.070,67.54,79.16,1066.71,41556.0,10131.0,10131.0
292,67.540,79.070,67.73,79.3,1066.71,42819.0,11020.0,11020.0
293,67.540,79.070,67.37,79.23,1066.71,44497.0,14014.0,14014.0
294,67.540,79.070,67.48,78.98,1066.71,42250.0,10659.0,10659.0
295,67.540,79.070,67.51,78.96,1066.71,43975.0,12729.0,12729.0
296,67.540,79.070,67.61,79.06,1066.71,43885.0,12282.0,12282.0
297,67.540,79.070,67.64,79.02,1066.71,42875.0,11666.0,11666.0
298,67.540,79.070,67.52,79.39,1066.71,46687.0,15974.0,15974.0
299,67.540,79.070,67.68,79.06,1066.71,44868.0,13469.0,13469.0
300,67.540,79.070,67.41,79.18,1066.71,46525.0,15453.0,15453.0
301,67.540,79.070,67.6,79.1,1066.71,44245.0,12407.0,12407.0
302,67.540,79.070,67.33,79.15,1066.71,41864.0,12130.0,12130.0
303,67.540,79.070,67.56,79.06,1066.71,41058.0,10003.0,10003.0
304,67.540,79.070,67.77,79.25,1066.71,45973.0,13049.0,13049.0
305,67.540,79.070,67.67,78.63,1066.71,42226.0,10779.0,10779.0
306,67.540,79.070,67.26,79.14,1066.71,43121.0,12172.0,12172.0
307,67.540,79.070,67.51,78.89,1066.71,43183.0,12275.0,12275.0
308,67.540,79.070,67.52,79.1,1066.71,46368.0,16148.0,16148.0
309,67.540,79.070,67.43,79.16,1066.71,44373.0,12385.0,12385.0
310,67.540,79.070,67.64,79.08,1066.71,44566.0,12509.0,12509.0
311,67.540,79.070,67.48,79.3,1066.71,42946.0,11640.0,11640.0
312,67.540,79.070,67.63,79.04,1066.71,44544.0,12097.0,12097.0
313,67.540,79.070,67.32,79.11,1066.71,41872.0,10553.0,10553.0
314,67.540,79.070,67.52,78.9,1066.71,43345.0,10664.0,10664.0
315,67.540,79.070,67.71,78.97,1066.71,45634.0,13272.0,13272.0
316,67.540,79.070,67.5,79.02,1066.71,44805.0,12983.0,12983.0
317,67.540,79.070,67.48,79.11,1066.71,44610.0,13070.0,13070.0
318,67.540,79.070,67.5,79.22,1066.71,43716.0,11833.0,11833.0
319,67.540,79.070,67.61,79.02,1066.71,43528.0,11802.0,11802.0
320,67.540,79.070,67.47,79.16,1066.71,43442.0,12233.0,12233.0
321,67.540,79.070,67.65,78.99,1066.71,43206.0,11923.0,11923.0
322,67.540,79.070,67.82,79.15,1066.71,46788.0,13468.0,13468.0
323,67.540,79.070,67.38,79.03,1066.71,42611.0,11357.0,11357.0
324,67.540,79.070,67.71,79.1,1066.71,42965.0,12660.0,12660.0
325,67.540,79.070,67.67,79.18,1066.71,41902.0,11213.0,11213.0
326,67.540,79.070,67.58,79.01,1066.71,42194.0,11649.0,11649.0
327,67.540,79.070,67.62,79.01,1066.71,44387.0,13172.0,13172.0
328,67.540,79.070,67.44,79.36,1066.71,46639.0,14843.0,14843.0
329,67.540,79.070,67.43,79.15,1066.71,45666.0,15036.0,15036.0
330,67.540,79.070,67.56,78.95,1066.71,45221.0,13774.0,13774.0
331,67.540,79.070,67.49,79.31,1066.71,44093.0,13119.0,13119.0
332,67.540,79.070,67.49,79.12,1066.71,44703.0,13717.0,13717.0
333,67.540,79.070,67.53,78.99,1066.71,46740.0,14433.0,14433.0
334,67.540,79.070,67.55,79.04,1066.71,48011.0,15660.0,15660.0
335,67.540,79.070,67.53,78.96,1066.71,45647.0,14097.0,14097.0
336,67.540,79.070,67.54,79.31,1066.71,47394.0,15520.0,15520.0
337,67.540,79.070,67.45,79.04,1066.71,46182.0,14102.0,14102.0
338,67.540,79.070,67.64,78.98,1066.71,47203.0,14957.0,14957.0
339,67.540,79.070,67.65,79.18,1066.71,42857.0,10621.0,10621.0
340,67.540,79.070,67.59,79.18,1066.71,48080.0,16114.0,16114.0
341,67.540,79.070,67.51,79.14,1066.71,44718.0,12937.0,12937.0
342,67.540,79.070,67.58,79.11,1066.71,43226.0,11742.0,11742.0
343,67.540,79.070,67.48,79.04,1066.71,46610.0,13994.0,13994.0
344,67.540,79.070,67.45,79.36,1066.71,43443.0,11415.0,11415.0
345,67.540,79.070,67.51,79.1,1066.71,47744.0,15468.0,15468.0
346,67.540,79.070,67.26,79.16,1066.71,43178.0,12221.0,12221.0
347,67.540,79.070,67.15,79.03,1066.71,44761.0,12396.0,12396.0
348,67.540,79.070,67.52,79.19,1066.71,46709.0,14819.0,14819.0
349,67.540,79.070,67.45,79.11,1066.71,46434.0,14947.0,14947.0
350,67.540,79.070,67.56,78.95,1066.71,44330.0,12298.0,12298.0
351,67.540,79.070,67.48,79.13,1066.71,44091.0,12952.0,12952.0
352,67.540,79.070,67.58,78.81,1066.71,44474.0,12108.0,12108.0
353,67.540,79.070,67.3,78.99,1066.71,44410.0,12903.0,12903.0
354,67.540,79.070,67.47,79.03,1066.71,48691.0,17506.0,17506.0
355,67.540,79.070,67.46,79.02,1066.71,45039.0,12998.0,12998.0
356,67.540,79.070,67.49,79.07,1066.71,48711.0,15859.0,15859.0
357,67.540,79.070,67.41,79.14,1066.71,45714.0,14291.0,14291.0
358,67.540,79.070,67.47,79.38,1066.71,44465.0,13391.0,13391.0
359,67.540,79.070,67.65,79.18,1066.71,39768.0,9071.0,9071.0
360,67.540,79.070,67.48,79.05,1066.71,44835.0,13398.0,13398.0
361,67.540,79.070,67.59,79.14,1066.71,43068.0,11323.0,11323.0
362,67.540,79.070,67.58,79.18,1066.71,43935.0,11628.0,11628.0
363,67.540,79.070,67.35,79,1066.71,44957.0,13433.0,13433.0
364,67.540,79.070,67.39,79.09,1066.71,46150.0,12769.0,12769.0
365,67.540,79.070,67.54,79.03,1066.71,47938.0,16371.0,16371.0
366,67.540,79.070,67.35,79.15,1066.71,43933.0,12245.0,12245.0
367,67.540,79.070,67.29,78.99,1066.71,42981.0,12283.0,12283.0
368,67.540,79.070,67.57,79.26,1066.71,45348.0,13316.0,13316.0
369,67.540,79.070,67.73,78.88,1066.71,43875.0,11992.0,11992.0
370,67.540,79.070,67.53,78.85,1066.71,43834.0,11941.0,11941.0
371,67.540,79.070,67.5,79.03,1066.71,43848.0,12076.0,12076.0
372,67.540,79.070,67.57,78.89,1066.71,45900.0,13179.0,13179.0
373,67.540,79.070,67.54,79.03,1066.71,42669.0,10842.0,10842.0
374,67.540,79.070,67.47,79.09,1066.71,45468.0,13625.0,13625.0
375,67.540,79.070,67.42,78.9,1066.71,47028.0,13862.0,13862.0
376,67.540,79.070,67.63,79.07,1066.71,43137.0,11864.0,11864.0
377,67.540,79.070,67.56,79.23,1066.71,46907.0,14104.0,14104.0
378,67.540,79.070,67.58,78.85,1066.71,43627.0,11788.0,11788.0
379,67.540,79.070,67.47,79.08,1066.71,45274.0,12752.0,12752.0
380,67.540,79.070,67.42,78.8,1066.71,44789.0,13019.0,13019.0
381,67.540,79.070,67.5,79.24,1066.71,44391.0,13169.0,13169.0
382,67.540,79.070,67.35,79.05,1066.71,44768.0,13859.0,13859.0
383,67.540,79.070,67.6,79,1066.71,43706.0,12769.0,12769.0
384,67.540,79.070,67.55,79.15,1066.71,42925.0,10986.0,10986.0
385,67.540,79.070,67.54,79.04,1066.71,44560.0,12709.0,12709.0
386,67.540,79.070,67.45,78.97,1066.71,42763.0,12688.0,12688.0
387,67.540,79.070,67.74,79.01,1066.71,48568.0,15185.0,15185.0
388,67.540,79.070,67.65,79.06,1066.71,46753.0,15554.0,15554.0
389,67.540,79.070,67.49,79.05,1066.71,44612.0,13322.0,13322.0
390,67.540,79.070,67.37,79.04,1066.71,43074.0,12211.0,12211.0
391,67.540,79.070,67.45,79.02,1066.71,44221.0,13540.0,13540.0
392,67.540,79.070,67.6,79.09,1066.71,42295.0,10572.0,10572.0
393,67.540,79.070,67.41,79.04,1066.71,44541.0,13366.0,13366.0
394,67.540,79.070,67.37,79.06,1066.71,42154.0,11677.0,11677.0
395,67.540,79.070,67.6,79.01,1066.71,42623.0,11872.0,11872.0
396,67.540,79.070,67.53,79.16,1066.71,44181.0,13029.0,13029.0
397,67.540,79.070,67.49,78.83,1066.71,45111.0,12642.0,12642.0
398,67.540,79.070,67.62,78.97,1066.71,45659.0,12598.0,12598.0
399,67.540,79.070,67.65,78.93,1066.71,45077.0,12819.0,12819.0
400,67.540,79.070,67.73,79.04,1066.71,44611.0,13276.0,13276.0
401,67.540,79.070,67.32,78.67,1066.71,42526.0,10227.0,10227.0
402,67.540,79.070,67.48,79.09,1066.71,43134.0,11455.0,11455.0
403,67.540,79.070,67.39,79.01,1066.71,43950.0,11431.0,11431.0
404,67.540,79.070,67.56,79.16,1066.71,44367.0,12481.0,12481.0
405,67.540,79.070,67.56,79.09,1066.71,44206.0,11561.0,11561.0
406,67.540,79.070,67.56,78.95,1066.71,41030.0,10051.0,10051.0
407,67.540,79.070,67.45,79.13,1066.71,44874.0,13680.0,13680.0
408,67.540,79.070,67.59,79.1,1066.71,45094.0,12150.0,12150.0
409,67.540,79.070,67.71,79.04,1066.71,44010.0,13093.0,13093.0
410,67.540,79.070,67.34,79.04,1066.71,43369.0,11728.0,11728.0
411,67.540,79.070,67.67,78.98,1066.71,42960.0,12321.0,12321.0
412,67.540,79.070,67.44,79.24,1066.71,42934.0,12005.0,12005.0
413,67.540,79.070,67.46,79.08,1066.71,44861.0,12923.0,12923.0
414,67.540,79.070,67.73,79.08,1066.71,44633.0,13015.0,13015.0
415,67.540,79.070,67.58,79,1066.71,45065.0,12846.0,12846.0
416,67.540,79.070,67.43,78.96,1066.71,44219.0,12049.0,12049.0
417,67.540,79.070,67.46,78.99,1066.71,43898.0,12252.0,12252.0
418,67.540,79.070,67.6,79,1066.71,44918.0,13386.0,13386.0
419,67.540,79.070,67.69,78.89,1066.71,44608.0,13881.0,13881.0
420,67.540,79.070,67.32,78.94,1066.71,42311.0,11332.0,11332.0
421,67.540,79.070,67.48,79.03,1066.71,39521.0,10991.0,10991.0
422,67.540,79.070,67.67,79.02,1066.71,44705.0,14700.0,14700.0
423,67.540,79.070,67.65,78.97,1066.71,43240.0,14884.0,14884.0
424,67.540,79.070,67.62,79.07,1066.71,41836.0,13605.0,13605.0
425,67.540,79.070,67.52,79.01,1066.71,42119.0,12762.0,12762.0
426,67.540,79.070,67.59,79.03,1066.71,43555.0,14498.0,14498.0
427,67.540,79.070,67.45,79.15,1066.71,40658.0,13117.0,13117.0
428,67.540,79.070,67.6,78.85,1066.71,45424.0,16340.0,16340.0
429,67.540,79.070,67.51,79,1066.71,40255.0,11930.0,11930.0
430,67.540,79.070,67.31,79.14,1066.71,40935.0,12825.0,12825.0
431,67.540,79.070,67.67,79.04,1066.71,43624.0,15245.0,15245.0
432,67.540,79.070,67.52,78.85,1066.71,42190.0,13376.0,13376.0
433,67.540,79.070,67.54,79.07,1066.71,40022.0,11569.0,11569.0
434,67.540,79.070,67.54,79.07,1066.71,24765.0,0.0,0.0
435,67.540,79.070,67.54,79.07,1066.71,24837.0,0.0,0.0
436,67.540,79.070,67.54,79.07,1066.71,26031.0,0.0,0.0
437,67.540,79.070,67.54,79.07,1066.71,26938.0,436.0,436.0
438,67.540,79.070,67.54,79.07,1066.71,25453.0,502.0,502.0
439,67.540,79.070,67.54,79.07,1066.71,23828.0,0.0,0.0
440,67.540,79.070,67.54,79.07,1066.71,24105.0,0.0,0.0
441,67.540,79.070,67.54,79.07,1066.71,26077.0,0.0,0.0
442,67.540,79.070,67.54,79.07,1066.71,26654.0,2067.0,2067.0
443,67.540,79.070,67.54,79.07,1066.71,25689.0,808.0,808.0
444,67.540,79.070,67.54,79.07,1066.71,24993.0,0.0,0.0
445,67.540,79.070,67.54,79.07,1066.71,25867.0,0.0,0.0
446,67.540,79.070,67.54,79.07,1066.71,25276.0,0.0,0.0
447,67.540,79.070,67.54,79.07,1066.71,24935.0,0.0,0.0
448,67.540,79.070,67.54,79.07,1066.71,26208.0,0.0,0.0
449,67.540,79.070,67.54,79.07,1066.71,24277.0,0.0,0.0
450,67.540,79.070,67.54,79.07,1066.71,27226.0,1158.0,1158.0
451,67.540,79.070,67.54,79.07,1066.71,24558.0,0.0,0.0
452,67.540,79.070,67.54,79.07,1066.71,25626.0,700.0,700.0
453,67.540,79.070,67.54,79.07,1066.71,25752.0,704.0,704.0
454,67.540,79.070,67.54,79.07,1066.71,26608.0,357.0,357.0
455,67.540,79.070,67.54,79.07,1066.71,23544.0,0.0,0.0
456,67.540,79.070,67.54,79.07,1066.71,24616.0,0.0,0.0
457,67.540,79.070,67.54,79.07,1066.71,25957.0,0.0,0.0
458,67.540,79.070,67.54,79.07,1066.71,26190.0,84.0,84.0
459,67.540,79.070,67.54,79.07,1066.71,26383.0,1629.0,1629.0
460,67.540,79.070,67.54,79.07,1066.71,26727.0,1161.0,1161.0
461,67.540,79.070,67.54,79.07,1066.71,23344.0,0.0,0.0
462,67.540,79.070,67.54,79.07,1066.71,25461.0,864.0,864.0
463,67.540,79.070,67.54,79.07,1066.71,24074.0,0.0,0.0
464,67.540,79.070,67.54,79.07,1066.71,25002.0,560.0,560.0
465,67.540,79.070,67.54,79.07,1066.71,25972.0,57.0,57.0
466,67.540,79.070,67.54,79.07,1066.71,24484.0,0.0,0.0
467,67.540,79.070,67.54,79.07,1066.71,27344.0,890.0,890.0
468,67.540,79.070,67.54,79.07,1066.71,26241.0,104.0,104.0
469,67.540,79.070,67.54,79.07,1066.71,26836.0,670.0,670.0
470,67.540,79.070,67.54,79.07,1066.71,25021.0,0.0,0.0
471,67.540,79.070,67.54,79.07,1066.71,29798.0,3700.0,3700.0
472,67.540,79.070,67.54,79.07,1066.71,27005.0,0.0,0.0
473,67.540,79.070,67.54,79.07,1066.71,28000.0,1778.0,1778.0
474,67.540,79.070,67.54,79.07,1066.71,25857.0,0.0,0.0
475,67.540,79.070,67.54,79.07,1066.71,25773.0,0.0,0.0
476,67.540,79.070,67.54,79.07,1066.71,27800.0,1162.0,1162.0
477,67.540,79.070,67.54,79.07,1066.71,26074.0,210.0,210.0
478,67.540,79.070,67.54,79.07,1066.71,25479.0,0.0,0.0
479,67.540,79.070,67.54,79.07,1066.71,25789.0,0.0,0.0
480,67.540,79.070,67.54,79.07,1066.71,25680.0,256.0,256.0
481,67.540,79.070,67.54,79.07,1066.71,25556.0,0.0,0.0
482,67.540,79.070,67.54,79.07,1066.71,24399.0,0.0,0.0
483,67.540,79.070,67.54,79.07,1066.71,25236.0,0.0,0.0
484,67.540,79.070,67.54,79.07,1066.71,24309.0,0.0,0.0
485,67.540,79.070,67.54,79.07,1066.71,25670.0,428.0,428.0
486,67.540,79.070,67.54,79.07,1066.71,24372.0,0.0,0.0
487,67.540,79.070,67.54,79.07,1066.71,25724.0,872.0,872.0
488,67.540,79.070,67.54,79.07,1066.71,24785.0,809.0,809.0
489,67.540,79.070,67.54,79.07,1066.71,23687.0,0.0,0.0
490,67.540,79.070,67.54,79.07,1066.71,25314.0,0.0,0.0
491,67.540,79.070,67.54,79.07,1066.71,25106.0,0.0,0.0
492,67.540,79.070,67.54,79.07,1066.71,26155.0,1488.0,1488.0
493,67.540,79.070,67.54,79.07,1066.71,25686.0,594.0,594.0
494,67.540,79.070,67.54,79.07,1066.71,26425.0,919.0,919.0
495,67.540,79.070,67.54,79.07,1066.71,26798.0,1545.0,1545.0
496,67.540,79.070,67.54,79.07,1066.71,25690.0,1596.0,1596.0
497,67.540,79.070,67.54,79.07,1066.71,26570.0,477.0,477.0
498,67.540,79.070,67.54,79.07,1066.71,26932.0,1412.0,1412.0
499,67.540,79.070,67.54,79.07,1066.71,25579.0,0.0,0.0
500,67.540,79.070,67.54,79.07,1066.71,26455.0,1173.0,1173.0
501,67.540,79.070,67.54,79.07,1066.71,23455.0,0.0,0.0
502,67.540,79.070,67.54,79.07,1066.71,26609.0,1063.0,1063.0
503,67.540,79.070,67.54,79.07,1066.71,22747.0,0.0,0.0
504,67.540,79.070,67.54,79.07,1066.71,24519.0,0.0,0.0
505,67.540,79.070,67.54,79.07,1066.71,23895.0,0.0,0.0
506,67.540,79.070,67.54,79.07,1066.71,26238.0,556.0,556.0
507,67.540,79.070,67.54,79.07,1066.71,25244.0,0.0,0.0
508,67.540,79.070,67.54,79.07,1066.71,24437.0,178.0,178.0
509,67.540,79.070,67.54,79.07,1066.71,25084.0,0.0,0.0
510,67.540,79.070,67.54,79.07,1066.71,27380.0,1377.0,1377.0
511,67.540,79.070,67.54,79.07,1066.71,25729.0,389.0,389.0
512,67.540,79.070,67.54,79.07,1066.71,25644.0,0.0,0.0
513,67.540,79.070,67.54,79.07,1066.71,25257.0,0.0,0.0
514,67.540,79.070,67.54,79.07,1066.71,25778.0,0.0,0.0
515,67.540,79.070,67.54,79.07,1066.71,26316.0,23.0,23.0
516,67.540,79.070,67.54,79.07,1066.71,24352.0,0.0,0.0
517,67.540,79.070,67.54,79.07,1066.71,25603.0,0.0,0.0
518,67.540,79.070,67.54,79.07,1066.71,25018.0,0.0,0.0
519,67.540,79.070,67.54,79.07,1066.71,25986.0,766.0,766.0
520,67.540,79.070,67.54,79.07,1066.71,25525.0,560.0,560.0
521,67.540,79.070,67.54,79.07,1066.71,24738.0,94.0,94.0
522,67.540,79.070,67.54,79.07,1066.71,23744.0,0.0,0.0
523,67.540,79.070,67.54,79.07,1066.71,24697.0,0.0,0.0
524,67.540,79.070,67.54,79.07,1066.71,24829.0,0.0,0.0
525,67.540,79.070,67.54,79.07,1066.71,25915.0,1624.0,1624.0
526,67.540,79.070,67.54,79.07,1066.71,26033.0,407.0,407.0
527,67.540,79.070,67.54,79.07,1066.71,24983.0,0.0,0.0
528,67.540,79.070,67.54,79.07,1066.71,25477.0,0.0,0.0
529,67.540,79.070,67.54,79.07,1066.71,25794.0,895.0,895.0
530,67.540,79.070,67.54,79.07,1066.71,25132.0,0.0,0.0
531,67.540,79.070,67.54,79.07,1066.71,26228.0,1262.0,1262.0
532,67.540,79.070,67.54,79.07,1066.71,26638.0,1064.0,1064.0
533,67.540,79.070,67.54,79.07,1066.71,25675.0,184.0,184.0
534,67.540,79.070,67.54,79.07,1066.71,26514.0,1640.0,1640.0
535,67.540,79.070,67.54,79.07,1066.71,25139.0,0.0,0.0
536,67.540,79.070,67.54,79.07,1066.71,23862.0,0.0,0.0
537,67.540,79.070,67.54,79.07,1066.71,25367.0,0.0,0.0
538,67.540,79.070,67.54,79.07,1066.71,22551.0,0.0,0.0
539,67.540,79.070,67.54,79.07,1066.71,25596.0,0.0,0.0
540,67.540,79.070,67.54,79.07,1066.71,24888.0,0.0,0.0
541,67.540,79.070,67.54,79.07,1066.71,23591.0,0.0,0.0
542,67.540,79.070,67.54,79.07,1066.71,26836.0,708.0,708.0
543,67.540,79.070,67.54,79.07,1066.71,23375.0,0.0,0.0
544,67.540,79.070,67.54,79.07,1066.71,25557.0,516.0,516.0
545,67.540,79.070,67.54,79.07,1066.71,26753.0,1372.0,1372.0
546,67.540,79.070,67.54,79.07,1066.71,24893.0,494.0,494.0
547,67.540,79.070,67.54,79.07,1066.71,23226.0,0.0,0.0
548,67.540,79.070,67.54,79.07,1066.71,26207.0,1219.0,1219.0
549,67.540,79.070,67.54,79.07,1066.71,25936.0,939.0,939.0
550,67.540,79.070,67.54,79.07,1066.71,24870.0,0.0,0.0
551,67.540,79.070,67.54,79.07,1066.71,26061.0,964.0,964.0
552,67.540,79.070,67.54,79.07,1066.71,23671.0,0.0,0.0
553,67.540,79.070,67.54,79.07,1066.71,24075.0,0.0,0.0
554,67.540,79.070,67.54,79.07,1066.71,26676.0,1296.0,1296.0
555,67.540,79.070,67.54,79.07,1066.71,26342.0,1481.0,1481.0
556,67.540,79.070,67.54,79.07,1066.71,24843.0,0.0,0.0
557,67.540,79.070,67.54,79.07,1066.71,24390.0,0.0,0.0
558,67.540,79.070,67.54,79.07,1066.71,26405.0,1104.0,1104.0
559,67.540,79.070,67.54,79.07,1066.71,26247.0,703.0,703.0
560,67.540,79.070,67.54,79.07,1066.71,25687.0,1077.0,1077.0
561,67.540,79.070,67.54,79.07,1066.71,23663.0,0.0,0.0
562,67.540,79.070,67.54,79.07,1066.71,23043.0,151.0,151.0
563,67.540,79.070,67.54,79.07,1066.71,24503.0,0.0,0.0
564,67.540,79.070,67.54,79.07,1066.71,24928.0,0.0,0.0
565,67.540,79.070,67.54,79.07,1066.71,26714.0,1197.0,1197.0
566,67.540,79.070,67.54,79.07,1066.71,27421.0,1155.0,1155.0
567,67.540,79.070,67.54,79.07,1066.71,24384.0,0.0,0.0
568,67.540,79.070,67.54,79.07,1066.71,25936.0,301.0,301.0
569,67.540,79.070,67.54,79.07,1066.71,23934.0,0.0,0.0
570,67.540,79.070,67.54,79.07,1066.71,27682.0,2202.0,2202.0
571,67.540,79.070,67.54,79.07,1066.71,25858.0,219.0,219.0
572,67.540,79.070,67.54,79.07,1066.71,25404.0,949.0,949.0
573,67.540,79.070,67.54,79.07,1066.71,24339.0,0.0,0.0
574,67.540,79.070,67.54,79.07,1066.71,23731.0,0.0,0.0
575,67.540,79.070,67.54,79.07,1066.71,24306.0,0.0,0.0
576,67.540,79.070,67.54,79.07,1066.71,23810.0,0.0,0.0
577,67.540,79.070,67.54,79.07,1066.71,23755.0,0.0,0.0
578,67.540,79.070,67.54,79.07,1066.71,25902.0,172.0,172.0
579,67.540,79.070,67.54,79.07,1066.71,24989.0,0.0,0.0
580,67.540,79.070,67.54,79.07,1066.71,25376.0,0.0,0.0
581,67.540,79.070,67.54,79.07,1066.71,24173.0,0.0,0.0
582,67.540,79.070,67.54,79.07,1066.71,25784.0,1516.0,1516.0
583,67.540,79.070,67.54,79.07,1066.71,24596.0,0.0,0.0
584,67.540,79.070,67.54,79.07,1066.71,24161.0,0.0,0.0
585,67.540,79.070,67.54,79.07,1066.71,24693.0,0.0,0.0
586,67.540,79.070,67.54,79.07,1066.71,24275.0,0.0,0.0
587,67.540,79.070,67.54,79.07,1066.71,25356.0,0.0,0.0
588,67.540,79.070,67.54,79.07,1066.71,23560.0,0.0,0.0
589,67.540,79.070,67.54,79.07,1066.71,24787.0,0.0,0.0
590,67.540,79.070,67.54,79.07,1066.71,23562.0,0.0,0.0
591,67.540,79.070,67.54,79.07,1066.71,24960.0,0.0,0.0
592,67.540,79.070,67.54,79.07,1066.71,23922.0,0.0,0.0
593,67.540,79.070,67.54,79.07,1066.71,24337.0,0.0,0.0
594,67.540,79.070,67.54,79.07,1066.71,24384.0,78.0,78.0
595,67.540,79.070,67.54,79.07,1066.71,24182.0,0.0,0.0
596,67.540,79.070,67.54,79.07,1066.71,22954.0,0.0,0.0
597,67.540,79.070,67.54,79.07,1066.71,25457.0,673.0,673.0
598,67.540,79.070,67.54,79.07,1066.71,24993.0,678.0,678.0
599,67.540,79.070,67.54,79.07,1066.71,26474.0,630.0,630.0
600,67.540,79.070,67.54,79.07,1066.71,24782.0,0.0,0.0
601,67.540,79.070,67.54,79.07,1066.71,25075.0,614.0,614.0
602,67.540,79.070,67.54,79.07,1066.71,24321.0,0.0,0.0
603,67.540,79.070,67.54,79.07,1066.71,25112.0,0.0,0.0
604,67.540,79.070,67.54,79.07,1066.71,24041.0,0.0,0.0
605,67.540,79.070,67.54,79.07,1066.71,24351.0,0.0,0.0
606,67.540,79.070,67.54,79.07,1066.71,24804.0,0.0,0.0
607,67.540,79.070,67.54,79.07,1066.71,26305.0,1113.0,1113.0
608,67.540,79.070,67.54,79.07,1066.71,24119.0,0.0,0.0
609,67.540,79.070,67.54,79.07,1066.71,25602.0,0.0,0.0
610,67.540,79.070,67.54,79.07,1066.71,24465.0,0.0,0.0
611,67.540,79.070,67.54,79.07,1066.71,25455.0,0.0,0.0
612,67.540,79.070,67.54,79.07,1066.71,24928.0,0.0,0.0
613,67.540,79.070,67.54,79.07,1066.71,26281.0,0.0,0.0
614,67.540,79.070,67.54,79.07,1066.71,24231.0,0.0,0.0
615,67.540,79.070,67.54,79.07,1066.71,25782.0,266.0,266.0
616,67.540,79.070,67.54,79.07,1066.71,23779.0,0.0,0.0
617,67.540,79.070,67.54,79.07,1066.71,24562.0,0.0,0.0
618,67.540,79.070,67.54,79.07,1066.71,24939.0,524.0,524.0
619,67.540,79.070,67.54,79.07,1066.71,25455.0,0.0,0.0
620,67.540,79.070,67.54,79.07,1066.71,24598.0,106.0,106.0
621,67.540,79.070,67.54,79.07,1066.71,24269.0,0.0,0.0
622,67.540,79.070,67.54,79.07,1066.71,26821.0,537.0,537.0
623,67.540,79.070,67.54,79.07,1066.71,24464.0,0.0,0.0
624,67.540,79.070,67.54,79.07,1066.71,25247.0,71.0,71.0
625,67.540,79.070,67.54,79.07,1066.71,25944.0,975.0,975.0
626,67.540,79.070,67.54,79.07,1066.71,24507.0,132.0,132.0
627,67.540,79.070,67.54,79.07,1066.71,25534.0,65.0,65.0
628,67.540,79.070,67.54,79.07,1066.71,24653.0,0.0,0.0
629,67.540,79.070,67.54,79.07,1066.71,25755.0,1144.0,1144.0
630,67.540,79.070,67.54,79.07,1066.71,24591.0,0.0,0.0
631,67.540,79.070,67.54,79.07,1066.71,25325.0,1035.0,1035.0
632,67.540,79.070,67.54,79.07,1066.71,25855.0,0.0,0.0
633,67.540,79.070,67.54,79.07,1066.71,24677.0,111.0,111.0
