id,avg_x,avg_y,x,y,bg,Square_intensity,circular_intensity,Gaussian_intensity
208,15.150,112.490,15.51,112.39,1013.38,29585.0,2153.0,2153.0
209,15.150,112.490,15.51,112.39,1013.38,31700.0,4157.0,4157.0
210,15.150,112.490,15.51,112.39,1013.38,30333.0,2910.0,2910.0
211,15.150,112.490,15.51,112.39,1013.38,29426.0,2284.0,2284.0
212,15.150,112.490,15.51,112.39,1013.38,29190.0,2704.0,2704.0
213,15.150,112.490,15.51,112.39,1013.38,28470.0,1099.0,1099.0
214,15.150,112.490,15.51,112.39,1013.38,27059.0,788.0,788.0
215,15.150,112.490,15.51,112.39,1013.38,32985.0,4865.0,4865.0
216,15.150,112.490,15.51,112.39,1013.38,30602.0,3035.0,3035.0
217,15.150,112.490,15.51,112.39,1013.38,31739.0,4328.0,4328.0
218,15.150,112.490,15.51,112.39,1013.38,31364.0,4026.0,4026.0
219,15.150,112.490,15.51,112.39,1013.38,32176.0,4508.0,4508.0
220,15.150,112.490,15.51,112.39,1013.38,30440.0,3468.0,3468.0
221,15.150,112.490,15.51,112.39,1013.38,28858.0,2923.0,2923.0
222,15.150,112.490,15.51,112.39,1013.38,33748.0,6706.0,6706.0
223,15.150,112.490,15.51,112.39,1013.38,31740.0,4574.0,4574.0
224,15.150,112.490,15.51,112.39,1013.38,32000.0,5152.0,5152.0
225,15.150,112.490,15.51,112.39,1013.38,30577.0,3650.0,3650.0
226,15.150,112.490,15.51,112.39,1013.38,31038.0,4239.0,4239.0
227,15.150,112.490,15.51,112.39,1013.38,35777.0,7810.0,7810.0
228,15.150,112.490,15.51,112.39,1013.38,30852.0,4390.0,4390.0
229,15.150,112.490,15.51,112.39,1013.38,32452.0,5208.0,5208.0
230,15.150,112.490,15.51,112.39,1013.38,34674.0,7110.0,7110.0
231,15.150,112.490,15.51,112.39,1013.38,32778.0,4791.0,4791.0
232,15.150,112.490,15.51,112.39,1013.38,32818.0,5864.0,5864.0
233,15.150,112.490,15.51,112.39,1013.38,31285.0,4080.0,4080.0
234,15.150,112.490,15.51,112.39,1013.38,34831.0,7306.0,7306.0
235,15.150,112.490,15.51,112.39,1013.38,32177.0,5241.0,5241.0
236,15.150,112.490,15.51,112.39,1013.38,33258.0,5645.0,5645.0
237,15.150,112.490,15.51,112.39,1013.38,32145.0,5244.0,5244.0
238,15.150,112.490,15.51,112.39,1013.38,32465.0,5353.0,5353.0
239,15.150,112.490,15.51,112.39,1013.38,30571.0,3640.0,3640.0
240,15.150,112.490,15.51,112.39,1013.38,30398.0,4282.0,4282.0
241,15.150,112.490,15.51,112.39,1013.38,33652.0,6265.0,6265.0
242,15.150,112.490,15.51,112.39,1013.38,31415.0,4197.0,4197.0
243,15.150,112.490,15.51,112.39,1013.38,33488.0,6275.0,6275.0
244,15.150,112.490,15.51,112.39,1013.38,34080.0,6597.0,6597.0
245,15.150,112.490,15.51,112.39,1013.38,29752.0,2744.0,2744.0
246,15.150,112.490,15.51,112.39,1013.38,34605.0,5977.0,5977.0
247,15.150,112.490,15.51,112.39,1013.38,33106.0,5460.0,5460.0
248,15.150,112.490,15.51,112.39,1013.38,32987.0,6403.0,6403.0
249,15.150,112.490,15.51,112.39,1013.38,30810.0,4084.0,4084.0
250,15.150,112.490,15.51,112.39,1013.38,34677.0,7112.0,7112.0
251,15.150,112.490,15.51,112.39,1013.38,33347.0,6166.0,6166.0
252,15.150,112.490,15.51,112.39,1013.38,35065.0,8106.0,8106.0
253,15.150,112.490,15.51,112.39,1013.38,32070.0,4604.0,4604.0
254,15.150,112.490,15.51,112.39,1013.38,31881.0,5503.0,5503.0
255,15.150,112.490,15.51,112.39,1013.38,32958.0,5624.0,5624.0
256,15.150,112.490,15.51,112.39,1013.38,33533.0,5895.0,5895.0
257,15.150,112.490,15.51,112.39,1013.38,34070.0,6452.0,6452.0
258,15.150,112.490,15.51,112.39,1013.38,35026.0,7884.0,7884.0
259,15.150,112.490,15.51,112.39,1013.38,31056.0,5208.0,5208.0
260,15.150,112.490,15.51,112.39,1013.38,31326.0,3768.0,3768.0
261,15.150,112.490,15.51,112.39,1013.38,31545.0,4337.0,4337.0
262,15.150,112.490,15.51,112.39,1013.38,34302.0,6561.0,6561.0
263,15.150,112.490,15.51,112.39,1013.38,32757.0,6138.0,6138.0
264,15.150,112.490,15.51,112.39,1013.38,33723.0,6101.0,6101.0
265,15.150,112.490,15.51,112.39,1013.38,32711.0,5600.0,5600.0
266,15.150,112.490,15.51,112.39,1013.38,32437.0,5650.0,5650.0
267,15.150,112.490,15.51,112.39,1013.38,31051.0,4188.0,4188.0
268,15.150,112.490,15.51,112.39,1013.38,32576.0,5085.0,5085.0
269,15.150,112.490,15.51,112.39,1013.38,32411.0,4744.0,4744.0
270,15.150,112.490,15.51,112.39,1013.38,34127.0,6412.0,6412.0
271,15.150,112.490,15.51,112.39,1013.38,30690.0,4209.0,4209.0
272,15.150,112.490,15.51,112.39,1013.38,32555.0,5238.0,5238.0
273,15.150,112.490,15.51,112.39,1013.38,31849.0,5048.0,5048.0
274,15.150,112.490,15.51,112.39,1013.38,33097.0,6798.0,6798.0
275,15.150,112.490,15.51,112.39,1013.38,32206.0,4483.0,4483.0
276,15.150,112.490,15.51,112.39,1013.38,33738.0,7018.0,7018.0
277,15.150,112.490,15.51,112.39,1013.38,32655.0,5233.0,5233.0
278,15.150,112.490,15.51,112.39,1013.38,34166.0,6849.0,6849.0
279,15.150,112.490,15.51,112.39,1013.38,33386.0,5782.0,5782.0
280,15.150,112.490,15.51,112.39,1013.38,32725.0,5807.0,5807.0
281,15.150,112.490,15.51,112.39,1013.38,32499.0,4906.0,4906.0
282,15.150,112.490,15.51,112.39,1013.38,32890.0,5201.0,5201.0
283,15.150,112.490,15.51,112.39,1013.38,33843.0,6754.0,6754.0
284,15.150,112.490,15.51,112.39,1013.38,32054.0,4289.0,4289.0
285,15.150,112.490,15.51,112.39,1013.38,30324.0,3522.0,3522.0
286,15.150,112.490,15.51,112.39,1013.38,30951.0,3366.0,3366.0
287,15.150,112.490,15.51,112.39,1013.38,32585.0,5669.0,5669.0
288,15.150,112.490,15.51,112.39,1013.38,31496.0,4660.0,4660.0
289,15.150,112.490,15.51,112.39,1013.38,31985.0,4951.0,4951.0
290,15.150,112.490,15.51,112.39,1013.38,32404.0,5697.0,5697.0
291,15.150,112.490,15.51,112.39,1013.38,33146.0,6570.0,6570.0
292,15.150,112.490,15.51,112.39,1013.38,33586.0,6728.0,6728.0
293,15.150,112.490,15.51,112.39,1013.38,34502.0,5963.0,5963.0
294,15.150,112.490,15.51,112.39,1013.38,33031.0,6004.0,6004.0
295,15.150,112.490,15.51,112.39,1013.38,33788.0,6545.0,6545.0
296,15.150,112.490,15.51,112.39,1013.38,31757.0,4358.0,4358.0
297,15.150,112.490,15.51,112.39,1013.38,33922.0,6105.0,6105.0
298,15.150,112.490,15.51,112.39,1013.38,32253.0,4363.0,4363.0
299,15.150,112.490,15.51,112.39,1013.38,33411.0,5469.0,5469.0
300,15.150,112.490,15.51,112.39,1013.38,32273.0,4891.0,4891.0
301,15.150,112.490,15.51,112.39,1013.38,32727.0,6106.0,6106.0
302,15.150,112.490,15.51,112.39,1013.38,34267.0,6410.0,6410.0
303,15.150,112.490,15.51,112.39,1013.38,32755.0,5210.0,5210.0
304,15.150,112.490,15.51,112.39,1013.38,33965.0,6362.0,6362.0
305,15.150,112.490,15.51,112.39,1013.38,34051.0,6061.0,6061.0
306,15.150,112.490,15.51,112.39,1013.38,31952.0,4524.0,4524.0
307,15.150,112.490,15.51,112.39,1013.38,33393.0,5403.0,5403.0
308,15.150,112.490,15.51,112.39,1013.38,33967.0,6587.0,6587.0
309,15.150,112.490,15.51,112.39,1013.38,32110.0,5651.0,5651.0
310,15.150,112.490,15.51,112.39,1013.38,32591.0,5268.0,5268.0
311,15.150,112.490,15.51,112.39,1013.38,33342.0,5491.0,5491.0
312,15.150,112.490,15.51,112.39,1013.38,31411.0,3916.0,3916.0
313,15.150,112.490,15.51,112.39,1013.38,34434.0,6780.0,6780.0
314,15.150,112.490,15.51,112.39,1013.38,31770.0,4963.0,4963.0
315,15.150,112.490,15.51,112.39,1013.38,29771.0,3012.0,3012.0
316,15.150,112.490,15.51,112.39,1013.38,32817.0,6218.0,6218.0
317,15.150,112.490,15.51,112.39,1013.38,34040.0,6821.0,6821.0
318,15.150,112.490,15.51,112.39,1013.38,31926.0,5420.0,5420.0
319,15.150,112.490,15.51,112.39,1013.38,30210.0,3748.0,3748.0
320,15.150,112.490,15.51,112.39,1013.38,32612.0,5806.0,5806.0
321,15.150,112.490,15.51,112.39,1013.38,32493.0,5380.0,5380.0
322,15.150,112.490,15.51,112.39,1013.38,33121.0,6624.0,6624.0
323,15.150,112.490,15.51,112.39,1013.38,33023.0,6594.0,6594.0
324,15.150,112.490,15.51,112.39,1013.38,31477.0,5054.0,5054.0
325,15.150,112.490,15.51,112.39,1013.38,32281.0,5580.0,5580.0
326,15.150,112.490,15.51,112.39,1013.38,31008.0,4396.0,4396.0
327,15.150,112.490,15.51,112.39,1013.38,33635.0,6318.0,6318.0
328,15.150,112.490,15.51,112.39,1013.38,33513.0,6403.0,6403.0
329,15.150,112.490,15.51,112.39,1013.38,33779.0,6709.0,6709.0
330,15.150,112.490,15.51,112.39,1013.38,33115.0,5925.0,5925.0
331,15.150,112.490,15.51,112.39,1013.38,32978.0,5933.0,5933.0
332,15.150,112.490,15.51,112.39,1013.38,33285.0,5593.0,5593.0
333,15.150,112.490,15.51,112.39,1013.38,30956.0,4585.0,4585.0
334,15.150,112.490,15.51,112.39,1013.38,32694.0,6049.0,6049.0
335,15.150,112.490,15.51,112.39,1013.38,33619.0,6327.0,6327.0
336,15.150,112.490,15.51,112.39,1013.38,32078.0,5273.0,5273.0
337,15.150,112.490,15.51,112.39,1013.38,26798.0,999.0,999.0
338,15.150,112.490,15.51,112.39,1013.38,33664.0,6163.0,6163.0
339,15.150,112.490,15.51,112.39,1013.38,33075.0,6308.0,6308.0
340,15.150,112.490,15.51,112.39,1013.38,35263.0,7973.0,7973.0
341,15.150,112.490,15.51,112.39,1013.38,33383.0,6788.0,6788.0
342,15.150,112.490,15.51,112.39,1013.38,29473.0,3199.0,3199.0
343,15.150,112.490,15.51,112.39,1013.38,33287.0,6532.0,6532.0
344,15.150,112.490,15.51,112.39,1013.38,30970.0,4128.0,4128.0
345,15.150,112.490,15.51,112.39,1013.38,30493.0,3172.0,3172.0
346,15.150,112.490,15.51,112.39,1013.38,34766.0,7900.0,7900.0
347,15.150,112.490,15.51,112.39,1013.38,32373.0,5021.0,5021.0
348,15.150,112.490,15.51,112.39,1013.38,35296.0,6256.0,6256.0
349,15.150,112.490,15.51,112.39,1013.38,33207.0,5661.0,5661.0
350,15.150,112.490,15.51,112.39,1013.38,34324.0,7299.0,7299.0
351,15.150,112.490,15.51,112.39,1013.38,32691.0,4740.0,4740.0
352,15.150,112.490,15.51,112.39,1013.38,36766.0,9608.0,9608.0
353,15.150,112.490,15.51,112.39,1013.38,30489.0,3018.0,3018.0
354,15.150,112.490,15.51,112.39,1013.38,32840.0,6168.0,6168.0
355,15.150,112.490,15.51,112.39,1013.38,36552.0,8501.0,8501.0
356,15.150,112.490,15.51,112.39,1013.38,28192.0,2001.0,2001.0
357,15.150,112.490,15.51,112.39,1013.38,31777.0,4432.0,4432.0
358,15.150,112.490,15.51,112.39,1013.38,35826.0,7683.0,7683.0
359,15.150,112.490,15.51,112.39,1013.38,35160.0,7387.0,7387.0
360,15.150,112.490,15.51,112.39,1013.38,34445.0,6776.0,6776.0
361,15.150,112.490,15.51,112.39,1013.38,31261.0,3271.0,3271.0
362,15.150,112.490,15.51,112.39,1013.38,32570.0,5424.0,5424.0
363,15.150,112.490,15.51,112.39,1013.38,34563.0,7408.0,7408.0
364,15.150,112.490,15.51,112.39,1013.38,34506.0,8070.0,8070.0
365,15.150,112.490,15.51,112.39,1013.38,34498.0,6403.0,6403.0
366,15.150,112.490,15.51,112.39,1013.38,34438.0,7487.0,7487.0
367,15.150,112.490,15.51,112.39,1013.38,32480.0,4662.0,4662.0
368,15.150,112.490,15.51,112.39,1013.38,30525.0,3434.0,3434.0
369,15.150,112.490,15.51,112.39,1013.38,35345.0,7911.0,7911.0
370,15.150,112.490,15.51,112.39,1013.38,33090.0,6426.0,6426.0
371,15.150,112.490,15.51,112.39,1013.38,33525.0,5960.0,5960.0
372,15.150,112.490,15.51,112.39,1013.38,31353.0,4275.0,4275.0
373,15.150,112.490,15.51,112.39,1013.38,31975.0,4820.0,4820.0
374,15.150,112.490,15.51,112.39,1013.38,33468.0,6353.0,6353.0
375,15.150,112.490,15.51,112.39,1013.38,29570.0,2786.0,2786.0
376,15.150,112.490,15.51,112.39,1013.38,32787.0,5436.0,5436.0
377,15.150,112.490,15.51,112.39,1013.38,33463.0,5857.0,5857.0
378,15.150,112.490,15.51,112.39,1013.38,34762.0,6691.0,6691.0
379,15.150,112.490,15.51,112.39,1013.38,30733.0,4755.0,4755.0
380,15.150,112.490,15.51,112.39,1013.38,34117.0,6358.0,6358.0
381,15.150,112.490,15.51,112.39,1013.38,33207.0,6580.0,6580.0
382,15.150,112.490,15.51,112.39,1013.38,32505.0,5309.0,5309.0
383,15.150,112.490,15.51,112.39,1013.38,31835.0,4970.0,4970.0
384,15.150,112.490,15.51,112.39,1013.38,30282.0,3797.0,3797.0
385,15.150,112.490,15.51,112.39,1013.38,33476.0,6629.0,6629.0
386,15.150,112.490,15.51,112.39,1013.38,33307.0,6147.0,6147.0
387,15.150,112.490,15.51,112.39,1013.38,34350.0,6857.0,6857.0
388,15.150,112.490,15.51,112.39,1013.38,32502.0,6086.0,6086.0
389,15.150,112.490,15.51,112.39,1013.38,33281.0,6620.0,6620.0
390,15.150,112.490,15.51,112.39,1013.38,32242.0,6475.0,6475.0
391,15.150,112.490,15.51,112.39,1013.38,32581.0,5949.0,5949.0
392,15.150,112.490,15.51,112.39,1013.38,33812.0,6673.0,6673.0
393,15.150,112.490,15.51,112.39,1013.38,32597.0,5313.0,5313.0
394,15.150,112.490,15.51,112.39,1013.38,32936.0,5416.0,5416.0
395,15.150,112.490,15.51,112.39,1013.38,30383.0,4312.0,4312.0
396,15.150,112.490,15.51,112.39,1013.38,30845.0,4394.0,4394.0
397,15.150,112.490,15.51,112.39,1013.38,32055.0,4599.0,4599.0
398,15.150,112.490,15.51,112.39,1013.38,34002.0,7094.0,7094.0
399,15.150,112.490,15.51,112.39,1013.38,30593.0,5006.0,5006.0
400,15.150,112.490,15.51,112.39,1013.38,28405.0,1397.0,1397.0
401,15.150,112.490,15.51,112.39,1013.38,28670.0,2830.0,2830.0
402,15.150,112.490,15.51,112.39,1013.38,32370.0,5203.0,5203.0
403,15.150,112.490,15.51,112.39,1013.38,29053.0,3125.0,3125.0
404,15.150,112.490,15.51,112.39,1013.38,32872.0,5851.0,5851.0
405,15.150,112.490,15.51,112.39,1013.38,32601.0,5988.0,5988.0
406,15.150,112.490,15.51,112.39,1013.38,35834.0,9295.0,9295.0
407,15.150,112.490,15.51,112.39,1013.38,31083.0,4965.0,4965.0
408,15.150,112.490,15.51,112.39,1013.38,32192.0,5469.0,5469.0
409,15.150,112.490,15.51,112.39,1013.38,32111.0,5456.0,5456.0
410,15.150,112.490,15.51,112.39,1013.38,29900.0,4410.0,4410.0
411,15.150,112.490,15.51,112.39,1013.38,30083.0,4065.0,4065.0
412,15.150,112.490,15.51,112.39,1013.38,30798.0,3849.0,3849.0
413,15.150,112.490,15.51,112.39,1013.38,34710.0,7815.0,7815.0
414,15.150,112.490,15.51,112.39,1013.38,31117.0,4644.0,4644.0
415,15.150,112.490,15.51,112.39,1013.38,30879.0,4640.0,4640.0
416,15.150,112.490,15.51,112.39,1013.38,30924.0,4377.0,4377.0
417,15.150,112.490,15.51,112.39,1013.38,32184.0,5141.0,5141.0
418,15.150,112.490,15.51,112.39,1013.38,30336.0,3565.0,3565.0
419,15.150,112.490,15.51,112.39,1013.38,32510.0,6481.0,6481.0
420,15.150,112.490,15.51,112.39,1013.38,29200.0,3159.0,3159.0
421,15.150,112.490,15.51,112.39,1013.38,30655.0,3742.0,3742.0
422,15.150,112.490,15.51,112.39,1013.38,32253.0,5353.0,5353.0
423,15.150,112.490,15.51,112.39,1013.38,28248.0,2559.0,2559.0
424,15.150,112.490,15.51,112.39,1013.38,33475.0,7325.0,7325.0
425,15.150,112.490,15.51,112.39,1013.38,32096.0,5745.0,5745.0
426,15.150,112.490,15.51,112.39,1013.38,32124.0,5331.0,5331.0
427,15.150,112.490,15.51,112.39,1013.38,31239.0,4886.0,4886.0
428,15.150,112.490,15.51,112.39,1013.38,31682.0,5729.0,5729.0
429,15.150,112.490,15.51,112.39,1013.38,31468.0,4353.0,4353.0
430,15.150,112.490,15.51,112.39,1013.38,31092.0,4141.0,4141.0
431,15.150,112.490,15.51,112.39,1013.38,29315.0,3472.0,3472.0
432,15.150,112.490,15.51,112.39,1013.38,32186.0,5361.0,5361.0
433,15.150,112.490,15.51,112.39,1013.38,31822.0,5077.0,5077.0
434,15.150,112.490,15.51,112.39,1013.38,33564.0,5548.0,5548.0
435,15.150,112.490,15.51,112.39,1013.38,30454.0,3879.0,3879.0
436,15.150,112.490,15.51,112.39,1013.38,29618.0,4585.0,4585.0
437,15.150,112.490,15.51,112.39,1013.38,32892.0,6277.0,6277.0
438,15.150,112.490,15.51,112.39,1013.38,32298.0,4757.0,4757.0
439,15.150,112.490,15.51,112.39,1013.38,32419.0,5965.0,5965.0
440,15.150,112.490,15.51,112.39,1013.38,31878.0,5263.0,5263.0
441,15.150,112.490,15.51,112.39,1013.38,31188.0,4931.0,4931.0
442,15.150,112.490,15.51,112.39,1013.38,31840.0,5491.0,5491.0
443,15.150,112.490,15.51,112.39,1013.38,33746.0,6498.0,6498.0
444,15.150,112.490,15.51,112.39,1013.38,31633.0,4629.0,4629.0
445,15.150,112.490,15.51,112.39,1013.38,31464.0,4509.0,4509.0
446,15.150,112.490,15.51,112.39,1013.38,28895.0,1453.0,1453.0
447,15.150,112.490,15.51,112.39,1013.38,31238.0,3351.0,3351.0
448,15.150,112.490,15.51,112.39,1013.38,30868.0,4875.0,4875.0
449,15.150,112.490,15.51,112.39,1013.38,31772.0,4434.0,4434.0
450,15.150,112.490,15.51,112.39,1013.38,29735.0,2797.0,2797.0
451,15.150,112.490,15.51,112.39,1013.38,31770.0,4589.0,4589.0
452,15.150,112.490,15.51,112.39,1013.38,32031.0,5067.0,5067.0
453,15.150,112.490,15.51,112.39,1013.38,31698.0,4430.0,4430.0
454,15.150,112.490,15.51,112.39,1013.38,30897.0,3958.0,3958.0
455,15.150,112.490,15.51,112.39,1013.38,31526.0,5423.0,5423.0
456,15.150,112.490,15.51,112.39,1013.38,30785.0,4578.0,4578.0
457,15.150,112.490,15.51,112.39,1013.38,30732.0,3747.0,3747.0
458,15.150,112.490,15.51,112.39,1013.38,35200.0,7842.0,7842.0
459,15.150,112.490,15.51,112.39,1013.38,34057.0,6723.0,6723.0
460,15.150,112.490,14.99,112.36,1013.38,35468.0,7998.0,7998.0
461,15.150,112.490,14.74,112.43,1013.38,41160.0,12088.0,12088.0
462,15.150,112.490,14.99,112.61,1013.38,38055.0,9359.0,9359.0
463,15.150,112.490,14.73,112.98,1013.38,37673.0,8830.0,8830.0
464,15.150,112.490,14.96,112.72,1013.38,36817.0,9866.0,9866.0
465,15.150,112.490,14.92,112.45,1013.38,35566.0,8892.0,8892.0
466,15.150,112.490,14.87,112.24,1013.38,37612.0,9394.0,9394.0
467,15.150,112.490,15.0,112.04,1013.38,32457.0,6060.0,6060.0
468,15.150,112.490,14.85,112.38,1013.38,36797.0,9482.0,9482.0
469,15.150,112.490,15.31,112.53,1013.38,34035.0,6704.0,6704.0
470,15.150,112.490,14.58,112.45,1013.38,34829.0,7448.0,7448.0
471,15.150,112.490,14.97,112.47,1013.38,39188.0,11319.0,11319.0
472,15.150,112.490,14.95,112.54,1013.38,39862.0,12477.0,12477.0
473,15.150,112.490,15.09,112.54,1013.38,35926.0,9458.0,9458.0
474,15.150,112.490,14.88,112.32,1013.38,36183.0,9409.0,9409.0
475,15.150,112.490,14.99,112.18,1013.38,38080.0,10982.0,10982.0
476,15.150,112.490,14.61,112.56,1013.38,36855.0,9172.0,9172.0
477,15.150,112.490,15.04,112.19,1013.38,36948.0,10337.0,10337.0
478,15.150,112.490,14.93,112.61,1013.38,36889.0,10012.0,10012.0
479,15.150,112.490,14.85,112.47,1013.38,35091.0,8716.0,8716.0
480,15.150,112.490,14.89,112.36,1013.38,34852.0,7893.0,7893.0
481,15.150,112.490,14.65,112.48,1013.38,39658.0,12117.0,12117.0
482,15.150,112.490,14.62,112.52,1013.38,37586.0,10966.0,10966.0
483,15.150,112.490,15.1,112.43,1013.38,34838.0,8050.0,8050.0
484,15.150,112.490,14.84,112.35,1013.38,36120.0,8632.0,8632.0
485,15.150,112.490,14.9,112.3,1013.38,33928.0,7251.0,7251.0
486,15.150,112.490,15.51,112.39,1013.38,31282.0,4587.0,4587.0
487,15.150,112.490,15.27,112.48,1013.38,32734.0,6030.0,6030.0
488,15.150,112.490,14.78,112.48,1013.38,33977.0,6846.0,6846.0
489,15.150,112.490,15.08,112.31,1013.38,36807.0,10510.0,10510.0
490,15.150,112.490,15.0,112.44,1013.38,38101.0,10489.0,10489.0
491,15.150,112.490,14.8,112.41,1013.38,38105.0,10205.0,10205.0
492,15.150,112.490,15.04,112.44,1013.38,34387.0,8358.0,8358.0
493,15.150,112.490,14.66,112.2,1013.38,33434.0,6827.0,6827.0
494,15.150,112.490,15.06,112.42,1013.38,35996.0,8399.0,8399.0
495,15.150,112.490,14.91,112.62,1013.38,36186.0,8753.0,8753.0
496,15.150,112.490,14.91,112.44,1013.38,35551.0,9027.0,9027.0
497,15.150,112.490,14.53,112.49,1013.38,34938.0,8290.0,8290.0
498,15.150,112.490,15.51,112.39,1013.38,29582.0,3518.0,3518.0
499,15.150,112.490,15.51,112.39,1013.38,26162.0,284.0,284.0
500,15.150,112.490,15.09,112.28,1013.38,37111.0,9156.0,9156.0
501,15.150,112.490,15.45,112.62,1013.38,34955.0,8403.0,8403.0
502,15.150,112.490,15.1,112.38,1013.38,38784.0,11907.0,11907.0
503,15.150,112.490,15.51,112.39,1013.38,30918.0,4426.0,4426.0
504,15.150,112.490,14.84,112.53,1013.38,33735.0,7506.0,7506.0
505,15.150,112.490,15.03,112.31,1013.38,36437.0,9362.0,9362.0
506,15.150,112.490,14.84,112.34,1013.38,38466.0,10408.0,10408.0
507,15.150,112.490,15.12,112.48,1013.38,37964.0,9920.0,9920.0
508,15.150,112.490,14.79,112.43,1013.38,36472.0,9059.0,9059.0
509,15.150,112.490,14.91,112.36,1013.38,36751.0,10144.0,10144.0
510,15.150,112.490,14.87,112.61,1013.38,36538.0,9337.0,9337.0
511,15.150,112.490,14.8,112.55,1013.38,38587.0,12372.0,12372.0
512,15.150,112.490,15.02,112.49,1013.38,37183.0,10072.0,10072.0
513,15.150,112.490,14.93,112.63,1013.38,36889.0,9660.0,9660.0
514,15.150,112.490,14.79,112.39,1013.38,38997.0,12219.0,12219.0
515,15.150,112.490,15.04,112.22,1013.38,37533.0,10599.0,10599.0
516,15.150,112.490,15.51,112.39,1013.38,31769.0,5145.0,5145.0
517,15.150,112.490,14.95,112.25,1013.38,36272.0,10035.0,10035.0
518,15.150,112.490,15.18,112.32,1013.38,37245.0,10541.0,10541.0
519,15.150,112.490,14.64,112.44,1013.38,36034.0,9542.0,9542.0
520,15.150,112.490,15.12,112.26,1013.38,36263.0,10710.0,10710.0
521,15.150,112.490,14.8,112.33,1013.38,36470.0,9795.0,9795.0
522,15.150,112.490,14.83,112.67,1013.38,32899.0,6444.0,6444.0
523,15.150,112.490,14.93,112.72,1013.38,36303.0,8662.0,8662.0
524,15.150,112.490,14.94,112.37,1013.38,34773.0,7737.0,7737.0
525,15.150,112.490,15.01,112.51,1013.38,36344.0,9070.0,9070.0
526,15.150,112.490,14.64,112.57,1013.38,35129.0,7644.0,7644.0
527,15.150,112.490,15.02,112.63,1013.38,39291.0,11625.0,11625.0
528,15.150,112.490,15.51,112.39,1013.38,27808.0,2430.0,2430.0
529,15.150,112.490,14.98,112.63,1013.38,32795.0,6858.0,6858.0
530,15.150,112.490,15.51,112.39,1013.38,30722.0,4767.0,4767.0
531,15.150,112.490,15.51,112.39,1013.38,33467.0,6355.0,6355.0
532,15.150,112.490,15.24,112.69,1013.38,35091.0,8600.0,8600.0
533,15.150,112.490,14.69,112.29,1013.38,33511.0,6929.0,6929.0
534,15.150,112.490,14.7,112.5,1013.38,33452.0,6237.0,6237.0
535,15.150,112.490,15.51,112.39,1013.38,32717.0,6912.0,6912.0
536,15.150,112.490,14.93,112.79,1013.38,37043.0,10199.0,10199.0
537,15.150,112.490,14.82,112.47,1013.38,35234.0,8856.0,8856.0
538,15.150,112.490,14.66,112.42,1013.38,34739.0,8388.0,8388.0
539,15.150,112.490,14.94,112.35,1013.38,35525.0,8099.0,8099.0
540,15.150,112.490,14.98,112.34,1013.38,37030.0,9795.0,9795.0
541,15.150,112.490,15.23,112.66,1013.38,36099.0,9439.0,9439.0
542,15.150,112.490,15.4,112.33,1013.38,33811.0,7007.0,7007.0
543,15.150,112.490,14.81,112.31,1013.38,37569.0,10087.0,10087.0
544,15.150,112.490,14.92,112.41,1013.38,37370.0,10343.0,10343.0
545,15.150,112.490,15.01,112.51,1013.38,35244.0,8726.0,8726.0
546,15.150,112.490,14.91,112.49,1013.38,33672.0,8274.0,8274.0
547,15.150,112.490,15.48,112.55,1013.38,33841.0,6585.0,6585.0
548,15.150,112.490,15.06,112.56,1013.38,35997.0,8177.0,8177.0
549,15.150,112.490,14.64,112.44,1013.38,35393.0,8100.0,8100.0
550,15.150,112.490,14.84,112.47,1013.38,32626.0,5971.0,5971.0
551,15.150,112.490,14.78,112.28,1013.38,33788.0,7180.0,7180.0
552,15.150,112.490,14.85,112.38,1013.38,33530.0,6557.0,6557.0
553,15.150,112.490,14.94,112.27,1013.38,34440.0,8573.0,8573.0
554,15.150,112.490,14.81,112.39,1013.38,35859.0,9624.0,9624.0
555,15.150,112.490,14.87,112.11,1013.38,37353.0,10263.0,10263.0
556,15.150,112.490,15.07,112.49,1013.38,37835.0,10360.0,10360.0
557,15.150,112.490,14.92,112.29,1013.38,34370.0,8736.0,8736.0
558,15.150,112.490,15.49,112.58,1013.38,36218.0,8887.0,8887.0
559,15.150,112.490,14.67,112.4,1013.38,37762.0,10640.0,10640.0
560,15.150,112.490,15.51,112.39,1013.38,32844.0,6387.0,6387.0
561,15.150,112.490,14.66,112.25,1013.38,32225.0,6686.0,6686.0
562,15.150,112.490,15.06,112.18,1013.38,35874.0,8073.0,8073.0
563,15.150,112.490,15.16,112.48,1013.38,36648.0,10575.0,10575.0
564,15.150,112.490,14.85,112.6,1013.38,33048.0,7379.0,7379.0
565,15.150,112.490,14.96,112.5,1013.38,32436.0,6009.0,6009.0
566,15.150,112.490,15.51,112.39,1013.38,31756.0,5150.0,5150.0
567,15.150,112.490,15.51,112.39,1013.38,32029.0,6170.0,6170.0
568,15.150,112.490,15.08,112.44,1013.38,30283.0,4599.0,4599.0
569,15.150,112.490,14.89,112.51,1013.38,34272.0,7995.0,7995.0
570,15.150,112.490,14.66,112.4,1013.38,35309.0,9108.0,9108.0
571,15.150,112.490,14.84,112.28,1013.38,32873.0,6963.0,6963.0
572,15.150,112.490,15.51,112.39,1013.38,30272.0,4517.0,4517.0
573,15.150,112.490,15.51,112.39,1013.38,33361.0,6977.0,6977.0
574,15.150,112.490,15.51,112.39,1013.38,31508.0,6105.0,6105.0
575,15.150,112.490,15.13,112.35,1013.38,32802.0,6888.0,6888.0
576,15.150,112.490,15.51,112.39,1013.38,31167.0,6018.0,6018.0
577,15.150,112.490,15.51,112.39,1013.38,28895.0,2325.0,2325.0
578,15.150,112.490,14.86,112.1,1013.38,33615.0,7758.0,7758.0
579,15.150,112.490,15.51,112.39,1013.38,30729.0,4661.0,4661.0
580,15.150,112.490,14.78,112.46,1013.38,33499.0,6939.0,6939.0
581,15.150,112.490,15.51,112.39,1013.38,31198.0,4886.0,4886.0
582,15.150,112.490,15.43,112.31,1013.38,36618.0,8966.0,8966.0
583,15.150,112.490,15.51,112.39,1013.38,32927.0,5392.0,5392.0
584,15.150,112.490,14.91,112.59,1013.38,34631.0,8055.0,8055.0
585,15.150,112.490,15.07,112.15,1013.38,37347.0,9311.0,9311.0
586,15.150,112.490,15.16,112.53,1013.38,32532.0,6676.0,6676.0
587,15.150,112.490,15.51,112.39,1013.38,28648.0,3566.0,3566.0
588,15.150,112.490,15.51,112.39,1013.38,30907.0,4994.0,4994.0
589,15.150,112.490,14.99,112.48,1013.38,31732.0,6640.0,6640.0
590,15.150,112.490,15.51,112.39,1013.38,29741.0,3894.0,3894.0
591,15.150,112.490,15.2,112.54,1013.38,32407.0,5923.0,5923.0
592,15.150,112.490,15.14,112.47,1013.38,35033.0,8720.0,8720.0
593,15.150,112.490,14.7,112.23,1013.38,34511.0,8564.0,8564.0
594,15.150,112.490,15.18,112.33,1013.38,38088.0,10281.0,10281.0
595,15.150,112.490,15.14,112.54,1013.38,38672.0,12097.0,12097.0
596,15.150,112.490,14.83,112.37,1013.38,37543.0,10951.0,10951.0
597,15.150,112.490,15.03,112.38,1013.38,36759.0,9728.0,9728.0
598,15.150,112.490,15.12,112.21,1013.38,34779.0,8596.0,8596.0
599,15.150,112.490,15.01,112.47,1013.38,35776.0,8492.0,8492.0
600,15.150,112.490,14.86,112.29,1013.38,36815.0,10276.0,10276.0
601,15.150,112.490,14.67,112.52,1013.38,37547.0,10795.0,10795.0
602,15.150,112.490,14.91,112.28,1013.38,34071.0,7698.0,7698.0
603,15.150,112.490,15.51,112.39,1013.38,31722.0,4848.0,4848.0
604,15.150,112.490,15.33,112.43,1013.38,33448.0,6850.0,6850.0
605,15.150,112.490,14.88,112.38,1013.38,32270.0,6715.0,6715.0
606,15.150,112.490,14.98,112.22,1013.38,32993.0,7091.0,7091.0
607,15.150,112.490,14.97,112.27,1013.38,38987.0,12279.0,12279.0
608,15.150,112.490,15.51,112.39,1013.38,29215.0,3737.0,3737.0
609,15.150,112.490,15.51,112.39,1013.38,31931.0,5676.0,5676.0
610,15.150,112.490,15.01,112.18,1013.38,35394.0,8676.0,8676.0
611,15.150,112.490,15.51,112.39,1013.38,32804.0,6210.0,6210.0
612,15.150,112.490,14.99,112.15,1013.38,35206.0,8676.0,8676.0
613,15.150,112.490,14.98,112.27,1013.38,32979.0,7099.0,7099.0
614,15.150,112.490,15.01,112.07,1013.38,32737.0,7279.0,7279.0
615,15.150,112.490,15.18,112.39,1013.38,32831.0,6506.0,6506.0
616,15.150,112.490,15.06,112.45,1013.38,34313.0,7914.0,7914.0
617,15.150,112.490,15.51,112.39,1013.38,32800.0,6001.0,6001.0
618,15.150,112.490,15.02,112.44,1013.38,31284.0,5210.0,5210.0
619,15.150,112.490,15.1,112.37,1013.38,34845.0,7806.0,7806.0
620,15.150,112.490,15.51,112.39,1013.38,31092.0,4222.0,4222.0
621,15.150,112.490,15.25,112.4,1013.38,33476.0,6494.0,6494.0
622,15.150,112.490,15.51,112.39,1013.38,28237.0,2336.0,2336.0
623,15.150,112.490,15.51,112.39,1013.38,29775.0,3761.0,3761.0
624,15.150,112.490,14.63,112.42,1013.38,35994.0,9497.0,9497.0
625,15.150,112.490,15.0,112.46,1013.38,33235.0,7582.0,7582.0
626,15.150,112.490,14.82,112.43,1013.38,33420.0,7475.0,7475.0
627,15.150,112.490,15.15,112.49,1013.38,34158.0,8246.0,8246.0
628,15.150,112.490,14.57,112.38,1031.22,31486.0,5567.0,5567.0
629,15.150,112.490,14.57,112.38,1031.22,29814.0,3670.0,3670.0
630,15.150,112.490,14.57,112.38,1031.22,31205.0,5952.0,5952.0
631,15.150,112.490,14.57,112.38,1031.22,31718.0,6515.0,6515.0
632,15.150,112.490,14.57,112.38,1031.22,35255.0,8698.0,8698.0
633,15.150,112.490,14.57,112.38,1031.22,33410.0,7014.0,7014.0
634,15.150,112.490,14.57,112.38,1031.22,31093.0,5330.0,5330.0
635,15.150,112.490,14.57,112.38,1031.22,31457.0,6053.0,6053.0
636,15.150,112.490,14.73,112.38,1031.22,34415.0,8672.0,8672.0
637,15.150,112.490,15.02,112.27,1031.22,34670.0,8181.0,8181.0
638,15.150,112.490,15.1,112.21,1031.22,35706.0,8564.0,8564.0
639,15.150,112.490,14.78,112.5,1031.22,35771.0,8467.0,8467.0
640,15.150,112.490,15.0,112.81,1031.22,34168.0,7605.0,7605.0
641,15.150,112.490,14.57,112.38,1031.22,29170.0,2838.0,2838.0
642,15.150,112.490,14.57,112.38,1031.22,30950.0,4796.0,4796.0
643,15.150,112.490,14.95,112.52,1031.22,37059.0,10551.0,10551.0
644,15.150,112.490,15.05,112.25,1031.22,39177.0,11580.0,11580.0
645,15.150,112.490,15.07,112.38,1031.22,35600.0,8450.0,8450.0
646,15.150,112.490,14.93,112.3,1031.22,36521.0,9483.0,9483.0
647,15.150,112.490,15.42,112.57,1031.22,34308.0,7677.0,7677.0
648,15.150,112.490,15.13,112.32,1031.22,34986.0,8659.0,8659.0
649,15.150,112.490,15.15,112.14,1031.22,36595.0,10954.0,10954.0
650,15.150,112.490,15.08,112.35,1031.22,38738.0,11031.0,11031.0
651,15.150,112.490,14.9,112.45,1031.22,38621.0,11771.0,11771.0
652,15.150,112.490,14.9,112.55,1031.22,38406.0,11648.0,11648.0
653,15.150,112.490,14.94,112.54,1031.22,37055.0,10902.0,10902.0
654,15.150,112.490,14.92,112.54,1031.22,38762.0,10499.0,10499.0
655,15.150,112.490,15.01,112.4,1031.22,38825.0,11734.0,11734.0
656,15.150,112.490,15.07,112.39,1031.22,35337.0,8270.0,8270.0
657,15.150,112.490,14.93,112.35,1031.22,33735.0,7403.0,7403.0
658,15.150,112.490,15.27,112.35,1031.22,39524.0,11715.0,11715.0
659,15.150,112.490,15.12,112.63,1031.22,38835.0,11228.0,11228.0
660,15.150,112.490,14.57,112.38,1031.22,30047.0,3796.0,3796.0
661,15.150,112.490,15.39,112.39,1031.22,38895.0,11794.0,11794.0
662,15.150,112.490,14.97,112.43,1031.22,37206.0,9849.0,9849.0
663,15.150,112.490,15.22,112.56,1031.22,38638.0,12372.0,12372.0
664,15.150,112.490,15.07,112.35,1031.22,39587.0,12998.0,12998.0
665,15.150,112.490,15.14,112.57,1031.22,37770.0,10741.0,10741.0
666,15.150,112.490,14.84,112.32,1031.22,35031.0,8263.0,8263.0
667,15.150,112.490,15.02,112.38,1031.22,33969.0,7161.0,7161.0
668,15.150,112.490,14.79,112.27,1031.22,37437.0,11768.0,11768.0
669,15.150,112.490,14.93,112.11,1031.22,40342.0,12647.0,12647.0
670,15.150,112.490,15.08,112.5,1031.22,41416.0,13685.0,13685.0
671,15.150,112.490,14.89,112.28,1031.22,38433.0,11588.0,11588.0
672,15.150,112.490,15.03,112.48,1031.22,36488.0,9905.0,9905.0
673,15.150,112.490,15.25,112.43,1031.22,36655.0,10313.0,10313.0
674,15.150,112.490,15.08,112.36,1031.22,38853.0,11640.0,11640.0
675,15.150,112.490,14.86,112.35,1031.22,40650.0,12882.0,12882.0
676,15.150,112.490,15.07,112.26,1031.22,39254.0,13004.0,13004.0
677,15.150,112.490,15.04,112.2,1031.22,38317.0,10772.0,10772.0
678,15.150,112.490,15.1,112.32,1031.22,40938.0,13428.0,13428.0
679,15.150,112.490,14.81,112.42,1031.22,38132.0,10989.0,10989.0
680,15.150,112.490,14.94,112.4,1031.22,40323.0,12345.0,12345.0
681,15.150,112.490,14.95,112.42,1031.22,37375.0,11342.0,11342.0
682,15.150,112.490,14.99,112.41,1031.22,39163.0,11286.0,11286.0
683,15.150,112.490,15.04,112.54,1031.22,38651.0,11579.0,11579.0
684,15.150,112.490,15.13,112.45,1031.22,35991.0,9026.0,9026.0
685,15.150,112.490,14.76,112.22,1031.22,40861.0,14045.0,14045.0
686,15.150,112.490,15.02,112.23,1031.22,40804.0,13121.0,13121.0
687,15.150,112.490,14.93,112.25,1031.22,39199.0,12039.0,12039.0
688,15.150,112.490,14.97,112.14,1031.22,37609.0,9890.0,9890.0
689,15.150,112.490,14.82,112.55,1031.22,37301.0,10707.0,10707.0
690,15.150,112.490,15.49,112.42,1031.22,36220.0,9976.0,9976.0
691,15.150,112.490,14.97,112.42,1031.22,37208.0,9249.0,9249.0
692,15.150,112.490,14.98,112.36,1031.22,33464.0,7055.0,7055.0
693,15.150,112.490,14.71,112.43,1031.22,38973.0,11568.0,11568.0
694,15.150,112.490,15.03,112.41,1031.22,37754.0,10595.0,10595.0
695,15.150,112.490,14.9,112.16,1031.22,37561.0,10728.0,10728.0
696,15.150,112.490,14.76,112.27,1031.22,40012.0,13426.0,13426.0
697,15.150,112.490,15.0,112.29,1031.22,37962.0,11087.0,11087.0
698,15.150,112.490,14.97,112.33,1031.22,40259.0,13284.0,13284.0
699,15.150,112.490,15.06,112.27,1031.22,38187.0,11145.0,11145.0
700,15.150,112.490,14.89,112.25,1031.22,39225.0,12399.0,12399.0
701,15.150,112.490,14.96,112.53,1031.22,41095.0,12947.0,12947.0
702,15.150,112.490,14.99,112.25,1031.22,42531.0,13393.0,13393.0
703,15.150,112.490,15.38,112.37,1031.22,40649.0,13655.0,13655.0
704,15.150,112.490,15.2,112.54,1031.22,40070.0,11591.0,11591.0
705,15.150,112.490,15.17,112.46,1031.22,40142.0,11808.0,11808.0
706,15.150,112.490,15.31,112.19,1031.22,40496.0,13505.0,13505.0
707,15.150,112.490,14.8,112.5,1031.22,39611.0,12963.0,12963.0
708,15.150,112.490,14.87,112.46,1031.22,36086.0,9460.0,9460.0
709,15.150,112.490,15.17,112.54,1031.22,37258.0,10106.0,10106.0
710,15.150,112.490,14.96,112.55,1031.22,33614.0,7195.0,7195.0
711,15.150,112.490,15.34,112.5,1031.22,33744.0,7799.0,7799.0
712,15.150,112.490,14.86,112.28,1031.22,39108.0,11247.0,11247.0
713,15.150,112.490,15.05,112.12,1031.22,39554.0,11239.0,11239.0
714,15.150,112.490,15.14,112.21,1031.22,36919.0,10749.0,10749.0
715,15.150,112.490,14.81,112.11,1031.22,39301.0,11533.0,11533.0
716,15.150,112.490,14.67,112.37,1031.22,40325.0,12772.0,12772.0
717,15.150,112.490,15.12,112.37,1031.22,36108.0,8998.0,8998.0
718,15.150,112.490,15.04,112.34,1031.22,38589.0,10783.0,10783.0
719,15.150,112.490,14.96,112.54,1031.22,37452.0,10291.0,10291.0
720,15.150,112.490,14.96,112.66,1031.22,35721.0,9473.0,9473.0
721,15.150,112.490,14.97,112.08,1031.22,40447.0,12666.0,12666.0
722,15.150,112.490,15.02,112.37,1031.22,35476.0,8711.0,8711.0
723,15.150,112.490,15.05,112.48,1031.22,36273.0,9767.0,9767.0
724,15.150,112.490,15.15,112.61,1031.22,36207.0,9878.0,9878.0
725,15.150,112.490,14.98,112.39,1031.22,38155.0,11923.0,11923.0
726,15.150,112.490,15.03,112.26,1031.22,39926.0,13164.0,13164.0
727,15.150,112.490,15.03,112.22,1031.22,35558.0,8852.0,8852.0
728,15.150,112.490,14.82,112.25,1031.22,38988.0,11757.0,11757.0
729,15.150,112.490,14.95,112.4,1031.22,36273.0,9826.0,9826.0
730,15.150,112.490,15.14,112.5,1031.22,40517.0,13398.0,13398.0
731,15.150,112.490,14.97,112.17,1031.22,36706.0,10748.0,10748.0
732,15.150,112.490,14.97,112.41,1031.22,40316.0,12944.0,12944.0
733,15.150,112.490,15.31,112.37,1031.22,39095.0,11523.0,11523.0
734,15.150,112.490,14.97,112.25,1031.22,37713.0,9675.0,9675.0
735,15.150,112.490,14.96,112.26,1031.22,37545.0,10684.0,10684.0
736,15.150,112.490,15.08,112.62,1031.22,32219.0,7374.0,7374.0
737,15.150,112.490,14.87,112.33,1031.22,33902.0,7736.0,7736.0
738,15.150,112.490,14.99,112.33,1031.22,33929.0,7683.0,7683.0
739,15.150,112.490,14.85,112.26,1031.22,32568.0,7101.0,7101.0
740,15.150,112.490,14.84,112.31,1031.22,35005.0,8940.0,8940.0
741,15.150,112.490,15.11,112.49,1031.22,36193.0,8588.0,8588.0
742,15.150,112.490,15.0,112.41,1031.22,39969.0,12911.0,12911.0
743,15.150,112.490,15.04,112.56,1031.22,37703.0,10807.0,10807.0
744,15.150,112.490,15.03,112.38,1031.22,37421.0,10794.0,10794.0
745,15.150,112.490,14.96,112.28,1031.22,36409.0,9791.0,9791.0
746,15.150,112.490,15.24,112.1,1031.22,36511.0,10258.0,10258.0
747,15.150,112.490,15.21,112.42,1031.22,35627.0,9593.0,9593.0
748,15.150,112.490,15.13,112.18,1031.22,39872.0,12174.0,12174.0
749,15.150,112.490,14.67,112.42,1031.22,41376.0,14171.0,14171.0
750,15.150,112.490,15.17,112.31,1031.22,38459.0,11349.0,11349.0
751,15.150,112.490,14.94,112.58,1031.22,34732.0,9290.0,9290.0
752,15.150,112.490,15.34,112.46,1031.22,35256.0,8873.0,8873.0
753,15.150,112.490,14.71,112.23,1031.22,34117.0,7396.0,7396.0
754,15.150,112.490,15.06,112.25,1031.22,39132.0,12740.0,12740.0
755,15.150,112.490,15.1,112.22,1031.22,36540.0,11239.0,11239.0
756,15.150,112.490,14.94,112.58,1031.22,45126.0,16847.0,16847.0
757,15.150,112.490,15.03,112.34,1031.22,41954.0,12262.0,12262.0
758,15.150,112.490,15.19,112.38,1031.22,39265.0,12128.0,12128.0
759,15.150,112.490,15.13,112.39,1031.22,38428.0,10920.0,10920.0
760,15.150,112.490,14.94,112.24,1031.22,39387.0,12536.0,12536.0
761,15.150,112.490,15.15,112.23,1031.22,39290.0,12505.0,12505.0
762,15.150,112.490,15.03,112.28,1031.22,40872.0,13293.0,13293.0
763,15.150,112.490,15.16,112.16,1031.22,36649.0,10124.0,10124.0
764,15.150,112.490,14.97,112.3,1031.22,42952.0,15371.0,15371.0
765,15.150,112.490,15.23,112.37,1031.22,39182.0,12380.0,12380.0
766,15.150,112.490,15.4,112.38,1031.22,40593.0,13406.0,13406.0
767,15.150,112.490,15.04,112.28,1031.22,44494.0,15885.0,15885.0
768,15.150,112.490,15.1,112.5,1031.22,41570.0,13887.0,13887.0
769,15.150,112.490,15.08,112.23,1031.22,40558.0,12356.0,12356.0
770,15.150,112.490,15.0,112.17,1031.22,44055.0,16507.0,16507.0
771,15.150,112.490,15.08,112.42,1031.22,41376.0,13224.0,13224.0
772,15.150,112.490,14.95,112.14,1031.22,42626.0,14624.0,14624.0
773,15.150,112.490,15.29,112.51,1031.22,38814.0,11211.0,11211.0
774,15.150,112.490,15.01,112.27,1031.22,42051.0,14170.0,14170.0
775,15.150,112.490,14.91,112.34,1031.22,40788.0,12688.0,12688.0
776,15.150,112.490,14.9,112.44,1031.22,39497.0,11557.0,11557.0
777,15.150,112.490,14.83,112.34,1031.22,39396.0,11866.0,11866.0
778,15.150,112.490,14.93,112.54,1031.22,40097.0,12782.0,12782.0
779,15.150,112.490,15.01,112.29,1031.22,41155.0,13746.0,13746.0
780,15.150,112.490,15.26,112.38,1031.22,42271.0,14378.0,14378.0
781,15.150,112.490,15.04,112.29,1031.22,45707.0,18354.0,18354.0
782,15.150,112.490,15.07,112.26,1031.22,42910.0,14710.0,14710.0
783,15.150,112.490,15.13,112.36,1031.22,42355.0,14266.0,14266.0
784,15.150,112.490,15.03,112.26,1031.22,40220.0,12286.0,12286.0
785,15.150,112.490,14.84,112.24,1031.22,37596.0,10821.0,10821.0
786,15.150,112.490,15.05,112.48,1031.22,38601.0,11500.0,11500.0
787,15.150,112.490,15.11,112.57,1031.22,37071.0,10330.0,10330.0
788,15.150,112.490,15.24,112.44,1031.22,36916.0,10139.0,10139.0
789,15.150,112.490,15.18,112.56,1031.22,40105.0,12580.0,12580.0
790,15.150,112.490,14.83,112.43,1031.22,41276.0,13787.0,13787.0
791,15.150,112.490,14.68,112.41,1031.22,35097.0,8517.0,8517.0
792,15.150,112.490,14.88,112.24,1031.22,38061.0,11705.0,11705.0
793,15.150,112.490,14.99,112.53,1031.22,40107.0,12186.0,12186.0
794,15.150,112.490,15.05,112.45,1031.22,37365.0,10679.0,10679.0
795,15.150,112.490,14.88,112.29,1031.22,37088.0,10923.0,10923.0
796,15.150,112.490,15.0,112.22,1031.22,35176.0,8703.0,8703.0
797,15.150,112.490,14.94,112.45,1031.22,35425.0,9081.0,9081.0
798,15.150,112.490,15.05,112.14,1031.22,44372.0,16417.0,16417.0
799,15.150,112.490,15.13,112.25,1031.22,46911.0,18973.0,18973.0
800,15.150,112.490,15.01,112.39,1031.22,43433.0,15763.0,15763.0
801,15.150,112.490,14.9,112.21,1031.22,42290.0,15028.0,15028.0
802,15.150,112.490,15.06,112.51,1031.22,44377.0,16978.0,16978.0
803,15.150,112.490,14.89,112.29,1031.22,46338.0,18753.0,18753.0
804,15.150,112.490,14.87,112.26,1031.22,43298.0,15814.0,15814.0
805,15.150,112.490,14.92,112.35,1031.22,42627.0,15388.0,15388.0
806,15.150,112.490,15.08,112.65,1031.22,44076.0,15801.0,15801.0
807,15.150,112.490,15.27,112.44,1031.22,42023.0,14612.0,14612.0
808,15.150,112.490,15.03,112.43,1031.22,46441.0,17087.0,17087.0
809,15.150,112.490,14.95,112.28,1031.22,43702.0,15485.0,15485.0
810,15.150,112.490,15.04,112.3,1031.22,43577.0,15073.0,15073.0
811,15.150,112.490,15.07,112.42,1031.22,46513.0,18640.0,18640.0
812,15.150,112.490,15.0,112.46,1031.22,46513.0,17296.0,17296.0
813,15.150,112.490,14.99,112.19,1031.22,44022.0,16329.0,16329.0
814,15.150,112.490,14.99,112.33,1031.22,44085.0,15115.0,15115.0
815,15.150,112.490,15.05,112.4,1031.22,44970.0,16513.0,16513.0
816,15.150,112.490,14.88,112.35,1031.22,42719.0,15286.0,15286.0
817,15.150,112.490,14.98,112.25,1031.22,43293.0,15770.0,15770.0
818,15.150,112.490,15.05,112.24,1031.22,40713.0,13434.0,13434.0
819,15.150,112.490,15.0,112.36,1031.22,43108.0,14352.0,14352.0
820,15.150,112.490,15.12,112.4,1031.22,45357.0,16914.0,16914.0
821,15.150,112.490,15.02,112.37,1031.22,44147.0,16079.0,16079.0
822,15.150,112.490,15.06,112.33,1031.22,42146.0,14761.0,14761.0
823,15.150,112.490,14.96,112.39,1031.22,43292.0,15659.0,15659.0
824,15.150,112.490,15.02,112.32,1031.22,44115.0,16146.0,16146.0
825,15.150,112.490,15.07,112.34,1031.22,44089.0,16409.0,16409.0
826,15.150,112.490,15.18,112.32,1031.22,43642.0,15926.0,15926.0
827,15.150,112.490,15.0,112.43,1031.22,43044.0,14997.0,14997.0
828,15.150,112.490,14.95,112.48,1031.22,43772.0,16853.0,16853.0
829,15.150,112.490,14.98,112.38,1031.22,46636.0,17371.0,17371.0
830,15.150,112.490,15.01,112.27,1031.22,46017.0,16566.0,16566.0
831,15.150,112.490,14.94,112.32,1031.22,41929.0,13253.0,13253.0
832,15.150,112.490,14.96,112.18,1031.22,47235.0,18462.0,18462.0
833,15.150,112.490,15.1,112.29,1031.22,48253.0,20023.0,20023.0
834,15.150,112.490,14.94,112.35,1031.22,45113.0,16490.0,16490.0
835,15.150,112.490,14.99,112.37,1031.22,45019.0,16779.0,16779.0
836,15.150,112.490,15.04,112.27,1031.22,46749.0,16814.0,16814.0
837,15.150,112.490,14.97,112.31,1031.22,43939.0,16761.0,16761.0
838,15.150,112.490,15.04,112.27,1031.22,44674.0,16921.0,16921.0
839,15.150,112.490,15.03,112.3,1031.22,41815.0,14304.0,14304.0
840,15.150,112.490,15.39,112.43,1031.22,46859.0,19056.0,19056.0
841,15.150,112.490,14.87,112.29,1031.22,45508.0,18052.0,18052.0
842,15.150,112.490,15.08,112.59,1031.22,42618.0,15129.0,15129.0
843,15.150,112.490,15.1,112.21,1031.22,43455.0,15160.0,15160.0
844,15.150,112.490,15.06,112.35,1031.22,45949.0,18273.0,18273.0
845,15.150,112.490,15.06,112.37,1031.22,45839.0,17916.0,17916.0
846,15.150,112.490,14.64,112.25,1031.22,43211.0,14581.0,14581.0
847,15.150,112.490,14.97,112.38,1031.22,43435.0,15583.0,15583.0
848,15.150,112.490,15.05,112.39,1031.22,36071.0,10167.0,10167.0
849,15.150,112.490,15.1,112.22,1031.22,39769.0,12487.0,12487.0
850,15.150,112.490,15.09,112.25,1031.22,37758.0,10589.0,10589.0
851,15.150,112.490,14.94,112.48,1031.22,38227.0,10432.0,10432.0
852,15.150,112.490,14.67,112.19,1031.22,38092.0,11213.0,11213.0
853,15.150,112.490,15.2,112.22,1031.22,39130.0,11545.0,11545.0
854,15.150,112.490,15.07,112.39,1031.22,40771.0,13670.0,13670.0
855,15.150,112.490,14.97,112.68,1031.22,39831.0,12060.0,12060.0
856,15.150,112.490,15.14,112.26,1031.22,35127.0,9001.0,9001.0
857,15.150,112.490,15.55,111.96,1031.22,34399.0,7780.0,7780.0
858,15.150,112.490,14.57,112.38,1031.22,32301.0,6094.0,6094.0
859,15.150,112.490,15.26,112.12,1031.22,33890.0,8640.0,8640.0
860,15.150,112.490,15.14,112.48,1031.22,34309.0,7575.0,7575.0
861,15.150,112.490,15.02,112.16,1031.22,34345.0,7929.0,7929.0
862,15.150,112.490,15.02,112.16,1031.22,27182.0,0.0,0.0
863,15.150,112.490,15.02,112.16,1031.22,30408.0,3090.0,3090.0
864,15.150,112.490,15.02,112.16,1031.22,29580.0,145.0,145.0
865,15.150,112.490,15.02,112.16,1031.22,31559.0,2505.0,2505.0
866,15.150,112.490,15.02,112.16,1031.22,32185.0,3375.0,3375.0
867,15.150,112.490,15.02,112.16,1031.22,33761.0,4599.0,4599.0
868,15.150,112.490,15.02,112.16,1031.22,33653.0,5117.0,5117.0
869,15.150,112.490,15.02,112.16,1031.22,31788.0,4409.0,4409.0
870,15.150,112.490,15.02,112.16,1031.22,39181.0,8691.0,8691.0
871,15.150,112.490,15.02,112.16,1031.22,33946.0,6698.0,6698.0
872,15.150,112.490,15.02,112.16,1031.22,34029.0,5321.0,5321.0
873,15.150,112.490,15.02,112.16,1031.22,32869.0,4555.0,4555.0
874,15.150,112.490,15.02,112.16,1031.22,36813.0,8224.0,8224.0
875,15.150,112.490,15.02,112.16,1031.22,28973.0,2058.0,2058.0
876,15.150,112.490,15.02,112.16,1031.22,35853.0,6155.0,6155.0
877,15.150,112.490,15.02,112.16,1031.22,31843.0,3155.0,3155.0
878,15.150,112.490,15.02,112.16,1031.22,32936.0,4694.0,4694.0
879,15.150,112.490,15.02,112.16,1031.22,35684.0,7297.0,7297.0
880,15.150,112.490,15.02,112.16,1031.22,36461.0,6297.0,6297.0
881,15.150,112.490,15.02,112.16,1031.22,28881.0,0.0,0.0
882,15.150,112.490,15.02,112.16,1031.22,24713.0,0.0,0.0
883,15.150,112.490,15.02,112.16,1031.22,27062.0,0.0,0.0
884,15.150,112.490,15.02,112.16,1031.22,24627.0,0.0,0.0
885,15.150,112.490,15.02,112.16,1031.22,25263.0,0.0,0.0
886,15.150,112.490,15.02,112.16,1031.22,24933.0,0.0,0.0
887,15.150,112.490,15.02,112.16,1031.22,26574.0,0.0,0.0
888,15.150,112.490,15.02,112.16,1031.22,26879.0,0.0,0.0
889,15.150,112.490,15.02,112.16,1031.22,25903.0,0.0,0.0
890,15.150,112.490,15.02,112.16,1031.22,26122.0,0.0,0.0
891,15.150,112.490,15.02,112.16,1031.22,26448.0,0.0,0.0
892,15.150,112.490,15.02,112.16,1031.22,25297.0,0.0,0.0
893,15.150,112.490,15.02,112.16,1031.22,24249.0,0.0,0.0
894,15.150,112.490,15.02,112.16,1031.22,25865.0,0.0,0.0
895,15.150,112.490,15.02,112.16,1031.22,25134.0,0.0,0.0
896,15.150,112.490,15.02,112.16,1031.22,24925.0,0.0,0.0
897,15.150,112.490,15.02,112.16,1031.22,25830.0,0.0,0.0
898,15.150,112.490,15.02,112.16,1031.22,23439.0,0.0,0.0
899,15.150,112.490,15.02,112.16,1031.22,25267.0,0.0,0.0
900,15.150,112.490,15.02,112.16,1031.22,24202.0,0.0,0.0
901,15.150,112.490,15.02,112.16,1031.22,25738.0,0.0,0.0
902,15.150,112.490,15.02,112.16,1031.22,25007.0,0.0,0.0
903,15.150,112.490,15.02,112.16,1031.22,24847.0,0.0,0.0
904,15.150,112.490,15.02,112.16,1031.22,25543.0,0.0,0.0
905,15.150,112.490,15.02,112.16,1031.22,25429.0,0.0,0.0
906,15.150,112.490,15.02,112.16,1031.22,24827.0,0.0,0.0
907,15.150,112.490,15.02,112.16,1031.22,26123.0,0.0,0.0
908,15.150,112.490,15.02,112.16,1031.22,26386.0,0.0,0.0
909,15.150,112.490,15.02,112.16,1031.22,24958.0,0.0,0.0
910,15.150,112.490,15.02,112.16,1031.22,24134.0,0.0,0.0
911,15.150,112.490,15.02,112.16,1031.22,25926.0,0.0,0.0
912,15.150,112.490,15.02,112.16,1031.22,25321.0,0.0,0.0
913,15.150,112.490,15.02,112.16,1031.22,25814.0,0.0,0.0
914,15.150,112.490,15.02,112.16,1031.22,25428.0,0.0,0.0
915,15.150,112.490,15.02,112.16,1031.22,23541.0,0.0,0.0
916,15.150,112.490,15.02,112.16,1031.22,24469.0,0.0,0.0
917,15.150,112.490,15.02,112.16,1031.22,22867.0,0.0,0.0
918,15.150,112.490,15.02,112.16,1031.22,22326.0,0.0,0.0
919,15.150,112.490,15.02,112.16,1031.22,26966.0,0.0,0.0
920,15.150,112.490,15.02,112.16,1031.22,25163.0,0.0,0.0
921,15.150,112.490,15.02,112.16,1031.22,23982.0,0.0,0.0
922,15.150,112.490,15.02,112.16,1031.22,22805.0,0.0,0.0
923,15.150,112.490,15.02,112.16,1031.22,26257.0,0.0,0.0
924,15.150,112.490,15.02,112.16,1031.22,25490.0,0.0,0.0
925,15.150,112.490,15.02,112.16,1031.22,24215.0,0.0,0.0
926,15.150,112.490,15.02,112.16,1031.22,26457.0,0.0,0.0
927,15.150,112.490,15.02,112.16,1031.22,27217.0,0.0,0.0
928,15.150,112.490,15.02,112.16,1031.22,24078.0,0.0,0.0
929,15.150,112.490,15.02,112.16,1031.22,27782.0,0.0,0.0
930,15.150,112.490,15.02,112.16,1031.22,26547.0,0.0,0.0
931,15.150,112.490,15.02,112.16,1031.22,25258.0,0.0,0.0
932,15.150,112.490,15.02,112.16,1031.22,26220.0,0.0,0.0
933,15.150,112.490,15.02,112.16,1031.22,25404.0,0.0,0.0
934,15.150,112.490,15.02,112.16,1031.22,26473.0,0.0,0.0
935,15.150,112.490,15.02,112.16,1031.22,26934.0,0.0,0.0
936,15.150,112.490,15.02,112.16,1031.22,27237.0,0.0,0.0
937,15.150,112.490,15.02,112.16,1031.22,23168.0,0.0,0.0
938,15.150,112.490,15.02,112.16,1031.22,24177.0,0.0,0.0
939,15.150,112.490,15.02,112.16,1031.22,24738.0,0.0,0.0
940,15.150,112.490,15.02,112.16,1031.22,25411.0,0.0,0.0
941,15.150,112.490,15.02,112.16,1031.22,25136.0,0.0,0.0
942,15.150,112.490,15.02,112.16,1031.22,25901.0,0.0,0.0
943,15.150,112.490,15.02,112.16,1031.22,23217.0,0.0,0.0
944,15.150,112.490,15.02,112.16,1031.22,24916.0,0.0,0.0
945,15.150,112.490,15.02,112.16,1031.22,23949.0,0.0,0.0
946,15.150,112.490,15.02,112.16,1031.22,24656.0,0.0,0.0
947,15.150,112.490,15.02,112.16,1031.22,25062.0,0.0,0.0
948,15.150,112.490,15.02,112.16,1031.22,24218.0,0.0,0.0
949,15.150,112.490,15.02,112.16,1031.22,25206.0,0.0,0.0
950,15.150,112.490,15.02,112.16,1031.22,26243.0,0.0,0.0
951,15.150,112.490,15.02,112.16,1031.22,27458.0,0.0,0.0
952,15.150,112.490,15.02,112.16,1031.22,24166.0,0.0,0.0
953,15.150,112.490,15.02,112.16,1031.22,27668.0,0.0,0.0
954,15.150,112.490,15.02,112.16,1031.22,25474.0,0.0,0.0
955,15.150,112.490,15.02,112.16,1031.22,23709.0,0.0,0.0
956,15.150,112.490,15.02,112.16,1031.22,25078.0,0.0,0.0
957,15.150,112.490,15.02,112.16,1031.22,23443.0,0.0,0.0
958,15.150,112.490,15.02,112.16,1031.22,25729.0,0.0,0.0
959,15.150,112.490,15.02,112.16,1031.22,24025.0,0.0,0.0
960,15.150,112.490,15.02,112.16,1031.22,23456.0,0.0,0.0
961,15.150,112.490,15.02,112.16,1031.22,24449.0,0.0,0.0
962,15.150,112.490,15.02,112.16,1031.22,25170.0,0.0,0.0
963,15.150,112.490,15.02,112.16,1031.22,25908.0,0.0,0.0
964,15.150,112.490,15.02,112.16,1031.22,24517.0,0.0,0.0
965,15.150,112.490,15.02,112.16,1031.22,23217.0,0.0,0.0
966,15.150,112.490,15.02,112.16,1031.22,24665.0,0.0,0.0
967,15.150,112.490,15.02,112.16,1031.22,22596.0,0.0,0.0
968,15.150,112.490,15.02,112.16,1031.22,24944.0,0.0,0.0
969,15.150,112.490,15.02,112.16,1031.22,24438.0,0.0,0.0
970,15.150,112.490,15.02,112.16,1031.22,23196.0,0.0,0.0
971,15.150,112.490,15.02,112.16,1031.22,23015.0,0.0,0.0
972,15.150,112.490,15.02,112.16,1031.22,25675.0,0.0,0.0
973,15.150,112.490,15.02,112.16,1031.22,23989.0,0.0,0.0
974,15.150,112.490,15.02,112.16,1031.22,23794.0,0.0,0.0
975,15.150,112.490,15.02,112.16,1031.22,25305.0,0.0,0.0
976,15.150,112.490,15.02,112.16,1031.22,24694.0,0.0,0.0
977,15.150,112.490,15.02,112.16,1031.22,26235.0,0.0,0.0
978,15.150,112.490,15.02,112.16,1031.22,22549.0,0.0,0.0
979,15.150,112.490,15.02,112.16,1031.22,23559.0,0.0,0.0
980,15.150,112.490,15.02,112.16,1031.22,25505.0,0.0,0.0
981,15.150,112.490,15.02,112.16,1031.22,25053.0,0.0,0.0
982,15.150,112.490,15.02,112.16,1031.22,25210.0,0.0,0.0
983,15.150,112.490,15.02,112.16,1031.22,24202.0,0.0,0.0
984,15.150,112.490,15.02,112.16,1031.22,23971.0,0.0,0.0
985,15.150,112.490,15.02,112.16,1031.22,25340.0,0.0,0.0
986,15.150,112.490,15.02,112.16,1031.22,24901.0,0.0,0.0
987,15.150,112.490,15.02,112.16,1031.22,23785.0,0.0,0.0
988,15.150,112.490,15.02,112.16,1031.22,24676.0,0.0,0.0
989,15.150,112.490,15.02,112.16,1031.22,25739.0,0.0,0.0
990,15.150,112.490,15.02,112.16,1031.22,26120.0,0.0,0.0
991,15.150,112.490,15.02,112.16,1031.22,25496.0,0.0,0.0
992,15.150,112.490,15.02,112.16,1031.22,25920.0,0.0,0.0
993,15.150,112.490,15.02,112.16,1031.22,26694.0,0.0,0.0
994,15.150,112.490,15.02,112.16,1031.22,24221.0,0.0,0.0
995,15.150,112.490,15.02,112.16,1031.22,24312.0,0.0,0.0
996,15.150,112.490,15.02,112.16,1031.22,24343.0,0.0,0.0
997,15.150,112.490,15.02,112.16,1031.22,26346.0,0.0,0.0
998,15.150,112.490,15.02,112.16,1031.22,25205.0,0.0,0.0
999,15.150,112.490,15.02,112.16,1031.22,24190.0,0.0,0.0
1000,15.150,112.490,15.02,112.16,1031.22,24669.0,0.0,0.0
1001,15.150,112.490,15.02,112.16,1031.22,24623.0,0.0,0.0
1002,15.150,112.490,15.02,112.16,1031.22,27081.0,0.0,0.0
1003,15.150,112.490,15.02,112.16,1031.22,24206.0,0.0,0.0
1004,15.150,112.490,15.02,112.16,1031.22,26397.0,0.0,0.0
1005,15.150,112.490,15.02,112.16,1031.22,25158.0,0.0,0.0
1006,15.150,112.490,15.02,112.16,1031.22,26618.0,0.0,0.0
1007,15.150,112.490,15.02,112.16,1031.22,24513.0,0.0,0.0
1008,15.150,112.490,15.02,112.16,1031.22,25733.0,0.0,0.0
1009,15.150,112.490,15.02,112.16,1031.22,24521.0,0.0,0.0
1010,15.150,112.490,15.02,112.16,1031.22,24623.0,0.0,0.0
1011,15.150,112.490,15.02,112.16,1031.22,24592.0,0.0,0.0
1012,15.150,112.490,15.02,112.16,1031.22,25586.0,0.0,0.0
1013,15.150,112.490,15.02,112.16,1031.22,26253.0,0.0,0.0
1014,15.150,112.490,15.02,112.16,1031.22,23922.0,0.0,0.0
1015,15.150,112.490,15.02,112.16,1031.22,26402.0,0.0,0.0
1016,15.150,112.490,15.02,112.16,1031.22,23404.0,0.0,0.0
1017,15.150,112.490,15.02,112.16,1031.22,26285.0,0.0,0.0
1018,15.150,112.490,15.02,112.16,1031.22,25941.0,0.0,0.0
1019,15.150,112.490,15.02,112.16,1031.22,24288.0,0.0,0.0
1020,15.150,112.490,15.02,112.16,1031.22,25661.0,0.0,0.0
1021,15.150,112.490,15.02,112.16,1031.22,25780.0,0.0,0.0
1022,15.150,112.490,15.02,112.16,1031.22,24727.0,0.0,0.0
1023,15.150,112.490,15.02,112.16,1031.22,25521.0,0.0,0.0
1024,15.150,112.490,15.02,112.16,1031.22,25634.0,0.0,0.0
1025,15.150,112.490,15.02,112.16,1031.22,22803.0,0.0,0.0
1026,15.150,112.490,15.02,112.16,1031.22,24630.0,0.0,0.0
1027,15.150,112.490,15.02,112.16,1031.22,26459.0,0.0,0.0
1028,15.150,112.490,15.02,112.16,1031.22,24696.0,0.0,0.0
1029,15.150,112.490,15.02,112.16,1031.22,24112.0,0.0,0.0
1030,15.150,112.490,15.02,112.16,1031.22,26987.0,0.0,0.0
1031,15.150,112.490,15.02,112.16,1031.22,24461.0,0.0,0.0
1032,15.150,112.490,15.02,112.16,1031.22,24777.0,0.0,0.0
1033,15.150,112.490,15.02,112.16,1031.22,26327.0,0.0,0.0
1034,15.150,112.490,15.02,112.16,1031.22,26003.0,0.0,0.0
1035,15.150,112.490,15.02,112.16,1031.22,26139.0,0.0,0.0
1036,15.150,112.490,15.02,112.16,1031.22,24205.0,0.0,0.0
1037,15.150,112.490,15.02,112.16,1031.22,24025.0,0.0,0.0
1038,15.150,112.490,15.02,112.16,1031.22,24275.0,0.0,0.0
1039,15.150,112.490,15.02,112.16,1031.22,25267.0,0.0,0.0
1040,15.150,112.490,15.02,112.16,1031.22,23525.0,0.0,0.0
1041,15.150,112.490,15.02,112.16,1031.22,25198.0,0.0,0.0
1042,15.150,112.490,15.02,112.16,1031.22,24727.0,0.0,0.0
1043,15.150,112.490,15.02,112.16,1031.22,25029.0,0.0,0.0
1044,15.150,112.490,15.02,112.16,1031.22,23604.0,0.0,0.0
1045,15.150,112.490,15.02,112.16,1031.22,25906.0,0.0,0.0
1046,15.150,112.490,15.02,112.16,1031.22,25386.0,0.0,0.0
1047,15.150,112.490,15.02,112.16,1031.22,24587.0,0.0,0.0
1048,15.150,112.490,15.02,112.16,1031.22,26155.0,0.0,0.0
1049,15.150,112.490,15.02,112.16,1031.22,25506.0,0.0,0.0
1050,15.150,112.490,15.02,112.16,1031.22,25104.0,0.0,0.0
1051,15.150,112.490,15.02,112.16,1031.22,26103.0,0.0,0.0
1052,15.150,112.490,15.02,112.16,1031.22,24577.0,0.0,0.0
1053,15.150,112.490,15.02,112.16,1031.22,24431.0,0.0,0.0
1054,15.150,112.490,15.02,112.16,1031.22,25436.0,0.0,0.0
1055,15.150,112.490,15.02,112.16,1031.22,25075.0,0.0,0.0
1056,15.150,112.490,15.02,112.16,1031.22,25323.0,0.0,0.0
1057,15.150,112.490,15.02,112.16,1031.22,22311.0,0.0,0.0
1058,15.150,112.490,15.02,112.16,1031.22,24077.0,0.0,0.0
1059,15.150,112.490,15.02,112.16,1031.22,25940.0,0.0,0.0
1060,15.150,112.490,15.02,112.16,1031.22,26376.0,0.0,0.0
1061,15.150,112.490,15.02,112.16,1031.22,24697.0,0.0,0.0
