id,avg_x,avg_y,x,y,bg,Square_intensity,circular_intensity,Gaussian_intensity
538,71.390,128.100,71.45,128.17,1097.3,24478.0,0.0,0.0
539,71.390,128.100,71.45,128.17,1097.3,25665.0,1106.0,1106.0
540,71.390,128.100,71.45,128.17,1097.3,26210.0,1125.0,1125.0
541,71.390,128.100,71.45,128.17,1097.3,24914.0,0.0,0.0
542,71.390,128.100,71.45,128.17,1097.3,23943.0,0.0,0.0
543,71.390,128.100,71.45,128.17,1097.3,26415.0,780.0,780.0
544,71.390,128.100,71.45,128.17,1097.3,23629.0,0.0,0.0
545,71.390,128.100,71.45,128.17,1097.3,25303.0,232.0,232.0
546,71.390,128.100,71.45,128.17,1097.3,25544.0,859.0,859.0
547,71.390,128.100,71.45,128.17,1097.3,23578.0,0.0,0.0
548,71.390,128.100,71.45,128.17,1097.3,24716.0,468.0,468.0
549,71.390,128.100,71.45,128.17,1097.3,25366.0,1013.0,1013.0
550,71.390,128.100,71.45,128.17,1097.3,27335.0,1757.0,1757.0
551,71.390,128.100,71.45,128.17,1097.3,25722.0,188.0,188.0
552,71.390,128.100,71.45,128.17,1097.3,24996.0,838.0,838.0
553,71.390,128.100,71.45,128.17,1097.3,24322.0,236.0,236.0
554,71.390,128.100,71.45,128.17,1097.3,23711.0,0.0,0.0
555,71.390,128.100,71.45,128.17,1097.3,26838.0,1055.0,1055.0
556,71.390,128.100,71.45,128.17,1097.3,25357.0,0.0,0.0
557,71.390,128.100,71.45,128.17,1097.3,25739.0,0.0,0.0
558,71.390,128.100,71.45,128.17,1097.3,24156.0,0.0,0.0
559,71.390,128.100,71.45,128.17,1097.3,24921.0,337.0,337.0
560,71.390,128.100,71.45,128.17,1097.3,24503.0,0.0,0.0
561,71.390,128.100,71.45,128.17,1097.3,23473.0,0.0,0.0
562,71.390,128.100,71.45,128.17,1097.3,24320.0,0.0,0.0
563,71.390,128.100,71.45,128.17,1097.3,27871.0,3123.0,3123.0
564,71.390,128.100,71.45,128.17,1097.3,24684.0,0.0,0.0
565,71.390,128.100,71.45,128.17,1097.3,23989.0,0.0,0.0
566,71.390,128.100,71.45,128.17,1097.3,24150.0,161.0,161.0
567,71.390,128.100,71.45,128.17,1097.3,25005.0,138.0,138.0
568,71.390,128.100,71.45,128.17,1097.3,25921.0,0.0,0.0
569,71.390,128.100,71.45,128.17,1097.3,24743.0,0.0,0.0
570,71.390,128.100,71.45,128.17,1097.3,25335.0,134.0,134.0
571,71.390,128.100,71.45,128.17,1097.3,25686.0,651.0,651.0
572,71.390,128.100,71.45,128.17,1097.3,24516.0,0.0,0.0
573,71.390,128.100,71.45,128.17,1097.3,25314.0,521.0,521.0
574,71.390,128.100,71.45,128.17,1097.3,23177.0,0.0,0.0
575,71.390,128.100,71.45,128.17,1097.3,23966.0,0.0,0.0
576,71.390,128.100,71.45,128.17,1097.3,25586.0,718.0,718.0
577,71.390,128.100,71.45,128.17,1097.3,24906.0,391.0,391.0
578,71.390,128.100,71.45,128.17,1097.3,25177.0,1248.0,1248.0
579,71.390,128.100,71.45,128.17,1097.3,24174.0,0.0,0.0
580,71.390,128.100,71.45,128.17,1097.3,25563.0,150.0,150.0
581,71.390,128.100,71.45,128.17,1097.3,26245.0,1109.0,1109.0
582,71.390,128.100,71.45,128.17,1097.3,25387.0,135.0,135.0
583,71.390,128.100,71.45,128.17,1097.3,23695.0,0.0,0.0
584,71.390,128.100,71.45,128.17,1097.3,26428.0,815.0,815.0
585,71.390,128.100,71.45,128.17,1097.3,24522.0,331.0,331.0
586,71.390,128.100,71.45,128.17,1097.3,24872.0,0.0,0.0
587,71.390,128.100,71.45,128.17,1097.3,25096.0,790.0,790.0
588,71.390,128.100,71.45,128.17,1097.3,26399.0,1148.0,1148.0
589,71.390,128.100,71.45,128.17,1097.3,24711.0,0.0,0.0
590,71.390,128.100,71.45,128.17,1097.3,24832.0,708.0,708.0
591,71.390,128.100,71.45,128.17,1097.3,23630.0,0.0,0.0
592,71.390,128.100,71.45,128.17,1097.3,25966.0,832.0,832.0
593,71.390,128.100,71.45,128.17,1097.3,24875.0,0.0,0.0
594,71.390,128.100,71.45,128.17,1097.3,26629.0,1248.0,1248.0
595,71.390,128.100,71.45,128.17,1097.3,27114.0,1519.0,1519.0
596,71.390,128.100,71.45,128.17,1097.3,25299.0,688.0,688.0
597,71.390,128.100,71.45,128.17,1097.3,23886.0,0.0,0.0
598,71.390,128.100,71.45,128.17,1097.3,26952.0,1728.0,1728.0
599,71.390,128.100,71.45,128.17,1097.3,26134.0,629.0,629.0
600,71.390,128.100,71.45,128.17,1097.3,24298.0,0.0,0.0
601,71.390,128.100,71.45,128.17,1097.3,23819.0,0.0,0.0
602,71.390,128.100,71.45,128.17,1097.3,24467.0,0.0,0.0
603,71.390,128.100,71.45,128.17,1097.3,24819.0,0.0,0.0
604,71.390,128.100,71.45,128.17,1097.3,24759.0,0.0,0.0
605,71.390,128.100,71.45,128.17,1097.3,25008.0,0.0,0.0
606,71.390,128.100,71.45,128.17,1097.3,24500.0,46.0,46.0
607,71.390,128.100,71.45,128.17,1097.3,25422.0,1124.0,1124.0
608,71.390,128.100,71.45,128.17,1097.3,24885.0,0.0,0.0
609,71.390,128.100,71.45,128.17,1097.3,25279.0,996.0,996.0
610,71.390,128.100,71.45,128.17,1097.3,23884.0,0.0,0.0
611,71.390,128.100,71.45,128.17,1097.3,25695.0,379.0,379.0
612,71.390,128.100,71.45,128.17,1097.3,25220.0,430.0,430.0
613,71.390,128.100,71.45,128.17,1097.3,22810.0,0.0,0.0
614,71.390,128.100,71.45,128.17,1097.3,24806.0,87.0,87.0
615,71.390,128.100,71.45,128.17,1097.3,25058.0,263.0,263.0
616,71.390,128.100,71.45,128.17,1097.3,24855.0,1245.0,1245.0
617,71.390,128.100,71.45,128.17,1097.3,24311.0,0.0,0.0
618,71.390,128.100,71.45,128.17,1097.3,25482.0,1283.0,1283.0
619,71.390,128.100,71.45,128.17,1097.3,24874.0,546.0,546.0
620,71.390,128.100,71.45,128.17,1097.3,25497.0,1623.0,1623.0
621,71.390,128.100,71.45,128.17,1097.3,25255.0,594.0,594.0
622,71.390,128.100,71.45,128.17,1097.3,24078.0,0.0,0.0
623,71.390,128.100,71.45,128.17,1097.3,25830.0,644.0,644.0
624,71.390,128.100,71.45,128.17,1097.3,26217.0,844.0,844.0
625,71.390,128.100,71.45,128.17,1097.3,22228.0,0.0,0.0
626,71.390,128.100,71.45,128.17,1097.3,25784.0,1363.0,1363.0
627,71.390,128.100,71.45,128.17,1097.3,23842.0,0.0,0.0
628,71.390,128.100,71.45,128.17,1097.3,24100.0,0.0,0.0
629,71.390,128.100,71.45,128.17,1097.3,25130.0,1007.0,1007.0
630,71.390,128.100,71.45,128.17,1097.3,22664.0,0.0,0.0
631,71.390,128.100,71.45,128.17,1097.3,25333.0,642.0,642.0
632,71.390,128.100,71.45,128.17,1097.3,24259.0,0.0,0.0
633,71.390,128.100,71.45,128.17,1097.3,24726.0,417.0,417.0
634,71.390,128.100,71.45,128.17,1097.3,24096.0,0.0,0.0
635,71.390,128.100,71.45,128.17,1097.3,26492.0,874.0,874.0
636,71.390,128.100,71.45,128.17,1097.3,26332.0,1415.0,1415.0
637,71.390,128.100,71.45,128.17,1097.3,24425.0,248.0,248.0
638,71.390,128.100,71.45,128.17,1097.3,25356.0,0.0,0.0
639,71.390,128.100,71.45,128.17,1097.3,25288.0,352.0,352.0
640,71.390,128.100,71.45,128.17,1097.3,24488.0,0.0,0.0
641,71.390,128.100,71.45,128.17,1097.3,25360.0,27.0,27.0
642,71.390,128.100,71.45,128.17,1097.3,25878.0,1148.0,1148.0
643,71.390,128.100,71.45,128.17,1097.3,25526.0,528.0,528.0
644,71.390,128.100,71.45,128.17,1097.3,26878.0,1537.0,1537.0
645,71.390,128.100,71.45,128.17,1097.3,28088.0,2572.0,2572.0
646,71.390,128.100,71.45,128.17,1097.3,24570.0,109.0,109.0
647,71.390,128.100,71.45,128.17,1097.3,27980.0,2716.0,2716.0
648,71.390,128.100,71.45,128.17,1097.3,24647.0,256.0,256.0
649,71.390,128.100,71.45,128.17,1097.3,25216.0,1169.0,1169.0
650,71.390,128.100,71.45,128.17,1097.3,23949.0,0.0,0.0
651,71.390,128.100,71.45,128.17,1097.3,24914.0,0.0,0.0
652,71.390,128.100,71.45,128.17,1097.3,25460.0,0.0,0.0
653,71.390,128.100,71.45,128.17,1097.3,27257.0,1040.0,1040.0
654,71.390,128.100,71.45,128.17,1097.3,27302.0,1562.0,1562.0
655,71.390,128.100,71.45,128.17,1097.3,25924.0,1208.0,1208.0
656,71.390,128.100,71.45,128.17,1097.3,26555.0,1145.0,1145.0
657,71.390,128.100,71.45,128.17,1097.3,26593.0,1853.0,1853.0
658,71.390,128.100,71.45,128.17,1097.3,26771.0,1960.0,1960.0
659,71.390,128.100,71.45,128.17,1097.3,27144.0,2042.0,2042.0
660,71.390,128.100,71.45,128.17,1097.3,26497.0,937.0,937.0
661,71.390,128.100,71.45,128.17,1097.3,26169.0,1027.0,1027.0
662,71.390,128.100,71.45,128.17,1097.3,25216.0,297.0,297.0
663,71.390,128.100,71.45,128.17,1097.3,24615.0,0.0,0.0
664,71.390,128.100,71.45,128.17,1097.3,25987.0,874.0,874.0
665,71.390,128.100,71.45,128.17,1097.3,25502.0,424.0,424.0
666,71.390,128.100,71.45,128.17,1097.3,26347.0,1079.0,1079.0
667,71.390,128.100,71.45,128.17,1097.3,25375.0,289.0,289.0
668,71.390,128.100,71.45,128.17,1097.3,26474.0,871.0,871.0
669,71.390,128.100,71.45,128.17,1097.3,26627.0,1304.0,1304.0
670,71.390,128.100,71.45,128.17,1097.3,25416.0,619.0,619.0
671,71.390,128.100,71.45,128.17,1097.3,26327.0,1247.0,1247.0
672,71.390,128.100,71.45,128.17,1097.3,23542.0,0.0,0.0
673,71.390,128.100,71.45,128.17,1097.3,24802.0,0.0,0.0
674,71.390,128.100,71.45,128.17,1097.3,23632.0,0.0,0.0
675,71.390,128.100,71.45,128.17,1097.3,27107.0,927.0,927.0
676,71.390,128.100,71.45,128.17,1097.3,23036.0,0.0,0.0
677,71.390,128.100,71.45,128.17,1097.3,25457.0,170.0,170.0
678,71.390,128.100,71.45,128.17,1097.3,24506.0,0.0,0.0
679,71.390,128.100,71.45,128.17,1097.3,24685.0,119.0,119.0
680,71.390,128.100,71.45,128.17,1097.3,25636.0,969.0,969.0
681,71.390,128.100,71.45,128.17,1097.3,24465.0,0.0,0.0
682,71.390,128.100,71.45,128.17,1097.3,24932.0,0.0,0.0
683,71.390,128.100,71.45,128.17,1097.3,25810.0,233.0,233.0
684,71.390,128.100,71.45,128.17,1097.3,24809.0,646.0,646.0
685,71.390,128.100,71.45,128.17,1097.3,27040.0,956.0,956.0
686,71.390,128.100,71.45,128.17,1097.3,24741.0,479.0,479.0
687,71.390,128.100,71.45,128.17,1097.3,26146.0,1105.0,1105.0
688,71.390,128.100,71.45,128.17,1097.3,25450.0,745.0,745.0
689,71.390,128.100,71.45,128.17,1097.3,26084.0,53.0,53.0
690,71.390,128.100,71.45,128.17,1097.3,23036.0,0.0,0.0
691,71.390,128.100,71.45,128.17,1097.3,26127.0,798.0,798.0
692,71.390,128.100,71.45,128.17,1097.3,25563.0,292.0,292.0
693,71.390,128.100,71.45,128.17,1097.3,26582.0,914.0,914.0
694,71.390,128.100,71.45,128.17,1097.3,24053.0,53.0,53.0
695,71.390,128.100,71.45,128.17,1097.3,25487.0,610.0,610.0
696,71.390,128.100,71.45,128.17,1097.3,25650.0,418.0,418.0
697,71.390,128.100,71.45,128.17,1097.3,24356.0,0.0,0.0
698,71.390,128.100,71.45,128.17,1097.3,25395.0,8.0,8.0
699,71.390,128.100,71.45,128.17,1097.3,24901.0,363.0,363.0
700,71.390,128.100,71.45,128.17,1097.3,24963.0,0.0,0.0
701,71.390,128.100,71.45,128.17,1097.3,24868.0,365.0,365.0
702,71.390,128.100,71.45,128.17,1097.3,25286.0,659.0,659.0
703,71.390,128.100,71.45,128.17,1097.3,26096.0,788.0,788.0
704,71.390,128.100,71.45,128.17,1097.3,24186.0,0.0,0.0
705,71.390,128.100,71.45,128.17,1097.3,23508.0,0.0,0.0
706,71.390,128.100,71.45,128.17,1097.3,25540.0,864.0,864.0
707,71.390,128.100,71.45,128.17,1097.3,23355.0,386.0,386.0
708,71.390,128.100,71.45,128.17,1097.3,25511.0,1237.0,1237.0
709,71.390,128.100,71.45,128.17,1097.3,22841.0,0.0,0.0
710,71.390,128.100,71.45,128.17,1097.3,22673.0,0.0,0.0
711,71.390,128.100,71.45,128.17,1097.3,24401.0,0.0,0.0
712,71.390,128.100,71.45,128.17,1097.3,24582.0,0.0,0.0
713,71.390,128.100,71.45,128.17,1097.3,24159.0,0.0,0.0
714,71.390,128.100,71.45,128.17,1097.3,25651.0,1152.0,1152.0
715,71.390,128.100,71.45,128.17,1097.3,25990.0,982.0,982.0
716,71.390,128.100,71.45,128.17,1097.3,23673.0,0.0,0.0
717,71.390,128.100,71.45,128.17,1097.3,25152.0,0.0,0.0
718,71.390,128.100,71.45,128.17,1097.3,22820.0,0.0,0.0
719,71.390,128.100,71.45,128.17,1097.3,23423.0,0.0,0.0
720,71.390,128.100,71.45,128.17,1097.3,25108.0,0.0,0.0
721,71.390,128.100,71.45,128.17,1097.3,25098.0,658.0,658.0
722,71.390,128.100,71.45,128.17,1097.3,24927.0,245.0,245.0
723,71.390,128.100,71.45,128.17,1097.3,24262.0,0.0,0.0
724,71.390,128.100,71.45,128.17,1097.3,25715.0,1348.0,1348.0
725,71.390,128.100,71.45,128.17,1097.3,22989.0,0.0,0.0
726,71.390,128.100,71.45,128.17,1097.3,25238.0,861.0,861.0
727,71.390,128.100,71.45,128.17,1097.3,23629.0,0.0,0.0
728,71.390,128.100,71.45,128.17,1097.3,25314.0,267.0,267.0
729,71.390,128.100,71.45,128.17,1097.3,23814.0,0.0,0.0
730,71.390,128.100,71.45,128.17,1097.3,24312.0,0.0,0.0
731,71.390,128.100,71.45,128.17,1097.3,25048.0,298.0,298.0
732,71.390,128.100,71.45,128.17,1097.3,25515.0,63.0,63.0
733,71.390,128.100,71.45,128.17,1097.3,25823.0,882.0,882.0
734,71.390,128.100,71.45,128.17,1097.3,23164.0,0.0,0.0
735,71.390,128.100,71.45,128.17,1097.3,24982.0,202.0,202.0
736,71.390,128.100,71.45,128.17,1097.3,25567.0,464.0,464.0
737,71.390,128.100,71.45,128.17,1097.3,27539.0,1965.0,1965.0
738,71.390,128.100,71.45,128.17,1097.3,25203.0,32.0,32.0
739,71.390,128.100,71.45,128.17,1097.3,23806.0,0.0,0.0
740,71.390,128.100,71.45,128.17,1097.3,23180.0,0.0,0.0
741,71.390,128.100,71.45,128.17,1097.3,25434.0,237.0,237.0
742,71.390,128.100,71.45,128.17,1097.3,25640.0,891.0,891.0
743,71.390,128.100,71.45,128.17,1097.3,24742.0,600.0,600.0
744,71.390,128.100,71.45,128.17,1097.3,25721.0,1164.0,1164.0
745,71.390,128.100,71.45,128.17,1097.3,24897.0,939.0,939.0
746,71.390,128.100,71.45,128.17,1097.3,23989.0,0.0,0.0
747,71.390,128.100,71.45,128.17,1097.3,24420.0,0.0,0.0
748,71.390,128.100,71.45,128.17,1097.3,23521.0,0.0,0.0
749,71.390,128.100,71.45,128.17,1097.3,21609.0,0.0,0.0
750,71.390,128.100,71.45,128.17,1097.3,23845.0,0.0,0.0
751,71.390,128.100,71.45,128.17,1097.3,24745.0,0.0,0.0
752,71.390,128.100,71.45,128.17,1097.3,25071.0,233.0,233.0
753,71.390,128.100,71.45,128.17,1097.3,23736.0,0.0,0.0
754,71.390,128.100,71.45,128.17,1097.3,23945.0,0.0,0.0
755,71.390,128.100,71.45,128.17,1097.3,25914.0,0.0,0.0
756,71.390,128.100,71.45,128.17,1097.3,25829.0,592.0,592.0
757,71.390,128.100,71.45,128.17,1097.3,26598.0,1091.0,1091.0
758,71.390,128.100,71.45,128.17,1097.3,25040.0,0.0,0.0
759,71.390,128.100,71.45,128.17,1097.3,25540.0,722.0,722.0
760,71.390,128.100,71.45,128.17,1097.3,25339.0,394.0,394.0
761,71.390,128.100,71.45,128.17,1097.3,26257.0,1573.0,1573.0
762,71.390,128.100,71.45,128.17,1097.3,25223.0,1288.0,1288.0
763,71.390,128.100,71.45,128.17,1097.3,25820.0,408.0,408.0
764,71.390,128.100,71.45,128.17,1097.3,24715.0,266.0,266.0
765,71.390,128.100,71.45,128.17,1097.3,25288.0,635.0,635.0
766,71.390,128.100,71.45,128.17,1097.3,23968.0,0.0,0.0
767,71.390,128.100,71.45,128.17,1097.3,24534.0,0.0,0.0
768,71.390,128.100,71.45,128.17,1097.3,25194.0,790.0,790.0
769,71.390,128.100,71.45,128.17,1097.3,25050.0,424.0,424.0
770,71.390,128.100,71.45,128.17,1097.3,23879.0,0.0,0.0
771,71.390,128.100,71.45,128.17,1097.3,23615.0,0.0,0.0
772,71.390,128.100,71.45,128.17,1097.3,24408.0,671.0,671.0
773,71.390,128.100,71.45,128.17,1097.3,24629.0,0.0,0.0
774,71.390,128.100,71.45,128.17,1097.3,25276.0,634.0,634.0
775,71.390,128.100,71.45,128.17,1097.3,25634.0,905.0,905.0
776,71.390,128.100,71.45,128.17,1097.3,24955.0,78.0,78.0
777,71.390,128.100,71.45,128.17,1097.3,24757.0,145.0,145.0
778,71.390,128.100,71.45,128.17,1097.3,25025.0,455.0,455.0
779,71.390,128.100,71.45,128.17,1097.3,24704.0,234.0,234.0
780,71.390,128.100,71.45,128.17,1097.3,26429.0,792.0,792.0
781,71.390,128.100,71.45,128.17,1097.3,25982.0,559.0,559.0
782,71.390,128.100,71.45,128.17,1097.3,24576.0,0.0,0.0
783,71.390,128.100,71.45,128.17,1097.3,26107.0,1466.0,1466.0
784,71.390,128.100,71.45,128.17,1097.3,23493.0,0.0,0.0
785,71.390,128.100,71.45,128.17,1097.3,26632.0,1321.0,1321.0
786,71.390,128.100,71.45,128.17,1097.3,25623.0,1138.0,1138.0
787,71.390,128.100,71.45,128.17,1097.3,26581.0,2138.0,2138.0
788,71.390,128.100,71.45,128.17,1097.3,25051.0,821.0,821.0
789,71.390,128.100,71.45,128.17,1097.3,23506.0,0.0,0.0
790,71.390,128.100,71.45,128.17,1097.3,23883.0,54.0,54.0
791,71.390,128.100,71.45,128.17,1097.3,25144.0,1529.0,1529.0
792,71.390,128.100,71.45,128.17,1097.3,25541.0,0.0,0.0
793,71.390,128.100,71.45,128.17,1097.3,22994.0,0.0,0.0
794,71.390,128.100,71.45,128.17,1097.3,24498.0,0.0,0.0
795,71.390,128.100,71.45,128.17,1097.3,24318.0,0.0,0.0
796,71.390,128.100,71.45,128.17,1097.3,26109.0,901.0,901.0
797,71.390,128.100,71.45,128.17,1097.3,24747.0,729.0,729.0
798,71.390,128.100,71.45,128.17,1097.3,24805.0,0.0,0.0
799,71.390,128.100,71.45,128.17,1097.3,26566.0,2347.0,2347.0
800,71.390,128.100,71.45,128.17,1097.3,25545.0,0.0,0.0
801,71.390,128.100,71.45,128.17,1097.3,24416.0,118.0,118.0
802,71.390,128.100,71.45,128.17,1097.3,24187.0,0.0,0.0
803,71.390,128.100,71.45,128.17,1097.3,26309.0,583.0,583.0
804,71.390,128.100,71.45,128.17,1097.3,23935.0,0.0,0.0
805,71.390,128.100,71.45,128.17,1097.3,24036.0,0.0,0.0
806,71.390,128.100,71.45,128.17,1097.3,24017.0,0.0,0.0
807,71.390,128.100,71.45,128.17,1097.3,24270.0,0.0,0.0
808,71.390,128.100,71.45,128.17,1097.3,24233.0,489.0,489.0
809,71.390,128.100,71.45,128.17,1097.3,24926.0,453.0,453.0
810,71.390,128.100,71.45,128.17,1097.3,24606.0,0.0,0.0
811,71.390,128.100,71.45,128.17,1097.3,24837.0,1344.0,1344.0
812,71.390,128.100,71.45,128.17,1097.3,26428.0,943.0,943.0
813,71.390,128.100,71.45,128.17,1097.3,25068.0,439.0,439.0
814,71.390,128.100,71.45,128.17,1097.3,25075.0,1017.0,1017.0
815,71.390,128.100,71.45,128.17,1097.3,24711.0,0.0,0.0
816,71.390,128.100,71.45,128.17,1097.3,24825.0,0.0,0.0
817,71.390,128.100,71.45,128.17,1097.3,24443.0,0.0,0.0
818,71.390,128.100,71.45,128.17,1097.3,24355.0,0.0,0.0
819,71.390,128.100,71.45,128.17,1097.3,24581.0,0.0,0.0
820,71.390,128.100,71.45,128.17,1097.3,25695.0,765.0,765.0
821,71.390,128.100,71.45,128.17,1097.3,25468.0,1453.0,1453.0
822,71.390,128.100,71.45,128.17,1097.3,24463.0,115.0,115.0
823,71.390,128.100,71.45,128.17,1097.3,26617.0,920.0,920.0
824,71.390,128.100,71.45,128.17,1097.3,24008.0,373.0,373.0
825,71.390,128.100,71.45,128.17,1097.3,26068.0,989.0,989.0
826,71.390,128.100,71.45,128.17,1097.3,24513.0,703.0,703.0
827,71.390,128.100,71.45,128.17,1097.3,26383.0,1326.0,1326.0
828,71.390,128.100,71.45,128.17,1097.3,24889.0,262.0,262.0
829,71.390,128.100,71.45,128.17,1097.3,25820.0,497.0,497.0
830,71.390,128.100,71.45,128.17,1097.3,24449.0,0.0,0.0
831,71.390,128.100,71.45,128.17,1097.3,24930.0,98.0,98.0
832,71.390,128.100,71.45,128.17,1097.3,26664.0,1209.0,1209.0
833,71.390,128.100,71.45,128.17,1097.3,23800.0,0.0,0.0
834,71.390,128.100,71.45,128.17,1097.3,25082.0,0.0,0.0
835,71.390,128.100,71.45,128.17,1097.3,23273.0,0.0,0.0
836,71.390,128.100,71.45,128.17,1097.3,22524.0,0.0,0.0
837,71.390,128.100,71.45,128.17,1097.3,25020.0,766.0,766.0
838,71.390,128.100,71.45,128.17,1097.3,23232.0,0.0,0.0
839,71.390,128.100,71.45,128.17,1097.3,24320.0,78.0,78.0
840,71.390,128.100,71.45,128.17,1097.3,24266.0,0.0,0.0
841,71.390,128.100,71.45,128.17,1097.3,25144.0,0.0,0.0
842,71.390,128.100,71.45,128.17,1097.3,25074.0,0.0,0.0
843,71.390,128.100,71.45,128.17,1097.3,26074.0,1000.0,1000.0
844,71.390,128.100,71.45,128.17,1097.3,24672.0,0.0,0.0
845,71.390,128.100,71.45,128.17,1097.3,26287.0,502.0,502.0
846,71.390,128.100,71.45,128.17,1097.3,25276.0,504.0,504.0
847,71.390,128.100,71.45,128.17,1097.3,25088.0,0.0,0.0
848,71.390,128.100,71.45,128.17,1097.3,24562.0,0.0,0.0
849,71.390,128.100,71.45,128.17,1097.3,26000.0,1266.0,1266.0
850,71.390,128.100,71.45,128.17,1097.3,24841.0,0.0,0.0
851,71.390,128.100,71.45,128.17,1097.3,24539.0,49.0,49.0
852,71.390,128.100,71.45,128.17,1097.3,25132.0,949.0,949.0
853,71.390,128.100,71.45,128.17,1097.3,23763.0,0.0,0.0
854,71.390,128.100,71.45,128.17,1097.3,25569.0,792.0,792.0
855,71.390,128.100,71.45,128.17,1097.3,25126.0,222.0,222.0
856,71.390,128.100,71.45,128.17,1097.3,27625.0,3010.0,3010.0
857,71.390,128.100,71.45,128.17,1097.3,24201.0,0.0,0.0
858,71.390,128.100,71.45,128.17,1097.3,23927.0,428.0,428.0
859,71.390,128.100,71.45,128.17,1097.3,25505.0,380.0,380.0
860,71.390,128.100,71.45,128.17,1097.3,25476.0,601.0,601.0
861,71.390,128.100,71.45,128.17,1097.3,24713.0,0.0,0.0
862,71.390,128.100,71.45,128.17,1097.3,23401.0,0.0,0.0
863,71.390,128.100,71.45,128.17,1097.3,24842.0,0.0,0.0
864,71.390,128.100,71.45,128.17,1097.3,25107.0,86.0,86.0
865,71.390,128.100,71.45,128.17,1097.3,26044.0,1475.0,1475.0
866,71.390,128.100,71.45,128.17,1097.3,25868.0,220.0,220.0
867,71.390,128.100,71.45,128.17,1097.3,24202.0,269.0,269.0
868,71.390,128.100,71.45,128.17,1097.3,25951.0,1202.0,1202.0
869,71.390,128.100,71.45,128.17,1097.3,25120.0,146.0,146.0
870,71.390,128.100,71.45,128.17,1097.3,25169.0,375.0,375.0
871,71.390,128.100,71.45,128.17,1097.3,23163.0,0.0,0.0
872,71.390,128.100,71.45,128.17,1097.3,25554.0,327.0,327.0
873,71.390,128.100,71.45,128.17,1097.3,25712.0,409.0,409.0
874,71.390,128.100,71.45,128.17,1097.3,24957.0,347.0,347.0
875,71.390,128.100,71.45,128.17,1097.3,23802.0,0.0,0.0
876,71.390,128.100,71.45,128.17,1097.3,24721.0,0.0,0.0
877,71.390,128.100,71.45,128.17,1097.3,24342.0,426.0,426.0
878,71.390,128.100,71.45,128.17,1097.3,25104.0,99.0,99.0
879,71.390,128.100,71.45,128.17,1097.3,26375.0,2284.0,2284.0
880,71.390,128.100,71.45,128.17,1097.3,25165.0,770.0,770.0
881,71.390,128.100,71.45,128.17,1097.3,24552.0,130.0,130.0
882,71.390,128.100,71.45,128.17,1097.3,24697.0,0.0,0.0
883,71.390,128.100,71.45,128.17,1097.3,22817.0,0.0,0.0
884,71.390,128.100,71.45,128.17,1097.3,23571.0,0.0,0.0
885,71.390,128.100,71.45,128.17,1097.3,25899.0,1354.0,1354.0
886,71.390,128.100,71.45,128.17,1097.3,25035.0,580.0,580.0
887,71.390,128.100,71.45,128.17,1097.3,25552.0,0.0,0.0
888,71.390,128.100,71.45,128.17,1097.3,24175.0,0.0,0.0
889,71.390,128.100,71.45,128.17,1097.3,24027.0,0.0,0.0
890,71.390,128.100,71.45,128.17,1097.3,25554.0,942.0,942.0
891,71.390,128.100,71.45,128.17,1097.3,24455.0,740.0,740.0
892,71.390,128.100,71.45,128.17,1097.3,24835.0,105.0,105.0
893,71.390,128.100,71.45,128.17,1097.3,25290.0,890.0,890.0
894,71.390,128.100,71.45,128.17,1097.3,25211.0,425.0,425.0
895,71.390,128.100,71.45,128.17,1097.3,25599.0,1007.0,1007.0
896,71.390,128.100,71.45,128.17,1097.3,25334.0,3.0,3.0
897,71.390,128.100,71.45,128.17,1097.3,24451.0,0.0,0.0
898,71.390,128.100,71.45,128.17,1097.3,24780.0,332.0,332.0
899,71.390,128.100,71.45,128.17,1097.3,22046.0,0.0,0.0
900,71.390,128.100,71.45,128.17,1097.3,23348.0,0.0,0.0
901,71.390,128.100,71.45,128.17,1097.3,24222.0,534.0,534.0
902,71.390,128.100,71.45,128.17,1097.3,22559.0,0.0,0.0
903,71.390,128.100,71.45,128.17,1097.3,24045.0,0.0,0.0
904,71.390,128.100,71.45,128.17,1097.3,24174.0,0.0,0.0
905,71.390,128.100,71.45,128.17,1097.3,25195.0,1041.0,1041.0
906,71.390,128.100,71.45,128.17,1097.3,24360.0,0.0,0.0
907,71.390,128.100,71.45,128.17,1097.3,23254.0,0.0,0.0
908,71.390,128.100,71.45,128.17,1097.3,23001.0,0.0,0.0
909,71.390,128.100,71.45,128.17,1097.3,26018.0,716.0,716.0
910,71.390,128.100,71.45,128.17,1097.3,25205.0,459.0,459.0
911,71.390,128.100,71.45,128.17,1097.3,23653.0,0.0,0.0
912,71.390,128.100,71.45,128.17,1097.3,23731.0,0.0,0.0
913,71.390,128.100,71.45,128.17,1097.3,23678.0,0.0,0.0
914,71.390,128.100,71.45,128.17,1097.3,24453.0,103.0,103.0
915,71.390,128.100,71.45,128.17,1097.3,23928.0,0.0,0.0
916,71.390,128.100,71.45,128.17,1097.3,24587.0,16.0,16.0
917,71.390,128.100,71.45,128.17,1097.3,23518.0,0.0,0.0
918,71.390,128.100,71.45,128.17,1097.3,23967.0,0.0,0.0
919,71.390,128.100,71.45,128.17,1097.3,24582.0,315.0,315.0
920,71.390,128.100,71.45,128.17,1097.3,23502.0,0.0,0.0
921,71.390,128.100,71.45,128.17,1097.3,26122.0,2077.0,2077.0
922,71.390,128.100,71.45,128.17,1097.3,23583.0,0.0,0.0
923,71.390,128.100,71.45,128.17,1097.3,23015.0,0.0,0.0
924,71.390,128.100,71.45,128.17,1097.3,23973.0,0.0,0.0
925,71.390,128.100,71.45,128.17,1097.3,22782.0,0.0,0.0
926,71.390,128.100,71.45,128.17,1097.3,25838.0,1407.0,1407.0
927,71.390,128.100,71.45,128.17,1097.3,25864.0,1061.0,1061.0
928,71.390,128.100,71.45,128.17,1097.3,25125.0,0.0,0.0
929,71.390,128.100,71.45,128.17,1097.3,24160.0,0.0,0.0
930,71.390,128.100,71.45,128.17,1097.3,24779.0,104.0,104.0
931,71.390,128.100,71.45,128.17,1097.3,25613.0,1174.0,1174.0
932,71.390,128.100,71.45,128.17,1097.3,23067.0,0.0,0.0
933,71.390,128.100,71.45,128.17,1097.3,24443.0,473.0,473.0
934,71.390,128.100,71.45,128.17,1097.3,25372.0,1028.0,1028.0
935,71.390,128.100,71.45,128.17,1097.3,25380.0,768.0,768.0
936,71.390,128.100,71.45,128.17,1097.3,26256.0,1974.0,1974.0
937,71.390,128.100,71.45,128.17,1097.3,26756.0,1611.0,1611.0
938,71.390,128.100,71.45,128.17,1097.3,25823.0,149.0,149.0
939,71.390,128.100,71.45,128.17,1097.3,24568.0,200.0,200.0
940,71.390,128.100,71.45,128.17,1097.3,24797.0,1021.0,1021.0
941,71.390,128.100,71.45,128.17,1097.3,25818.0,1849.0,1849.0
942,71.390,128.100,71.45,128.17,1097.3,26205.0,1190.0,1190.0
943,71.390,128.100,71.45,128.17,1097.3,26440.0,1417.0,1417.0
944,71.390,128.100,71.45,128.17,1097.3,24349.0,836.0,836.0
945,71.390,128.100,71.45,128.17,1097.3,25729.0,378.0,378.0
946,71.390,128.100,71.45,128.17,1097.3,25299.0,639.0,639.0
947,71.390,128.100,71.45,128.17,1097.3,24136.0,297.0,297.0
948,71.390,128.100,71.45,128.17,1097.3,25306.0,860.0,860.0
949,71.390,128.100,71.45,128.17,1097.3,25785.0,901.0,901.0
950,71.390,128.100,71.45,128.17,1097.3,25851.0,988.0,988.0
951,71.390,128.100,71.45,128.17,1097.3,25179.0,1408.0,1408.0
952,71.390,128.100,71.45,128.17,1097.3,23024.0,0.0,0.0
953,71.390,128.100,71.45,128.17,1097.3,25666.0,848.0,848.0
954,71.390,128.100,71.45,128.17,1097.3,25290.0,561.0,561.0
955,71.390,128.100,71.45,128.17,1097.3,24691.0,822.0,822.0
956,71.390,128.100,71.45,128.17,1097.3,24772.0,255.0,255.0
957,71.390,128.100,71.45,128.17,1097.3,24404.0,39.0,39.0
958,71.390,128.100,71.45,128.17,1097.3,25246.0,1098.0,1098.0
959,71.390,128.100,71.45,128.17,1097.3,23904.0,0.0,0.0
960,71.390,128.100,71.45,128.17,1097.3,23868.0,0.0,0.0
961,71.390,128.100,71.45,128.17,1097.3,24209.0,0.0,0.0
962,71.390,128.100,71.45,128.17,1097.3,24276.0,204.0,204.0
963,71.390,128.100,71.45,128.17,1097.3,25225.0,254.0,254.0
964,71.390,128.100,71.45,128.17,1097.3,24668.0,274.0,274.0
965,71.390,128.100,71.45,128.17,1097.3,24854.0,276.0,276.0
966,71.390,128.100,71.45,128.17,1097.3,25252.0,803.0,803.0
967,71.390,128.100,71.45,128.17,1097.3,22859.0,0.0,0.0
968,71.390,128.100,71.45,128.17,1097.3,24500.0,444.0,444.0
969,71.390,128.100,71.45,128.17,1097.3,23431.0,0.0,0.0
970,71.390,128.100,71.45,128.17,1097.3,24892.0,1269.0,1269.0
971,71.390,128.100,71.45,128.17,1097.3,24524.0,0.0,0.0
972,71.390,128.100,71.45,128.17,1097.3,23995.0,0.0,0.0
973,71.390,128.100,71.45,128.17,1097.3,24178.0,0.0,0.0
974,71.390,128.100,71.45,128.17,1097.3,26433.0,1572.0,1572.0
975,71.390,128.100,71.45,128.17,1097.3,24401.0,0.0,0.0
976,71.390,128.100,71.45,128.17,1097.3,25157.0,785.0,785.0
977,71.390,128.100,71.45,128.17,1097.3,24492.0,0.0,0.0
978,71.390,128.100,71.45,128.17,1097.3,23793.0,0.0,0.0
979,71.390,128.100,71.45,128.17,1097.3,23110.0,0.0,0.0
980,71.390,128.100,71.45,128.17,1097.3,24835.0,145.0,145.0
981,71.390,128.100,71.45,128.17,1097.3,25726.0,0.0,0.0
982,71.390,128.100,71.45,128.17,1097.3,24927.0,63.0,63.0
983,71.390,128.100,71.45,128.17,1097.3,24480.0,170.0,170.0
984,71.390,128.100,71.45,128.17,1097.3,22690.0,0.0,0.0
985,71.390,128.100,71.45,128.17,1097.3,25137.0,0.0,0.0
986,71.390,128.100,71.45,128.17,1097.3,23912.0,0.0,0.0
987,71.390,128.100,71.45,128.17,1097.3,23385.0,0.0,0.0
988,71.390,128.100,71.45,128.17,1097.3,24063.0,0.0,0.0
989,71.390,128.100,71.45,128.17,1097.3,25527.0,1247.0,1247.0
990,71.390,128.100,71.45,128.17,1097.3,23630.0,0.0,0.0
991,71.390,128.100,71.45,128.17,1097.3,25589.0,1283.0,1283.0
992,71.390,128.100,71.45,128.17,1097.3,24937.0,291.0,291.0
993,71.390,128.100,71.45,128.17,1097.3,25122.0,273.0,273.0
994,71.390,128.100,71.45,128.17,1097.3,26417.0,989.0,989.0
995,71.390,128.100,71.45,128.17,1097.3,24822.0,409.0,409.0
996,71.390,128.100,71.45,128.17,1097.3,25761.0,741.0,741.0
997,71.390,128.100,71.45,128.17,1097.3,24249.0,0.0,0.0
998,71.390,128.100,71.45,128.17,1097.3,25524.0,1530.0,1530.0
999,71.390,128.100,71.45,128.17,1097.3,24737.0,103.0,103.0
1000,71.390,128.100,71.45,128.17,1097.3,24356.0,84.0,84.0
1001,71.390,128.100,71.45,128.17,1097.3,25225.0,648.0,648.0
1002,71.390,128.100,71.45,128.17,1097.3,23523.0,0.0,0.0
1003,71.390,128.100,71.45,128.17,1097.3,24706.0,238.0,238.0
1004,71.390,128.100,71.45,128.17,1097.3,24947.0,396.0,396.0
1005,71.390,128.100,71.45,128.17,1097.3,24362.0,507.0,507.0
1006,71.390,128.100,71.45,128.17,1097.3,25602.0,443.0,443.0
1007,71.390,128.100,71.45,128.17,1097.3,25354.0,568.0,568.0
1008,71.390,128.100,71.45,128.17,1097.3,24988.0,396.0,396.0
1009,71.390,128.100,71.45,128.17,1097.3,24331.0,202.0,202.0
1010,71.390,128.100,71.45,128.17,1097.3,23655.0,30.0,30.0
1011,71.390,128.100,71.45,128.17,1097.3,22840.0,0.0,0.0
1012,71.390,128.100,71.45,128.17,1097.3,25814.0,293.0,293.0
1013,71.390,128.100,71.45,128.17,1097.3,23544.0,0.0,0.0
1014,71.390,128.100,71.45,128.17,1097.3,25332.0,142.0,142.0
1015,71.390,128.100,71.45,128.17,1097.3,24987.0,25.0,25.0
1016,71.390,128.100,71.45,128.17,1097.3,24646.0,590.0,590.0
1017,71.390,128.100,71.45,128.17,1097.3,25442.0,812.0,812.0
1018,71.390,128.100,71.45,128.17,1097.3,24263.0,0.0,0.0
1019,71.390,128.100,71.45,128.17,1097.3,23443.0,0.0,0.0
1020,71.390,128.100,71.45,128.17,1097.3,23675.0,0.0,0.0
1021,71.390,128.100,71.45,128.17,1097.3,25268.0,370.0,370.0
1022,71.390,128.100,71.45,128.17,1097.3,22577.0,0.0,0.0
1023,71.390,128.100,71.45,128.17,1097.3,25719.0,211.0,211.0
1024,71.390,128.100,71.45,128.17,1097.3,23790.0,0.0,0.0
1025,71.390,128.100,71.45,128.17,1097.3,24275.0,531.0,531.0
1026,71.390,128.100,71.45,128.17,1097.3,23608.0,67.0,67.0
1027,71.390,128.100,71.45,128.17,1097.3,23975.0,0.0,0.0
1028,71.390,128.100,71.45,128.17,1097.3,24199.0,0.0,0.0
1029,71.390,128.100,71.45,128.17,1097.3,25768.0,1396.0,1396.0
1030,71.390,128.100,71.45,128.17,1097.3,23870.0,0.0,0.0
1031,71.390,128.100,71.45,128.17,1097.3,24155.0,192.0,192.0
1032,71.390,128.100,71.45,128.17,1097.3,25577.0,1083.0,1083.0
1033,71.390,128.100,71.45,128.17,1097.3,22668.0,0.0,0.0
1034,71.390,128.100,71.45,128.17,1097.3,25734.0,1821.0,1821.0
1035,71.390,128.100,71.45,128.17,1097.3,23809.0,0.0,0.0
1036,71.390,128.100,71.45,128.17,1097.3,25956.0,1126.0,1126.0
1037,71.390,128.100,71.45,128.17,1097.3,24507.0,707.0,707.0
1038,71.390,128.100,71.45,128.17,1097.3,43667.0,15515.0,15515.0
1039,71.390,128.100,71.5,128.13,1097.3,48555.0,19904.0,19904.0
1040,71.390,128.100,71.39,128.44,1097.3,45259.0,18873.0,18873.0
1041,71.390,128.100,71.17,128.36,1097.3,47499.0,18845.0,18845.0
1042,71.390,128.100,71.28,128.35,1097.3,44995.0,17790.0,17790.0
1043,71.390,128.100,71.33,128.18,1097.3,46535.0,19078.0,19078.0
1044,71.390,128.100,71.29,128.39,1097.3,46894.0,18557.0,18557.0
1045,71.390,128.100,71.41,128.28,1097.3,46225.0,18193.0,18193.0
1046,71.390,128.100,71.46,128.23,1097.3,41351.0,15009.0,15009.0
1047,71.390,128.100,71.29,128.22,1097.3,45654.0,18466.0,18466.0
1048,71.390,128.100,71.38,128.36,1097.3,44507.0,17026.0,17026.0
1049,71.390,128.100,71.48,128.2,1097.3,45205.0,17389.0,17389.0
1050,71.390,128.100,71.45,128.36,1097.3,44850.0,17021.0,17021.0
1051,71.390,128.100,71.39,128.43,1097.3,49839.0,21288.0,21288.0
1052,71.390,128.100,71.42,128.2,1097.3,46717.0,18958.0,18958.0
1053,71.390,128.100,71.3,128.2,1097.3,48301.0,20576.0,20576.0
1054,71.390,128.100,71.55,128.24,1097.3,43731.0,16219.0,16219.0
1055,71.390,128.100,71.37,128.31,1097.3,47746.0,19453.0,19453.0
1056,71.390,128.100,71.48,128.27,1097.3,47466.0,18508.0,18508.0
1057,71.390,128.100,71.38,128.32,1097.3,47075.0,19505.0,19505.0
1058,71.390,128.100,71.42,128.36,1097.3,44551.0,17011.0,17011.0
1059,71.390,128.100,71.56,128.38,1097.3,44701.0,17150.0,17150.0
1060,71.390,128.100,71.17,128.21,1097.3,44191.0,16046.0,16046.0
1061,71.390,128.100,71.58,128.22,1097.3,46723.0,18793.0,18793.0
1062,71.390,128.100,71.4,128.31,1097.3,43307.0,16226.0,16226.0
1063,71.390,128.100,71.49,128.1,1097.3,43344.0,16415.0,16415.0
1064,71.390,128.100,71.52,128.35,1097.3,44638.0,15837.0,15837.0
1065,71.390,128.100,71.3,128.17,1097.3,45451.0,17576.0,17576.0
1066,71.390,128.100,71.45,128.39,1097.3,45925.0,18575.0,18575.0
1067,71.390,128.100,71.3,128.3,1097.3,44426.0,17378.0,17378.0
1068,71.390,128.100,71.31,128.19,1097.3,45422.0,18449.0,18449.0
1069,71.390,128.100,71.37,128.26,1097.3,46456.0,18226.0,18226.0
1070,71.390,128.100,71.35,128.22,1097.3,44511.0,16590.0,16590.0
1071,71.390,128.100,71.35,128.46,1097.3,48028.0,20214.0,20214.0
1072,71.390,128.100,71.28,128.12,1097.3,45387.0,17345.0,17345.0
1073,71.390,128.100,71.52,128.39,1097.3,50439.0,22352.0,22352.0
1074,71.390,128.100,71.29,128.34,1097.3,47678.0,20203.0,20203.0
1075,71.390,128.100,71.28,128.32,1097.3,44759.0,16464.0,16464.0
1076,71.390,128.100,71.37,128.26,1097.3,45168.0,17357.0,17357.0
1077,71.390,128.100,71.21,128.21,1097.3,46549.0,18938.0,18938.0
1078,71.390,128.100,71.41,128.32,1097.3,42522.0,14888.0,14888.0
1079,71.390,128.100,71.29,128.1,1097.3,46449.0,17564.0,17564.0
1080,71.390,128.100,71.46,128.07,1097.3,46252.0,17541.0,17541.0
1081,71.390,128.100,71.41,128.51,1097.3,47266.0,19123.0,19123.0
1082,71.390,128.100,71.4,128.23,1097.3,45811.0,17929.0,17929.0
1083,71.390,128.100,71.54,128.3,1097.3,47456.0,18635.0,18635.0
1084,71.390,128.100,71.26,128.18,1097.3,44665.0,17648.0,17648.0
1085,71.390,128.100,71.5,128.2,1097.3,45492.0,17368.0,17368.0
1086,71.390,128.100,71.57,128.3,1097.3,45551.0,18434.0,18434.0
1087,71.390,128.100,71.41,128.31,1097.3,44973.0,17455.0,17455.0
1088,71.390,128.100,71.47,128.17,1097.3,45001.0,17239.0,17239.0
1089,71.390,128.100,71.23,128.26,1097.3,43757.0,15985.0,15985.0
1090,71.390,128.100,71.5,128.3,1097.3,42963.0,15562.0,15562.0
1091,71.390,128.100,71.19,128.33,1097.3,43831.0,16028.0,16028.0
1092,71.390,128.100,71.11,128.14,1097.3,39441.0,13100.0,13100.0
1093,71.390,128.100,71.49,128.24,1097.3,45105.0,16957.0,16957.0
1094,71.390,128.100,71.44,128.14,1097.3,46172.0,18190.0,18190.0
1095,71.390,128.100,71.52,128.38,1097.3,44550.0,16939.0,16939.0
1096,71.390,128.100,71.56,128.18,1097.3,46993.0,21014.0,21014.0
1097,71.390,128.100,71.38,128.26,1097.3,44851.0,16488.0,16488.0
1098,71.390,128.100,71.43,128.1,1097.3,45242.0,17107.0,17107.0
1099,71.390,128.100,71.53,128.25,1097.3,46457.0,17885.0,17885.0
1100,71.390,128.100,71.62,128.12,1097.3,44625.0,15889.0,15889.0
1101,71.390,128.100,71.45,128.26,1097.3,45113.0,17307.0,17307.0
1102,71.390,128.100,71.54,128.21,1097.3,42425.0,14576.0,14576.0
1103,71.390,128.100,71.25,128.16,1097.3,46247.0,20157.0,20157.0
1104,71.390,128.100,71.5,128.43,1097.3,47564.0,20001.0,20001.0
1105,71.390,128.100,71.24,128.28,1097.3,45197.0,17568.0,17568.0
1106,71.390,128.100,71.41,128.21,1097.3,43726.0,15703.0,15703.0
1107,71.390,128.100,71.43,128.32,1097.3,50176.0,21776.0,21776.0
1108,71.390,128.100,71.42,128.24,1097.3,42446.0,16129.0,16129.0
1109,71.390,128.100,71.33,128.36,1097.3,43948.0,17466.0,17466.0
1110,71.390,128.100,71.44,128.27,1097.3,42518.0,14397.0,14397.0
1111,71.390,128.100,71.41,128.27,1097.3,46448.0,18753.0,18753.0
1112,71.390,128.100,71.3,128.14,1097.3,43018.0,15297.0,15297.0
1113,71.390,128.100,71.23,128.14,1097.3,44756.0,17139.0,17139.0
1114,71.390,128.100,71.37,128.31,1097.3,43323.0,15895.0,15895.0
1115,71.390,128.100,71.52,128.27,1097.3,36138.0,9985.0,9985.0
1116,71.390,128.100,71.5,128.13,1097.3,46140.0,18175.0,18175.0
1117,71.390,128.100,71.4,128.27,1097.3,41990.0,14140.0,14140.0
1118,71.390,128.100,71.41,128.23,1097.3,51992.0,23345.0,23345.0
1119,71.390,128.100,71.41,128.23,1097.3,44810.0,17561.0,17561.0
1120,71.390,128.100,71.4,128.27,1097.3,44366.0,16567.0,16567.0
1121,71.390,128.100,71.39,128.28,1097.3,48488.0,20577.0,20577.0
1122,71.390,128.100,71.49,128.21,1097.3,42864.0,15353.0,15353.0
1123,71.390,128.100,71.45,128.09,1097.3,45907.0,17842.0,17842.0
1124,71.390,128.100,71.31,128.18,1097.3,46593.0,18008.0,18008.0
1125,71.390,128.100,71.59,128.22,1097.3,45037.0,17628.0,17628.0
1126,71.390,128.100,71.32,128.19,1097.3,47180.0,20044.0,20044.0
1127,71.390,128.100,71.3,128.23,1097.3,44728.0,16955.0,16955.0
1128,71.390,128.100,71.44,128,1097.3,46555.0,17835.0,17835.0
1129,71.390,128.100,71.51,128.21,1097.3,47801.0,19441.0,19441.0
1130,71.390,128.100,71.41,128.19,1097.3,46541.0,19034.0,19034.0
1131,71.390,128.100,71.42,128.22,1097.3,42552.0,15485.0,15485.0
1132,71.390,128.100,71.43,128.2,1097.3,45290.0,17788.0,17788.0
1133,71.390,128.100,71.33,128.31,1097.3,43648.0,16857.0,16857.0
1134,71.390,128.100,71.32,128.17,1097.3,47523.0,19549.0,19549.0
1135,71.390,128.100,71.35,128.07,1097.3,46849.0,18252.0,18252.0
1136,71.390,128.100,71.41,128.29,1097.3,43822.0,17244.0,17244.0
1137,71.390,128.100,71.46,128.19,1097.3,48762.0,19919.0,19919.0
1138,71.390,128.100,71.38,128.2,1097.3,45533.0,18056.0,18056.0
1139,71.390,128.100,71.37,128.13,1097.3,45719.0,17457.0,17457.0
1140,71.390,128.100,71.61,128.19,1097.3,42767.0,15091.0,15091.0
1141,71.390,128.100,71.33,128.14,1097.3,44315.0,17092.0,17092.0
1142,71.390,128.100,71.34,128.2,1097.3,45522.0,18083.0,18083.0
1143,71.390,128.100,71.53,128.43,1097.3,45044.0,17413.0,17413.0
1144,71.390,128.100,71.4,128.37,1097.3,45723.0,18572.0,18572.0
1145,71.390,128.100,71.4,128.17,1097.3,43775.0,16050.0,16050.0
1146,71.390,128.100,71.31,128.42,1097.3,43483.0,15787.0,15787.0
1147,71.390,128.100,71.65,128.28,1097.3,41837.0,14890.0,14890.0
1148,71.390,128.100,71.62,128.21,1097.3,41272.0,14493.0,14493.0
1149,71.390,128.100,71.29,128.09,1097.3,45903.0,18086.0,18086.0
1150,71.390,128.100,71.44,128.29,1097.3,44911.0,18135.0,18135.0
1151,71.390,128.100,71.57,128.11,1097.3,42361.0,14657.0,14657.0
1152,71.390,128.100,71.36,128.16,1097.3,46338.0,18217.0,18217.0
1153,71.390,128.100,71.33,128.26,1097.3,43058.0,15808.0,15808.0
1154,71.390,128.100,71.36,128.24,1097.3,42113.0,15348.0,15348.0
1155,71.390,128.100,71.35,128.06,1097.3,39158.0,11081.0,11081.0
1156,71.390,128.100,71.42,128.27,1097.3,38348.0,12334.0,12334.0
1157,71.390,128.100,71.59,128.32,1097.3,42887.0,15855.0,15855.0
1158,71.390,128.100,71.64,128.18,1097.3,41874.0,15170.0,15170.0
1159,71.390,128.100,71.63,128.28,1097.3,42091.0,14193.0,14193.0
1160,71.390,128.100,71.4,128.08,1097.3,44485.0,16227.0,16227.0
1161,71.390,128.100,71.31,128.14,1097.3,43324.0,16093.0,16093.0
1162,71.390,128.100,71.37,128.14,1097.3,44483.0,16843.0,16843.0
1163,71.390,128.100,71.64,128.13,1097.3,47135.0,18486.0,18486.0
1164,71.390,128.100,71.41,128.11,1097.3,45075.0,16901.0,16901.0
1165,71.390,128.100,71.17,128.13,1097.3,45060.0,17536.0,17536.0
1166,71.390,128.100,71.34,128.34,1097.3,38179.0,11819.0,11819.0
1167,71.390,128.100,71.2,128.14,1097.3,38598.0,11833.0,11833.0
1168,71.390,128.100,71.32,128.15,1097.3,38148.0,12374.0,12374.0
1169,71.390,128.100,71.35,128.23,1097.3,40488.0,13935.0,13935.0
1170,71.390,128.100,71.36,128.28,1097.3,40460.0,13050.0,13050.0
1171,71.390,128.100,71.55,128.19,1097.3,42340.0,15568.0,15568.0
1172,71.390,128.100,71.43,128.27,1097.3,45880.0,18101.0,18101.0
1173,71.390,128.100,71.3,128.25,1097.3,45708.0,17537.0,17537.0
1174,71.390,128.100,71.38,128.1,1097.3,44348.0,17221.0,17221.0
1175,71.390,128.100,71.6,128.17,1097.3,45681.0,18618.0,18618.0
1176,71.390,128.100,71.45,128.18,1097.3,44559.0,17460.0,17460.0
1177,71.390,128.100,71.31,128.17,1097.3,46184.0,18589.0,18589.0
1178,71.390,128.100,71.3,128.15,1097.3,45357.0,17625.0,17625.0
1179,71.390,128.100,71.4,128.19,1097.3,44112.0,16677.0,16677.0
1180,71.390,128.100,71.29,128.09,1097.3,44974.0,17984.0,17984.0
1181,71.390,128.100,71.53,128,1097.3,39412.0,12038.0,12038.0
1182,71.390,128.100,71.6,128.34,1097.3,37635.0,10742.0,10742.0
1183,71.390,128.100,71.53,128.24,1097.3,39364.0,13180.0,13180.0
1184,71.390,128.100,71.42,128.04,1097.3,41320.0,14031.0,14031.0
1185,71.390,128.100,71.37,128.11,1097.3,38608.0,12206.0,12206.0
1186,71.390,128.100,71.51,128.2,1097.3,38023.0,11819.0,11819.0
1187,71.390,128.100,71.33,128.41,1097.3,38331.0,11693.0,11693.0
1188,71.390,128.100,71.18,128.16,1097.3,37030.0,10004.0,10004.0
1189,71.390,128.100,71.43,128.22,1097.3,38421.0,11573.0,11573.0
1190,71.390,128.100,71.38,128.1,1097.3,38757.0,10967.0,10967.0
1191,71.390,128.100,71.55,128.22,1097.3,38833.0,11527.0,11527.0
1192,71.390,128.100,71.56,128.14,1097.3,36773.0,9867.0,9867.0
1193,71.390,128.100,71.31,128.24,1097.3,38265.0,12017.0,12017.0
1194,71.390,128.100,71.56,127.99,1097.3,40351.0,14037.0,14037.0
1195,71.390,128.100,71.34,128.18,1097.3,38421.0,11473.0,11473.0
1196,71.390,128.100,71.1,128.07,1097.3,36899.0,10501.0,10501.0
1197,71.390,128.100,71.45,128.17,1097.3,38307.0,11771.0,11771.0
1198,71.390,128.100,71.36,128.03,1097.3,36967.0,10673.0,10673.0
1199,71.390,128.100,71.66,128.11,1097.3,34544.0,8397.0,8397.0
1200,71.390,128.100,71.36,128.23,1097.3,37738.0,11306.0,11306.0
1201,71.390,128.100,71.53,127.91,1097.3,39662.0,13591.0,13591.0
1202,71.390,128.100,71.41,128.34,1097.3,39646.0,12965.0,12965.0
1203,71.390,128.100,71.47,128.15,1097.3,38307.0,11915.0,11915.0
1204,71.390,128.100,71.47,128.32,1097.3,39944.0,13039.0,13039.0
1205,71.390,128.100,71.3,128.13,1097.3,38642.0,11822.0,11822.0
1206,71.390,128.100,71.31,128.04,1097.3,41327.0,13921.0,13921.0
1207,71.390,128.100,71.15,128.14,1097.3,40674.0,14018.0,14018.0
1208,71.390,128.100,71.42,128.17,1097.3,40007.0,11829.0,11829.0
1209,71.390,128.100,71.53,128.37,1097.3,35435.0,8504.0,8504.0
1210,71.390,128.100,71.58,127.97,1097.3,38479.0,11734.0,11734.0
1211,71.390,128.100,71.56,128.04,1097.3,36522.0,10065.0,10065.0
1212,71.390,128.100,71.18,127.93,1097.3,38512.0,11806.0,11806.0
1213,71.390,128.100,71.49,128.31,1097.3,37632.0,10421.0,10421.0
1214,71.390,128.100,71.57,128.08,1097.3,36600.0,10274.0,10274.0
1215,71.390,128.100,71.29,128.49,1097.3,36152.0,9121.0,9121.0
1216,71.390,128.100,71.53,128.06,1097.3,40396.0,13179.0,13179.0
1217,71.390,128.100,71.53,128.19,1097.3,35950.0,9696.0,9696.0
1218,71.390,128.100,71.5,128.2,1097.3,41538.0,14118.0,14118.0
1219,71.390,128.100,71.39,128.08,1097.3,40232.0,14025.0,14025.0
1220,71.390,128.100,71.3,127.89,1097.3,40930.0,13358.0,13358.0
1221,71.390,128.100,71.45,128.11,1097.3,36089.0,9714.0,9714.0
1222,71.390,128.100,71.39,128.06,1097.3,37744.0,11835.0,11835.0
1223,71.390,128.100,71.56,128.34,1097.3,38959.0,12560.0,12560.0
1224,71.390,128.100,71.38,128.3,1097.3,36080.0,9876.0,9876.0
1225,71.390,128.100,71.39,128.25,1097.3,34351.0,8403.0,8403.0
1226,71.390,128.100,71.26,128.15,1097.3,36280.0,10755.0,10755.0
1227,71.390,128.100,71.6,127.98,1097.3,38607.0,12001.0,12001.0
1228,71.390,128.100,71.69,128.3,1097.3,37785.0,10762.0,10762.0
1229,71.390,128.100,71.4,128.05,1097.3,44838.0,16854.0,16854.0
1230,71.390,128.100,71.62,128.3,1097.3,42954.0,15125.0,15125.0
1231,71.390,128.100,71.63,128.37,1097.3,39036.0,13538.0,13538.0
1232,71.390,128.100,71.45,128.32,1097.3,38385.0,11170.0,11170.0
1233,71.390,128.100,71.55,128.03,1097.3,41186.0,13917.0,13917.0
1234,71.390,128.100,71.38,128.13,1097.3,42379.0,14309.0,14309.0
1235,71.390,128.100,71.56,128.2,1097.3,40760.0,14144.0,14144.0
1236,71.390,128.100,71.6,128.28,1097.3,43861.0,16077.0,16077.0
1237,71.390,128.100,71.63,128.21,1097.3,43956.0,16178.0,16178.0
1238,71.390,128.100,71.34,128.11,1097.3,41889.0,14918.0,14918.0
1239,71.390,128.100,71.41,128.06,1097.3,40913.0,14656.0,14656.0
1240,71.390,128.100,71.51,128.06,1097.3,40865.0,13895.0,13895.0
1241,71.390,128.100,71.3,128.15,1097.3,39295.0,13376.0,13376.0
1242,71.390,128.100,71.64,128.14,1097.3,43251.0,16201.0,16201.0
1243,71.390,128.100,71.37,127.91,1097.3,41660.0,14892.0,14892.0
1244,71.390,128.100,71.27,128.37,1097.3,46059.0,18685.0,18685.0
1245,71.390,128.100,71.43,128.23,1097.3,40508.0,14670.0,14670.0
1246,71.390,128.100,71.33,128.03,1097.3,36228.0,9208.0,9208.0
1247,71.390,128.100,71.48,128.22,1097.3,36730.0,9849.0,9849.0
1248,71.390,128.100,71.41,128.41,1097.3,37083.0,10900.0,10900.0
1249,71.390,128.100,71.41,128.19,1097.3,34067.0,8113.0,8113.0
1250,71.390,128.100,71.4,128.24,1097.3,36804.0,10394.0,10394.0
1251,71.390,128.100,71.42,128.04,1097.3,32807.0,7588.0,7588.0
1252,71.390,128.100,71.42,128.27,1097.3,34954.0,9551.0,9551.0
1253,71.390,128.100,71.45,128.06,1097.3,38283.0,11668.0,11668.0
1254,71.390,128.100,71.58,128,1097.3,35116.0,9187.0,9187.0
1255,71.390,128.100,71.62,128.23,1097.3,35120.0,8951.0,8951.0
1256,71.390,128.100,71.63,128.09,1097.3,37114.0,9757.0,9757.0
1257,71.390,128.100,71.89,128.18,1097.3,35671.0,8769.0,8769.0
1258,71.390,128.100,71.63,128.24,1097.3,38476.0,11065.0,11065.0
1259,71.390,128.100,71.55,127.94,1097.3,37190.0,10540.0,10540.0
1260,71.390,128.100,71.47,128.16,1097.3,38888.0,12977.0,12977.0
1261,71.390,128.100,71.45,128.27,1097.3,35690.0,9642.0,9642.0
1262,71.390,128.100,71.44,128.22,1097.3,35440.0,9678.0,9678.0
1263,71.390,128.100,71.51,128.1,1097.3,35294.0,8319.0,8319.0
1264,71.390,128.100,71.53,128.24,1097.3,38404.0,12098.0,12098.0
1265,71.390,128.100,71.45,128.47,1097.3,36572.0,10234.0,10234.0
1266,71.390,128.100,71.55,128.42,1097.3,37056.0,10424.0,10424.0
1267,71.390,128.100,71.45,128.37,1097.3,37462.0,10814.0,10814.0
1268,71.390,128.100,71.17,128.17,1097.3,36198.0,9868.0,9868.0
1269,71.390,128.100,71.39,128.16,1097.3,36553.0,10462.0,10462.0
1270,71.390,128.100,71.4,128.05,1097.3,38428.0,11031.0,11031.0
1271,71.390,128.100,71.1,128.1,1097.3,36899.0,10832.0,10832.0
1272,71.390,128.100,71.34,128.1,1097.3,37632.0,10759.0,10759.0
1273,71.390,128.100,71.36,128.06,1097.3,36135.0,10745.0,10745.0
1274,71.390,128.100,71.28,128.43,1097.3,37007.0,10333.0,10333.0
1275,71.390,128.100,71.62,128.09,1097.3,37971.0,12566.0,12566.0
1276,71.390,128.100,71.51,128.13,1097.3,38455.0,12906.0,12906.0
1277,71.390,128.100,71.38,128.18,1097.3,42243.0,15129.0,15129.0
1278,71.390,128.100,71.55,128.16,1097.3,42718.0,16292.0,16292.0
1279,71.390,128.100,71.41,128.35,1097.3,43262.0,16587.0,16587.0
1280,71.390,128.100,71.56,128.18,1097.3,45324.0,17548.0,17548.0
1281,71.390,128.100,71.48,128.04,1097.3,43613.0,16095.0,16095.0
1282,71.390,128.100,71.69,128.05,1097.3,42023.0,14739.0,14739.0
1283,71.390,128.100,71.52,128,1097.3,41034.0,13073.0,13073.0
1284,71.390,128.100,71.62,128.31,1097.3,40741.0,14364.0,14364.0
1285,71.390,128.100,71.33,128.1,1097.3,41255.0,15667.0,15667.0
1286,71.390,128.100,71.35,128.06,1097.3,43694.0,16262.0,16262.0
1287,71.390,128.100,71.61,128.19,1097.3,45856.0,18205.0,18205.0
1288,71.390,128.100,71.53,128.2,1097.3,46949.0,18345.0,18345.0
1289,71.390,128.100,71.5,128.19,1097.3,45953.0,18337.0,18337.0
1290,71.390,128.100,71.18,128.03,1097.3,42011.0,15243.0,15243.0
1291,71.390,128.100,71.78,128.14,1097.3,42314.0,13675.0,13675.0
1292,71.390,128.100,71.46,128.12,1097.3,42221.0,15187.0,15187.0
1293,71.390,128.100,71.4,127.97,1097.3,40267.0,12544.0,12544.0
1294,71.390,128.100,71.47,128.15,1097.3,42187.0,15829.0,15829.0
1295,71.390,128.100,71.44,128.11,1097.3,41920.0,15318.0,15318.0
1296,71.390,128.100,71.43,128,1097.3,41043.0,14662.0,14662.0
1297,71.390,128.100,71.57,128.1,1097.3,41071.0,14558.0,14558.0
1298,71.390,128.100,71.24,127.9,1097.3,42189.0,14204.0,14204.0
1299,71.390,128.100,71.43,128.35,1097.3,42366.0,15319.0,15319.0
1300,71.390,128.100,71.61,127.86,1097.3,36715.0,11297.0,11297.0
1301,71.390,128.100,71.44,127.86,1097.3,40695.0,13794.0,13794.0
1302,71.390,128.100,71.38,128.11,1097.3,42266.0,15547.0,15547.0
1303,71.390,128.100,71.27,128.16,1097.3,42009.0,15057.0,15057.0
1304,71.390,128.100,71.53,128.01,1097.3,40383.0,13875.0,13875.0
1305,71.390,128.100,71.45,128.15,1097.3,43287.0,15752.0,15752.0
1306,71.390,128.100,71.4,128.14,1097.3,43845.0,16273.0,16273.0
1307,71.390,128.100,71.42,128.02,1097.3,43933.0,16218.0,16218.0
1308,71.390,128.100,71.45,128.03,1097.3,39149.0,12629.0,12629.0
1309,71.390,128.100,71.51,128.02,1097.3,37907.0,11128.0,11128.0
1310,71.390,128.100,71.52,127.92,1097.3,43082.0,16364.0,16364.0
1311,71.390,128.100,71.62,128.34,1097.3,40300.0,13749.0,13749.0
1312,71.390,128.100,71.5,128.12,1097.3,44305.0,16541.0,16541.0
1313,71.390,128.100,71.16,127.83,1097.3,41944.0,13736.0,13736.0
1314,71.390,128.100,71.63,128.08,1097.3,39896.0,13828.0,13828.0
1315,71.390,128.100,71.37,127.97,1097.3,44169.0,16057.0,16057.0
1316,71.390,128.100,71.37,128.14,1097.3,36884.0,10241.0,10241.0
1317,71.390,128.100,71.41,128.21,1097.3,38906.0,12461.0,12461.0
1318,71.390,128.100,71.41,127.95,1097.3,41309.0,14195.0,14195.0
1319,71.390,128.100,71.38,128.05,1097.3,40835.0,14685.0,14685.0
1320,71.390,128.100,71.45,127.9,1097.3,39462.0,12687.0,12687.0
1321,71.390,128.100,71.43,128.2,1097.3,41003.0,14551.0,14551.0
1322,71.390,128.100,71.63,128.21,1097.3,41342.0,14951.0,14951.0
1323,71.390,128.100,71.56,128.06,1097.3,38915.0,13258.0,13258.0
1324,71.390,128.100,71.35,128.27,1097.3,42485.0,15682.0,15682.0
1325,71.390,128.100,71.62,128.11,1097.3,42557.0,15050.0,15050.0
1326,71.390,128.100,71.69,128.04,1097.3,38124.0,11119.0,11119.0
1327,71.390,128.100,71.45,128.22,1097.3,40462.0,13858.0,13858.0
1328,71.390,128.100,71.68,128.09,1097.3,39954.0,14523.0,14523.0
1329,71.390,128.100,71.5,128.21,1097.3,40056.0,12998.0,12998.0
1330,71.390,128.100,71.6,128.05,1097.3,41936.0,14421.0,14421.0
1331,71.390,128.100,71.28,128.14,1097.3,42475.0,15027.0,15027.0
1332,71.390,128.100,71.49,128.14,1097.3,41981.0,15149.0,15149.0
1333,71.390,128.100,71.52,128.25,1097.3,44036.0,16450.0,16450.0
1334,71.390,128.100,71.59,128.05,1097.3,45769.0,17176.0,17176.0
1335,71.390,128.100,71.6,128.18,1097.3,42842.0,15789.0,15789.0
1336,71.390,128.100,71.35,128.1,1097.3,41633.0,15128.0,15128.0
1337,71.390,128.100,71.46,128.12,1097.3,42220.0,14287.0,14287.0
1338,71.390,128.100,71.5,128.3,1097.3,42984.0,15364.0,15364.0
1339,71.390,128.100,71.54,128.27,1097.3,43980.0,16489.0,16489.0
1340,71.390,128.100,71.59,128.32,1097.3,42795.0,15780.0,15780.0
1341,71.390,128.100,71.37,128.19,1097.3,43830.0,16394.0,16394.0
1342,71.390,128.100,71.6,128.37,1097.3,42470.0,14915.0,14915.0
1343,71.390,128.100,71.66,128.2,1097.3,39448.0,12620.0,12620.0
1344,71.390,128.100,71.54,128.16,1097.3,44311.0,16705.0,16705.0
1345,71.390,128.100,71.33,128.02,1097.3,48083.0,19662.0,19662.0
1346,71.390,128.100,71.56,128.1,1097.3,41278.0,13854.0,13854.0
1347,71.390,128.100,71.65,128.26,1097.3,42745.0,15160.0,15160.0
1348,71.390,128.100,71.39,128.19,1097.3,41710.0,13892.0,13892.0
1349,71.390,128.100,71.6,127.78,1097.3,40840.0,12858.0,12858.0
1350,71.390,128.100,71.43,128.04,1097.3,42274.0,14305.0,14305.0
1351,71.390,128.100,71.41,128.02,1097.3,41950.0,13812.0,13812.0
1352,71.390,128.100,71.42,128.3,1097.3,42557.0,14711.0,14711.0
1353,71.390,128.100,71.47,128.12,1097.3,45044.0,17510.0,17510.0
1354,71.390,128.100,71.39,128.1,1097.3,43966.0,15948.0,15948.0
1355,71.390,128.100,71.36,128.24,1097.3,41427.0,14751.0,14751.0
1356,71.390,128.100,71.69,128.16,1097.3,46023.0,18494.0,18494.0
1357,71.390,128.100,71.46,128.12,1097.3,42937.0,15679.0,15679.0
1358,71.390,128.100,71.54,128.09,1097.3,44352.0,16519.0,16519.0
1359,71.390,128.100,71.42,128.18,1097.3,44494.0,16816.0,16816.0
1360,71.390,128.100,71.47,128.11,1097.3,41734.0,14597.0,14597.0
1361,71.390,128.100,71.24,128.2,1097.3,42199.0,15483.0,15483.0
1362,71.390,128.100,71.5,128.03,1097.3,41975.0,14296.0,14296.0
1363,71.390,128.100,71.55,128.15,1097.3,45278.0,18439.0,18439.0
1364,71.390,128.100,71.33,128.06,1097.3,40949.0,13548.0,13548.0
1365,71.390,128.100,71.41,127.99,1097.3,41794.0,13838.0,13838.0
1366,71.390,128.100,71.4,128.04,1097.3,43517.0,16270.0,16270.0
1367,71.390,128.100,71.68,128.1,1097.3,43686.0,15573.0,15573.0
1368,71.390,128.100,71.68,128.2,1097.3,42896.0,15672.0,15672.0
1369,71.390,128.100,71.41,128.12,1097.3,44915.0,17483.0,17483.0
1370,71.390,128.100,71.34,128.05,1097.3,42253.0,15665.0,15665.0
1371,71.390,128.100,71.43,128.16,1097.3,45952.0,18800.0,18800.0
1372,71.390,128.100,71.58,128.26,1097.3,44155.0,16067.0,16067.0
1373,71.390,128.100,71.44,128.01,1097.3,42793.0,14028.0,14028.0
1374,71.390,128.100,71.6,128.11,1097.3,43635.0,16340.0,16340.0
1375,71.390,128.100,71.26,128.03,1097.3,41117.0,13855.0,13855.0
1376,71.390,128.100,71.52,128.09,1097.3,41693.0,15067.0,15067.0
1377,71.390,128.100,71.54,128.01,1097.3,46388.0,17999.0,17999.0
1378,71.390,128.100,71.47,128.01,1097.3,42232.0,15447.0,15447.0
1379,71.390,128.100,71.26,128.28,1097.3,46049.0,19188.0,19188.0
1380,71.390,128.100,71.69,128.18,1097.3,42266.0,14775.0,14775.0
1381,71.390,128.100,71.7,128.05,1097.3,41974.0,14652.0,14652.0
1382,71.390,128.100,71.51,128.06,1097.3,42942.0,16223.0,16223.0
1383,71.390,128.100,71.61,128.13,1097.3,43596.0,15661.0,15661.0
1384,71.390,128.100,71.52,128.06,1097.3,40887.0,14628.0,14628.0
1385,71.390,128.100,71.43,128.1,1097.3,40715.0,13794.0,13794.0
1386,71.390,128.100,71.63,128.12,1097.3,45653.0,17757.0,17757.0
1387,71.390,128.100,71.46,127.9,1097.3,42628.0,15775.0,15775.0
1388,71.390,128.100,71.57,128.09,1097.3,45397.0,18101.0,18101.0
1389,71.390,128.100,71.51,128.04,1097.3,43780.0,16444.0,16444.0
1390,71.390,128.100,71.5,128.14,1097.3,41054.0,13837.0,13837.0
1391,71.390,128.100,71.42,128.04,1097.3,42514.0,16169.0,16169.0
1392,71.390,128.100,71.75,127.92,1097.3,38083.0,11347.0,11347.0
1393,71.390,128.100,71.58,128.01,1097.3,43270.0,14609.0,14609.0
1394,71.390,128.100,71.31,128.17,1097.3,43015.0,16409.0,16409.0
1395,71.390,128.100,71.45,127.79,1097.3,44180.0,16725.0,16725.0
1396,71.390,128.100,71.34,128.14,1097.3,41784.0,14514.0,14514.0
1397,71.390,128.100,71.43,127.94,1097.3,40311.0,13241.0,13241.0
1398,71.390,128.100,71.56,128.02,1097.3,43960.0,16259.0,16259.0
1399,71.390,128.100,71.52,128.13,1097.3,41259.0,14923.0,14923.0
1400,71.390,128.100,71.45,128,1097.3,42412.0,15627.0,15627.0
1401,71.390,128.100,71.48,127.92,1097.3,41689.0,15036.0,15036.0
1402,71.390,128.100,71.49,128.09,1097.3,44975.0,17885.0,17885.0
1403,71.390,128.100,71.41,128.13,1097.3,46332.0,18492.0,18492.0
1404,71.390,128.100,71.64,128.05,1097.3,40663.0,13189.0,13189.0
1405,71.390,128.100,71.44,128.1,1097.3,41689.0,14902.0,14902.0
1406,71.390,128.100,71.55,127.93,1097.3,42869.0,15739.0,15739.0
1407,71.390,128.100,71.47,127.96,1097.3,46248.0,18382.0,18382.0
1408,71.390,128.100,71.35,128.07,1097.3,40820.0,13658.0,13658.0
1409,71.390,128.100,71.58,128.2,1097.3,45933.0,18069.0,18069.0
1410,71.390,128.100,71.52,128.06,1097.3,45074.0,17641.0,17641.0
1411,71.390,128.100,71.52,127.99,1097.3,39254.0,12537.0,12537.0
1412,71.390,128.100,71.46,128.03,1097.3,46574.0,18043.0,18043.0
1413,71.390,128.100,71.49,128.08,1097.3,45657.0,17568.0,17568.0
1414,71.390,128.100,71.49,128.07,1097.3,45038.0,17354.0,17354.0
1415,71.390,128.100,71.52,128,1097.3,43095.0,15566.0,15566.0
1416,71.390,128.100,71.64,127.79,1097.3,40322.0,14012.0,14012.0
1417,71.390,128.100,71.26,128.02,1097.3,44623.0,16280.0,16280.0
1418,71.390,128.100,71.52,127.96,1097.3,41483.0,14255.0,14255.0
1419,71.390,128.100,71.22,128.13,1097.3,44608.0,17641.0,17641.0
1420,71.390,128.100,71.53,128,1097.3,46354.0,18407.0,18407.0
1421,71.390,128.100,71.6,128.1,1097.3,41276.0,14492.0,14492.0
1422,71.390,128.100,71.45,127.99,1097.3,42727.0,15962.0,15962.0
1423,71.390,128.100,71.57,128.05,1097.3,49485.0,20868.0,20868.0
1424,71.390,128.100,71.34,127.94,1097.3,45711.0,17109.0,17109.0
1425,71.390,128.100,71.46,128.07,1097.3,49936.0,21276.0,21276.0
1426,71.390,128.100,71.49,128.08,1097.3,50936.0,22355.0,22355.0
1427,71.390,128.100,71.68,128.15,1097.3,50752.0,22682.0,22682.0
1428,71.390,128.100,71.54,128.04,1097.3,51500.0,23021.0,23021.0
1429,71.390,128.100,71.63,128.04,1097.3,51928.0,23306.0,23306.0
1430,71.390,128.100,71.36,128.22,1097.3,49153.0,21988.0,21988.0
1431,71.390,128.100,71.52,127.95,1097.3,48791.0,20277.0,20277.0
1432,71.390,128.100,71.74,128.15,1097.3,49190.0,20687.0,20687.0
1433,71.390,128.100,71.39,128.04,1097.3,46774.0,18817.0,18817.0
1434,71.390,128.100,71.4,128.09,1097.3,49204.0,20970.0,20970.0
1435,71.390,128.100,71.61,128.01,1097.3,49494.0,20877.0,20877.0
1436,71.390,128.100,71.58,128.16,1097.3,50842.0,22182.0,22182.0
1437,71.390,128.100,71.64,128.15,1097.3,46111.0,18603.0,18603.0
1438,71.390,128.100,71.4,128.14,1097.3,48283.0,20590.0,20590.0
1439,71.390,128.100,71.54,127.93,1097.3,49609.0,20629.0,20629.0
1440,71.390,128.100,71.49,128.1,1097.3,48165.0,20635.0,20635.0
1441,71.390,128.100,71.56,128,1097.3,50973.0,21766.0,21766.0
1442,71.390,128.100,71.44,127.99,1097.3,49931.0,21347.0,21347.0
1443,71.390,128.100,71.64,128.06,1097.3,48656.0,21665.0,21665.0
1444,71.390,128.100,71.47,128.07,1097.3,52411.0,24120.0,24120.0
1445,71.390,128.100,71.59,128.01,1097.3,49246.0,20488.0,20488.0
1446,71.390,128.100,71.4,128.06,1097.3,46393.0,18479.0,18479.0
1447,71.390,128.100,71.64,128.11,1097.3,47059.0,19489.0,19489.0
1448,71.390,128.100,71.33,128.19,1097.3,49901.0,22358.0,22358.0
1449,71.390,128.100,71.42,128.06,1097.3,49802.0,21693.0,21693.0
1450,71.390,128.100,71.41,127.95,1097.3,48292.0,20548.0,20548.0
1451,71.390,128.100,71.49,128.09,1097.3,49275.0,20863.0,20863.0
1452,71.390,128.100,71.5,128.04,1097.3,50174.0,21662.0,21662.0
1453,71.390,128.100,71.52,128.02,1097.3,51503.0,21959.0,21959.0
1454,71.390,128.100,71.56,128.04,1097.3,46058.0,18103.0,18103.0
1455,71.390,128.100,71.6,127.99,1097.3,49073.0,20316.0,20316.0
1456,71.390,128.100,71.54,128.06,1097.3,48425.0,20733.0,20733.0
1457,71.390,128.100,71.53,128.01,1097.3,47646.0,18738.0,18738.0
1458,71.390,128.100,71.59,128.03,1097.3,47035.0,19034.0,19034.0
1459,71.390,128.100,71.66,128.13,1097.3,41501.0,14739.0,14739.0
1460,71.390,128.100,71.55,127.97,1097.3,43617.0,16287.0,16287.0
1461,71.390,128.100,71.4,128.12,1097.3,52325.0,23814.0,23814.0
1462,71.390,128.100,71.33,128.12,1097.3,48435.0,20447.0,20447.0
1463,71.390,128.100,71.48,127.93,1097.3,49163.0,20506.0,20506.0
1464,71.390,128.100,71.55,127.93,1097.3,50429.0,22620.0,22620.0
1465,71.390,128.100,71.32,128.13,1097.3,50990.0,22133.0,22133.0
1466,71.390,128.100,71.62,128.13,1097.3,51609.0,23063.0,23063.0
1467,71.390,128.100,71.46,127.93,1097.3,49385.0,21463.0,21463.0
1468,71.390,128.100,71.53,128,1097.3,50247.0,21860.0,21860.0
1469,71.390,128.100,71.55,128.13,1097.3,47027.0,19088.0,19088.0
1470,71.390,128.100,71.39,128.06,1097.3,51474.0,23091.0,23091.0
1471,71.390,128.100,71.56,127.91,1097.3,51212.0,22301.0,22301.0
1472,71.390,128.100,71.44,128.08,1097.3,49449.0,21262.0,21262.0
1473,71.390,128.100,71.54,127.94,1097.3,50369.0,21271.0,21271.0
1474,71.390,128.100,71.52,128.21,1097.3,48157.0,20225.0,20225.0
1475,71.390,128.100,71.44,128,1097.3,48576.0,20172.0,20172.0
1476,71.390,128.100,71.45,127.95,1097.3,50737.0,22635.0,22635.0
1477,71.390,128.100,71.53,127.96,1097.3,44712.0,16551.0,16551.0
1478,71.390,128.100,71.43,127.99,1097.3,38766.0,11744.0,11744.0
1479,71.390,128.100,71.36,128.05,1097.3,40529.0,13731.0,13731.0
1480,71.390,128.100,71.48,127.85,1097.3,43244.0,16165.0,16165.0
1481,71.390,128.100,71.44,128,1097.3,45431.0,18381.0,18381.0
1482,71.390,128.100,71.49,128.11,1097.3,47411.0,19481.0,19481.0
1483,71.390,128.100,71.48,128.01,1097.3,52578.0,22466.0,22466.0
1484,71.390,128.100,71.37,128.06,1097.3,54073.0,24710.0,24710.0
1485,71.390,128.100,71.38,127.98,1097.3,48623.0,20301.0,20301.0
1486,71.390,128.100,71.46,127.99,1097.3,50748.0,22182.0,22182.0
1487,71.390,128.100,71.62,128.11,1097.3,50102.0,21982.0,21982.0
1488,71.390,128.100,71.37,128,1097.3,50076.0,20508.0,20508.0
1489,71.390,128.100,71.44,128.07,1097.3,48825.0,19898.0,19898.0
1490,71.390,128.100,71.45,128.29,1097.3,47478.0,19443.0,19443.0
1491,71.390,128.100,71.6,128.01,1097.3,48728.0,20961.0,20961.0
1492,71.390,128.100,71.51,127.97,1097.3,51466.0,22692.0,22692.0
1493,71.390,128.100,71.39,128.1,1097.3,49704.0,21408.0,21408.0
1494,71.390,128.100,71.39,128.1,1097.3,32748.0,7371.0,7371.0
1495,71.390,128.100,71.39,128.1,1097.3,24174.0,35.0,35.0
1496,71.390,128.100,71.39,128.1,1097.3,23200.0,0.0,0.0
1497,71.390,128.100,71.39,128.1,1097.3,23421.0,0.0,0.0
1498,71.390,128.100,71.39,128.1,1097.3,25351.0,1462.0,1462.0
1499,71.390,128.100,71.39,128.1,1097.3,23528.0,0.0,0.0
1500,71.390,128.100,71.39,128.1,1097.3,23042.0,0.0,0.0
