id,avg_x,avg_y,x,y,bg,Square_intensity,circular_intensity,Gaussian_intensity
283,171.070,166.140,171.2,166.35,972.52,26183.0,563.0,563.0
284,171.070,166.140,171.2,166.35,972.52,28546.0,1373.0,1373.0
285,171.070,166.140,171.2,166.35,972.52,23710.0,0.0,0.0
286,171.070,166.140,171.2,166.35,972.52,26235.0,0.0,0.0
287,171.070,166.140,171.2,166.35,972.52,24745.0,0.0,0.0
288,171.070,166.140,171.2,166.35,972.52,24577.0,0.0,0.0
289,171.070,166.140,171.2,166.35,972.52,25226.0,0.0,0.0
290,171.070,166.140,171.2,166.35,972.52,25477.0,0.0,0.0
291,171.070,166.140,171.2,166.35,972.52,24297.0,62.0,62.0
292,171.070,166.140,171.2,166.35,972.52,27927.0,1993.0,1993.0
293,171.070,166.140,171.2,166.35,972.52,23520.0,0.0,0.0
294,171.070,166.140,171.2,166.35,972.52,26947.0,1195.0,1195.0
295,171.070,166.140,171.2,166.35,972.52,24860.0,0.0,0.0
296,171.070,166.140,171.2,166.35,972.52,25578.0,0.0,0.0
297,171.070,166.140,171.2,166.35,972.52,26965.0,1224.0,1224.0
298,171.070,166.140,171.2,166.35,972.52,24435.0,0.0,0.0
299,171.070,166.140,171.2,166.35,972.52,25501.0,771.0,771.0
300,171.070,166.140,171.2,166.35,972.52,25453.0,35.0,35.0
301,171.070,166.140,171.2,166.35,972.52,26076.0,0.0,0.0
302,171.070,166.140,171.2,166.35,972.52,26167.0,1004.0,1004.0
303,171.070,166.140,171.2,166.35,972.52,25483.0,73.0,73.0
304,171.070,166.140,171.2,166.35,972.52,25060.0,0.0,0.0
305,171.070,166.140,171.2,166.35,972.52,25135.0,0.0,0.0
306,171.070,166.140,171.2,166.35,972.52,24807.0,0.0,0.0
307,171.070,166.140,171.2,166.35,972.52,24511.0,0.0,0.0
308,171.070,166.140,171.2,166.35,972.52,25498.0,572.0,572.0
309,171.070,166.140,171.2,166.35,972.52,25622.0,0.0,0.0
310,171.070,166.140,171.2,166.35,972.52,24475.0,0.0,0.0
311,171.070,166.140,171.2,166.35,972.52,26364.0,1237.0,1237.0
312,171.070,166.140,171.2,166.35,972.52,26030.0,73.0,73.0
313,171.070,166.140,171.2,166.35,972.52,25375.0,0.0,0.0
314,171.070,166.140,171.2,166.35,972.52,27069.0,353.0,353.0
315,171.070,166.140,171.2,166.35,972.52,25435.0,0.0,0.0
316,171.070,166.140,171.2,166.35,972.52,23207.0,0.0,0.0
317,171.070,166.140,171.2,166.35,972.52,26033.0,279.0,279.0
318,171.070,166.140,171.2,166.35,972.52,25891.0,72.0,72.0
319,171.070,166.140,171.2,166.35,972.52,24147.0,0.0,0.0
320,171.070,166.140,171.2,166.35,972.52,25203.0,0.0,0.0
321,171.070,166.140,171.2,166.35,972.52,25988.0,0.0,0.0
322,171.070,166.140,171.2,166.35,972.52,27129.0,1044.0,1044.0
323,171.070,166.140,171.2,166.35,972.52,26523.0,578.0,578.0
324,171.070,166.140,171.2,166.35,972.52,25984.0,1588.0,1588.0
325,171.070,166.140,171.2,166.35,972.52,25378.0,250.0,250.0
326,171.070,166.140,171.2,166.35,972.52,25880.0,0.0,0.0
327,171.070,166.140,171.2,166.35,972.52,24513.0,0.0,0.0
328,171.070,166.140,171.2,166.35,972.52,24134.0,0.0,0.0
329,171.070,166.140,171.2,166.35,972.52,25519.0,216.0,216.0
330,171.070,166.140,171.2,166.35,972.52,24633.0,0.0,0.0
331,171.070,166.140,171.2,166.35,972.52,26362.0,786.0,786.0
332,171.070,166.140,171.2,166.35,972.52,25384.0,0.0,0.0
333,171.070,166.140,171.2,166.35,972.52,25213.0,568.0,568.0
334,171.070,166.140,171.2,166.35,972.52,25495.0,636.0,636.0
335,171.070,166.140,171.2,166.35,972.52,25587.0,569.0,569.0
336,171.070,166.140,171.2,166.35,972.52,26086.0,700.0,700.0
337,171.070,166.140,171.2,166.35,972.52,25258.0,612.0,612.0
338,171.070,166.140,171.2,166.35,972.52,26036.0,0.0,0.0
339,171.070,166.140,171.2,166.35,972.52,27207.0,923.0,923.0
340,171.070,166.140,171.2,166.35,972.52,24768.0,85.0,85.0
341,171.070,166.140,171.2,166.35,972.52,24874.0,0.0,0.0
342,171.070,166.140,171.2,166.35,972.52,23554.0,0.0,0.0
343,171.070,166.140,171.2,166.35,972.52,23852.0,0.0,0.0
344,171.070,166.140,171.2,166.35,972.52,25718.0,0.0,0.0
345,171.070,166.140,171.2,166.35,972.52,24945.0,0.0,0.0
346,171.070,166.140,171.2,166.35,972.52,28430.0,2714.0,2714.0
347,171.070,166.140,171.2,166.35,972.52,25280.0,0.0,0.0
348,171.070,166.140,171.2,166.35,972.52,24799.0,0.0,0.0
349,171.070,166.140,171.2,166.35,972.52,25744.0,17.0,17.0
350,171.070,166.140,171.2,166.35,972.52,24867.0,0.0,0.0
351,171.070,166.140,171.2,166.35,972.52,25459.0,0.0,0.0
352,171.070,166.140,171.2,166.35,972.52,26113.0,1011.0,1011.0
353,171.070,166.140,171.2,166.35,972.52,25863.0,0.0,0.0
354,171.070,166.140,171.2,166.35,972.52,24515.0,0.0,0.0
355,171.070,166.140,171.2,166.35,972.52,26804.0,1246.0,1246.0
356,171.070,166.140,171.2,166.35,972.52,24690.0,183.0,183.0
357,171.070,166.140,171.2,166.35,972.52,25748.0,1178.0,1178.0
358,171.070,166.140,171.2,166.35,972.52,25457.0,0.0,0.0
359,171.070,166.140,171.2,166.35,972.52,25170.0,0.0,0.0
360,171.070,166.140,171.2,166.35,972.52,25282.0,4.0,4.0
361,171.070,166.140,171.2,166.35,972.52,23281.0,0.0,0.0
362,171.070,166.140,171.2,166.35,972.52,27094.0,1450.0,1450.0
363,171.070,166.140,171.2,166.35,972.52,24949.0,0.0,0.0
364,171.070,166.140,171.2,166.35,972.52,25393.0,0.0,0.0
365,171.070,166.140,171.2,166.35,972.52,25959.0,0.0,0.0
366,171.070,166.140,171.2,166.35,972.52,28521.0,1952.0,1952.0
367,171.070,166.140,171.2,166.35,972.52,26388.0,208.0,208.0
368,171.070,166.140,171.2,166.35,972.52,26341.0,286.0,286.0
369,171.070,166.140,171.2,166.35,972.52,25124.0,193.0,193.0
370,171.070,166.140,171.2,166.35,972.52,24764.0,0.0,0.0
371,171.070,166.140,171.2,166.35,972.52,25711.0,533.0,533.0
372,171.070,166.140,171.2,166.35,972.52,25013.0,0.0,0.0
373,171.070,166.140,171.2,166.35,972.52,26408.0,532.0,532.0
374,171.070,166.140,171.2,166.35,972.52,26264.0,0.0,0.0
375,171.070,166.140,171.2,166.35,972.52,25760.0,0.0,0.0
376,171.070,166.140,171.2,166.35,972.52,25960.0,633.0,633.0
377,171.070,166.140,171.2,166.35,972.52,24679.0,0.0,0.0
378,171.070,166.140,171.2,166.35,972.52,26611.0,541.0,541.0
379,171.070,166.140,171.2,166.35,972.52,24812.0,0.0,0.0
380,171.070,166.140,171.2,166.35,972.52,24466.0,0.0,0.0
381,171.070,166.140,171.2,166.35,972.52,23872.0,0.0,0.0
382,171.070,166.140,171.2,166.35,972.52,26163.0,0.0,0.0
383,171.070,166.140,171.2,166.35,972.52,24067.0,0.0,0.0
384,171.070,166.140,171.2,166.35,972.52,24956.0,0.0,0.0
385,171.070,166.140,171.2,166.35,972.52,26793.0,931.0,931.0
386,171.070,166.140,171.2,166.35,972.52,23196.0,0.0,0.0
387,171.070,166.140,171.2,166.35,972.52,26537.0,5.0,5.0
388,171.070,166.140,171.2,166.35,972.52,25932.0,305.0,305.0
389,171.070,166.140,171.2,166.35,972.52,25208.0,0.0,0.0
390,171.070,166.140,171.2,166.35,972.52,25925.0,0.0,0.0
391,171.070,166.140,171.2,166.35,972.52,24964.0,0.0,0.0
392,171.070,166.140,171.2,166.35,972.52,24857.0,0.0,0.0
393,171.070,166.140,171.2,166.35,972.52,26303.0,1103.0,1103.0
394,171.070,166.140,171.2,166.35,972.52,24229.0,0.0,0.0
395,171.070,166.140,171.2,166.35,972.52,22849.0,0.0,0.0
396,171.070,166.140,171.2,166.35,972.52,26327.0,450.0,450.0
397,171.070,166.140,171.2,166.35,972.52,24853.0,0.0,0.0
398,171.070,166.140,171.2,166.35,972.52,23206.0,0.0,0.0
399,171.070,166.140,171.2,166.35,972.52,25525.0,781.0,781.0
400,171.070,166.140,171.2,166.35,972.52,24700.0,0.0,0.0
401,171.070,166.140,171.2,166.35,972.52,23415.0,0.0,0.0
402,171.070,166.140,171.2,166.35,972.52,24687.0,0.0,0.0
403,171.070,166.140,171.2,166.35,972.52,24873.0,0.0,0.0
404,171.070,166.140,171.2,166.35,972.52,25220.0,0.0,0.0
405,171.070,166.140,171.2,166.35,972.52,24991.0,135.0,135.0
406,171.070,166.140,171.2,166.35,972.52,25172.0,471.0,471.0
407,171.070,166.140,171.2,166.35,972.52,24149.0,0.0,0.0
408,171.070,166.140,171.2,166.35,972.52,24368.0,0.0,0.0
409,171.070,166.140,171.2,166.35,972.52,26136.0,314.0,314.0
410,171.070,166.140,171.2,166.35,972.52,24555.0,0.0,0.0
411,171.070,166.140,171.2,166.35,972.52,24885.0,0.0,0.0
412,171.070,166.140,171.2,166.35,972.52,24376.0,0.0,0.0
413,171.070,166.140,171.2,166.35,972.52,24665.0,0.0,0.0
414,171.070,166.140,171.2,166.35,972.52,24884.0,0.0,0.0
415,171.070,166.140,171.2,166.35,972.52,25114.0,157.0,157.0
416,171.070,166.140,171.2,166.35,972.52,25471.0,0.0,0.0
417,171.070,166.140,171.2,166.35,972.52,25082.0,0.0,0.0
418,171.070,166.140,171.2,166.35,972.52,24236.0,0.0,0.0
419,171.070,166.140,171.2,166.35,972.52,25296.0,0.0,0.0
420,171.070,166.140,171.2,166.35,972.52,24950.0,0.0,0.0
421,171.070,166.140,171.2,166.35,972.52,25149.0,0.0,0.0
422,171.070,166.140,171.2,166.35,972.52,25079.0,0.0,0.0
423,171.070,166.140,171.2,166.35,972.52,24934.0,0.0,0.0
424,171.070,166.140,171.2,166.35,972.52,24759.0,0.0,0.0
425,171.070,166.140,171.2,166.35,972.52,25310.0,0.0,0.0
426,171.070,166.140,171.2,166.35,972.52,24279.0,0.0,0.0
427,171.070,166.140,171.2,166.35,972.52,26755.0,1418.0,1418.0
428,171.070,166.140,171.2,166.35,972.52,26389.0,1272.0,1272.0
429,171.070,166.140,171.2,166.35,972.52,24017.0,0.0,0.0
430,171.070,166.140,171.2,166.35,972.52,24829.0,260.0,260.0
431,171.070,166.140,171.2,166.35,972.52,25714.0,0.0,0.0
432,171.070,166.140,171.2,166.35,972.52,25155.0,0.0,0.0
433,171.070,166.140,171.2,166.35,972.52,25530.0,658.0,658.0
434,171.070,166.140,171.2,166.35,972.52,24598.0,0.0,0.0
435,171.070,166.140,171.2,166.35,972.52,23375.0,0.0,0.0
436,171.070,166.140,171.2,166.35,972.52,23562.0,0.0,0.0
437,171.070,166.140,171.2,166.35,972.52,26273.0,540.0,540.0
438,171.070,166.140,171.2,166.35,972.52,25028.0,232.0,232.0
439,171.070,166.140,171.2,166.35,972.52,26665.0,908.0,908.0
440,171.070,166.140,171.2,166.35,972.52,27040.0,1113.0,1113.0
441,171.070,166.140,171.2,166.35,972.52,25925.0,171.0,171.0
442,171.070,166.140,171.2,166.35,972.52,24950.0,262.0,262.0
443,171.070,166.140,171.2,166.35,972.52,26858.0,1487.0,1487.0
444,171.070,166.140,171.2,166.35,972.52,26216.0,554.0,554.0
445,171.070,166.140,171.2,166.35,972.52,25003.0,715.0,715.0
446,171.070,166.140,171.2,166.35,972.52,24575.0,202.0,202.0
447,171.070,166.140,171.2,166.35,972.52,24536.0,0.0,0.0
448,171.070,166.140,171.2,166.35,972.52,26793.0,1302.0,1302.0
449,171.070,166.140,171.2,166.35,972.52,24940.0,0.0,0.0
450,171.070,166.140,171.2,166.35,972.52,25195.0,527.0,527.0
451,171.070,166.140,171.2,166.35,972.52,23845.0,0.0,0.0
452,171.070,166.140,171.2,166.35,972.52,23924.0,0.0,0.0
453,171.070,166.140,171.2,166.35,972.52,26376.0,1466.0,1466.0
454,171.070,166.140,171.2,166.35,972.52,23734.0,0.0,0.0
455,171.070,166.140,171.2,166.35,972.52,23197.0,0.0,0.0
456,171.070,166.140,171.2,166.35,972.52,24796.0,0.0,0.0
457,171.070,166.140,171.2,166.35,972.52,23436.0,0.0,0.0
458,171.070,166.140,171.2,166.35,972.52,24652.0,0.0,0.0
459,171.070,166.140,171.2,166.35,972.52,25570.0,537.0,537.0
460,171.070,166.140,171.2,166.35,972.52,24167.0,0.0,0.0
461,171.070,166.140,171.2,166.35,972.52,25118.0,365.0,365.0
462,171.070,166.140,171.2,166.35,972.52,25301.0,633.0,633.0
463,171.070,166.140,171.2,166.35,972.52,23626.0,0.0,0.0
464,171.070,166.140,171.2,166.35,972.52,25041.0,156.0,156.0
465,171.070,166.140,171.2,166.35,972.52,25965.0,947.0,947.0
466,171.070,166.140,171.2,166.35,972.52,25184.0,897.0,897.0
467,171.070,166.140,171.2,166.35,972.52,25186.0,0.0,0.0
468,171.070,166.140,171.2,166.35,972.52,24853.0,0.0,0.0
469,171.070,166.140,171.2,166.35,972.52,26490.0,1221.0,1221.0
470,171.070,166.140,171.2,166.35,972.52,26027.0,662.0,662.0
471,171.070,166.140,171.2,166.35,972.52,24299.0,0.0,0.0
472,171.070,166.140,171.2,166.35,972.52,24685.0,0.0,0.0
473,171.070,166.140,171.2,166.35,972.52,25499.0,0.0,0.0
474,171.070,166.140,171.2,166.35,972.52,24399.0,0.0,0.0
475,171.070,166.140,171.2,166.35,972.52,26028.0,719.0,719.0
476,171.070,166.140,171.2,166.35,972.52,23196.0,0.0,0.0
477,171.070,166.140,171.2,166.35,972.52,25136.0,77.0,77.0
478,171.070,166.140,171.2,166.35,972.52,25135.0,0.0,0.0
479,171.070,166.140,171.2,166.35,972.52,23381.0,0.0,0.0
480,171.070,166.140,171.2,166.35,972.52,26644.0,1402.0,1402.0
481,171.070,166.140,171.2,166.35,972.52,24704.0,0.0,0.0
482,171.070,166.140,171.2,166.35,972.52,26268.0,368.0,368.0
483,171.070,166.140,171.2,166.35,972.52,24832.0,0.0,0.0
484,171.070,166.140,171.2,166.35,972.52,23589.0,0.0,0.0
485,171.070,166.140,171.2,166.35,972.52,25958.0,1093.0,1093.0
486,171.070,166.140,171.2,166.35,972.52,26382.0,415.0,415.0
487,171.070,166.140,171.2,166.35,972.52,25137.0,0.0,0.0
488,171.070,166.140,171.2,166.35,972.52,24858.0,0.0,0.0
489,171.070,166.140,171.2,166.35,972.52,25906.0,765.0,765.0
490,171.070,166.140,171.2,166.35,972.52,26507.0,461.0,461.0
491,171.070,166.140,171.2,166.35,972.52,25485.0,0.0,0.0
492,171.070,166.140,171.2,166.35,972.52,23794.0,0.0,0.0
493,171.070,166.140,171.2,166.35,972.52,23340.0,0.0,0.0
494,171.070,166.140,171.2,166.35,972.52,26809.0,1874.0,1874.0
495,171.070,166.140,171.2,166.35,972.52,26286.0,1201.0,1201.0
496,171.070,166.140,171.2,166.35,972.52,25837.0,785.0,785.0
497,171.070,166.140,171.2,166.35,972.52,23769.0,0.0,0.0
498,171.070,166.140,171.2,166.35,972.52,25097.0,718.0,718.0
499,171.070,166.140,171.2,166.35,972.52,23621.0,0.0,0.0
500,171.070,166.140,171.2,166.35,972.52,26061.0,487.0,487.0
501,171.070,166.140,171.2,166.35,972.52,24741.0,0.0,0.0
502,171.070,166.140,171.2,166.35,972.52,23533.0,0.0,0.0
503,171.070,166.140,171.2,166.35,972.52,25605.0,0.0,0.0
504,171.070,166.140,171.2,166.35,972.52,24770.0,227.0,227.0
505,171.070,166.140,171.2,166.35,972.52,24715.0,0.0,0.0
506,171.070,166.140,171.2,166.35,972.52,25054.0,134.0,134.0
507,171.070,166.140,171.2,166.35,972.52,25186.0,0.0,0.0
508,171.070,166.140,171.2,166.35,972.52,24949.0,0.0,0.0
509,171.070,166.140,171.2,166.35,972.52,24778.0,0.0,0.0
510,171.070,166.140,171.2,166.35,972.52,24644.0,0.0,0.0
511,171.070,166.140,171.2,166.35,972.52,26091.0,873.0,873.0
512,171.070,166.140,171.2,166.35,972.52,24178.0,0.0,0.0
513,171.070,166.140,171.2,166.35,972.52,24637.0,0.0,0.0
514,171.070,166.140,171.2,166.35,972.52,22887.0,0.0,0.0
515,171.070,166.140,171.2,166.35,972.52,23888.0,0.0,0.0
516,171.070,166.140,171.2,166.35,972.52,25027.0,0.0,0.0
517,171.070,166.140,171.2,166.35,972.52,26475.0,774.0,774.0
518,171.070,166.140,171.2,166.35,972.52,23340.0,0.0,0.0
519,171.070,166.140,171.2,166.35,972.52,24668.0,0.0,0.0
520,171.070,166.140,171.2,166.35,972.52,24051.0,0.0,0.0
521,171.070,166.140,171.2,166.35,972.52,23298.0,0.0,0.0
522,171.070,166.140,171.2,166.35,972.52,23203.0,0.0,0.0
523,171.070,166.140,171.2,166.35,972.52,23953.0,0.0,0.0
524,171.070,166.140,171.2,166.35,972.52,26763.0,398.0,398.0
525,171.070,166.140,171.2,166.35,972.52,24760.0,568.0,568.0
526,171.070,166.140,171.2,166.35,972.52,23223.0,0.0,0.0
527,171.070,166.140,171.2,166.35,972.52,25028.0,0.0,0.0
528,171.070,166.140,171.2,166.35,972.52,25197.0,201.0,201.0
529,171.070,166.140,171.2,166.35,972.52,24762.0,251.0,251.0
530,171.070,166.140,171.2,166.35,972.52,26140.0,522.0,522.0
531,171.070,166.140,171.2,166.35,972.52,23846.0,0.0,0.0
532,171.070,166.140,171.2,166.35,972.52,28822.0,2029.0,2029.0
533,171.070,166.140,171.2,166.35,972.52,33433.0,7506.0,7506.0
534,171.070,166.140,171.2,166.35,972.52,33367.0,7518.0,7518.0
535,171.070,166.140,170.94,166.18,972.52,35684.0,9198.0,9198.0
536,171.070,166.140,171.11,166.18,972.52,34585.0,7703.0,7703.0
537,171.070,166.140,170.79,166.41,972.52,31690.0,4745.0,4745.0
538,171.070,166.140,171.11,166.13,972.52,33816.0,7277.0,7277.0
539,171.070,166.140,170.94,166.54,972.52,34151.0,6840.0,6840.0
540,171.070,166.140,170.91,166.23,972.52,33336.0,7278.0,7278.0
541,171.070,166.140,171.24,165.88,972.52,33771.0,7530.0,7530.0
542,171.070,166.140,171.35,166.41,972.52,34232.0,7978.0,7978.0
543,171.070,166.140,171.2,166.35,972.52,31304.0,4933.0,4933.0
544,171.070,166.140,170.9,166.2,972.52,34896.0,8427.0,8427.0
545,171.070,166.140,171.2,166.35,972.52,33398.0,6226.0,6226.0
546,171.070,166.140,170.9,166.15,972.52,36384.0,8759.0,8759.0
547,171.070,166.140,171,166.01,972.52,34248.0,8218.0,8218.0
548,171.070,166.140,170.94,166.44,972.52,33658.0,6963.0,6963.0
549,171.070,166.140,170.54,166.17,972.52,33354.0,6652.0,6652.0
550,171.070,166.140,171.1,166.06,972.52,34629.0,7746.0,7746.0
551,171.070,166.140,171.28,166.21,972.52,34105.0,6093.0,6093.0
552,171.070,166.140,171.04,166.32,972.52,34215.0,8310.0,8310.0
553,171.070,166.140,171.09,166.43,972.52,36929.0,9961.0,9961.0
554,171.070,166.140,171.16,166.29,972.52,33790.0,7057.0,7057.0
555,171.070,166.140,171.16,166.24,972.52,32482.0,6374.0,6374.0
556,171.070,166.140,171.2,166.35,972.52,31075.0,5301.0,5301.0
557,171.070,166.140,170.94,166.12,972.52,30769.0,5711.0,5711.0
558,171.070,166.140,170.97,166.09,972.52,34199.0,7384.0,7384.0
559,171.070,166.140,171.2,166.35,972.52,32803.0,6455.0,6455.0
560,171.070,166.140,171.26,166.03,972.52,34608.0,8935.0,8935.0
561,171.070,166.140,171.02,166.13,972.52,35089.0,9383.0,9383.0
562,171.070,166.140,171.2,166.35,972.52,32404.0,6156.0,6156.0
563,171.070,166.140,171.1,166.57,972.52,33399.0,7086.0,7086.0
564,171.070,166.140,171.2,166.35,972.52,33110.0,6995.0,6995.0
565,171.070,166.140,171.2,166.35,972.52,33569.0,6672.0,6672.0
566,171.070,166.140,171.02,166.36,972.52,34145.0,7338.0,7338.0
567,171.070,166.140,171.2,166.35,972.52,31150.0,5410.0,5410.0
568,171.070,166.140,171.35,165.92,972.52,33337.0,6275.0,6275.0
569,171.070,166.140,171.16,166.1,972.52,33853.0,6918.0,6918.0
570,171.070,166.140,170.68,166.13,972.52,32786.0,7612.0,7612.0
571,171.070,166.140,170.99,166.15,972.52,36062.0,7599.0,7599.0
572,171.070,166.140,171.29,166.13,972.52,36102.0,9614.0,9614.0
573,171.070,166.140,171.2,166.35,972.52,31186.0,6172.0,6172.0
574,171.070,166.140,171.26,165.98,972.52,34775.0,7720.0,7720.0
575,171.070,166.140,171.2,166.35,972.52,31765.0,5388.0,5388.0
576,171.070,166.140,170.84,166.18,972.52,33551.0,6933.0,6933.0
577,171.070,166.140,171.08,166.06,972.52,31975.0,6461.0,6461.0
578,171.070,166.140,170.8,166.42,972.52,32549.0,6506.0,6506.0
579,171.070,166.140,171.2,166.35,972.52,31212.0,5901.0,5901.0
580,171.070,166.140,171.17,166.28,972.52,35856.0,9565.0,9565.0
581,171.070,166.140,171.03,166.16,972.52,37300.0,9532.0,9532.0
582,171.070,166.140,171.43,166.33,972.52,35898.0,9004.0,9004.0
583,171.070,166.140,171.2,166.35,972.52,31212.0,5428.0,5428.0
584,171.070,166.140,171.06,166.05,972.52,34939.0,8170.0,8170.0
585,171.070,166.140,171.13,166.07,972.52,35235.0,8895.0,8895.0
586,171.070,166.140,170.87,165.97,972.52,34555.0,7933.0,7933.0
587,171.070,166.140,171.2,166.35,972.52,30206.0,4112.0,4112.0
588,171.070,166.140,171.08,166.13,972.52,34712.0,6902.0,6902.0
589,171.070,166.140,171.2,166.35,972.52,32403.0,6874.0,6874.0
590,171.070,166.140,171.11,166.01,972.52,33612.0,6418.0,6418.0
591,171.070,166.140,171.18,166.49,972.52,32682.0,6290.0,6290.0
592,171.070,166.140,171.09,165.9,972.52,36599.0,10215.0,10215.0
593,171.070,166.140,170.89,165.5,972.52,33807.0,7672.0,7672.0
594,171.070,166.140,171.03,166.16,972.52,36335.0,9393.0,9393.0
595,171.070,166.140,171.19,166.18,972.52,35411.0,8445.0,8445.0
596,171.070,166.140,170.91,166,972.52,34132.0,7841.0,7841.0
597,171.070,166.140,171.14,165.93,972.52,33726.0,7316.0,7316.0
598,171.070,166.140,171.2,166.35,972.52,31511.0,5462.0,5462.0
599,171.070,166.140,171.2,166.35,972.52,33477.0,5820.0,5820.0
600,171.070,166.140,171.43,166.36,972.52,34493.0,9272.0,9272.0
601,171.070,166.140,171.19,166.01,972.52,35329.0,9557.0,9557.0
602,171.070,166.140,171.2,166.35,972.52,32736.0,6002.0,6002.0
603,171.070,166.140,171.12,166.26,972.52,36049.0,8413.0,8413.0
604,171.070,166.140,170.58,166.01,972.52,32856.0,7092.0,7092.0
605,171.070,166.140,170.76,166.05,972.52,34341.0,7295.0,7295.0
606,171.070,166.140,170.89,166.12,972.52,36289.0,8972.0,8972.0
607,171.070,166.140,171.46,165.84,972.52,34321.0,8382.0,8382.0
608,171.070,166.140,171.04,166.37,972.52,35937.0,8791.0,8791.0
609,171.070,166.140,170.9,166.14,972.52,34268.0,7649.0,7649.0
610,171.070,166.140,170.89,166.09,972.52,34101.0,6931.0,6931.0
611,171.070,166.140,171.06,166.28,972.52,33904.0,7790.0,7790.0
612,171.070,166.140,170.96,166.46,972.52,35369.0,8210.0,8210.0
613,171.070,166.140,171.16,166.22,972.52,32246.0,5850.0,5850.0
614,171.070,166.140,171.21,165.98,972.52,34640.0,8804.0,8804.0
615,171.070,166.140,171.17,166.4,972.52,34441.0,7734.0,7734.0
616,171.070,166.140,170.98,166.11,972.52,35160.0,8728.0,8728.0
617,171.070,166.140,171.45,166.11,972.52,35513.0,8677.0,8677.0
618,171.070,166.140,171.01,165.99,972.52,34887.0,7919.0,7919.0
619,171.070,166.140,170.92,166.05,972.52,35280.0,8995.0,8995.0
620,171.070,166.140,171.19,165.99,972.52,36495.0,9404.0,9404.0
621,171.070,166.140,171.02,166.38,972.52,33813.0,7111.0,7111.0
622,171.070,166.140,171.26,165.97,972.52,37069.0,9253.0,9253.0
623,171.070,166.140,170.9,166.38,972.52,35327.0,8764.0,8764.0
624,171.070,166.140,171.55,166.18,972.52,33408.0,6999.0,6999.0
625,171.070,166.140,170.84,166.21,972.52,36645.0,9689.0,9689.0
626,171.070,166.140,171.04,166.33,972.52,36490.0,9081.0,9081.0
627,171.070,166.140,170.97,166.3,972.52,36930.0,9816.0,9816.0
628,171.070,166.140,171.07,166,972.52,35615.0,9368.0,9368.0
629,171.070,166.140,171.2,166.35,972.52,33127.0,6931.0,6931.0
630,171.070,166.140,171.47,165.8,972.52,33665.0,6655.0,6655.0
631,171.070,166.140,171.44,166.21,972.52,37326.0,10845.0,10845.0
632,171.070,166.140,171.07,166.22,972.52,34183.0,8003.0,8003.0
633,171.070,166.140,171.14,166.08,972.52,33735.0,7241.0,7241.0
634,171.070,166.140,170.98,166.22,972.52,35761.0,9558.0,9558.0
635,171.070,166.140,170.74,165.58,972.52,36068.0,9569.0,9569.0
636,171.070,166.140,171.25,166.47,972.52,34083.0,7807.0,7807.0
637,171.070,166.140,171.22,166.07,972.52,36487.0,9903.0,9903.0
638,171.070,166.140,170.97,166.18,972.52,34995.0,8617.0,8617.0
639,171.070,166.140,171.42,166.38,972.52,34068.0,7592.0,7592.0
640,171.070,166.140,171.04,166.42,972.52,33732.0,6446.0,6446.0
641,171.070,166.140,171.2,166.35,972.52,30609.0,4811.0,4811.0
642,171.070,166.140,170.94,166.16,972.52,35130.0,9316.0,9316.0
643,171.070,166.140,171.2,166.35,972.52,34359.0,7918.0,7918.0
644,171.070,166.140,171.21,165.86,972.52,34034.0,8586.0,8586.0
645,171.070,166.140,171.15,166.05,972.52,34133.0,7325.0,7325.0
646,171.070,166.140,171.2,166.35,972.52,33004.0,5977.0,5977.0
647,171.070,166.140,171.2,166.35,972.52,30220.0,4228.0,4228.0
648,171.070,166.140,171.2,166.35,972.52,30914.0,4989.0,4989.0
649,171.070,166.140,171.08,165.89,972.52,33723.0,6617.0,6617.0
650,171.070,166.140,171.2,166.35,972.52,32974.0,7204.0,7204.0
651,171.070,166.140,171.2,166.35,972.52,32069.0,5396.0,5396.0
652,171.070,166.140,171.02,165.81,972.52,35009.0,8255.0,8255.0
653,171.070,166.140,171.53,165.94,972.52,34247.0,7822.0,7822.0
654,171.070,166.140,171.2,166.14,972.52,36758.0,10099.0,10099.0
655,171.070,166.140,171.2,166.35,972.52,29069.0,3975.0,3975.0
656,171.070,166.140,171.2,166.35,972.52,33262.0,6684.0,6684.0
657,171.070,166.140,171.2,166.35,972.52,32400.0,7053.0,7053.0
658,171.070,166.140,171.01,165.83,972.52,35169.0,8835.0,8835.0
659,171.070,166.140,170.96,166.22,972.52,32526.0,7419.0,7419.0
660,171.070,166.140,171.3,166.4,972.52,34593.0,9543.0,9543.0
661,171.070,166.140,171.2,165.85,972.52,34272.0,7802.0,7802.0
662,171.070,166.140,170.87,166.05,972.52,33516.0,6683.0,6683.0
663,171.070,166.140,171.16,166.24,972.52,38062.0,11416.0,11416.0
664,171.070,166.140,170.96,166.23,972.52,36272.0,9569.0,9569.0
665,171.070,166.140,171.29,166.05,972.52,36186.0,10095.0,10095.0
666,171.070,166.140,171.09,166,972.52,40186.0,12541.0,12541.0
667,171.070,166.140,171.13,165.86,972.52,35687.0,9651.0,9651.0
668,171.070,166.140,170.61,166.33,972.52,36231.0,10188.0,10188.0
669,171.070,166.140,171.14,166.08,972.52,37363.0,10999.0,10999.0
670,171.070,166.140,171.38,166.21,972.52,37586.0,11003.0,11003.0
671,171.070,166.140,170.98,166.09,972.52,34175.0,7791.0,7791.0
672,171.070,166.140,171.2,166.35,972.52,33247.0,7438.0,7438.0
673,171.070,166.140,171.2,166.35,972.52,32621.0,6751.0,6751.0
674,171.070,166.140,171.2,166.35,972.52,31560.0,6176.0,6176.0
675,171.070,166.140,170.91,165.89,972.52,32280.0,5989.0,5989.0
676,171.070,166.140,171.2,166.35,972.52,28605.0,3151.0,3151.0
677,171.070,166.140,171.18,166.17,972.52,31672.0,6148.0,6148.0
678,171.070,166.140,170.78,166.4,972.52,33398.0,7743.0,7743.0
679,171.070,166.140,171.2,166.35,972.52,30890.0,5217.0,5217.0
680,171.070,166.140,171.2,166.35,972.52,31274.0,5633.0,5633.0
681,171.070,166.140,171.2,166.35,972.52,32029.0,6178.0,6178.0
682,171.070,166.140,171.34,166.42,972.52,33483.0,8165.0,8165.0
683,171.070,166.140,171.2,166.35,972.52,32326.0,6526.0,6526.0
684,171.070,166.140,171.3,166.23,972.52,31442.0,6874.0,6874.0
685,171.070,166.140,171.16,166.16,972.52,34795.0,7896.0,7896.0
686,171.070,166.140,171.33,166.15,972.52,34484.0,8488.0,8488.0
687,171.070,166.140,171.27,166.13,972.52,33421.0,7101.0,7101.0
688,171.070,166.140,171.43,166.3,972.52,35335.0,9309.0,9309.0
689,171.070,166.140,171.14,166.13,972.52,36057.0,9100.0,9100.0
690,171.070,166.140,171.05,166.02,972.52,35558.0,8576.0,8576.0
691,171.070,166.140,171.36,166.29,972.52,33465.0,8334.0,8334.0
692,171.070,166.140,171.2,166.35,972.52,32383.0,6372.0,6372.0
693,171.070,166.140,171.25,165.97,972.52,34234.0,8177.0,8177.0
694,171.070,166.140,171.03,166.03,972.52,35448.0,9425.0,9425.0
695,171.070,166.140,171.2,166.35,972.52,34093.0,8021.0,8021.0
696,171.070,166.140,170.94,166.58,972.52,35842.0,8434.0,8434.0
697,171.070,166.140,171.4,166.43,972.52,35853.0,10225.0,10225.0
698,171.070,166.140,171.08,165.89,972.52,31844.0,6695.0,6695.0
699,171.070,166.140,170.94,166.02,972.52,32896.0,7272.0,7272.0
700,171.070,166.140,171.15,166.23,972.52,40028.0,12831.0,12831.0
701,171.070,166.140,171.02,166,972.52,41305.0,15147.0,15147.0
702,171.070,166.140,171.04,166.32,972.52,35619.0,9022.0,9022.0
703,171.070,166.140,170.93,166.18,972.52,41426.0,13728.0,13728.0
704,171.070,166.140,171.14,165.98,972.52,40467.0,11194.0,11194.0
705,171.070,166.140,171.43,166.21,972.52,38396.0,11802.0,11802.0
706,171.070,166.140,171.06,166.18,972.52,38558.0,11194.0,11194.0
707,171.070,166.140,171.01,166.08,972.52,40104.0,11932.0,11932.0
708,171.070,166.140,171.15,166.05,972.52,40333.0,12462.0,12462.0
709,171.070,166.140,171.03,165.98,972.52,40767.0,14049.0,14049.0
710,171.070,166.140,171.29,166.31,972.52,39264.0,12328.0,12328.0
711,171.070,166.140,171.11,166.11,972.52,40160.0,12675.0,12675.0
712,171.070,166.140,171.05,166.03,972.52,42230.0,13950.0,13950.0
713,171.070,166.140,171.21,166.45,972.52,40894.0,13248.0,13248.0
714,171.070,166.140,170.8,166.01,972.52,40396.0,13613.0,13613.0
715,171.070,166.140,171.1,166.24,972.52,42906.0,15667.0,15667.0
716,171.070,166.140,171.15,166.01,972.52,40857.0,13033.0,13033.0
717,171.070,166.140,171.16,166.02,972.52,40399.0,13286.0,13286.0
718,171.070,166.140,171.34,166,972.52,38378.0,11051.0,11051.0
719,171.070,166.140,171.14,166.55,972.52,39061.0,12237.0,12237.0
720,171.070,166.140,171.39,165.87,972.52,40907.0,13661.0,13661.0
721,171.070,166.140,171.03,166.07,972.52,44090.0,10968.0,10968.0
722,171.070,166.140,170.88,166.27,972.52,42480.0,11191.0,11191.0
723,171.070,166.140,171.16,166.08,972.52,41374.0,8177.0,8177.0
724,171.070,166.140,171.29,165.85,972.52,43127.0,9436.0,9436.0
725,171.070,166.140,171.04,165.95,972.52,40470.0,5513.0,5513.0
726,171.070,166.140,171.59,166.35,972.52,39860.0,7663.0,7663.0
727,171.070,166.140,171.08,166.14,972.52,43432.0,11538.0,11538.0
728,171.070,166.140,171.21,166.01,972.52,41769.0,7889.0,7889.0
729,171.070,166.140,171.05,166.12,972.52,41913.0,11961.0,11961.0
730,171.070,166.140,171.31,166.2,972.52,41198.0,14105.0,14105.0
731,171.070,166.140,171.19,166.02,972.52,37555.0,8480.0,8480.0
732,171.070,166.140,171.09,166.21,972.52,39841.0,11734.0,11734.0
733,171.070,166.140,171.42,165.93,972.52,34994.0,8790.0,8790.0
734,171.070,166.140,171.1,166.3,972.52,36621.0,9777.0,9777.0
735,171.070,166.140,170.69,166.32,972.52,38467.0,11677.0,11677.0
736,171.070,166.140,171.07,166.11,972.52,36339.0,9773.0,9773.0
737,171.070,166.140,171.09,165.95,972.52,36511.0,9191.0,9191.0
738,171.070,166.140,171.22,166.19,972.52,35269.0,9180.0,9180.0
739,171.070,166.140,171.42,165.92,972.52,36415.0,9772.0,9772.0
740,171.070,166.140,171.51,166.39,972.52,39762.0,13019.0,13019.0
741,171.070,166.140,171.24,165.93,972.52,34133.0,8571.0,8571.0
742,171.070,166.140,171.15,166.13,972.52,38693.0,11970.0,11970.0
743,171.070,166.140,171.15,166.03,972.52,35945.0,9336.0,9336.0
744,171.070,166.140,170.84,165.83,972.52,36439.0,9655.0,9655.0
745,171.070,166.140,171.12,166.1,972.52,36766.0,10410.0,10410.0
746,171.070,166.140,171.03,166.14,972.52,36637.0,10017.0,10017.0
747,171.070,166.140,171.12,166.3,972.52,34440.0,8466.0,8466.0
748,171.070,166.140,171.51,166.17,972.52,36222.0,9409.0,9409.0
749,171.070,166.140,171.14,166.01,972.52,40409.0,13218.0,13218.0
750,171.070,166.140,171.41,166.45,972.52,38927.0,12014.0,12014.0
751,171.070,166.140,171.15,166.03,972.52,42294.0,14990.0,14990.0
752,171.070,166.140,171.19,166.11,972.52,39041.0,12547.0,12547.0
753,171.070,166.140,171.19,166.02,972.52,41354.0,13917.0,13917.0
754,171.070,166.140,170.92,166.12,972.52,38512.0,11497.0,11497.0
755,171.070,166.140,171.26,166.17,972.52,38882.0,11849.0,11849.0
756,171.070,166.140,171.17,166.02,972.52,40959.0,13802.0,13802.0
757,171.070,166.140,171.17,166.13,972.52,45478.0,17255.0,17255.0
758,171.070,166.140,171.12,166.11,972.52,48564.0,18582.0,18582.0
759,171.070,166.140,171.23,166.07,972.52,47022.0,18271.0,18271.0
760,171.070,166.140,171.12,166.21,972.52,47935.0,19641.0,19641.0
761,171.070,166.140,171.28,165.99,972.52,46071.0,17209.0,17209.0
762,171.070,166.140,171.08,166.1,972.52,44622.0,15920.0,15920.0
763,171.070,166.140,171.06,166.04,972.52,47512.0,18659.0,18659.0
764,171.070,166.140,171.04,166.02,972.52,45940.0,17803.0,17803.0
765,171.070,166.140,171.07,166.05,972.52,48413.0,18279.0,18279.0
766,171.070,166.140,171.12,165.95,972.52,46352.0,16942.0,16942.0
767,171.070,166.140,170.99,166.21,972.52,37051.0,10191.0,10191.0
768,171.070,166.140,171.1,166.27,972.52,33313.0,6942.0,6942.0
769,171.070,166.140,171.3,166.18,972.52,37482.0,12187.0,12187.0
770,171.070,166.140,171.14,166.03,972.52,39683.0,12838.0,12838.0
771,171.070,166.140,171.01,166.16,972.52,33849.0,7232.0,7232.0
772,171.070,166.140,171.17,166.18,972.52,34672.0,8621.0,8621.0
773,171.070,166.140,171.09,166.07,972.52,39203.0,11685.0,11685.0
774,171.070,166.140,171.42,166.19,972.52,37984.0,11193.0,11193.0
775,171.070,166.140,170.99,166.05,972.52,42754.0,14394.0,14394.0
776,171.070,166.140,171.13,166.1,972.52,45823.0,16873.0,16873.0
777,171.070,166.140,171.2,166.11,972.52,43167.0,15922.0,15922.0
778,171.070,166.140,171.09,166.07,972.52,49959.0,20941.0,20941.0
779,171.070,166.140,171.24,166.11,972.52,49667.0,20787.0,20787.0
780,171.070,166.140,171.29,166.3,972.52,48687.0,19843.0,19843.0
781,171.070,166.140,171.07,166.1,972.52,48821.0,19224.0,19224.0
782,171.070,166.140,171,166.12,972.52,50097.0,20359.0,20359.0
783,171.070,166.140,171.04,166.02,972.52,46524.0,17813.0,17813.0
784,171.070,166.140,171.16,166.1,972.52,49301.0,20831.0,20831.0
785,171.070,166.140,171.16,166,972.52,51347.0,21029.0,21029.0
786,171.070,166.140,171.07,166.01,972.52,48616.0,19579.0,19579.0
787,171.070,166.140,171.07,166.15,972.52,39869.0,11538.0,11538.0
788,171.070,166.140,170.97,165.77,972.52,37960.0,11272.0,11272.0
789,171.070,166.140,171.18,166.35,972.52,37615.0,10697.0,10697.0
790,171.070,166.140,171.07,166.14,972.52,36333.0,9915.0,9915.0
791,171.070,166.140,171.07,166.14,972.52,30667.0,4688.0,4688.0
792,171.070,166.140,171.07,166.14,972.52,30730.0,5682.0,5682.0
793,171.070,166.140,171.07,166.14,972.52,27560.0,2120.0,2120.0
794,171.070,166.140,171.07,166.14,972.52,28189.0,3225.0,3225.0
795,171.070,166.140,171.07,166.14,972.52,28528.0,3587.0,3587.0
796,171.070,166.140,171.07,166.14,972.52,28260.0,2895.0,2895.0
797,171.070,166.140,171.07,166.14,972.52,27261.0,2868.0,2868.0
798,171.070,166.140,171.07,166.14,972.52,29012.0,3454.0,3454.0
799,171.070,166.140,171.07,166.14,972.52,28862.0,3461.0,3461.0
800,171.070,166.140,171.07,166.14,972.52,30153.0,4055.0,4055.0
801,171.070,166.140,171.07,166.14,972.52,31768.0,5364.0,5364.0
802,171.070,166.140,171.07,166.14,972.52,30988.0,4939.0,4939.0
803,171.070,166.140,171.07,166.14,972.52,29673.0,3788.0,3788.0
804,171.070,166.140,171.07,166.14,972.52,31085.0,5242.0,5242.0
805,171.070,166.140,171.07,166.14,972.52,30096.0,3904.0,3904.0
806,171.070,166.140,171.07,166.14,972.52,31103.0,4836.0,4836.0
807,171.070,166.140,171.07,166.14,972.52,30012.0,4544.0,4544.0
808,171.070,166.140,171.07,166.14,972.52,29557.0,3554.0,3554.0
809,171.070,166.140,171.07,166.14,972.52,29242.0,4175.0,4175.0
810,171.070,166.140,171.07,166.14,972.52,29917.0,4558.0,4558.0
811,171.070,166.140,171.07,166.14,972.52,31853.0,5793.0,5793.0
812,171.070,166.140,171.07,166.14,972.52,30463.0,4372.0,4372.0
813,171.070,166.140,171.07,166.14,972.52,32074.0,5633.0,5633.0
814,171.070,166.140,171.07,166.14,972.52,36993.0,10370.0,10370.0
815,171.070,166.140,171.07,166.14,972.52,37065.0,9679.0,9679.0
816,171.070,166.140,171.07,166.14,972.52,39433.0,11959.0,11959.0
817,171.070,166.140,171.07,166.14,972.52,38408.0,12287.0,12287.0
818,171.070,166.140,171.07,166.14,972.52,36262.0,9706.0,9706.0
819,171.070,166.140,171.07,166.14,972.52,38778.0,10744.0,10744.0
820,171.070,166.140,171.07,166.14,972.52,39145.0,11507.0,11507.0
821,171.070,166.140,171.07,166.14,972.52,36379.0,9868.0,9868.0
822,171.070,166.140,171.07,166.14,972.52,37965.0,10972.0,10972.0
823,171.070,166.140,171.07,166.14,972.52,39698.0,12205.0,12205.0
824,171.070,166.140,171.07,166.14,972.52,36187.0,8951.0,8951.0
825,171.070,166.140,171.07,166.14,972.52,38165.0,11168.0,11168.0
826,171.070,166.140,171.07,166.14,972.52,35802.0,10453.0,10453.0
827,171.070,166.140,171.07,166.14,972.52,38629.0,11518.0,11518.0
828,171.070,166.140,171.07,166.14,972.52,45778.0,18353.0,18353.0
829,171.070,166.140,171.07,166.14,972.52,47596.0,19248.0,19248.0
830,171.070,166.140,171.07,166.14,972.52,47102.0,18040.0,18040.0
831,171.070,166.140,171.07,166.14,972.52,45736.0,17118.0,17118.0
832,171.070,166.140,171.07,166.14,972.52,48030.0,19385.0,19385.0
833,171.070,166.140,171.07,166.14,972.52,37807.0,11309.0,11309.0
834,171.070,166.140,171.07,166.14,972.52,37311.0,9236.0,9236.0
835,171.070,166.140,171.07,166.14,972.52,34852.0,9424.0,9424.0
836,171.070,166.140,171.07,166.14,972.52,35453.0,8940.0,8940.0
837,171.070,166.140,171.07,166.14,972.52,40023.0,12334.0,12334.0
838,171.070,166.140,171.07,166.14,972.52,48748.0,21103.0,21103.0
839,171.070,166.140,171.07,166.14,972.52,43743.0,15536.0,15536.0
840,171.070,166.140,171.07,166.14,972.52,47411.0,19577.0,19577.0
841,171.070,166.140,171.07,166.14,972.52,53180.0,23260.0,23260.0
842,171.070,166.140,171.07,166.14,972.52,47752.0,18363.0,18363.0
843,171.070,166.140,171.07,166.14,972.52,51682.0,22209.0,22209.0
844,171.070,166.140,171.07,166.14,972.52,50026.0,20148.0,20148.0
845,171.070,166.140,171.07,166.14,972.52,43656.0,15924.0,15924.0
846,171.070,166.140,171.07,166.14,972.52,46005.0,17451.0,17451.0
847,171.070,166.140,171.07,166.14,972.52,48017.0,19741.0,19741.0
848,171.070,166.140,171.07,166.14,972.52,44785.0,17071.0,17071.0
849,171.070,166.140,171.07,166.14,972.52,45557.0,18386.0,18386.0
850,171.070,166.140,171.07,166.14,972.52,44604.0,15555.0,15555.0
851,171.070,166.140,171.07,166.14,972.52,44688.0,15426.0,15426.0
852,171.070,166.140,171.07,166.14,972.52,44709.0,15288.0,15288.0
853,171.070,166.140,171.07,166.14,972.52,47181.0,18284.0,18284.0
854,171.070,166.140,171.07,166.14,972.52,49866.0,19563.0,19563.0
855,171.070,166.140,171.07,166.14,972.52,46063.0,17800.0,17800.0
856,171.070,166.140,171.07,166.14,972.52,44911.0,16727.0,16727.0
857,171.070,166.140,171.07,166.14,972.52,48547.0,18911.0,18911.0
858,171.070,166.140,171.07,166.14,972.52,51486.0,21161.0,21161.0
859,171.070,166.140,171.07,166.14,972.52,47254.0,18969.0,18969.0
860,171.070,166.140,171.07,166.14,972.52,47664.0,18247.0,18247.0
861,171.070,166.140,171.07,166.14,972.52,49188.0,20300.0,20300.0
862,171.070,166.140,171.07,166.14,972.52,50725.0,20956.0,20956.0
863,171.070,166.140,171.07,166.14,972.52,49357.0,20252.0,20252.0
864,171.070,166.140,171.07,166.14,972.52,51610.0,22360.0,22360.0
865,171.070,166.140,171.07,166.14,972.52,41699.0,13106.0,13106.0
866,171.070,166.140,171.07,166.14,972.52,36922.0,10300.0,10300.0
867,171.070,166.140,171.07,166.14,972.52,40215.0,13463.0,13463.0
868,171.070,166.140,171.07,166.14,972.52,40001.0,12778.0,12778.0
869,171.070,166.140,171.07,166.14,972.52,40919.0,13071.0,13071.0
870,171.070,166.140,171.07,166.14,972.52,39267.0,12248.0,12248.0
871,171.070,166.140,171.07,166.14,972.52,39563.0,11630.0,11630.0
872,171.070,166.140,171.07,166.14,972.52,35606.0,9212.0,9212.0
873,171.070,166.140,171.07,166.14,972.52,37256.0,10866.0,10866.0
874,171.070,166.140,171.07,166.14,972.52,36553.0,9497.0,9497.0
875,171.070,166.140,171.07,166.14,972.52,36619.0,9672.0,9672.0
876,171.070,166.140,171.07,166.14,972.52,34658.0,9180.0,9180.0
877,171.070,166.140,171.07,166.14,972.52,37788.0,10091.0,10091.0
878,171.070,166.140,171.07,166.14,972.52,36594.0,9554.0,9554.0
879,171.070,166.140,171.07,166.14,972.52,38595.0,11710.0,11710.0
880,171.070,166.140,171.07,166.14,972.52,38421.0,12232.0,12232.0
881,171.070,166.140,171.07,166.14,972.52,34498.0,8510.0,8510.0
882,171.070,166.140,171.07,166.14,972.52,37826.0,11186.0,11186.0
883,171.070,166.140,171.07,166.14,972.52,38798.0,11369.0,11369.0
884,171.070,166.140,171.07,166.14,972.52,38994.0,11466.0,11466.0
885,171.070,166.140,171.07,166.14,972.52,36544.0,10055.0,10055.0
886,171.070,166.140,171.07,166.14,972.52,33386.0,7109.0,7109.0
887,171.070,166.140,171.07,166.14,972.52,38010.0,10583.0,10583.0
888,171.070,166.140,171.07,166.14,972.52,38458.0,11545.0,11545.0
889,171.070,166.140,171.07,166.14,972.52,37398.0,11196.0,11196.0
890,171.070,166.140,171.07,166.14,972.52,35730.0,7991.0,7991.0
891,171.070,166.140,171.07,166.14,972.52,38693.0,11257.0,11257.0
892,171.070,166.140,171.07,166.14,972.52,37738.0,11039.0,11039.0
893,171.070,166.140,171.07,166.14,972.52,39104.0,11391.0,11391.0
894,171.070,166.140,171.07,166.14,972.52,32957.0,6838.0,6838.0
895,171.070,166.140,171.07,166.14,972.52,33749.0,7593.0,7593.0
896,171.070,166.140,171.07,166.14,972.52,38723.0,11095.0,11095.0
897,171.070,166.140,171.07,166.14,972.52,38242.0,11032.0,11032.0
898,171.070,166.140,171.07,166.14,972.52,40616.0,14101.0,14101.0
899,171.070,166.140,171.07,166.14,972.52,40335.0,12714.0,12714.0
900,171.070,166.140,171.07,166.14,972.52,38533.0,10823.0,10823.0
901,171.070,166.140,171.07,166.14,972.52,39175.0,11238.0,11238.0
902,171.070,166.140,171.07,166.14,972.52,36992.0,10254.0,10254.0
903,171.070,166.140,171.07,166.14,972.52,31690.0,6417.0,6417.0
904,171.070,166.140,171.07,166.14,972.52,39246.0,12398.0,12398.0
905,171.070,166.140,171.07,166.14,972.52,43712.0,15467.0,15467.0
906,171.070,166.140,171.07,166.14,972.52,41716.0,14139.0,14139.0
907,171.070,166.140,171.07,166.14,972.52,39497.0,12817.0,12817.0
908,171.070,166.140,171.07,166.14,972.52,40562.0,13921.0,13921.0
909,171.070,166.140,171.07,166.14,972.52,40739.0,13526.0,13526.0
910,171.070,166.140,171.07,166.14,972.52,40063.0,13081.0,13081.0
911,171.070,166.140,171.07,166.14,972.52,42832.0,16055.0,16055.0
912,171.070,166.140,171.07,166.14,972.52,41960.0,13401.0,13401.0
913,171.070,166.140,171.07,166.14,972.52,41943.0,15062.0,15062.0
914,171.070,166.140,171.07,166.14,972.52,39607.0,11818.0,11818.0
915,171.070,166.140,171.07,166.14,972.52,36500.0,9770.0,9770.0
916,171.070,166.140,171.07,166.14,972.52,33844.0,8205.0,8205.0
917,171.070,166.140,171.07,166.14,972.52,32250.0,6141.0,6141.0
918,171.070,166.140,171.07,166.14,972.52,33524.0,6626.0,6626.0
919,171.070,166.140,171.07,166.14,972.52,41246.0,12862.0,12862.0
920,171.070,166.140,171.07,166.14,972.52,37858.0,11965.0,11965.0
921,171.070,166.140,171.07,166.14,972.52,39476.0,12582.0,12582.0
922,171.070,166.140,171.07,166.14,972.52,38756.0,10874.0,10874.0
923,171.070,166.140,171.07,166.14,972.52,40910.0,14235.0,14235.0
924,171.070,166.140,171.07,166.14,972.52,40628.0,13410.0,13410.0
925,171.070,166.140,171.07,166.14,972.52,42185.0,14331.0,14331.0
926,171.070,166.140,171.07,166.14,972.52,40704.0,12640.0,12640.0
927,171.070,166.140,171.07,166.14,972.52,40096.0,12033.0,12033.0
928,171.070,166.140,171.07,166.14,972.52,37724.0,10407.0,10407.0
929,171.070,166.140,171.07,166.14,972.52,39644.0,12016.0,12016.0
930,171.070,166.140,171.07,166.14,972.52,40250.0,12656.0,12656.0
931,171.070,166.140,171.07,166.14,972.52,40151.0,14280.0,14280.0
932,171.070,166.140,171.07,166.14,972.52,38558.0,11621.0,11621.0
933,171.070,166.140,171.07,166.14,972.52,41345.0,13414.0,13414.0
934,171.070,166.140,171.07,166.14,972.52,39674.0,12926.0,12926.0
935,171.070,166.140,171.07,166.14,972.52,37633.0,10730.0,10730.0
936,171.070,166.140,171.07,166.14,972.52,40587.0,13362.0,13362.0
937,171.070,166.140,171.07,166.14,972.52,38212.0,11468.0,11468.0
938,171.070,166.140,171.07,166.14,972.52,37355.0,10540.0,10540.0
939,171.070,166.140,171.07,166.14,972.52,38566.0,11252.0,11252.0
940,171.070,166.140,171.07,166.14,972.52,38775.0,12403.0,12403.0
941,171.070,166.140,171.07,166.14,972.52,40379.0,13134.0,13134.0
942,171.070,166.140,171.07,166.14,972.52,38908.0,11683.0,11683.0
943,171.070,166.140,171.07,166.14,972.52,42846.0,14942.0,14942.0
944,171.070,166.140,171.07,166.14,972.52,39578.0,11218.0,11218.0
945,171.070,166.140,171.07,166.14,972.52,40372.0,13315.0,13315.0
946,171.070,166.140,171.07,166.14,972.52,37711.0,11781.0,11781.0
947,171.070,166.140,171.07,166.14,972.52,39494.0,12428.0,12428.0
948,171.070,166.140,171.07,166.14,972.52,39610.0,12567.0,12567.0
949,171.070,166.140,171.07,166.14,972.52,37624.0,11208.0,11208.0
950,171.070,166.140,171.07,166.14,972.52,38974.0,12033.0,12033.0
951,171.070,166.140,171.07,166.14,972.52,36087.0,9403.0,9403.0
952,171.070,166.140,171.07,166.14,972.52,35569.0,8935.0,8935.0
953,171.070,166.140,171.07,166.14,972.52,37162.0,10251.0,10251.0
954,171.070,166.140,171.07,166.14,972.52,37502.0,11083.0,11083.0
955,171.070,166.140,171.07,166.14,972.52,37519.0,11434.0,11434.0
956,171.070,166.140,171.07,166.14,972.52,38519.0,12679.0,12679.0
957,171.070,166.140,171.07,166.14,972.52,38416.0,11612.0,11612.0
958,171.070,166.140,171.07,166.14,972.52,37384.0,11167.0,11167.0
959,171.070,166.140,171.07,166.14,972.52,34376.0,8348.0,8348.0
960,171.070,166.140,171.07,166.14,972.52,31940.0,6392.0,6392.0
961,171.070,166.140,171.07,166.14,972.52,34010.0,7729.0,7729.0
962,171.070,166.140,171.07,166.14,972.52,32306.0,6205.0,6205.0
963,171.070,166.140,171.07,166.14,972.52,32902.0,8418.0,8418.0
964,171.070,166.140,171.07,166.14,972.52,31690.0,5371.0,5371.0
965,171.070,166.140,171.07,166.14,972.52,30781.0,5108.0,5108.0
966,171.070,166.140,171.07,166.14,972.52,32330.0,6442.0,6442.0
967,171.070,166.140,171.07,166.14,972.52,32751.0,6829.0,6829.0
968,171.070,166.140,171.07,166.14,972.52,33805.0,7740.0,7740.0
969,171.070,166.140,171.07,166.14,972.52,31677.0,6662.0,6662.0
970,171.070,166.140,171.07,166.14,972.52,31380.0,5961.0,5961.0
971,171.070,166.140,171.07,166.14,972.52,29492.0,3911.0,3911.0
972,171.070,166.140,171.07,166.14,972.52,31320.0,5683.0,5683.0
973,171.070,166.140,171.07,166.14,972.52,29985.0,5093.0,5093.0
974,171.070,166.140,171.07,166.14,972.52,31446.0,6759.0,6759.0
975,171.070,166.140,171.07,166.14,972.52,38149.0,11210.0,11210.0
976,171.070,166.140,171.07,166.14,972.52,37975.0,9906.0,9906.0
977,171.070,166.140,171.07,166.14,972.52,33577.0,8275.0,8275.0
978,171.070,166.140,171.07,166.14,972.52,31846.0,5733.0,5733.0
979,171.070,166.140,171.07,166.14,972.52,34410.0,8227.0,8227.0
980,171.070,166.140,171.07,166.14,972.52,31862.0,6342.0,6342.0
981,171.070,166.140,171.07,166.14,972.52,36595.0,10333.0,10333.0
982,171.070,166.140,171.07,166.14,972.52,33524.0,8321.0,8321.0
983,171.070,166.140,171.07,166.14,972.52,35720.0,9636.0,9636.0
984,171.070,166.140,171.07,166.14,972.52,32865.0,6954.0,6954.0
985,171.070,166.140,171.07,166.14,972.52,34700.0,9067.0,9067.0
986,171.070,166.140,171.07,166.14,972.52,38349.0,12072.0,12072.0
987,171.070,166.140,171.07,166.14,972.52,35549.0,9252.0,9252.0
988,171.070,166.140,171.07,166.14,972.52,34444.0,8230.0,8230.0
989,171.070,166.140,171.07,166.14,972.52,34772.0,8974.0,8974.0
990,171.070,166.140,171.07,166.14,972.52,33202.0,7419.0,7419.0
