id,avg_x,avg_y,x,y,bg,Square_intensity,circular_intensity,Gaussian_intensity
511,80.020,49.450,79.62,49.56,1164.84,29634.0,2757.0,2757.0
512,80.020,49.450,79.62,49.56,1164.84,27950.0,1380.0,1380.0
513,80.020,49.450,79.62,49.56,1164.84,26908.0,885.0,885.0
514,80.020,49.450,79.62,49.56,1164.84,26839.0,530.0,530.0
515,80.020,49.450,79.62,49.56,1164.84,28804.0,2443.0,2443.0
516,80.020,49.450,79.62,49.56,1164.84,28305.0,2905.0,2905.0
517,80.020,49.450,79.62,49.56,1164.84,26786.0,1227.0,1227.0
518,80.020,49.450,79.62,49.56,1164.84,27400.0,1594.0,1594.0
519,80.020,49.450,79.62,49.56,1164.84,28861.0,2404.0,2404.0
520,80.020,49.450,79.62,49.56,1164.84,28560.0,2488.0,2488.0
521,80.020,49.450,79.62,49.56,1164.84,29130.0,2741.0,2741.0
522,80.020,49.450,79.62,49.56,1164.84,30554.0,4349.0,4349.0
523,80.020,49.450,79.62,49.56,1164.84,28049.0,2227.0,2227.0
524,80.020,49.450,79.62,49.56,1164.84,29539.0,3971.0,3971.0
525,80.020,49.450,79.62,49.56,1164.84,27909.0,1560.0,1560.0
526,80.020,49.450,79.62,49.56,1164.84,28099.0,2426.0,2426.0
527,80.020,49.450,79.62,49.56,1164.84,28347.0,1801.0,1801.0
528,80.020,49.450,79.62,49.56,1164.84,27953.0,1889.0,1889.0
529,80.020,49.450,79.62,49.56,1164.84,26853.0,832.0,832.0
530,80.020,49.450,79.62,49.56,1164.84,31084.0,5384.0,5384.0
531,80.020,49.450,79.62,49.56,1164.84,30779.0,4737.0,4737.0
532,80.020,49.450,79.62,49.56,1164.84,27251.0,1185.0,1185.0
533,80.020,49.450,79.62,49.56,1164.84,28162.0,2099.0,2099.0
534,80.020,49.450,79.62,49.56,1164.84,27896.0,3425.0,3425.0
535,80.020,49.450,79.62,49.56,1164.84,27211.0,1154.0,1154.0
536,80.020,49.450,79.62,49.56,1164.84,27144.0,1574.0,1574.0
537,80.020,49.450,79.62,49.56,1164.84,27932.0,1639.0,1639.0
538,80.020,49.450,79.62,49.56,1164.84,28249.0,2280.0,2280.0
539,80.020,49.450,79.62,49.56,1164.84,27475.0,2567.0,2567.0
540,80.020,49.450,79.62,49.56,1164.84,27100.0,1741.0,1741.0
541,80.020,49.450,79.62,49.56,1164.84,26892.0,1104.0,1104.0
542,80.020,49.450,79.62,49.56,1164.84,28086.0,1952.0,1952.0
543,80.020,49.450,79.62,49.56,1164.84,28480.0,3355.0,3355.0
544,80.020,49.450,79.62,49.56,1164.84,27254.0,1592.0,1592.0
545,80.020,49.450,79.62,49.56,1164.84,27859.0,2054.0,2054.0
546,80.020,49.450,79.62,49.56,1164.84,25507.0,1112.0,1112.0
547,80.020,49.450,79.62,49.56,1164.84,27345.0,2342.0,2342.0
548,80.020,49.450,79.62,49.56,1164.84,27765.0,1841.0,1841.0
549,80.020,49.450,79.62,49.56,1164.84,26991.0,1655.0,1655.0
550,80.020,49.450,79.62,49.56,1164.84,27565.0,2613.0,2613.0
551,80.020,49.450,79.62,49.56,1164.84,28307.0,2165.0,2165.0
552,80.020,49.450,79.62,49.56,1164.84,26492.0,1308.0,1308.0
553,80.020,49.450,79.62,49.56,1164.84,30256.0,4711.0,4711.0
554,80.020,49.450,79.62,49.56,1164.84,30621.0,3999.0,3999.0
555,80.020,49.450,79.62,49.56,1164.84,29362.0,3139.0,3139.0
556,80.020,49.450,79.62,49.56,1164.84,25461.0,642.0,642.0
557,80.020,49.450,79.62,49.56,1164.84,28005.0,3412.0,3412.0
558,80.020,49.450,79.62,49.56,1164.84,28650.0,1493.0,1493.0
559,80.020,49.450,79.62,49.56,1164.84,28511.0,2334.0,2334.0
560,80.020,49.450,79.62,49.56,1164.84,28996.0,2822.0,2822.0
561,80.020,49.450,79.62,49.56,1164.84,29650.0,3507.0,3507.0
562,80.020,49.450,79.62,49.56,1164.84,28275.0,2755.0,2755.0
563,80.020,49.450,79.62,49.56,1164.84,28678.0,2518.0,2518.0
564,80.020,49.450,79.62,49.56,1164.84,27622.0,1630.0,1630.0
565,80.020,49.450,79.62,49.56,1164.84,27904.0,1817.0,1817.0
566,80.020,49.450,79.62,49.56,1164.84,30632.0,3688.0,3688.0
567,80.020,49.450,79.62,49.56,1164.84,30447.0,4363.0,4363.0
568,80.020,49.450,79.62,49.56,1164.84,28594.0,2224.0,2224.0
569,80.020,49.450,79.62,49.56,1164.84,28766.0,2823.0,2823.0
570,80.020,49.450,79.62,49.56,1164.84,30475.0,4695.0,4695.0
571,80.020,49.450,79.62,49.56,1164.84,29018.0,3838.0,3838.0
572,80.020,49.450,79.62,49.56,1164.84,29585.0,3147.0,3147.0
573,80.020,49.450,79.62,49.56,1164.84,28669.0,3430.0,3430.0
574,80.020,49.450,79.62,49.56,1164.84,29167.0,2894.0,2894.0
575,80.020,49.450,79.62,49.56,1164.84,29092.0,3106.0,3106.0
576,80.020,49.450,79.62,49.56,1164.84,29796.0,4053.0,4053.0
577,80.020,49.450,79.62,49.56,1164.84,27869.0,1449.0,1449.0
578,80.020,49.450,79.62,49.56,1164.84,29177.0,2888.0,2888.0
579,80.020,49.450,79.62,49.56,1164.84,27814.0,1361.0,1361.0
580,80.020,49.450,79.62,49.56,1164.84,29840.0,4147.0,4147.0
581,80.020,49.450,79.62,49.56,1164.84,30686.0,3931.0,3931.0
582,80.020,49.450,79.62,49.56,1164.84,28873.0,2043.0,2043.0
583,80.020,49.450,79.62,49.56,1164.84,28594.0,2889.0,2889.0
584,80.020,49.450,79.62,49.56,1164.84,27902.0,2191.0,2191.0
585,80.020,49.450,79.62,49.56,1164.84,28044.0,2961.0,2961.0
586,80.020,49.450,79.62,49.56,1164.84,27586.0,1111.0,1111.0
587,80.020,49.450,79.62,49.56,1164.84,25311.0,0.0,0.0
588,80.020,49.450,79.62,49.56,1164.84,27688.0,1341.0,1341.0
589,80.020,49.450,79.62,49.56,1164.84,28306.0,2955.0,2955.0
590,80.020,49.450,79.62,49.56,1164.84,29098.0,3257.0,3257.0
591,80.020,49.450,79.62,49.56,1164.84,30507.0,4601.0,4601.0
592,80.020,49.450,79.62,49.56,1164.84,29413.0,4503.0,4503.0
593,80.020,49.450,79.62,49.56,1164.84,28018.0,2073.0,2073.0
594,80.020,49.450,79.62,49.56,1164.84,29197.0,3518.0,3518.0
595,80.020,49.450,79.62,49.56,1164.84,29989.0,2423.0,2423.0
596,80.020,49.450,79.62,49.56,1164.84,28187.0,2367.0,2367.0
597,80.020,49.450,79.62,49.56,1164.84,27336.0,1476.0,1476.0
598,80.020,49.450,79.62,49.56,1164.84,29248.0,4032.0,4032.0
599,80.020,49.450,79.62,49.56,1164.84,29812.0,3999.0,3999.0
600,80.020,49.450,79.62,49.56,1164.84,31733.0,5946.0,5946.0
601,80.020,49.450,79.62,49.56,1164.84,29657.0,2720.0,2720.0
602,80.020,49.450,79.62,49.56,1164.84,28392.0,2868.0,2868.0
603,80.020,49.450,79.62,49.56,1164.84,30195.0,4706.0,4706.0
604,80.020,49.450,79.62,49.56,1164.84,29476.0,3579.0,3579.0
605,80.020,49.450,79.62,49.56,1164.84,28842.0,2482.0,2482.0
606,80.020,49.450,79.62,49.56,1164.84,27451.0,2478.0,2478.0
607,80.020,49.450,79.62,49.56,1164.84,28193.0,1844.0,1844.0
608,80.020,49.450,79.62,49.56,1164.84,29331.0,3513.0,3513.0
609,80.020,49.450,79.62,49.56,1164.84,29267.0,3882.0,3882.0
610,80.020,49.450,79.62,49.56,1164.84,27512.0,1671.0,1671.0
611,80.020,49.450,79.62,49.56,1164.84,29575.0,3847.0,3847.0
612,80.020,49.450,79.62,49.56,1164.84,28773.0,3093.0,3093.0
613,80.020,49.450,79.62,49.56,1164.84,30653.0,4153.0,4153.0
614,80.020,49.450,79.62,49.56,1164.84,28077.0,1176.0,1176.0
615,80.020,49.450,79.62,49.56,1164.84,27671.0,1175.0,1175.0
616,80.020,49.450,79.62,49.56,1164.84,28299.0,795.0,795.0
617,80.020,49.450,79.62,49.56,1164.84,29675.0,3663.0,3663.0
618,80.020,49.450,79.62,49.56,1164.84,27086.0,1317.0,1317.0
619,80.020,49.450,79.62,49.56,1164.84,28627.0,2115.0,2115.0
620,80.020,49.450,79.62,49.56,1164.84,27755.0,1614.0,1614.0
621,80.020,49.450,79.62,49.56,1164.84,28522.0,1513.0,1513.0
622,80.020,49.450,79.62,49.56,1164.84,28499.0,1996.0,1996.0
623,80.020,49.450,79.62,49.56,1164.84,28075.0,2386.0,2386.0
624,80.020,49.450,79.62,49.56,1164.84,28357.0,1515.0,1515.0
625,80.020,49.450,79.62,49.56,1164.84,28770.0,2861.0,2861.0
626,80.020,49.450,79.62,49.56,1164.84,27397.0,1871.0,1871.0
627,80.020,49.450,79.62,49.56,1164.84,29248.0,2531.0,2531.0
628,80.020,49.450,79.62,49.56,1164.84,28059.0,3245.0,3245.0
629,80.020,49.450,79.62,49.56,1164.84,27863.0,2424.0,2424.0
630,80.020,49.450,79.62,49.56,1164.84,25902.0,0.0,0.0
631,80.020,49.450,79.62,49.56,1164.84,28537.0,2828.0,2828.0
632,80.020,49.450,79.62,49.56,1164.84,26693.0,1644.0,1644.0
633,80.020,49.450,79.62,49.56,1164.84,28057.0,2867.0,2867.0
634,80.020,49.450,79.62,49.56,1164.84,27956.0,3065.0,3065.0
635,80.020,49.450,79.62,49.56,1164.84,25873.0,30.0,30.0
636,80.020,49.450,79.62,49.56,1164.84,26562.0,1784.0,1784.0
637,80.020,49.450,79.62,49.56,1164.84,27874.0,1807.0,1807.0
638,80.020,49.450,79.62,49.56,1164.84,28475.0,2945.0,2945.0
639,80.020,49.450,79.62,49.56,1164.84,26567.0,1038.0,1038.0
640,80.020,49.450,79.62,49.56,1164.84,27547.0,2223.0,2223.0
641,80.020,49.450,79.62,49.56,1164.84,28254.0,2210.0,2210.0
642,80.020,49.450,79.62,49.56,1164.84,26276.0,523.0,523.0
643,80.020,49.450,79.62,49.56,1164.84,27812.0,2746.0,2746.0
644,80.020,49.450,79.62,49.56,1164.84,26972.0,972.0,972.0
645,80.020,49.450,79.62,49.56,1164.84,27970.0,2060.0,2060.0
646,80.020,49.450,79.62,49.56,1164.84,25808.0,0.0,0.0
647,80.020,49.450,79.62,49.56,1164.84,26759.0,1551.0,1551.0
648,80.020,49.450,79.62,49.56,1164.84,28063.0,2128.0,2128.0
649,80.020,49.450,79.62,49.56,1164.84,28491.0,2190.0,2190.0
650,80.020,49.450,79.62,49.56,1164.84,30114.0,4035.0,4035.0
651,80.020,49.450,79.62,49.56,1164.84,28256.0,3081.0,3081.0
652,80.020,49.450,79.62,49.56,1164.84,27911.0,2123.0,2123.0
653,80.020,49.450,79.62,49.56,1164.84,27461.0,1427.0,1427.0
654,80.020,49.450,79.62,49.56,1164.84,28856.0,3330.0,3330.0
655,80.020,49.450,79.62,49.56,1164.84,27933.0,2700.0,2700.0
656,80.020,49.450,79.62,49.56,1164.84,27259.0,1172.0,1172.0
657,80.020,49.450,79.62,49.56,1164.84,26595.0,325.0,325.0
658,80.020,49.450,79.62,49.56,1164.84,27430.0,1189.0,1189.0
659,80.020,49.450,79.62,49.56,1164.84,30328.0,3810.0,3810.0
660,80.020,49.450,79.62,49.56,1164.84,26663.0,770.0,770.0
661,80.020,49.450,79.62,49.56,1164.84,26685.0,1891.0,1891.0
662,80.020,49.450,79.62,49.56,1164.84,27642.0,1364.0,1364.0
663,80.020,49.450,79.62,49.56,1164.84,27017.0,785.0,785.0
664,80.020,49.450,79.62,49.56,1164.84,26069.0,266.0,266.0
665,80.020,49.450,79.62,49.56,1164.84,27153.0,1402.0,1402.0
666,80.020,49.450,79.62,49.56,1164.84,24914.0,0.0,0.0
667,80.020,49.450,79.62,49.56,1164.84,29807.0,3120.0,3120.0
668,80.020,49.450,79.62,49.56,1164.84,27825.0,2119.0,2119.0
669,80.020,49.450,79.62,49.56,1164.84,28549.0,3406.0,3406.0
670,80.020,49.450,79.62,49.56,1164.84,28677.0,2952.0,2952.0
671,80.020,49.450,79.62,49.56,1164.84,30381.0,3220.0,3220.0
672,80.020,49.450,79.62,49.56,1164.84,29365.0,3693.0,3693.0
673,80.020,49.450,79.62,49.56,1164.84,30068.0,3320.0,3320.0
674,80.020,49.450,79.62,49.56,1164.84,28855.0,3357.0,3357.0
675,80.020,49.450,79.62,49.56,1164.84,29038.0,2893.0,2893.0
676,80.020,49.450,79.62,49.56,1164.84,27736.0,1482.0,1482.0
677,80.020,49.450,79.62,49.56,1164.84,27710.0,1452.0,1452.0
678,80.020,49.450,79.62,49.56,1164.84,29200.0,2799.0,2799.0
679,80.020,49.450,79.62,49.56,1164.84,26763.0,1295.0,1295.0
680,80.020,49.450,79.62,49.56,1164.84,29079.0,2988.0,2988.0
681,80.020,49.450,79.62,49.56,1164.84,27206.0,1398.0,1398.0
682,80.020,49.450,79.62,49.56,1164.84,28738.0,3689.0,3689.0
683,80.020,49.450,79.62,49.56,1164.84,28212.0,2860.0,2860.0
684,80.020,49.450,79.62,49.56,1164.84,26944.0,2134.0,2134.0
685,80.020,49.450,79.62,49.56,1164.84,25840.0,745.0,745.0
686,80.020,49.450,79.62,49.56,1164.84,27210.0,1595.0,1595.0
687,80.020,49.450,79.62,49.56,1164.84,27344.0,1354.0,1354.0
688,80.020,49.450,79.62,49.56,1164.84,28114.0,2082.0,2082.0
689,80.020,49.450,79.62,49.56,1164.84,29269.0,3465.0,3465.0
690,80.020,49.450,79.62,49.56,1164.84,27694.0,2205.0,2205.0
691,80.020,49.450,79.62,49.56,1164.84,27321.0,2095.0,2095.0
692,80.020,49.450,79.62,49.56,1164.84,27754.0,1284.0,1284.0
693,80.020,49.450,79.62,49.56,1164.84,27226.0,1642.0,1642.0
694,80.020,49.450,79.62,49.56,1164.84,26900.0,1236.0,1236.0
695,80.020,49.450,79.62,49.56,1164.84,28934.0,3360.0,3360.0
696,80.020,49.450,79.62,49.56,1164.84,27438.0,875.0,875.0
697,80.020,49.450,79.62,49.56,1164.84,27679.0,2239.0,2239.0
698,80.020,49.450,79.62,49.56,1164.84,26447.0,1232.0,1232.0
699,80.020,49.450,79.62,49.56,1164.84,27588.0,2181.0,2181.0
700,80.020,49.450,79.62,49.56,1164.84,27394.0,1969.0,1969.0
701,80.020,49.450,79.62,49.56,1164.84,28716.0,2340.0,2340.0
702,80.020,49.450,79.62,49.56,1164.84,27817.0,890.0,890.0
703,80.020,49.450,79.62,49.56,1164.84,27500.0,2330.0,2330.0
704,80.020,49.450,79.62,49.56,1164.84,28646.0,3223.0,3223.0
705,80.020,49.450,79.62,49.56,1164.84,28766.0,2640.0,2640.0
706,80.020,49.450,79.62,49.56,1164.84,28286.0,2517.0,2517.0
707,80.020,49.450,79.62,49.56,1164.84,27102.0,969.0,969.0
708,80.020,49.450,79.62,49.56,1164.84,29496.0,2606.0,2606.0
709,80.020,49.450,79.62,49.56,1164.84,26752.0,1593.0,1593.0
710,80.020,49.450,79.62,49.56,1164.84,28233.0,1782.0,1782.0
711,80.020,49.450,79.62,49.56,1164.84,29348.0,3192.0,3192.0
712,80.020,49.450,79.62,49.56,1164.84,26906.0,1105.0,1105.0
713,80.020,49.450,79.62,49.56,1164.84,27798.0,1687.0,1687.0
714,80.020,49.450,79.62,49.56,1164.84,27516.0,1547.0,1547.0
715,80.020,49.450,79.62,49.56,1164.84,26515.0,855.0,855.0
716,80.020,49.450,79.62,49.56,1164.84,29684.0,3820.0,3820.0
717,80.020,49.450,79.62,49.56,1164.84,26582.0,818.0,818.0
718,80.020,49.450,79.62,49.56,1164.84,28501.0,1898.0,1898.0
719,80.020,49.450,79.62,49.56,1164.84,26866.0,1147.0,1147.0
720,80.020,49.450,79.62,49.56,1164.84,26815.0,2168.0,2168.0
721,80.020,49.450,79.62,49.56,1164.84,27712.0,2393.0,2393.0
722,80.020,49.450,79.62,49.56,1164.84,27949.0,2154.0,2154.0
723,80.020,49.450,79.62,49.56,1164.84,28431.0,2839.0,2839.0
724,80.020,49.450,79.62,49.56,1164.84,28158.0,1110.0,1110.0
725,80.020,49.450,79.62,49.56,1164.84,26773.0,1098.0,1098.0
726,80.020,49.450,79.62,49.56,1164.84,27742.0,1118.0,1118.0
727,80.020,49.450,79.62,49.56,1164.84,29382.0,3709.0,3709.0
728,80.020,49.450,79.62,49.56,1164.84,27281.0,1329.0,1329.0
729,80.020,49.450,79.62,49.56,1164.84,28365.0,1992.0,1992.0
730,80.020,49.450,79.62,49.56,1164.84,28390.0,3298.0,3298.0
731,80.020,49.450,79.62,49.56,1164.84,26858.0,1213.0,1213.0
732,80.020,49.450,79.62,49.56,1164.84,28215.0,1967.0,1967.0
733,80.020,49.450,79.62,49.56,1164.84,28326.0,1686.0,1686.0
734,80.020,49.450,79.62,49.56,1164.84,28391.0,3338.0,3338.0
735,80.020,49.450,79.62,49.56,1164.84,27076.0,1661.0,1661.0
736,80.020,49.450,79.62,49.56,1164.84,28637.0,2720.0,2720.0
737,80.020,49.450,79.62,49.56,1164.84,28147.0,2053.0,2053.0
738,80.020,49.450,79.62,49.56,1164.84,27601.0,1947.0,1947.0
739,80.020,49.450,79.62,49.56,1164.84,26963.0,2167.0,2167.0
740,80.020,49.450,79.62,49.56,1164.84,29656.0,3479.0,3479.0
741,80.020,49.450,79.62,49.56,1164.84,27344.0,894.0,894.0
742,80.020,49.450,79.62,49.56,1164.84,27942.0,1515.0,1515.0
743,80.020,49.450,79.62,49.56,1164.84,27899.0,1729.0,1729.0
744,80.020,49.450,79.62,49.56,1164.84,28985.0,3010.0,3010.0
745,80.020,49.450,79.62,49.56,1164.84,28519.0,2352.0,2352.0
746,80.020,49.450,79.62,49.56,1164.84,29441.0,3387.0,3387.0
747,80.020,49.450,79.62,49.56,1164.84,30954.0,5009.0,5009.0
748,80.020,49.450,79.62,49.56,1164.84,30119.0,2902.0,2902.0
749,80.020,49.450,79.62,49.56,1164.84,29449.0,3411.0,3411.0
750,80.020,49.450,79.62,49.56,1164.84,29267.0,2402.0,2402.0
751,80.020,49.450,79.62,49.56,1164.84,26858.0,1685.0,1685.0
752,80.020,49.450,79.62,49.56,1164.84,29393.0,3259.0,3259.0
753,80.020,49.450,79.62,49.56,1164.84,26237.0,842.0,842.0
754,80.020,49.450,79.62,49.56,1164.84,30408.0,4056.0,4056.0
755,80.020,49.450,79.62,49.56,1164.84,27846.0,1696.0,1696.0
756,80.020,49.450,79.62,49.56,1164.84,31261.0,4951.0,4951.0
757,80.020,49.450,79.62,49.56,1164.84,28251.0,1802.0,1802.0
758,80.020,49.450,79.62,49.56,1164.84,27859.0,678.0,678.0
759,80.020,49.450,79.62,49.56,1164.84,27302.0,1207.0,1207.0
760,80.020,49.450,79.62,49.56,1164.84,30628.0,4278.0,4278.0
761,80.020,49.450,79.62,49.56,1164.84,28272.0,1779.0,1779.0
762,80.020,49.450,79.62,49.56,1164.84,29447.0,3825.0,3825.0
763,80.020,49.450,79.62,49.56,1164.84,29753.0,4171.0,4171.0
764,80.020,49.450,79.62,49.56,1164.84,27893.0,1607.0,1607.0
765,80.020,49.450,79.62,49.56,1164.84,29896.0,4707.0,4707.0
766,80.020,49.450,79.62,49.56,1164.84,28788.0,3728.0,3728.0
767,80.020,49.450,79.62,49.56,1164.84,27963.0,2950.0,2950.0
768,80.020,49.450,79.62,49.56,1164.84,30727.0,4603.0,4603.0
769,80.020,49.450,79.62,49.56,1164.84,27568.0,1739.0,1739.0
770,80.020,49.450,79.62,49.56,1164.84,29596.0,2382.0,2382.0
771,80.020,49.450,79.62,49.56,1164.84,28340.0,3145.0,3145.0
772,80.020,49.450,79.62,49.56,1164.84,28371.0,2756.0,2756.0
773,80.020,49.450,79.62,49.56,1164.84,27154.0,2299.0,2299.0
774,80.020,49.450,79.62,49.56,1164.84,30776.0,4335.0,4335.0
775,80.020,49.450,79.62,49.56,1164.84,27308.0,1677.0,1677.0
776,80.020,49.450,79.62,49.56,1164.84,28672.0,3651.0,3651.0
777,80.020,49.450,79.62,49.56,1164.84,27534.0,1319.0,1319.0
778,80.020,49.450,79.62,49.56,1164.84,29367.0,3189.0,3189.0
779,80.020,49.450,79.62,49.56,1164.84,29599.0,3111.0,3111.0
780,80.020,49.450,79.62,49.56,1164.84,28025.0,1794.0,1794.0
781,80.020,49.450,79.62,49.56,1164.84,29086.0,3209.0,3209.0
782,80.020,49.450,79.62,49.56,1164.84,28479.0,2582.0,2582.0
783,80.020,49.450,79.62,49.56,1164.84,26474.0,1420.0,1420.0
784,80.020,49.450,79.62,49.56,1164.84,29649.0,3660.0,3660.0
785,80.020,49.450,79.62,49.56,1164.84,28635.0,2567.0,2567.0
786,80.020,49.450,79.62,49.56,1164.84,29367.0,3628.0,3628.0
787,80.020,49.450,79.62,49.56,1164.84,31327.0,4334.0,4334.0
788,80.020,49.450,79.62,49.56,1164.84,30692.0,4661.0,4661.0
789,80.020,49.450,79.62,49.56,1164.84,27846.0,2300.0,2300.0
790,80.020,49.450,79.62,49.56,1164.84,29025.0,3033.0,3033.0
791,80.020,49.450,79.62,49.56,1164.84,30637.0,4735.0,4735.0
792,80.020,49.450,79.62,49.56,1164.84,29921.0,4204.0,4204.0
793,80.020,49.450,79.62,49.56,1164.84,31273.0,4265.0,4265.0
794,80.020,49.450,79.62,49.56,1164.84,29667.0,3233.0,3233.0
795,80.020,49.450,79.62,49.56,1164.84,27807.0,2051.0,2051.0
796,80.020,49.450,79.62,49.56,1164.84,30831.0,4877.0,4877.0
797,80.020,49.450,79.62,49.56,1164.84,28331.0,1809.0,1809.0
798,80.020,49.450,79.62,49.56,1164.84,28583.0,2241.0,2241.0
799,80.020,49.450,79.62,49.56,1164.84,30386.0,3605.0,3605.0
800,80.020,49.450,79.62,49.56,1164.84,29211.0,3009.0,3009.0
801,80.020,49.450,79.62,49.56,1164.84,28740.0,2283.0,2283.0
802,80.020,49.450,79.62,49.56,1164.84,30902.0,5337.0,5337.0
803,80.020,49.450,79.62,49.56,1164.84,32594.0,6535.0,6535.0
804,80.020,49.450,79.62,49.56,1164.84,28094.0,2499.0,2499.0
805,80.020,49.450,79.62,49.56,1164.84,29458.0,3852.0,3852.0
806,80.020,49.450,79.62,49.56,1164.84,30305.0,3985.0,3985.0
807,80.020,49.450,79.62,49.56,1164.84,29508.0,2878.0,2878.0
808,80.020,49.450,79.62,49.56,1164.84,29627.0,3423.0,3423.0
809,80.020,49.450,79.62,49.56,1164.84,29061.0,2519.0,2519.0
810,80.020,49.450,79.62,49.56,1164.84,29127.0,2476.0,2476.0
811,80.020,49.450,79.62,49.56,1164.84,27594.0,2090.0,2090.0
812,80.020,49.450,79.62,49.56,1164.84,26736.0,1029.0,1029.0
813,80.020,49.450,79.62,49.56,1164.84,31409.0,5258.0,5258.0
814,80.020,49.450,79.62,49.56,1164.84,29336.0,4074.0,4074.0
815,80.020,49.450,79.62,49.56,1164.84,30240.0,3557.0,3557.0
816,80.020,49.450,79.62,49.56,1164.84,31000.0,4665.0,4665.0
817,80.020,49.450,79.62,49.56,1164.84,28138.0,2035.0,2035.0
818,80.020,49.450,79.62,49.56,1164.84,28997.0,2651.0,2651.0
819,80.020,49.450,79.62,49.56,1164.84,30432.0,4418.0,4418.0
820,80.020,49.450,79.62,49.56,1164.84,29930.0,2778.0,2778.0
821,80.020,49.450,79.62,49.56,1164.84,29721.0,3787.0,3787.0
822,80.020,49.450,79.62,49.56,1164.84,27681.0,1694.0,1694.0
823,80.020,49.450,79.62,49.56,1164.84,30878.0,4451.0,4451.0
824,80.020,49.450,79.62,49.56,1164.84,31046.0,5240.0,5240.0
825,80.020,49.450,79.62,49.56,1164.84,29422.0,3136.0,3136.0
826,80.020,49.450,79.62,49.56,1164.84,30351.0,4095.0,4095.0
827,80.020,49.450,79.62,49.56,1164.84,29219.0,3314.0,3314.0
828,80.020,49.450,79.62,49.56,1164.84,29054.0,3144.0,3144.0
829,80.020,49.450,79.62,49.56,1164.84,28712.0,3430.0,3430.0
830,80.020,49.450,79.62,49.56,1164.84,30198.0,3945.0,3945.0
831,80.020,49.450,79.62,49.56,1164.84,28297.0,2927.0,2927.0
832,80.020,49.450,79.62,49.56,1164.84,28020.0,2880.0,2880.0
833,80.020,49.450,79.62,49.56,1164.84,27678.0,2156.0,2156.0
834,80.020,49.450,79.62,49.56,1164.84,30041.0,3513.0,3513.0
835,80.020,49.450,79.62,49.56,1164.84,29370.0,2960.0,2960.0
836,80.020,49.450,79.62,49.56,1164.84,27928.0,1759.0,1759.0
837,80.020,49.450,79.62,49.56,1164.84,29403.0,3311.0,3311.0
838,80.020,49.450,79.62,49.56,1164.84,29201.0,2406.0,2406.0
839,80.020,49.450,79.62,49.56,1164.84,30162.0,4208.0,4208.0
840,80.020,49.450,79.62,49.56,1164.84,27640.0,1265.0,1265.0
841,80.020,49.450,79.62,49.56,1164.84,28570.0,2103.0,2103.0
842,80.020,49.450,79.62,49.56,1164.84,30399.0,4053.0,4053.0
843,80.020,49.450,79.62,49.56,1164.84,26634.0,1656.0,1656.0
844,80.020,49.450,79.62,49.56,1164.84,29943.0,4001.0,4001.0
845,80.020,49.450,79.62,49.56,1164.84,29415.0,2657.0,2657.0
846,80.020,49.450,79.62,49.56,1164.84,29293.0,4203.0,4203.0
847,80.020,49.450,79.62,49.56,1164.84,27207.0,1719.0,1719.0
848,80.020,49.450,79.62,49.56,1164.84,29553.0,3582.0,3582.0
849,80.020,49.450,79.62,49.56,1164.84,27892.0,2034.0,2034.0
850,80.020,49.450,79.62,49.56,1164.84,28842.0,2858.0,2858.0
851,80.020,49.450,79.62,49.56,1164.84,28246.0,1501.0,1501.0
852,80.020,49.450,79.62,49.56,1164.84,28131.0,2849.0,2849.0
853,80.020,49.450,79.62,49.56,1164.84,28738.0,2361.0,2361.0
854,80.020,49.450,79.62,49.56,1164.84,29473.0,3600.0,3600.0
855,80.020,49.450,79.62,49.56,1164.84,29435.0,3803.0,3803.0
856,80.020,49.450,79.62,49.56,1164.84,28595.0,2393.0,2393.0
857,80.020,49.450,79.62,49.56,1164.84,29227.0,3534.0,3534.0
858,80.020,49.450,79.62,49.56,1164.84,27552.0,1527.0,1527.0
859,80.020,49.450,79.62,49.56,1164.84,28586.0,3044.0,3044.0
860,80.020,49.450,79.62,49.56,1164.84,28141.0,1976.0,1976.0
861,80.020,49.450,79.62,49.56,1164.84,28191.0,3455.0,3455.0
862,80.020,49.450,79.62,49.56,1164.84,29327.0,2954.0,2954.0
863,80.020,49.450,79.62,49.56,1164.84,30425.0,3918.0,3918.0
864,80.020,49.450,79.62,49.56,1164.84,29957.0,4312.0,4312.0
865,80.020,49.450,79.62,49.56,1164.84,28021.0,1496.0,1496.0
866,80.020,49.450,79.62,49.56,1164.84,28594.0,2580.0,2580.0
867,80.020,49.450,79.62,49.56,1164.84,29073.0,2547.0,2547.0
868,80.020,49.450,79.62,49.56,1164.84,29778.0,3674.0,3674.0
869,80.020,49.450,79.62,49.56,1164.84,28086.0,2386.0,2386.0
870,80.020,49.450,79.62,49.56,1164.84,28953.0,3379.0,3379.0
871,80.020,49.450,79.62,49.56,1164.84,29307.0,3563.0,3563.0
872,80.020,49.450,79.62,49.56,1164.84,29916.0,3442.0,3442.0
873,80.020,49.450,79.62,49.56,1164.84,29447.0,3362.0,3362.0
874,80.020,49.450,79.62,49.56,1164.84,30209.0,3161.0,3161.0
875,80.020,49.450,79.62,49.56,1164.84,29705.0,4009.0,4009.0
876,80.020,49.450,79.62,49.56,1164.84,30688.0,3786.0,3786.0
877,80.020,49.450,79.62,49.56,1164.84,29680.0,3658.0,3658.0
878,80.020,49.450,79.62,49.56,1164.84,30421.0,4653.0,4653.0
879,80.020,49.450,79.62,49.56,1164.84,30039.0,4116.0,4116.0
880,80.020,49.450,79.62,49.56,1164.84,29330.0,3258.0,3258.0
881,80.020,49.450,79.62,49.56,1164.84,29339.0,3480.0,3480.0
882,80.020,49.450,79.62,49.56,1164.84,27128.0,2165.0,2165.0
883,80.020,49.450,79.62,49.56,1164.84,29070.0,1793.0,1793.0
884,80.020,49.450,79.62,49.56,1164.84,29314.0,3437.0,3437.0
885,80.020,49.450,79.62,49.56,1164.84,29546.0,3172.0,3172.0
886,80.020,49.450,79.62,49.56,1164.84,27020.0,1530.0,1530.0
887,80.020,49.450,79.62,49.56,1164.84,28418.0,3397.0,3397.0
888,80.020,49.450,79.62,49.56,1164.84,28904.0,2277.0,2277.0
889,80.020,49.450,79.62,49.56,1164.84,30611.0,4558.0,4558.0
890,80.020,49.450,79.62,49.56,1164.84,29765.0,3988.0,3988.0
891,80.020,49.450,79.62,49.56,1164.84,29611.0,3414.0,3414.0
892,80.020,49.450,79.62,49.56,1164.84,31196.0,5286.0,5286.0
893,80.020,49.450,79.62,49.56,1164.84,26688.0,1681.0,1681.0
894,80.020,49.450,79.62,49.56,1164.84,28619.0,2474.0,2474.0
895,80.020,49.450,79.62,49.56,1164.84,28723.0,3617.0,3617.0
896,80.020,49.450,79.62,49.56,1164.84,29414.0,4275.0,4275.0
897,80.020,49.450,79.62,49.56,1164.84,27626.0,2213.0,2213.0
898,80.020,49.450,79.62,49.56,1164.84,28193.0,2418.0,2418.0
899,80.020,49.450,79.62,49.56,1164.84,28709.0,2351.0,2351.0
900,80.020,49.450,79.62,49.56,1164.84,27583.0,1858.0,1858.0
901,80.020,49.450,79.62,49.56,1164.84,29554.0,4914.0,4914.0
902,80.020,49.450,79.62,49.56,1164.84,28252.0,2811.0,2811.0
903,80.020,49.450,79.62,49.56,1164.84,29701.0,4043.0,4043.0
904,80.020,49.450,79.62,49.56,1164.84,28523.0,3090.0,3090.0
905,80.020,49.450,79.62,49.56,1164.84,29408.0,3417.0,3417.0
906,80.020,49.450,79.62,49.56,1164.84,27787.0,2894.0,2894.0
907,80.020,49.450,79.62,49.56,1164.84,28318.0,3018.0,3018.0
908,80.020,49.450,79.62,49.56,1164.84,28903.0,4382.0,4382.0
909,80.020,49.450,79.62,49.56,1164.84,28153.0,1997.0,1997.0
910,80.020,49.450,79.62,49.56,1164.84,28180.0,2783.0,2783.0
911,80.020,49.450,79.62,49.56,1164.84,43021.0,14881.0,14881.0
912,80.020,49.450,80.04,49.65,1164.84,40910.0,13819.0,13819.0
913,80.020,49.450,79.82,49.46,1164.84,38908.0,12649.0,12649.0
914,80.020,49.450,79.71,49.68,1164.84,40475.0,14334.0,14334.0
915,80.020,49.450,79.84,49.82,1164.84,43338.0,15394.0,15394.0
916,80.020,49.450,79.93,49.62,1164.84,43517.0,15114.0,15114.0
917,80.020,49.450,79.74,49.5,1164.84,42475.0,15488.0,15488.0
918,80.020,49.450,79.66,49.5,1164.84,42887.0,14953.0,14953.0
919,80.020,49.450,79.96,49.61,1164.84,39012.0,11418.0,11418.0
920,80.020,49.450,79.85,49.74,1164.84,39493.0,12075.0,12075.0
921,80.020,49.450,79.6,49.63,1164.84,41667.0,13660.0,13660.0
922,80.020,49.450,79.92,49.67,1164.84,41791.0,12703.0,12703.0
923,80.020,49.450,79.93,49.43,1164.84,47096.0,17387.0,17387.0
924,80.020,49.450,79.82,49.74,1164.84,44504.0,15719.0,15719.0
925,80.020,49.450,79.96,49.71,1164.84,41761.0,12356.0,12356.0
926,80.020,49.450,79.83,49.74,1164.84,42914.0,13660.0,13660.0
927,80.020,49.450,79.96,49.53,1164.84,44771.0,14548.0,14548.0
928,80.020,49.450,79.77,49.68,1164.84,40677.0,11727.0,11727.0
929,80.020,49.450,79.71,49.74,1164.84,37610.0,9859.0,9859.0
930,80.020,49.450,79.96,49.65,1164.84,37969.0,8846.0,8846.0
931,80.020,49.450,79.64,49.53,1164.84,40789.0,12418.0,12418.0
932,80.020,49.450,79.85,49.73,1164.84,42840.0,14337.0,14337.0
933,80.020,49.450,79.78,49.66,1164.84,46347.0,17113.0,17113.0
934,80.020,49.450,79.94,49.78,1164.84,44942.0,14690.0,14690.0
935,80.020,49.450,79.99,49.76,1164.84,44992.0,14599.0,14599.0
936,80.020,49.450,80.15,49.65,1164.84,46077.0,17144.0,17144.0
937,80.020,49.450,80.32,49.77,1164.84,38650.0,9851.0,9851.0
938,80.020,49.450,80.04,49.68,1164.84,40773.0,11800.0,11800.0
939,80.020,49.450,79.69,49.47,1164.84,38850.0,9675.0,9675.0
940,80.020,49.450,80.02,49.4,1164.84,46033.0,14062.0,14062.0
941,80.020,49.450,80.19,49.54,1164.84,41823.0,12509.0,12509.0
942,80.020,49.450,79.96,49.7,1164.84,44308.0,14913.0,14913.0
943,80.020,49.450,79.64,49.65,1164.84,43004.0,14741.0,14741.0
944,80.020,49.450,79.96,49.75,1164.84,45902.0,16524.0,16524.0
945,80.020,49.450,80.02,49.71,1164.84,39956.0,12397.0,12397.0
946,80.020,49.450,79.63,49.53,1164.84,40046.0,12458.0,12458.0
947,80.020,49.450,79.66,49.68,1164.84,42851.0,13892.0,13892.0
948,80.020,49.450,79.85,49.44,1164.84,41975.0,13420.0,13420.0
949,80.020,49.450,80.04,49.71,1164.84,39589.0,12077.0,12077.0
950,80.020,49.450,79.89,49.66,1164.84,42593.0,13881.0,13881.0
951,80.020,49.450,79.69,49.78,1164.84,39394.0,13156.0,13156.0
952,80.020,49.450,79.99,49.53,1164.84,40121.0,12716.0,12716.0
953,80.020,49.450,79.8,49.78,1164.84,41993.0,13904.0,13904.0
954,80.020,49.450,79.87,49.66,1164.84,38792.0,11829.0,11829.0
955,80.020,49.450,79.86,49.57,1164.84,37894.0,11019.0,11019.0
956,80.020,49.450,79.91,49.7,1164.84,43475.0,15266.0,15266.0
957,80.020,49.450,79.7,49.5,1164.84,38931.0,11269.0,11269.0
958,80.020,49.450,79.82,49.52,1164.84,40823.0,13668.0,13668.0
959,80.020,49.450,79.92,49.66,1164.84,42506.0,14186.0,14186.0
960,80.020,49.450,79.83,49.71,1164.84,42544.0,14677.0,14677.0
961,80.020,49.450,79.83,49.71,1164.84,42863.0,15515.0,15515.0
962,80.020,49.450,79.89,49.7,1164.84,42764.0,15585.0,15585.0
963,80.020,49.450,79.85,49.53,1164.84,42549.0,14592.0,14592.0
964,80.020,49.450,80.03,49.7,1164.84,40644.0,12998.0,12998.0
965,80.020,49.450,80.02,49.45,1164.84,37996.0,10937.0,10937.0
966,80.020,49.450,80.02,49.45,1164.84,26601.0,120.0,120.0
967,80.020,49.450,80.02,49.45,1164.84,25632.0,1448.0,1448.0
968,80.020,49.450,80.02,49.45,1164.84,26425.0,980.0,980.0
969,80.020,49.450,80.02,49.45,1164.84,24122.0,0.0,0.0
970,80.020,49.450,80.02,49.45,1164.84,25557.0,838.0,838.0
971,80.020,49.450,80.02,49.45,1164.84,25367.0,440.0,440.0
972,80.020,49.450,80.02,49.45,1164.84,24951.0,0.0,0.0
973,80.020,49.450,80.02,49.45,1164.84,26476.0,1111.0,1111.0
974,80.020,49.450,80.02,49.45,1164.84,24349.0,0.0,0.0
975,80.020,49.450,80.02,49.45,1164.84,26546.0,1469.0,1469.0
976,80.020,49.450,80.02,49.45,1164.84,24921.0,0.0,0.0
977,80.020,49.450,80.02,49.45,1164.84,26268.0,181.0,181.0
978,80.020,49.450,80.02,49.45,1164.84,25426.0,416.0,416.0
979,80.020,49.450,80.02,49.45,1164.84,25285.0,200.0,200.0
980,80.020,49.450,80.02,49.45,1164.84,25612.0,498.0,498.0
981,80.020,49.450,80.02,49.45,1164.84,25207.0,406.0,406.0
982,80.020,49.450,80.02,49.45,1164.84,24989.0,314.0,314.0
983,80.020,49.450,80.02,49.45,1164.84,24803.0,497.0,497.0
984,80.020,49.450,80.02,49.45,1164.84,26522.0,927.0,927.0
985,80.020,49.450,80.02,49.45,1164.84,26122.0,1454.0,1454.0
986,80.020,49.450,80.02,49.45,1164.84,23755.0,0.0,0.0
987,80.020,49.450,80.02,49.45,1164.84,26196.0,1028.0,1028.0
988,80.020,49.450,80.02,49.45,1164.84,24157.0,100.0,100.0
989,80.020,49.450,80.02,49.45,1164.84,24636.0,0.0,0.0
990,80.020,49.450,80.02,49.45,1164.84,24752.0,0.0,0.0
991,80.020,49.450,80.02,49.45,1164.84,23726.0,0.0,0.0
992,80.020,49.450,80.02,49.45,1164.84,23611.0,0.0,0.0
993,80.020,49.450,80.02,49.45,1164.84,24710.0,0.0,0.0
994,80.020,49.450,80.02,49.45,1164.84,25176.0,91.0,91.0
995,80.020,49.450,80.02,49.45,1164.84,26145.0,685.0,685.0
996,80.020,49.450,80.02,49.45,1164.84,25186.0,146.0,146.0
997,80.020,49.450,80.02,49.45,1164.84,26135.0,824.0,824.0
998,80.020,49.450,80.02,49.45,1164.84,26266.0,462.0,462.0
999,80.020,49.450,80.02,49.45,1164.84,24017.0,0.0,0.0
1000,80.020,49.450,80.02,49.45,1164.84,24616.0,0.0,0.0
1001,80.020,49.450,80.02,49.45,1164.84,25020.0,402.0,402.0
1002,80.020,49.450,80.02,49.45,1164.84,24078.0,0.0,0.0
1003,80.020,49.450,80.02,49.45,1164.84,27224.0,1980.0,1980.0
1004,80.020,49.450,80.02,49.45,1164.84,23934.0,0.0,0.0
1005,80.020,49.450,80.02,49.45,1164.84,25675.0,829.0,829.0
1006,80.020,49.450,80.02,49.45,1164.84,24985.0,0.0,0.0
1007,80.020,49.450,80.02,49.45,1164.84,25240.0,610.0,610.0
1008,80.020,49.450,80.02,49.45,1164.84,24568.0,0.0,0.0
1009,80.020,49.450,80.02,49.45,1164.84,25176.0,711.0,711.0
1010,80.020,49.450,80.02,49.45,1164.84,23743.0,0.0,0.0
1011,80.020,49.450,80.02,49.45,1164.84,26151.0,1169.0,1169.0
1012,80.020,49.450,80.02,49.45,1164.84,27002.0,1234.0,1234.0
1013,80.020,49.450,80.02,49.45,1164.84,25532.0,1029.0,1029.0
1014,80.020,49.450,80.02,49.45,1164.84,25183.0,0.0,0.0
1015,80.020,49.450,80.02,49.45,1164.84,24865.0,133.0,133.0
1016,80.020,49.450,80.02,49.45,1164.84,24311.0,0.0,0.0
1017,80.020,49.450,80.02,49.45,1164.84,25099.0,182.0,182.0
1018,80.020,49.450,80.02,49.45,1164.84,24783.0,314.0,314.0
1019,80.020,49.450,80.02,49.45,1164.84,27506.0,2374.0,2374.0
1020,80.020,49.450,80.02,49.45,1164.84,22569.0,0.0,0.0
1021,80.020,49.450,80.02,49.45,1164.84,24797.0,147.0,147.0
1022,80.020,49.450,80.02,49.45,1164.84,24235.0,0.0,0.0
1023,80.020,49.450,80.02,49.45,1164.84,24709.0,0.0,0.0
1024,80.020,49.450,80.02,49.45,1164.84,26158.0,1912.0,1912.0
1025,80.020,49.450,80.02,49.45,1164.84,24655.0,88.0,88.0
1026,80.020,49.450,80.02,49.45,1164.84,23932.0,0.0,0.0
1027,80.020,49.450,80.02,49.45,1164.84,25187.0,195.0,195.0
1028,80.020,49.450,80.02,49.45,1164.84,25226.0,0.0,0.0
1029,80.020,49.450,80.02,49.45,1164.84,25513.0,188.0,188.0
1030,80.020,49.450,80.02,49.45,1164.84,24757.0,309.0,309.0
1031,80.020,49.450,80.02,49.45,1164.84,24709.0,0.0,0.0
1032,80.020,49.450,80.02,49.45,1164.84,26335.0,1200.0,1200.0
1033,80.020,49.450,80.02,49.45,1164.84,24696.0,155.0,155.0
1034,80.020,49.450,80.02,49.45,1164.84,24355.0,0.0,0.0
1035,80.020,49.450,80.02,49.45,1164.84,22523.0,0.0,0.0
1036,80.020,49.450,80.02,49.45,1164.84,24510.0,83.0,83.0
1037,80.020,49.450,80.02,49.45,1164.84,24665.0,0.0,0.0
1038,80.020,49.450,80.02,49.45,1164.84,23391.0,0.0,0.0
1039,80.020,49.450,80.02,49.45,1164.84,25672.0,813.0,813.0
1040,80.020,49.450,80.02,49.45,1164.84,25574.0,963.0,963.0
1041,80.020,49.450,80.02,49.45,1164.84,25550.0,326.0,326.0
1042,80.020,49.450,80.02,49.45,1164.84,23859.0,0.0,0.0
1043,80.020,49.450,80.02,49.45,1164.84,25358.0,657.0,657.0
1044,80.020,49.450,80.02,49.45,1164.84,25486.0,373.0,373.0
1045,80.020,49.450,80.02,49.45,1164.84,25111.0,71.0,71.0
1046,80.020,49.450,80.02,49.45,1164.84,24011.0,0.0,0.0
1047,80.020,49.450,80.02,49.45,1164.84,25801.0,1521.0,1521.0
1048,80.020,49.450,80.02,49.45,1164.84,25883.0,573.0,573.0
1049,80.020,49.450,80.02,49.45,1164.84,24221.0,0.0,0.0
1050,80.020,49.450,80.02,49.45,1164.84,26037.0,17.0,17.0
1051,80.020,49.450,80.02,49.45,1164.84,26614.0,1541.0,1541.0
1052,80.020,49.450,80.02,49.45,1164.84,26140.0,799.0,799.0
1053,80.020,49.450,80.02,49.45,1164.84,23828.0,0.0,0.0
1054,80.020,49.450,80.02,49.45,1164.84,25523.0,590.0,590.0
1055,80.020,49.450,80.02,49.45,1164.84,23313.0,0.0,0.0
1056,80.020,49.450,80.02,49.45,1164.84,26689.0,589.0,589.0
1057,80.020,49.450,80.02,49.45,1164.84,25708.0,946.0,946.0
1058,80.020,49.450,80.02,49.45,1164.84,24509.0,0.0,0.0
1059,80.020,49.450,80.02,49.45,1164.84,24005.0,0.0,0.0
1060,80.020,49.450,80.02,49.45,1164.84,26234.0,1315.0,1315.0
1061,80.020,49.450,80.02,49.45,1164.84,25522.0,376.0,376.0
1062,80.020,49.450,80.02,49.45,1164.84,24617.0,0.0,0.0
1063,80.020,49.450,80.02,49.45,1164.84,24513.0,0.0,0.0
1064,80.020,49.450,80.02,49.45,1164.84,24813.0,0.0,0.0
1065,80.020,49.450,80.02,49.45,1164.84,26028.0,813.0,813.0
1066,80.020,49.450,80.02,49.45,1164.84,24308.0,0.0,0.0
1067,80.020,49.450,80.02,49.45,1164.84,24973.0,138.0,138.0
1068,80.020,49.450,80.02,49.45,1164.84,23227.0,0.0,0.0
1069,80.020,49.450,80.02,49.45,1164.84,24268.0,36.0,36.0
1070,80.020,49.450,80.02,49.45,1164.84,25761.0,526.0,526.0
1071,80.020,49.450,80.02,49.45,1164.84,24522.0,0.0,0.0
1072,80.020,49.450,80.02,49.45,1164.84,24654.0,416.0,416.0
1073,80.020,49.450,80.02,49.45,1164.84,25799.0,1041.0,1041.0
1074,80.020,49.450,80.02,49.45,1164.84,23369.0,0.0,0.0
1075,80.020,49.450,80.02,49.45,1164.84,27205.0,1779.0,1779.0
1076,80.020,49.450,80.02,49.45,1164.84,25877.0,132.0,132.0
1077,80.020,49.450,80.02,49.45,1164.84,25792.0,1680.0,1680.0
1078,80.020,49.450,80.02,49.45,1164.84,24853.0,0.0,0.0
1079,80.020,49.450,80.02,49.45,1164.84,25445.0,740.0,740.0
1080,80.020,49.450,80.02,49.45,1164.84,24344.0,0.0,0.0
1081,80.020,49.450,80.02,49.45,1164.84,23742.0,0.0,0.0
1082,80.020,49.450,80.02,49.45,1164.84,25128.0,129.0,129.0
1083,80.020,49.450,80.02,49.45,1164.84,25516.0,0.0,0.0
1084,80.020,49.450,80.02,49.45,1164.84,26584.0,554.0,554.0
1085,80.020,49.450,80.02,49.45,1164.84,25794.0,0.0,0.0
1086,80.020,49.450,80.02,49.45,1164.84,24996.0,336.0,336.0
1087,80.020,49.450,80.02,49.45,1164.84,25492.0,0.0,0.0
1088,80.020,49.450,80.02,49.45,1164.84,22988.0,0.0,0.0
1089,80.020,49.450,80.02,49.45,1164.84,24709.0,0.0,0.0
1090,80.020,49.450,80.02,49.45,1164.84,24724.0,0.0,0.0
1091,80.020,49.450,80.02,49.45,1164.84,25416.0,0.0,0.0
1092,80.020,49.450,80.02,49.45,1164.84,26227.0,673.0,673.0
1093,80.020,49.450,80.02,49.45,1164.84,26360.0,0.0,0.0
1094,80.020,49.450,80.02,49.45,1164.84,25194.0,0.0,0.0
1095,80.020,49.450,80.02,49.45,1164.84,23724.0,0.0,0.0
1096,80.020,49.450,80.02,49.45,1164.84,24516.0,295.0,295.0
1097,80.020,49.450,80.02,49.45,1164.84,26913.0,1551.0,1551.0
1098,80.020,49.450,80.02,49.45,1164.84,24908.0,234.0,234.0
1099,80.020,49.450,80.02,49.45,1164.84,25607.0,825.0,825.0
1100,80.020,49.450,80.02,49.45,1164.84,26025.0,1070.0,1070.0
1101,80.020,49.450,80.02,49.45,1164.84,25160.0,912.0,912.0
1102,80.020,49.450,80.02,49.45,1164.84,25903.0,0.0,0.0
1103,80.020,49.450,80.02,49.45,1164.84,24377.0,0.0,0.0
1104,80.020,49.450,80.02,49.45,1164.84,24070.0,0.0,0.0
1105,80.020,49.450,80.02,49.45,1164.84,24502.0,0.0,0.0
1106,80.020,49.450,80.02,49.45,1164.84,26231.0,571.0,571.0
1107,80.020,49.450,80.02,49.45,1164.84,24833.0,458.0,458.0
1108,80.020,49.450,80.02,49.45,1164.84,24690.0,0.0,0.0
1109,80.020,49.450,80.02,49.45,1164.84,25099.0,140.0,140.0
1110,80.020,49.450,80.02,49.45,1164.84,25447.0,704.0,704.0
1111,80.020,49.450,80.02,49.45,1164.84,25829.0,341.0,341.0
1112,80.020,49.450,80.02,49.45,1164.84,24213.0,0.0,0.0
1113,80.020,49.450,80.02,49.45,1164.84,23876.0,472.0,472.0
1114,80.020,49.450,80.02,49.45,1164.84,24998.0,13.0,13.0
1115,80.020,49.450,80.02,49.45,1164.84,26268.0,867.0,867.0
1116,80.020,49.450,80.02,49.45,1164.84,25275.0,0.0,0.0
1117,80.020,49.450,80.02,49.45,1164.84,26372.0,1872.0,1872.0
1118,80.020,49.450,80.02,49.45,1164.84,25194.0,424.0,424.0
1119,80.020,49.450,80.02,49.45,1164.84,24207.0,0.0,0.0
1120,80.020,49.450,80.02,49.45,1164.84,24409.0,0.0,0.0
1121,80.020,49.450,80.02,49.45,1164.84,26955.0,2141.0,2141.0
1122,80.020,49.450,80.02,49.45,1164.84,26088.0,1384.0,1384.0
1123,80.020,49.450,80.02,49.45,1164.84,25392.0,39.0,39.0
1124,80.020,49.450,80.02,49.45,1164.84,24435.0,0.0,0.0
1125,80.020,49.450,80.02,49.45,1164.84,24871.0,963.0,963.0
1126,80.020,49.450,80.02,49.45,1164.84,25081.0,0.0,0.0
1127,80.020,49.450,80.02,49.45,1164.84,25747.0,762.0,762.0
1128,80.020,49.450,80.02,49.45,1164.84,25306.0,448.0,448.0
1129,80.020,49.450,80.02,49.45,1164.84,24522.0,0.0,0.0
1130,80.020,49.450,80.02,49.45,1164.84,24784.0,0.0,0.0
1131,80.020,49.450,80.02,49.45,1164.84,25092.0,96.0,96.0
1132,80.020,49.450,80.02,49.45,1164.84,25683.0,0.0,0.0
1133,80.020,49.450,80.02,49.45,1164.84,24700.0,152.0,152.0
1134,80.020,49.450,80.02,49.45,1164.84,24494.0,0.0,0.0
1135,80.020,49.450,80.02,49.45,1164.84,22900.0,0.0,0.0
1136,80.020,49.450,80.02,49.45,1164.84,24350.0,0.0,0.0
1137,80.020,49.450,80.02,49.45,1164.84,24587.0,0.0,0.0
1138,80.020,49.450,80.02,49.45,1164.84,24938.0,0.0,0.0
1139,80.020,49.450,80.02,49.45,1164.84,25539.0,816.0,816.0
1140,80.020,49.450,80.02,49.45,1164.84,25591.0,1451.0,1451.0
1141,80.020,49.450,80.02,49.45,1164.84,24073.0,0.0,0.0
1142,80.020,49.450,80.02,49.45,1164.84,23128.0,0.0,0.0
1143,80.020,49.450,80.02,49.45,1164.84,24381.0,0.0,0.0
1144,80.020,49.450,80.02,49.45,1164.84,27889.0,2078.0,2078.0
1145,80.020,49.450,80.02,49.45,1164.84,23339.0,0.0,0.0
1146,80.020,49.450,80.02,49.45,1164.84,23735.0,0.0,0.0
1147,80.020,49.450,80.02,49.45,1164.84,24063.0,0.0,0.0
1148,80.020,49.450,80.02,49.45,1164.84,24917.0,0.0,0.0
1149,80.020,49.450,80.02,49.45,1164.84,23753.0,140.0,140.0
1150,80.020,49.450,80.02,49.45,1164.84,23970.0,0.0,0.0
1151,80.020,49.450,80.02,49.45,1164.84,23640.0,0.0,0.0
1152,80.020,49.450,80.02,49.45,1164.84,25464.0,88.0,88.0
1153,80.020,49.450,80.02,49.45,1164.84,24813.0,0.0,0.0
1154,80.020,49.450,80.02,49.45,1164.84,25166.0,518.0,518.0
1155,80.020,49.450,80.02,49.45,1164.84,23919.0,0.0,0.0
1156,80.020,49.450,80.02,49.45,1164.84,25002.0,0.0,0.0
1157,80.020,49.450,80.02,49.45,1164.84,24212.0,0.0,0.0
1158,80.020,49.450,80.02,49.45,1164.84,25331.0,510.0,510.0
1159,80.020,49.450,80.02,49.45,1164.84,24990.0,429.0,429.0
1160,80.020,49.450,80.02,49.45,1164.84,24439.0,0.0,0.0
1161,80.020,49.450,80.02,49.45,1164.84,23488.0,0.0,0.0
1162,80.020,49.450,80.02,49.45,1164.84,24433.0,63.0,63.0
1163,80.020,49.450,80.02,49.45,1164.84,23314.0,0.0,0.0
1164,80.020,49.450,80.02,49.45,1164.84,27155.0,1423.0,1423.0
1165,80.020,49.450,80.02,49.45,1164.84,25259.0,0.0,0.0
1166,80.020,49.450,80.02,49.45,1164.84,24818.0,651.0,651.0
1167,80.020,49.450,80.02,49.45,1164.84,23929.0,0.0,0.0
1168,80.020,49.450,80.02,49.45,1164.84,26705.0,1087.0,1087.0
1169,80.020,49.450,80.02,49.45,1164.84,24064.0,0.0,0.0
1170,80.020,49.450,80.02,49.45,1164.84,23936.0,0.0,0.0
1171,80.020,49.450,80.02,49.45,1164.84,25438.0,546.0,546.0
1172,80.020,49.450,80.02,49.45,1164.84,24176.0,0.0,0.0
1173,80.020,49.450,80.02,49.45,1164.84,26889.0,1159.0,1159.0
1174,80.020,49.450,80.02,49.45,1164.84,24571.0,0.0,0.0
1175,80.020,49.450,80.02,49.45,1164.84,26235.0,620.0,620.0
1176,80.020,49.450,80.02,49.45,1164.84,23723.0,0.0,0.0
1177,80.020,49.450,80.02,49.45,1164.84,24503.0,0.0,0.0
1178,80.020,49.450,80.02,49.45,1164.84,25339.0,187.0,187.0
1179,80.020,49.450,80.02,49.45,1164.84,26370.0,738.0,738.0
1180,80.020,49.450,80.02,49.45,1164.84,24656.0,0.0,0.0
1181,80.020,49.450,80.02,49.45,1164.84,24385.0,0.0,0.0
1182,80.020,49.450,80.02,49.45,1164.84,24183.0,30.0,30.0
1183,80.020,49.450,80.02,49.45,1164.84,24567.0,0.0,0.0
1184,80.020,49.450,80.02,49.45,1164.84,25479.0,649.0,649.0
1185,80.020,49.450,80.02,49.45,1164.84,25309.0,1347.0,1347.0
1186,80.020,49.450,80.02,49.45,1164.84,24146.0,0.0,0.0
1187,80.020,49.450,80.02,49.45,1164.84,26145.0,1347.0,1347.0
1188,80.020,49.450,80.02,49.45,1164.84,24073.0,0.0,0.0
1189,80.020,49.450,80.02,49.45,1164.84,21894.0,0.0,0.0
1190,80.020,49.450,80.02,49.45,1164.84,24061.0,110.0,110.0
1191,80.020,49.450,80.02,49.45,1164.84,24587.0,96.0,96.0
1192,80.020,49.450,80.02,49.45,1164.84,27181.0,2160.0,2160.0
1193,80.020,49.450,80.02,49.45,1164.84,25662.0,0.0,0.0
1194,80.020,49.450,80.02,49.45,1164.84,26240.0,650.0,650.0
1195,80.020,49.450,80.02,49.45,1164.84,24760.0,77.0,77.0
1196,80.020,49.450,80.02,49.45,1164.84,25597.0,846.0,846.0
1197,80.020,49.450,80.02,49.45,1164.84,24471.0,0.0,0.0
1198,80.020,49.450,80.02,49.45,1164.84,23798.0,0.0,0.0
1199,80.020,49.450,80.02,49.45,1164.84,24649.0,0.0,0.0
1200,80.020,49.450,80.02,49.45,1164.84,25881.0,499.0,499.0
1201,80.020,49.450,80.02,49.45,1164.84,24075.0,0.0,0.0
1202,80.020,49.450,80.02,49.45,1164.84,25619.0,1424.0,1424.0
1203,80.020,49.450,80.02,49.45,1164.84,26590.0,1527.0,1527.0
1204,80.020,49.450,80.02,49.45,1164.84,25007.0,616.0,616.0
1205,80.020,49.450,80.02,49.45,1164.84,26857.0,1521.0,1521.0
1206,80.020,49.450,80.02,49.45,1164.84,24222.0,26.0,26.0
1207,80.020,49.450,80.02,49.45,1164.84,25939.0,1487.0,1487.0
1208,80.020,49.450,80.02,49.45,1164.84,23571.0,0.0,0.0
1209,80.020,49.450,80.02,49.45,1164.84,25102.0,226.0,226.0
1210,80.020,49.450,80.02,49.45,1164.84,25744.0,1216.0,1216.0
