id,avg_x,avg_y,x,y,bg,Square_intensity,circular_intensity,Gaussian_intensity
537,44.010,132.100,43.85,132.4,1115.21,26366.0,0.0,0.0
538,44.010,132.100,43.85,132.4,1115.21,26770.0,0.0,0.0
539,44.010,132.100,43.85,132.4,1115.21,26696.0,0.0,0.0
540,44.010,132.100,43.85,132.4,1115.21,26688.0,0.0,0.0
541,44.010,132.100,43.85,132.4,1115.21,27054.0,0.0,0.0
542,44.010,132.100,43.85,132.4,1115.21,26506.0,0.0,0.0
543,44.010,132.100,43.85,132.4,1115.21,25822.0,0.0,0.0
544,44.010,132.100,43.85,132.4,1115.21,26895.0,0.0,0.0
545,44.010,132.100,43.85,132.4,1115.21,27516.0,0.0,0.0
546,44.010,132.100,43.85,132.4,1115.21,26799.0,0.0,0.0
547,44.010,132.100,43.85,132.4,1115.21,25849.0,0.0,0.0
548,44.010,132.100,43.85,132.4,1115.21,24580.0,0.0,0.0
549,44.010,132.100,43.85,132.4,1115.21,26269.0,0.0,0.0
550,44.010,132.100,43.85,132.4,1115.21,26003.0,0.0,0.0
551,44.010,132.100,43.85,132.4,1115.21,25633.0,0.0,0.0
552,44.010,132.100,43.85,132.4,1115.21,27138.0,0.0,0.0
553,44.010,132.100,43.85,132.4,1115.21,27445.0,0.0,0.0
554,44.010,132.100,43.85,132.4,1115.21,27845.0,0.0,0.0
555,44.010,132.100,43.85,132.4,1115.21,27159.0,0.0,0.0
556,44.010,132.100,43.85,132.4,1115.21,26337.0,0.0,0.0
557,44.010,132.100,43.85,132.4,1115.21,26146.0,0.0,0.0
558,44.010,132.100,43.85,132.4,1115.21,25189.0,0.0,0.0
559,44.010,132.100,43.85,132.4,1115.21,26748.0,0.0,0.0
560,44.010,132.100,43.85,132.4,1115.21,26936.0,0.0,0.0
561,44.010,132.100,43.85,132.4,1115.21,25940.0,0.0,0.0
562,44.010,132.100,43.85,132.4,1115.21,27847.0,0.0,0.0
563,44.010,132.100,43.85,132.4,1115.21,25811.0,0.0,0.0
564,44.010,132.100,43.85,132.4,1115.21,28979.0,0.0,0.0
565,44.010,132.100,43.85,132.4,1115.21,27630.0,0.0,0.0
566,44.010,132.100,43.85,132.4,1115.21,26731.0,0.0,0.0
567,44.010,132.100,43.85,132.4,1115.21,27784.0,0.0,0.0
568,44.010,132.100,43.85,132.4,1115.21,26632.0,0.0,0.0
569,44.010,132.100,43.85,132.4,1115.21,25959.0,0.0,0.0
570,44.010,132.100,43.85,132.4,1115.21,24689.0,0.0,0.0
571,44.010,132.100,43.85,132.4,1115.21,24116.0,0.0,0.0
572,44.010,132.100,43.85,132.4,1115.21,27559.0,0.0,0.0
573,44.010,132.100,43.85,132.4,1115.21,26726.0,0.0,0.0
574,44.010,132.100,43.85,132.4,1115.21,25767.0,0.0,0.0
575,44.010,132.100,43.85,132.4,1115.21,27452.0,0.0,0.0
576,44.010,132.100,43.85,132.4,1115.21,28396.0,0.0,0.0
577,44.010,132.100,43.85,132.4,1115.21,27397.0,0.0,0.0
578,44.010,132.100,43.85,132.4,1115.21,26374.0,0.0,0.0
579,44.010,132.100,43.85,132.4,1115.21,27312.0,0.0,0.0
580,44.010,132.100,43.85,132.4,1115.21,26143.0,0.0,0.0
581,44.010,132.100,43.85,132.4,1115.21,25388.0,0.0,0.0
582,44.010,132.100,43.85,132.4,1115.21,25393.0,0.0,0.0
583,44.010,132.100,43.85,132.4,1115.21,24178.0,0.0,0.0
584,44.010,132.100,43.85,132.4,1115.21,26807.0,0.0,0.0
585,44.010,132.100,43.85,132.4,1115.21,28027.0,0.0,0.0
586,44.010,132.100,43.85,132.4,1115.21,26598.0,0.0,0.0
587,44.010,132.100,43.85,132.4,1115.21,26738.0,0.0,0.0
588,44.010,132.100,43.85,132.4,1115.21,26696.0,0.0,0.0
589,44.010,132.100,43.85,132.4,1115.21,26571.0,0.0,0.0
590,44.010,132.100,43.85,132.4,1115.21,25562.0,0.0,0.0
591,44.010,132.100,43.85,132.4,1115.21,26446.0,0.0,0.0
592,44.010,132.100,43.85,132.4,1115.21,26963.0,0.0,0.0
593,44.010,132.100,43.85,132.4,1115.21,25831.0,0.0,0.0
594,44.010,132.100,43.85,132.4,1115.21,28579.0,0.0,0.0
595,44.010,132.100,43.85,132.4,1115.21,26494.0,0.0,0.0
596,44.010,132.100,43.85,132.4,1115.21,27505.0,0.0,0.0
597,44.010,132.100,43.85,132.4,1115.21,26297.0,0.0,0.0
598,44.010,132.100,43.85,132.4,1115.21,25548.0,0.0,0.0
599,44.010,132.100,43.85,132.4,1115.21,25930.0,0.0,0.0
600,44.010,132.100,43.85,132.4,1115.21,25034.0,0.0,0.0
601,44.010,132.100,43.85,132.4,1115.21,25868.0,0.0,0.0
602,44.010,132.100,43.85,132.4,1115.21,24789.0,0.0,0.0
603,44.010,132.100,43.85,132.4,1115.21,28874.0,0.0,0.0
604,44.010,132.100,43.85,132.4,1115.21,27967.0,0.0,0.0
605,44.010,132.100,43.85,132.4,1115.21,25978.0,0.0,0.0
606,44.010,132.100,43.85,132.4,1115.21,25987.0,0.0,0.0
607,44.010,132.100,43.85,132.4,1115.21,26580.0,0.0,0.0
608,44.010,132.100,43.85,132.4,1115.21,26195.0,0.0,0.0
609,44.010,132.100,43.85,132.4,1115.21,25568.0,0.0,0.0
610,44.010,132.100,43.85,132.4,1115.21,24501.0,0.0,0.0
611,44.010,132.100,43.85,132.4,1115.21,25289.0,0.0,0.0
612,44.010,132.100,43.85,132.4,1115.21,25306.0,0.0,0.0
613,44.010,132.100,43.85,132.4,1115.21,26841.0,0.0,0.0
614,44.010,132.100,43.85,132.4,1115.21,24964.0,0.0,0.0
615,44.010,132.100,43.85,132.4,1115.21,25603.0,0.0,0.0
616,44.010,132.100,43.85,132.4,1115.21,26177.0,0.0,0.0
617,44.010,132.100,43.85,132.4,1115.21,26156.0,0.0,0.0
618,44.010,132.100,43.85,132.4,1115.21,26858.0,0.0,0.0
619,44.010,132.100,43.85,132.4,1115.21,26015.0,0.0,0.0
620,44.010,132.100,43.85,132.4,1115.21,27536.0,0.0,0.0
621,44.010,132.100,43.85,132.4,1115.21,26020.0,0.0,0.0
622,44.010,132.100,43.85,132.4,1115.21,25769.0,0.0,0.0
623,44.010,132.100,43.85,132.4,1115.21,26327.0,0.0,0.0
624,44.010,132.100,43.85,132.4,1115.21,25690.0,0.0,0.0
625,44.010,132.100,43.85,132.4,1115.21,26724.0,0.0,0.0
626,44.010,132.100,43.85,132.4,1115.21,26929.0,0.0,0.0
627,44.010,132.100,43.85,132.4,1115.21,39685.0,7241.0,7241.0
628,44.010,132.100,43.85,132.4,1115.21,42884.0,10685.0,10685.0
629,44.010,132.100,43.85,132.4,1115.21,43372.0,11647.0,11647.0
630,44.010,132.100,43.85,132.4,1115.21,41059.0,9315.0,9315.0
631,44.010,132.100,43.85,132.4,1115.21,42706.0,10667.0,10667.0
632,44.010,132.100,43.85,132.4,1115.21,40184.0,8462.0,8462.0
633,44.010,132.100,43.85,132.4,1115.21,42843.0,10641.0,10641.0
634,44.010,132.100,43.85,132.4,1115.21,40619.0,9135.0,9135.0
635,44.010,132.100,43.85,132.4,1115.21,36267.0,5604.0,5604.0
636,44.010,132.100,43.85,132.4,1115.21,39460.0,7312.0,7312.0
637,44.010,132.100,43.85,132.4,1115.21,44450.0,12392.0,12392.0
638,44.010,132.100,43.85,132.4,1115.21,52305.0,20094.0,20094.0
639,44.010,132.100,43.85,132.4,1115.21,44117.0,12835.0,12835.0
640,44.010,132.100,43.85,132.4,1115.21,47069.0,15281.0,15281.0
641,44.010,132.100,43.85,132.4,1115.21,40287.0,10190.0,10190.0
642,44.010,132.100,43.85,132.4,1115.21,47436.0,16008.0,16008.0
643,44.010,132.100,43.85,132.4,1115.21,46169.0,15073.0,15073.0
644,44.010,132.100,43.85,132.4,1115.21,45177.0,14732.0,14732.0
645,44.010,132.100,43.85,132.4,1115.21,54780.0,22861.0,22861.0
646,44.010,132.100,43.85,132.4,1115.21,46702.0,15125.0,15125.0
647,44.010,132.100,43.85,132.4,1115.21,41873.0,10497.0,10497.0
648,44.010,132.100,43.85,132.4,1115.21,45280.0,13685.0,13685.0
649,44.010,132.100,43.85,132.4,1115.21,43048.0,12372.0,12372.0
650,44.010,132.100,43.85,132.4,1115.21,45447.0,14901.0,14901.0
651,44.010,132.100,43.85,132.4,1115.21,45061.0,14248.0,14248.0
652,44.010,132.100,43.85,132.4,1115.21,42444.0,11415.0,11415.0
653,44.010,132.100,43.85,132.4,1115.21,42014.0,11023.0,11023.0
654,44.010,132.100,43.85,132.4,1115.21,42788.0,12276.0,12276.0
655,44.010,132.100,43.85,132.4,1115.21,45482.0,14154.0,14154.0
656,44.010,132.100,43.85,132.4,1115.21,45133.0,13759.0,13759.0
657,44.010,132.100,43.85,132.4,1115.21,47185.0,15669.0,15669.0
658,44.010,132.100,43.85,132.4,1115.21,44588.0,13663.0,13663.0
659,44.010,132.100,43.85,132.4,1115.21,49782.0,17386.0,17386.0
660,44.010,132.100,43.85,132.4,1115.21,47777.0,16622.0,16622.0
661,44.010,132.100,43.85,132.4,1115.21,46271.0,15445.0,15445.0
662,44.010,132.100,43.85,132.4,1115.21,48812.0,17459.0,17459.0
663,44.010,132.100,43.85,132.4,1115.21,46630.0,15656.0,15656.0
664,44.010,132.100,43.85,132.4,1115.21,54931.0,23460.0,23460.0
665,44.010,132.100,43.85,132.4,1115.21,49828.0,18426.0,18426.0
666,44.010,132.100,43.85,132.4,1115.21,53444.0,22151.0,22151.0
667,44.010,132.100,43.85,132.4,1115.21,56265.0,24923.0,24923.0
668,44.010,132.100,43.85,132.4,1115.21,56276.0,24066.0,24066.0
669,44.010,132.100,43.85,132.4,1115.21,49990.0,19270.0,19270.0
670,44.010,132.100,43.85,132.4,1115.21,54005.0,23643.0,23643.0
671,44.010,132.100,43.85,132.4,1115.21,53090.0,21811.0,21811.0
672,44.010,132.100,43.85,132.4,1115.21,58582.0,27327.0,27327.0
673,44.010,132.100,43.85,132.4,1115.21,51905.0,21418.0,21418.0
674,44.010,132.100,43.85,132.4,1115.21,61309.0,29555.0,29555.0
675,44.010,132.100,43.85,132.4,1115.21,53931.0,23285.0,23285.0
676,44.010,132.100,43.85,132.4,1115.21,59156.0,26719.0,26719.0
677,44.010,132.100,43.85,132.4,1115.21,57787.0,26875.0,26875.0
678,44.010,132.100,43.85,132.4,1115.21,53563.0,22648.0,22648.0
679,44.010,132.100,43.85,132.4,1115.21,58516.0,26760.0,26760.0
680,44.010,132.100,43.85,132.4,1115.21,58342.0,27287.0,27287.0
681,44.010,132.100,43.85,132.4,1115.21,57689.0,26062.0,26062.0
682,44.010,132.100,43.85,132.4,1115.21,63958.0,29555.0,29555.0
683,44.010,132.100,43.85,132.4,1115.21,56925.0,26233.0,26233.0
684,44.010,132.100,43.85,132.4,1115.21,55282.0,23770.0,23770.0
685,44.010,132.100,43.85,132.4,1115.21,55827.0,24524.0,24524.0
686,44.010,132.100,43.85,132.4,1115.21,46493.0,15934.0,15934.0
687,44.010,132.100,43.85,132.4,1115.21,42307.0,11595.0,11595.0
688,44.010,132.100,43.85,132.4,1115.21,48125.0,16898.0,16898.0
689,44.010,132.100,43.85,132.4,1115.21,45405.0,15218.0,15218.0
690,44.010,132.100,43.85,132.4,1115.21,45419.0,14747.0,14747.0
691,44.010,132.100,43.85,132.4,1115.21,45643.0,15318.0,15318.0
692,44.010,132.100,43.85,132.4,1115.21,49134.0,18147.0,18147.0
693,44.010,132.100,43.85,132.4,1115.21,44334.0,13305.0,13305.0
694,44.010,132.100,43.85,132.4,1115.21,43957.0,13577.0,13577.0
695,44.010,132.100,43.85,132.4,1115.21,46902.0,16077.0,16077.0
696,44.010,132.100,43.85,132.4,1115.21,47302.0,18051.0,18051.0
697,44.010,132.100,43.85,132.4,1115.21,46951.0,15809.0,15809.0
698,44.010,132.100,43.85,132.4,1115.21,46071.0,15700.0,15700.0
699,44.010,132.100,43.85,132.4,1115.21,46784.0,15603.0,15603.0
700,44.010,132.100,43.85,132.4,1115.21,42062.0,10356.0,10356.0
701,44.010,132.100,43.85,132.4,1115.21,45771.0,14086.0,14086.0
702,44.010,132.100,43.85,132.4,1115.21,43291.0,13249.0,13249.0
703,44.010,132.100,43.85,132.4,1115.21,46195.0,15707.0,15707.0
704,44.010,132.100,43.85,132.4,1115.21,51811.0,20374.0,20374.0
705,44.010,132.100,43.85,132.4,1115.21,47657.0,16120.0,16120.0
706,44.010,132.100,43.85,132.4,1115.21,44099.0,12819.0,12819.0
707,44.010,132.100,43.85,132.4,1115.21,48497.0,16878.0,16878.0
708,44.010,132.100,43.85,132.4,1115.21,48500.0,16299.0,16299.0
709,44.010,132.100,43.85,132.4,1115.21,44542.0,14613.0,14613.0
710,44.010,132.100,43.85,132.4,1115.21,44395.0,13234.0,13234.0
711,44.010,132.100,43.85,132.4,1115.21,44578.0,13434.0,13434.0
712,44.010,132.100,43.85,132.4,1115.21,44187.0,13350.0,13350.0
713,44.010,132.100,43.85,132.4,1115.21,44440.0,12762.0,12762.0
714,44.010,132.100,43.85,132.4,1115.21,43967.0,13377.0,13377.0
715,44.010,132.100,43.85,132.4,1115.21,45131.0,13944.0,13944.0
716,44.010,132.100,43.85,132.4,1115.21,46754.0,16239.0,16239.0
717,44.010,132.100,43.85,132.4,1115.21,44901.0,14154.0,14154.0
718,44.010,132.100,43.85,132.4,1115.21,45447.0,14887.0,14887.0
719,44.010,132.100,43.85,132.4,1115.21,43964.0,13899.0,13899.0
720,44.010,132.100,43.85,132.4,1115.21,45111.0,13914.0,13914.0
721,44.010,132.100,43.85,132.4,1115.21,45185.0,13759.0,13759.0
722,44.010,132.100,43.85,132.4,1115.21,46018.0,15304.0,15304.0
723,44.010,132.100,43.85,132.4,1115.21,43558.0,12556.0,12556.0
724,44.010,132.100,43.85,132.4,1115.21,42682.0,12018.0,12018.0
725,44.010,132.100,43.85,132.4,1115.21,45096.0,15137.0,15137.0
726,44.010,132.100,43.85,132.4,1115.21,44714.0,13722.0,13722.0
727,44.010,132.100,43.85,132.4,1115.21,46892.0,15696.0,15696.0
728,44.010,132.100,43.85,132.4,1115.21,47472.0,15869.0,15869.0
729,44.010,132.100,43.85,132.4,1115.21,46663.0,16076.0,16076.0
730,44.010,132.100,43.85,132.4,1115.21,46559.0,16451.0,16451.0
731,44.010,132.100,43.85,132.4,1115.21,44510.0,14163.0,14163.0
732,44.010,132.100,43.85,132.4,1115.21,47333.0,16516.0,16516.0
733,44.010,132.100,43.85,132.4,1115.21,44249.0,14282.0,14282.0
734,44.010,132.100,43.85,132.4,1115.21,44986.0,13782.0,13782.0
735,44.010,132.100,43.85,132.4,1115.21,47961.0,17791.0,17791.0
736,44.010,132.100,43.85,132.4,1115.21,45779.0,15007.0,15007.0
737,44.010,132.100,43.85,132.4,1115.21,45715.0,13968.0,13968.0
738,44.010,132.100,43.85,132.4,1115.21,38666.0,8391.0,8391.0
739,44.010,132.100,43.85,132.4,1115.21,40237.0,9072.0,9072.0
740,44.010,132.100,43.85,132.4,1115.21,38442.0,8351.0,8351.0
741,44.010,132.100,43.85,132.4,1115.21,39265.0,9079.0,9079.0
742,44.010,132.100,43.85,132.4,1115.21,37174.0,6422.0,6422.0
743,44.010,132.100,43.85,132.4,1115.21,40911.0,10268.0,10268.0
744,44.010,132.100,43.85,132.4,1115.21,45818.0,14922.0,14922.0
745,44.010,132.100,43.85,132.4,1115.21,49165.0,17823.0,17823.0
746,44.010,132.100,43.85,132.4,1115.21,54962.0,23938.0,23938.0
747,44.010,132.100,43.85,132.4,1115.21,54622.0,23608.0,23608.0
748,44.010,132.100,43.85,132.4,1115.21,59538.0,28309.0,28309.0
749,44.010,132.100,43.85,132.4,1115.21,53488.0,22655.0,22655.0
750,44.010,132.100,43.85,132.4,1115.21,59169.0,28322.0,28322.0
751,44.010,132.100,43.85,132.4,1115.21,56099.0,25099.0,25099.0
752,44.010,132.100,43.85,132.4,1115.21,55991.0,25490.0,25490.0
753,44.010,132.100,43.85,132.4,1115.21,58211.0,28345.0,28345.0
754,44.010,132.100,43.85,132.4,1115.21,57165.0,25981.0,25981.0
755,44.010,132.100,43.85,132.4,1115.21,55890.0,25169.0,25169.0
756,44.010,132.100,43.85,132.4,1115.21,55734.0,25232.0,25232.0
757,44.010,132.100,43.85,132.4,1115.21,61997.0,29449.0,29449.0
758,44.010,132.100,43.85,132.4,1115.21,53874.0,22493.0,22493.0
759,44.010,132.100,43.85,132.4,1115.21,58107.0,27676.0,27676.0
760,44.010,132.100,43.85,132.4,1115.21,50375.0,20039.0,20039.0
761,44.010,132.100,43.85,132.4,1115.21,56084.0,24650.0,24650.0
762,44.010,132.100,43.85,132.4,1115.21,57709.0,26350.0,26350.0
763,44.010,132.100,43.85,132.4,1115.21,61597.0,29555.0,29555.0
764,44.010,132.100,43.85,132.4,1115.21,57763.0,26434.0,26434.0
765,44.010,132.100,43.85,132.4,1115.21,56674.0,24753.0,24753.0
766,44.010,132.100,43.85,132.4,1115.21,57433.0,26919.0,26919.0
767,44.010,132.100,43.85,132.4,1115.21,56173.0,25500.0,25500.0
768,44.010,132.100,43.85,132.4,1115.21,56685.0,25365.0,25365.0
769,44.010,132.100,43.85,132.4,1115.21,61977.0,29555.0,29555.0
770,44.010,132.100,43.85,132.4,1115.21,60925.0,29555.0,29555.0
771,44.010,132.100,43.85,132.4,1115.21,59584.0,28240.0,28240.0
772,44.010,132.100,43.85,132.4,1115.21,56642.0,26407.0,26407.0
773,44.010,132.100,43.85,132.4,1115.21,54064.0,23592.0,23592.0
774,44.010,132.100,43.85,132.4,1115.21,56935.0,26422.0,26422.0
775,44.010,132.100,43.85,132.4,1115.21,57804.0,27108.0,27108.0
776,44.010,132.100,43.85,132.4,1115.21,56630.0,24621.0,24621.0
777,44.010,132.100,43.85,132.4,1115.21,51049.0,20982.0,20982.0
778,44.010,132.100,43.85,132.4,1115.21,57124.0,24977.0,24977.0
779,44.010,132.100,43.85,132.4,1115.21,47970.0,16823.0,16823.0
780,44.010,132.100,43.85,132.4,1115.21,55541.0,24187.0,24187.0
781,44.010,132.100,43.85,132.4,1115.21,60516.0,29555.0,29555.0
782,44.010,132.100,43.85,132.4,1115.21,54107.0,22889.0,22889.0
783,44.010,132.100,43.85,132.4,1115.21,48632.0,18080.0,18080.0
784,44.010,132.100,43.85,132.4,1115.21,49811.0,19479.0,19479.0
785,44.010,132.100,43.85,132.4,1115.21,49292.0,18552.0,18552.0
786,44.010,132.100,43.85,132.4,1115.21,48168.0,16557.0,16557.0
787,44.010,132.100,43.85,132.4,1115.21,46148.0,15926.0,15926.0
788,44.010,132.100,43.85,132.4,1115.21,48899.0,17779.0,17779.0
789,44.010,132.100,43.85,132.4,1115.21,50894.0,19280.0,19280.0
790,44.010,132.100,43.85,132.4,1115.21,49754.0,18739.0,18739.0
791,44.010,132.100,43.85,132.4,1115.21,51292.0,20758.0,20758.0
792,44.010,132.100,43.85,132.4,1115.21,53239.0,21813.0,21813.0
793,44.010,132.100,43.85,132.4,1115.21,53831.0,22353.0,22353.0
794,44.010,132.100,43.85,132.4,1115.21,52555.0,22377.0,22377.0
795,44.010,132.100,43.85,132.4,1115.21,53587.0,22730.0,22730.0
796,44.010,132.100,43.85,132.4,1115.21,61071.0,29420.0,29420.0
797,44.010,132.100,43.85,132.4,1115.21,54850.0,24103.0,24103.0
798,44.010,132.100,43.85,132.4,1115.21,57557.0,26726.0,26726.0
799,44.010,132.100,43.85,132.4,1115.21,55457.0,25148.0,25148.0
800,44.010,132.100,43.85,132.4,1115.21,56748.0,26263.0,26263.0
801,44.010,132.100,43.85,132.4,1115.21,55348.0,24578.0,24578.0
802,44.010,132.100,43.85,132.4,1115.21,59024.0,28498.0,28498.0
803,44.010,132.100,43.85,132.4,1115.21,57182.0,26705.0,26705.0
804,44.010,132.100,43.85,132.4,1115.21,63085.0,29555.0,29555.0
805,44.010,132.100,43.85,132.4,1115.21,55166.0,24136.0,24136.0
806,44.010,132.100,43.85,132.4,1115.21,59305.0,27155.0,27155.0
807,44.010,132.100,43.85,132.4,1115.21,59925.0,28093.0,28093.0
808,44.010,132.100,43.85,132.4,1115.21,56864.0,25461.0,25461.0
809,44.010,132.100,43.85,132.4,1115.21,46984.0,16386.0,16386.0
810,44.010,132.100,43.85,132.4,1115.21,52107.0,21557.0,21557.0
811,44.010,132.100,43.85,132.4,1115.21,53033.0,21988.0,21988.0
812,44.010,132.100,43.85,132.4,1115.21,55573.0,24396.0,24396.0
813,44.010,132.100,43.85,132.4,1115.21,61053.0,29555.0,29555.0
814,44.010,132.100,43.85,132.4,1115.21,63411.0,29555.0,29555.0
815,44.010,132.100,43.85,132.4,1115.21,58736.0,27617.0,27617.0
816,44.010,132.100,43.85,132.4,1115.21,55755.0,24489.0,24489.0
817,44.010,132.100,43.85,132.4,1115.21,56072.0,25956.0,25956.0
818,44.010,132.100,43.85,132.4,1115.21,59839.0,28416.0,28416.0
819,44.010,132.100,43.85,132.4,1115.21,55154.0,23884.0,23884.0
820,44.010,132.100,43.85,132.4,1115.21,58027.0,26611.0,26611.0
821,44.010,132.100,43.85,132.4,1115.21,54333.0,23340.0,23340.0
822,44.010,132.100,43.85,132.4,1115.21,54213.0,24005.0,24005.0
823,44.010,132.100,43.85,132.4,1115.21,56884.0,25908.0,25908.0
824,44.010,132.100,43.85,132.4,1115.21,62202.0,29555.0,29555.0
825,44.010,132.100,43.85,132.4,1115.21,59914.0,28816.0,28816.0
826,44.010,132.100,43.85,132.4,1115.21,54894.0,24506.0,24506.0
827,44.010,132.100,43.85,132.4,1115.21,55768.0,24538.0,24538.0
828,44.010,132.100,43.85,132.4,1115.21,59085.0,27682.0,27682.0
829,44.010,132.100,43.85,132.4,1115.21,59308.0,28177.0,28177.0
830,44.010,132.100,43.85,132.4,1115.21,56608.0,25847.0,25847.0
831,44.010,132.100,43.85,132.4,1115.21,55500.0,24929.0,24929.0
832,44.010,132.100,43.85,132.4,1115.21,56058.0,24571.0,24571.0
833,44.010,132.100,43.85,132.4,1115.21,54529.0,23112.0,23112.0
834,44.010,132.100,43.85,132.4,1115.21,57963.0,26653.0,26653.0
835,44.010,132.100,43.85,132.4,1115.21,61069.0,29182.0,29182.0
836,44.010,132.100,43.85,132.4,1115.21,55392.0,23569.0,23569.0
837,44.010,132.100,43.85,132.4,1115.21,56707.0,25224.0,25224.0
838,44.010,132.100,43.85,132.4,1115.21,57727.0,26150.0,26150.0
839,44.010,132.100,43.85,132.4,1115.21,58999.0,27430.0,27430.0
840,44.010,132.100,43.85,132.4,1115.21,58769.0,26852.0,26852.0
841,44.010,132.100,43.85,132.4,1115.21,54115.0,22369.0,22369.0
842,44.010,132.100,43.85,132.4,1115.21,52966.0,21827.0,21827.0
843,44.010,132.100,43.85,132.4,1115.21,52607.0,21949.0,21949.0
844,44.010,132.100,43.85,132.4,1115.21,56917.0,25613.0,25613.0
845,44.010,132.100,43.85,132.4,1115.21,53787.0,22358.0,22358.0
846,44.010,132.100,43.85,132.4,1115.21,56808.0,25425.0,25425.0
847,44.010,132.100,43.85,132.4,1115.21,59725.0,28482.0,28482.0
848,44.010,132.100,43.85,132.4,1115.21,58446.0,26935.0,26935.0
849,44.010,132.100,43.85,132.4,1115.21,55045.0,23617.0,23617.0
850,44.010,132.100,43.85,132.4,1115.21,55115.0,24531.0,24531.0
851,44.010,132.100,43.85,132.4,1115.21,52594.0,21283.0,21283.0
852,44.010,132.100,43.85,132.4,1115.21,53787.0,22419.0,22419.0
853,44.010,132.100,43.85,132.4,1115.21,56145.0,25291.0,25291.0
854,44.010,132.100,43.85,132.4,1115.21,53215.0,21942.0,21942.0
855,44.010,132.100,43.85,132.4,1115.21,56052.0,25423.0,25423.0
856,44.010,132.100,43.85,132.4,1115.21,57477.0,25156.0,25156.0
857,44.010,132.100,43.85,132.4,1115.21,56799.0,25587.0,25587.0
858,44.010,132.100,43.85,132.4,1115.21,52460.0,21824.0,21824.0
859,44.010,132.100,43.85,132.4,1115.21,58973.0,27127.0,27127.0
860,44.010,132.100,43.85,132.4,1115.21,59724.0,29555.0,29555.0
861,44.010,132.100,43.85,132.4,1115.21,58895.0,29555.0,29555.0
862,44.010,132.100,43.85,132.4,1115.21,51132.0,22132.0,22132.0
863,44.010,132.100,43.85,132.4,1115.21,62533.0,29555.0,29555.0
864,44.010,132.100,43.85,132.4,1115.21,65535.0,29555.0,29555.0
865,44.010,132.100,43.85,132.4,1115.21,65535.0,29555.0,29555.0
866,44.010,132.100,43.85,132.4,1115.21,62700.0,29555.0,29555.0
867,44.010,132.100,43.85,132.4,1115.21,63132.0,29555.0,29555.0
868,44.010,132.100,43.85,132.4,1115.21,65535.0,29555.0,29555.0
869,44.010,132.100,43.85,132.4,1115.21,65529.0,29555.0,29555.0
870,44.010,132.100,43.85,132.4,1115.21,63733.0,29555.0,29555.0
871,44.010,132.100,43.85,132.4,1115.21,65535.0,29555.0,29555.0
872,44.010,132.100,43.85,132.4,1115.21,65535.0,29555.0,29555.0
873,44.010,132.100,43.85,132.4,1115.21,61811.0,29555.0,29555.0
874,44.010,132.100,43.85,132.4,1115.21,54418.0,25318.0,25318.0
875,44.010,132.100,43.85,132.4,1115.21,60548.0,29555.0,29555.0
876,44.010,132.100,43.85,132.4,1115.21,58018.0,29182.0,29182.0
877,44.010,132.100,43.85,132.4,1115.21,65535.0,29555.0,29555.0
878,44.010,132.100,43.85,132.4,1115.21,65237.0,29555.0,29555.0
879,44.010,132.100,43.85,132.4,1115.21,65040.0,29555.0,29555.0
880,44.010,132.100,43.85,132.4,1115.21,62363.0,29555.0,29555.0
881,44.010,132.100,43.85,132.4,1115.21,65535.0,29555.0,29555.0
882,44.010,132.100,43.85,132.4,1115.21,65193.0,29555.0,29555.0
883,44.010,132.100,43.85,132.4,1115.21,65535.0,29555.0,29555.0
884,44.010,132.100,43.85,132.4,1115.21,64192.0,29555.0,29555.0
885,44.010,132.100,43.85,132.4,1115.21,65535.0,29555.0,29555.0
886,44.010,132.100,43.85,132.4,1115.21,64212.0,29555.0,29555.0
887,44.010,132.100,43.85,132.4,1115.21,65535.0,29555.0,29555.0
888,44.010,132.100,43.85,132.4,1115.21,59390.0,29555.0,29555.0
889,44.010,132.100,43.85,132.4,1115.21,63451.0,29555.0,29555.0
890,44.010,132.100,43.85,132.4,1115.21,65535.0,29555.0,29555.0
891,44.010,132.100,43.85,132.4,1115.21,62642.0,29555.0,29555.0
892,44.010,132.100,43.85,132.4,1115.21,65535.0,29555.0,29555.0
893,44.010,132.100,43.85,132.4,1115.21,65535.0,29555.0,29555.0
894,44.010,132.100,43.85,132.4,1115.21,65535.0,29555.0,29555.0
895,44.010,132.100,43.85,132.4,1115.21,65535.0,29555.0,29555.0
896,44.010,132.100,43.85,132.4,1115.21,65535.0,29555.0,29555.0
897,44.010,132.100,43.85,132.4,1115.21,65535.0,29555.0,29555.0
898,44.010,132.100,43.85,132.4,1115.21,65535.0,29555.0,29555.0
899,44.010,132.100,43.85,132.4,1115.21,65535.0,29555.0,29555.0
900,44.010,132.100,43.85,132.4,1115.21,65535.0,29555.0,29555.0
901,44.010,132.100,43.85,132.4,1115.21,65535.0,29555.0,29555.0
902,44.010,132.100,43.85,132.4,1115.21,65535.0,29555.0,29555.0
903,44.010,132.100,43.85,132.4,1115.21,64398.0,29555.0,29555.0
904,44.010,132.100,43.85,132.4,1115.21,65535.0,29555.0,29555.0
905,44.010,132.100,43.85,132.4,1115.21,65535.0,29555.0,29555.0
906,44.010,132.100,43.85,132.4,1115.21,61984.0,29555.0,29555.0
907,44.010,132.100,43.85,132.4,1115.21,63820.0,29555.0,29555.0
908,44.010,132.100,43.85,132.4,1115.21,64945.0,29555.0,29555.0
909,44.010,132.100,43.85,132.4,1115.21,65535.0,29555.0,29555.0
910,44.010,132.100,43.85,132.4,1115.21,63636.0,29555.0,29555.0
911,44.010,132.100,43.85,132.4,1115.21,63285.0,29555.0,29555.0
912,44.010,132.100,43.85,132.4,1115.21,65535.0,29555.0,29555.0
913,44.010,132.100,43.85,132.4,1115.21,65535.0,29555.0,29555.0
914,44.010,132.100,43.85,132.4,1115.21,65535.0,29555.0,29555.0
915,44.010,132.100,43.85,132.4,1115.21,65535.0,29555.0,29555.0
916,44.010,132.100,43.85,132.4,1115.21,65535.0,29555.0,29555.0
917,44.010,132.100,43.85,132.4,1115.21,65237.0,29555.0,29555.0
918,44.010,132.100,43.85,132.4,1115.21,65535.0,29555.0,29555.0
919,44.010,132.100,43.85,132.4,1115.21,64183.0,29555.0,29555.0
920,44.010,132.100,43.85,132.4,1115.21,64269.0,29555.0,29555.0
921,44.010,132.100,43.85,132.4,1115.21,65535.0,29555.0,29555.0
922,44.010,132.100,43.85,132.4,1115.21,65535.0,29555.0,29555.0
923,44.010,132.100,43.85,132.4,1115.21,65535.0,29555.0,29555.0
924,44.010,132.100,43.85,132.4,1115.21,64581.0,29555.0,29555.0
925,44.010,132.100,43.85,132.4,1115.21,65535.0,29555.0,29555.0
926,44.010,132.100,43.85,132.4,1115.21,65535.0,29555.0,29555.0
927,44.010,132.100,43.85,132.4,1115.21,65535.0,29555.0,29555.0
928,44.010,132.100,43.85,132.4,1115.21,65535.0,29555.0,29555.0
929,44.010,132.100,43.85,132.4,1115.21,65535.0,29555.0,29555.0
930,44.010,132.100,43.85,132.4,1115.21,65535.0,29555.0,29555.0
931,44.010,132.100,43.85,132.4,1115.21,65535.0,29555.0,29555.0
932,44.010,132.100,43.85,132.4,1115.21,65535.0,29555.0,29555.0
933,44.010,132.100,43.85,132.4,1115.21,65535.0,29555.0,29555.0
934,44.010,132.100,43.85,132.4,1115.21,65130.0,29555.0,29555.0
935,44.010,132.100,43.85,132.4,1115.21,65535.0,29555.0,29555.0
936,44.010,132.100,43.85,132.4,1115.21,65535.0,29555.0,29555.0
937,44.010,132.100,43.85,132.4,1115.21,53904.0,22252.0,22252.0
938,44.010,132.100,43.76,132.41,1115.21,50213.0,17942.0,17942.0
939,44.010,132.100,43.66,132.4,1115.21,50269.0,17929.0,17929.0
940,44.010,132.100,43.93,132.39,1115.21,49359.0,17399.0,17399.0
941,44.010,132.100,43.71,132.26,1115.21,47548.0,16013.0,16013.0
942,44.010,132.100,43.88,132.53,1115.21,46262.0,14404.0,14404.0
943,44.010,132.100,43.92,132.49,1115.21,48395.0,16728.0,16728.0
944,44.010,132.100,43.85,132.38,1115.21,46999.0,14765.0,14765.0
945,44.010,132.100,43.71,132.35,1115.21,48230.0,15150.0,15150.0
946,44.010,132.100,43.67,132.14,1115.21,46365.0,13760.0,13760.0
947,44.010,132.100,43.76,132.37,1115.21,44529.0,12911.0,12911.0
948,44.010,132.100,43.61,132.17,1115.21,45695.0,13836.0,13836.0
949,44.010,132.100,44.06,132.43,1115.21,46532.0,13862.0,13862.0
950,44.010,132.100,43.87,132.48,1115.21,46680.0,15134.0,15134.0
951,44.010,132.100,43.86,132.28,1115.21,48858.0,16397.0,16397.0
952,44.010,132.100,43.95,132.33,1115.21,47048.0,14521.0,14521.0
953,44.010,132.100,43.83,132.41,1115.21,51783.0,19321.0,19321.0
954,44.010,132.100,43.87,132.51,1115.21,44271.0,13214.0,13214.0
955,44.010,132.100,43.87,132.27,1115.21,46184.0,14613.0,14613.0
956,44.010,132.100,43.9,132.38,1115.21,47062.0,14101.0,14101.0
957,44.010,132.100,43.93,132.43,1115.21,48278.0,15023.0,15023.0
958,44.010,132.100,43.92,132.46,1115.21,48380.0,17056.0,17056.0
959,44.010,132.100,43.62,132.46,1115.21,46246.0,14839.0,14839.0
960,44.010,132.100,43.8,132.53,1115.21,45919.0,13613.0,13613.0
961,44.010,132.100,43.9,132.38,1115.21,49126.0,17297.0,17297.0
962,44.010,132.100,44.04,132.19,1115.21,41494.0,8334.0,8334.0
963,44.010,132.100,43.94,132.24,1115.21,44582.0,13113.0,13113.0
964,44.010,132.100,43.79,132.34,1115.21,48116.0,15804.0,15804.0
965,44.010,132.100,43.92,132.26,1115.21,47371.0,15403.0,15403.0
966,44.010,132.100,43.65,132.26,1115.21,44195.0,12635.0,12635.0
967,44.010,132.100,43.76,132.4,1115.21,45175.0,13209.0,13209.0
968,44.010,132.100,43.9,132.05,1115.21,47551.0,13956.0,13956.0
969,44.010,132.100,43.64,132.31,1115.21,47323.0,16186.0,16186.0
970,44.010,132.100,43.88,132.2,1115.21,43825.0,12012.0,12012.0
971,44.010,132.100,43.57,132.4,1115.21,47685.0,15556.0,15556.0
972,44.010,132.100,43.88,132.3,1115.21,47172.0,14914.0,14914.0
973,44.010,132.100,43.77,132.43,1115.21,44187.0,11930.0,11930.0
974,44.010,132.100,43.74,132.41,1115.21,48201.0,16249.0,16249.0
975,44.010,132.100,43.95,132.3,1115.21,39803.0,8699.0,8699.0
976,44.010,132.100,44.02,132.24,1115.21,41161.0,8740.0,8740.0
977,44.010,132.100,43.76,132.35,1115.21,38521.0,7703.0,7703.0
978,44.010,132.100,44.17,132.42,1115.21,40451.0,8120.0,8120.0
979,44.010,132.100,43.65,132.43,1115.21,40684.0,8185.0,8185.0
980,44.010,132.100,44,132.26,1115.21,38752.0,7737.0,7737.0
981,44.010,132.100,43.85,132.4,1115.21,41116.0,8981.0,8981.0
982,44.010,132.100,43.92,132.32,1115.21,43326.0,10594.0,10594.0
983,44.010,132.100,43.99,132.3,1115.21,42125.0,11403.0,11403.0
984,44.010,132.100,43.55,132.27,1115.21,34768.0,8576.0,8576.0
985,44.010,132.100,44.01,132.21,1115.21,36812.0,10113.0,10113.0
986,44.010,132.100,44.01,132.4,1115.21,37718.0,10889.0,10889.0
987,44.010,132.100,44.16,132.12,1115.21,40671.0,13817.0,13817.0
988,44.010,132.100,43.82,132.34,1115.21,46265.0,19103.0,19103.0
989,44.010,132.100,43.73,132.2,1115.21,45284.0,17981.0,17981.0
990,44.010,132.100,43.74,132.34,1115.21,43705.0,16770.0,16770.0
991,44.010,132.100,43.64,132.41,1115.21,44660.0,17449.0,17449.0
992,44.010,132.100,43.9,132.35,1115.21,47703.0,19077.0,19077.0
993,44.010,132.100,43.94,132.37,1115.21,42935.0,14744.0,14744.0
994,44.010,132.100,43.91,132.08,1115.21,43822.0,16968.0,16968.0
995,44.010,132.100,43.85,132.15,1115.21,44194.0,17301.0,17301.0
996,44.010,132.100,43.75,132.36,1115.21,41308.0,14671.0,14671.0
997,44.010,132.100,43.75,132.32,1115.21,44523.0,17285.0,17285.0
998,44.010,132.100,43.77,132.37,1115.21,45996.0,19246.0,19246.0
999,44.010,132.100,43.92,132.26,1115.21,45322.0,17945.0,17945.0
1000,44.010,132.100,43.86,132.55,1115.21,45251.0,16945.0,16945.0
1001,44.010,132.100,43.96,132.16,1115.21,44846.0,15368.0,15368.0
1002,44.010,132.100,43.98,132.42,1115.21,45489.0,16309.0,16309.0
1003,44.010,132.100,43.99,132.32,1115.21,45797.0,17349.0,17349.0
1004,44.010,132.100,43.59,132.37,1115.21,40616.0,13861.0,13861.0
1005,44.010,132.100,43.92,132.32,1115.21,45842.0,18547.0,18547.0
1006,44.010,132.100,43.94,132.61,1115.21,45947.0,17356.0,17356.0
1007,44.010,132.100,43.66,132.41,1115.21,49860.0,21298.0,21298.0
1008,44.010,132.100,44.09,132.3,1115.21,45519.0,17815.0,17815.0
1009,44.010,132.100,43.95,132.4,1115.21,48840.0,21059.0,21059.0
1010,44.010,132.100,43.82,132.22,1115.21,47438.0,20077.0,20077.0
1011,44.010,132.100,43.91,132.18,1115.21,43679.0,15890.0,15890.0
1012,44.010,132.100,43.89,132.41,1115.21,49050.0,21460.0,21460.0
1013,44.010,132.100,43.84,132.31,1115.21,46974.0,19618.0,19618.0
1014,44.010,132.100,43.75,132.22,1115.21,48374.0,19924.0,19924.0
1015,44.010,132.100,43.77,132.31,1115.21,45875.0,17606.0,17606.0
1016,44.010,132.100,43.88,132.25,1115.21,47847.0,20330.0,20330.0
1017,44.010,132.100,43.88,132.29,1115.21,47712.0,20273.0,20273.0
1018,44.010,132.100,43.87,132.29,1115.21,46950.0,18758.0,18758.0
1019,44.010,132.100,43.93,132.41,1115.21,47136.0,18430.0,18430.0
1020,44.010,132.100,43.89,132.12,1115.21,48597.0,19843.0,19843.0
1021,44.010,132.100,43.97,132.18,1115.21,47479.0,18459.0,18459.0
1022,44.010,132.100,44.01,132.4,1115.21,46328.0,18190.0,18190.0
1023,44.010,132.100,43.86,132.56,1115.21,48392.0,20680.0,20680.0
1024,44.010,132.100,43.89,132.38,1115.21,50383.0,20857.0,20857.0
1025,44.010,132.100,43.85,132.26,1115.21,48761.0,19930.0,19930.0
1026,44.010,132.100,44.01,132.49,1115.21,46467.0,17950.0,17950.0
1027,44.010,132.100,43.91,132.27,1115.21,48317.0,20908.0,20908.0
1028,44.010,132.100,43.81,132.31,1115.21,44640.0,18377.0,18377.0
1029,44.010,132.100,43.95,132.17,1115.21,42804.0,15775.0,15775.0
1030,44.010,132.100,43.87,132.29,1115.21,46421.0,17572.0,17572.0
1031,44.010,132.100,43.84,132.25,1115.21,46716.0,19663.0,19663.0
1032,44.010,132.100,43.91,132.32,1115.21,45247.0,17528.0,17528.0
1033,44.010,132.100,43.77,132.31,1115.21,50605.0,22317.0,22317.0
1034,44.010,132.100,44.06,132.48,1115.21,47867.0,19111.0,19111.0
1035,44.010,132.100,43.95,132.41,1115.21,46728.0,17370.0,17370.0
1036,44.010,132.100,43.79,132.29,1115.21,47298.0,20470.0,20470.0
1037,44.010,132.100,43.85,132.37,1115.21,47771.0,19802.0,19802.0
1038,44.010,132.100,43.87,132.17,1115.21,46040.0,18302.0,18302.0
1039,44.010,132.100,43.78,132.31,1115.21,45020.0,18049.0,18049.0
1040,44.010,132.100,43.85,132.3,1115.21,50688.0,22296.0,22296.0
1041,44.010,132.100,43.87,132.34,1115.21,48070.0,20260.0,20260.0
1042,44.010,132.100,43.84,132.43,1115.21,47708.0,19405.0,19405.0
1043,44.010,132.100,43.92,132.37,1115.21,46872.0,19306.0,19306.0
1044,44.010,132.100,43.85,132.41,1115.21,51088.0,22534.0,22534.0
1045,44.010,132.100,44,132.39,1115.21,51846.0,22778.0,22778.0
1046,44.010,132.100,43.97,132.22,1115.21,49639.0,21145.0,21145.0
1047,44.010,132.100,43.9,132.39,1115.21,47495.0,19798.0,19798.0
1048,44.010,132.100,43.96,132.18,1115.21,50820.0,21748.0,21748.0
1049,44.010,132.100,43.8,132.28,1115.21,47531.0,18472.0,18472.0
1050,44.010,132.100,43.75,132.29,1115.21,44796.0,17010.0,17010.0
1051,44.010,132.100,43.76,132.33,1115.21,51524.0,21859.0,21859.0
1052,44.010,132.100,43.99,132.13,1115.21,50266.0,21455.0,21455.0
1053,44.010,132.100,43.85,132.17,1115.21,47051.0,18732.0,18732.0
1054,44.010,132.100,43.91,132.35,1115.21,48622.0,20829.0,20829.0
1055,44.010,132.100,43.87,132.29,1115.21,52667.0,24649.0,24649.0
1056,44.010,132.100,43.84,132.33,1115.21,48977.0,20879.0,20879.0
1057,44.010,132.100,43.82,132.13,1115.21,52403.0,23025.0,23025.0
1058,44.010,132.100,43.96,132.26,1115.21,52412.0,24271.0,24271.0
1059,44.010,132.100,43.84,132.34,1115.21,55044.0,25795.0,25795.0
1060,44.010,132.100,43.74,132.21,1115.21,55350.0,26853.0,26853.0
1061,44.010,132.100,43.94,132.42,1115.21,53342.0,24510.0,24510.0
1062,44.010,132.100,43.93,132.22,1115.21,50199.0,22631.0,22631.0
1063,44.010,132.100,43.93,132.29,1115.21,52831.0,23752.0,23752.0
1064,44.010,132.100,43.85,132.25,1115.21,48856.0,21389.0,21389.0
1065,44.010,132.100,43.76,132.14,1115.21,51877.0,23114.0,23114.0
1066,44.010,132.100,43.8,132.37,1115.21,57362.0,28585.0,28585.0
1067,44.010,132.100,43.89,132.19,1115.21,52331.0,22689.0,22689.0
1068,44.010,132.100,43.85,132.24,1115.21,54339.0,26131.0,26131.0
1069,44.010,132.100,43.96,132.34,1115.21,52927.0,23265.0,23265.0
1070,44.010,132.100,43.91,132.21,1115.21,56031.0,26291.0,26291.0
1071,44.010,132.100,43.83,132.32,1115.21,50933.0,23657.0,23657.0
1072,44.010,132.100,43.86,132.25,1115.21,49515.0,20618.0,20618.0
1073,44.010,132.100,43.86,132.12,1115.21,53101.0,23294.0,23294.0
1074,44.010,132.100,43.82,132.37,1115.21,55110.0,25590.0,25590.0
1075,44.010,132.100,43.91,132.3,1115.21,56208.0,27046.0,27046.0
1076,44.010,132.100,43.78,132.35,1115.21,50481.0,20630.0,20630.0
1077,44.010,132.100,43.86,132.29,1115.21,52150.0,23871.0,23871.0
1078,44.010,132.100,43.75,132.36,1115.21,43351.0,15987.0,15987.0
1079,44.010,132.100,43.99,132.38,1115.21,51034.0,21509.0,21509.0
1080,44.010,132.100,43.91,132.33,1115.21,46397.0,18430.0,18430.0
1081,44.010,132.100,43.94,132.25,1115.21,43022.0,15619.0,15619.0
1082,44.010,132.100,43.92,132.32,1115.21,43312.0,15198.0,15198.0
1083,44.010,132.100,43.77,132.45,1115.21,44827.0,17256.0,17256.0
1084,44.010,132.100,43.65,132.38,1115.21,43764.0,16656.0,16656.0
1085,44.010,132.100,43.86,132.32,1115.21,39584.0,13634.0,13634.0
1086,44.010,132.100,43.86,132.48,1115.21,44021.0,16594.0,16594.0
1087,44.010,132.100,43.83,132.37,1115.21,41857.0,15280.0,15280.0
1088,44.010,132.100,43.77,132.22,1115.21,43162.0,15528.0,15528.0
1089,44.010,132.100,43.89,132.35,1115.21,43574.0,16478.0,16478.0
1090,44.010,132.100,43.9,132.26,1115.21,46654.0,19435.0,19435.0
1091,44.010,132.100,43.87,132.12,1115.21,39635.0,12378.0,12378.0
1092,44.010,132.100,43.93,132.09,1115.21,39828.0,13123.0,13123.0
1093,44.010,132.100,43.97,132.44,1115.21,40512.0,13650.0,13650.0
1094,44.010,132.100,43.9,132.19,1115.21,39428.0,12763.0,12763.0
1095,44.010,132.100,43.99,132.19,1115.21,37730.0,11406.0,11406.0
1096,44.010,132.100,43.86,132.3,1115.21,40363.0,13402.0,13402.0
1097,44.010,132.100,43.99,132.27,1115.21,38973.0,11979.0,11979.0
1098,44.010,132.100,43.83,132.31,1115.21,39010.0,12647.0,12647.0
1099,44.010,132.100,43.96,132.2,1115.21,37877.0,11208.0,11208.0
1100,44.010,132.100,43.92,132.21,1115.21,36140.0,10812.0,10812.0
1101,44.010,132.100,43.8,132.15,1115.21,40875.0,14522.0,14522.0
1102,44.010,132.100,43.76,132.37,1115.21,43259.0,15545.0,15545.0
1103,44.010,132.100,43.92,132.26,1115.21,47752.0,18865.0,18865.0
1104,44.010,132.100,43.91,132.16,1115.21,53029.0,23858.0,23858.0
1105,44.010,132.100,44,132.51,1115.21,51831.0,22487.0,22487.0
1106,44.010,132.100,43.84,132.32,1115.21,53648.0,24517.0,24517.0
1107,44.010,132.100,43.9,132.32,1115.21,52381.0,23998.0,23998.0
1108,44.010,132.100,43.96,132.41,1115.21,53625.0,24371.0,24371.0
1109,44.010,132.100,43.93,132.23,1115.21,52997.0,24042.0,24042.0
1110,44.010,132.100,43.9,132.22,1115.21,54019.0,24628.0,24628.0
1111,44.010,132.100,43.94,132.3,1115.21,52020.0,21646.0,21646.0
1112,44.010,132.100,43.9,132.24,1115.21,50732.0,21237.0,21237.0
1113,44.010,132.100,43.87,132.18,1115.21,52107.0,22253.0,22253.0
1114,44.010,132.100,43.91,132.2,1115.21,50108.0,21495.0,21495.0
1115,44.010,132.100,43.95,132.34,1115.21,54186.0,24579.0,24579.0
1116,44.010,132.100,43.91,132.21,1115.21,50006.0,20968.0,20968.0
1117,44.010,132.100,43.79,132.35,1115.21,54915.0,26305.0,26305.0
1118,44.010,132.100,43.91,132.34,1115.21,52126.0,22897.0,22897.0
1119,44.010,132.100,43.86,132.19,1115.21,51657.0,22285.0,22285.0
1120,44.010,132.100,43.79,132.33,1115.21,54625.0,25107.0,25107.0
1121,44.010,132.100,43.88,132.21,1115.21,52746.0,23585.0,23585.0
1122,44.010,132.100,43.68,132.19,1115.21,51925.0,22974.0,22974.0
1123,44.010,132.100,43.94,132.24,1115.21,56799.0,26261.0,26261.0
1124,44.010,132.100,43.86,132.19,1115.21,51973.0,23634.0,23634.0
1125,44.010,132.100,43.81,132.32,1115.21,52550.0,22627.0,22627.0
1126,44.010,132.100,43.9,132.5,1115.21,52008.0,22642.0,22642.0
1127,44.010,132.100,43.89,132.21,1115.21,50908.0,22613.0,22613.0
1128,44.010,132.100,43.72,132.42,1115.21,49854.0,21338.0,21338.0
1129,44.010,132.100,43.97,132.06,1115.21,51098.0,21850.0,21850.0
1130,44.010,132.100,43.88,132.24,1115.21,51925.0,22934.0,22934.0
1131,44.010,132.100,43.82,132.49,1115.21,53375.0,24926.0,24926.0
1132,44.010,132.100,43.62,132.46,1115.21,50546.0,22408.0,22408.0
1133,44.010,132.100,43.93,132.16,1115.21,52931.0,23923.0,23923.0
1134,44.010,132.100,43.88,132.19,1115.21,51491.0,22494.0,22494.0
1135,44.010,132.100,43.94,132.44,1115.21,51286.0,23148.0,23148.0
1136,44.010,132.100,43.83,132.2,1115.21,50997.0,21635.0,21635.0
1137,44.010,132.100,43.96,132.23,1115.21,52474.0,23386.0,23386.0
1138,44.010,132.100,43.88,132.23,1115.21,50259.0,22099.0,22099.0
1139,44.010,132.100,43.88,132.23,1115.21,52983.0,24766.0,24766.0
1140,44.010,132.100,43.87,132.34,1115.21,50716.0,22437.0,22437.0
1141,44.010,132.100,43.87,132.31,1115.21,53416.0,24236.0,24236.0
1142,44.010,132.100,43.87,132.1,1115.21,54867.0,25470.0,25470.0
1143,44.010,132.100,43.86,132.34,1115.21,49844.0,21192.0,21192.0
1144,44.010,132.100,43.92,132.22,1115.21,52845.0,24307.0,24307.0
1145,44.010,132.100,43.9,132.31,1115.21,52616.0,23918.0,23918.0
1146,44.010,132.100,43.86,132.31,1115.21,51203.0,22338.0,22338.0
1147,44.010,132.100,44.17,132.32,1115.21,55142.0,26709.0,26709.0
1148,44.010,132.100,43.87,132.27,1115.21,49443.0,21189.0,21189.0
1149,44.010,132.100,43.91,132.19,1115.21,48035.0,19181.0,19181.0
1150,44.010,132.100,44.01,132.15,1115.21,50589.0,21230.0,21230.0
1151,44.010,132.100,43.99,132.12,1115.21,47700.0,20858.0,20858.0
1152,44.010,132.100,43.96,132.27,1115.21,56235.0,26520.0,26520.0
1153,44.010,132.100,43.92,132.22,1115.21,47027.0,18744.0,18744.0
1154,44.010,132.100,43.87,132.09,1115.21,45148.0,16926.0,16926.0
1155,44.010,132.100,44,132.18,1115.21,44360.0,17995.0,17995.0
1156,44.010,132.100,43.72,132.23,1115.21,46658.0,17757.0,17757.0
1157,44.010,132.100,43.85,132.28,1115.21,47682.0,19548.0,19548.0
1158,44.010,132.100,43.89,132.23,1115.21,45114.0,17734.0,17734.0
1159,44.010,132.100,43.89,132.16,1115.21,47283.0,19096.0,19096.0
1160,44.010,132.100,43.94,132.21,1115.21,46328.0,18067.0,18067.0
1161,44.010,132.100,44.02,132.29,1115.21,45529.0,18227.0,18227.0
1162,44.010,132.100,43.97,132.17,1115.21,42877.0,15815.0,15815.0
1163,44.010,132.100,43.97,132.1,1115.21,43332.0,15530.0,15530.0
1164,44.010,132.100,43.96,132.1,1115.21,47324.0,18451.0,18451.0
1165,44.010,132.100,43.79,132.29,1115.21,46586.0,18760.0,18760.0
1166,44.010,132.100,43.86,132.27,1115.21,47046.0,19135.0,19135.0
1167,44.010,132.100,43.71,132.4,1115.21,45236.0,16945.0,16945.0
1168,44.010,132.100,43.87,132.21,1115.21,45579.0,18542.0,18542.0
1169,44.010,132.100,43.98,132.15,1115.21,45467.0,17158.0,17158.0
1170,44.010,132.100,44.05,132.21,1115.21,45670.0,17370.0,17370.0
1171,44.010,132.100,44.03,132.13,1115.21,48316.0,19517.0,19517.0
1172,44.010,132.100,43.85,132.34,1115.21,43216.0,16070.0,16070.0
1173,44.010,132.100,43.78,132.25,1115.21,45126.0,16810.0,16810.0
1174,44.010,132.100,43.93,132.19,1115.21,49128.0,20142.0,20142.0
1175,44.010,132.100,43.81,132.37,1115.21,45763.0,18622.0,18622.0
1176,44.010,132.100,43.79,132.15,1115.21,49498.0,20403.0,20403.0
1177,44.010,132.100,43.88,132.19,1115.21,49526.0,21699.0,21699.0
1178,44.010,132.100,43.75,132.24,1115.21,45953.0,18166.0,18166.0
1179,44.010,132.100,43.79,132.15,1115.21,43846.0,16159.0,16159.0
1180,44.010,132.100,43.83,132.23,1115.21,44021.0,16682.0,16682.0
1181,44.010,132.100,43.82,132.24,1115.21,47097.0,18891.0,18891.0
1182,44.010,132.100,44.02,132.01,1115.21,49723.0,21413.0,21413.0
1183,44.010,132.100,43.83,132.03,1115.21,48040.0,19351.0,19351.0
1184,44.010,132.100,43.78,132.36,1115.21,43882.0,16265.0,16265.0
1185,44.010,132.100,44.08,132.35,1115.21,43300.0,16542.0,16542.0
1186,44.010,132.100,43.89,132.2,1115.21,44895.0,16809.0,16809.0
1187,44.010,132.100,43.88,132.3,1115.21,45335.0,16544.0,16544.0
1188,44.010,132.100,43.96,132.28,1115.21,45699.0,18541.0,18541.0
1189,44.010,132.100,43.88,132.19,1115.21,46285.0,17333.0,17333.0
1190,44.010,132.100,44,132.12,1115.21,49477.0,20211.0,20211.0
1191,44.010,132.100,43.88,132.21,1115.21,46619.0,18558.0,18558.0
1192,44.010,132.100,43.92,132.12,1115.21,44677.0,16987.0,16987.0
1193,44.010,132.100,43.96,132.23,1115.21,45722.0,18119.0,18119.0
1194,44.010,132.100,43.57,132.29,1115.21,45856.0,17545.0,17545.0
1195,44.010,132.100,43.89,132.16,1115.21,47649.0,18538.0,18538.0
1196,44.010,132.100,43.95,132.19,1115.21,45516.0,17563.0,17563.0
1197,44.010,132.100,44,132.23,1115.21,46922.0,18303.0,18303.0
1198,44.010,132.100,43.92,132.17,1115.21,51126.0,21949.0,21949.0
1199,44.010,132.100,43.84,132.19,1115.21,49496.0,20713.0,20713.0
1200,44.010,132.100,43.67,132.26,1115.21,52262.0,22890.0,22890.0
1201,44.010,132.100,43.91,132.21,1115.21,48215.0,19473.0,19473.0
1202,44.010,132.100,43.81,132.16,1115.21,52271.0,24261.0,24261.0
1203,44.010,132.100,43.91,132.16,1115.21,55020.0,25127.0,25127.0
1204,44.010,132.100,43.91,132.24,1115.21,50398.0,21781.0,21781.0
1205,44.010,132.100,43.86,132.28,1115.21,50716.0,21876.0,21876.0
1206,44.010,132.100,43.93,132.08,1115.21,51827.0,22126.0,22126.0
1207,44.010,132.100,43.93,132.2,1115.21,47463.0,18667.0,18667.0
1208,44.010,132.100,43.91,132.14,1115.21,52393.0,23279.0,23279.0
1209,44.010,132.100,43.81,132.31,1115.21,53360.0,24589.0,24589.0
1210,44.010,132.100,43.92,132.19,1115.21,48660.0,19528.0,19528.0
1211,44.010,132.100,43.89,132.29,1115.21,52376.0,23756.0,23756.0
1212,44.010,132.100,43.89,132.41,1115.21,50528.0,21751.0,21751.0
1213,44.010,132.100,43.89,132.31,1115.21,54241.0,25279.0,25279.0
1214,44.010,132.100,43.86,132.21,1115.21,52521.0,23832.0,23832.0
1215,44.010,132.100,43.91,132.15,1115.21,53222.0,23452.0,23452.0
1216,44.010,132.100,43.91,132.29,1115.21,49429.0,21571.0,21571.0
1217,44.010,132.100,43.96,132.21,1115.21,52670.0,23136.0,23136.0
1218,44.010,132.100,44.04,132.34,1115.21,54215.0,24157.0,24157.0
1219,44.010,132.100,43.61,132.41,1115.21,42439.0,14286.0,14286.0
1220,44.010,132.100,43.92,132.19,1115.21,42025.0,15673.0,15673.0
1221,44.010,132.100,43.9,132.15,1115.21,43280.0,15540.0,15540.0
1222,44.010,132.100,43.75,132.12,1115.21,40906.0,13041.0,13041.0
1223,44.010,132.100,43.7,132.32,1115.21,41766.0,14419.0,14419.0
1224,44.010,132.100,43.78,132.16,1115.21,43147.0,15762.0,15762.0
1225,44.010,132.100,43.76,132.24,1115.21,43111.0,15218.0,15218.0
1226,44.010,132.100,43.93,132.34,1115.21,44903.0,16761.0,16761.0
1227,44.010,132.100,43.9,132.14,1115.21,45337.0,16841.0,16841.0
1228,44.010,132.100,44.08,132.25,1115.21,46511.0,17818.0,17818.0
1229,44.010,132.100,43.88,132.17,1115.21,43499.0,16166.0,16166.0
1230,44.010,132.100,43.88,132.15,1115.21,42932.0,15193.0,15193.0
1231,44.010,132.100,44,132.3,1115.21,37538.0,9747.0,9747.0
1232,44.010,132.100,43.95,132.26,1115.21,38512.0,11636.0,11636.0
1233,44.010,132.100,43.97,132.31,1115.21,40811.0,12377.0,12377.0
1234,44.010,132.100,43.79,132.23,1115.21,39892.0,13381.0,13381.0
1235,44.010,132.100,43.99,132.3,1115.21,41742.0,14500.0,14500.0
1236,44.010,132.100,43.86,132.37,1115.21,39958.0,12685.0,12685.0
1237,44.010,132.100,44.01,132.12,1115.21,39608.0,13158.0,13158.0
1238,44.010,132.100,43.8,132.13,1115.21,43591.0,16109.0,16109.0
1239,44.010,132.100,44.05,132.2,1115.21,43528.0,15932.0,15932.0
1240,44.010,132.100,43.99,132.3,1115.21,38430.0,11836.0,11836.0
1241,44.010,132.100,43.98,132.13,1115.21,40275.0,13223.0,13223.0
1242,44.010,132.100,43.83,132.03,1115.21,43576.0,15745.0,15745.0
1243,44.010,132.100,44.08,132.07,1115.21,39858.0,12105.0,12105.0
1244,44.010,132.100,44.01,132.27,1115.21,39486.0,11617.0,11617.0
1245,44.010,132.100,44,132.1,1115.21,38775.0,12167.0,12167.0
1246,44.010,132.100,43.92,132.21,1115.21,39756.0,12987.0,12987.0
1247,44.010,132.100,43.96,132.53,1115.21,40960.0,14215.0,14215.0
1248,44.010,132.100,43.83,132.11,1115.21,40849.0,13377.0,13377.0
1249,44.010,132.100,44.06,132.12,1115.21,42173.0,14941.0,14941.0
1250,44.010,132.100,43.88,132.27,1115.21,42248.0,14953.0,14953.0
1251,44.010,132.100,43.87,132.11,1115.21,41010.0,13176.0,13176.0
1252,44.010,132.100,43.88,132.2,1115.21,43168.0,15636.0,15636.0
1253,44.010,132.100,43.91,132.13,1115.21,40581.0,12970.0,12970.0
1254,44.010,132.100,43.93,132.32,1115.21,38375.0,12041.0,12041.0
1255,44.010,132.100,44.09,132.43,1115.21,41734.0,15593.0,15593.0
1256,44.010,132.100,44.02,132.17,1115.21,40618.0,13176.0,13176.0
1257,44.010,132.100,43.89,132.25,1115.21,38907.0,13130.0,13130.0
1258,44.010,132.100,44.01,132.37,1115.21,39185.0,11579.0,11579.0
1259,44.010,132.100,43.87,132.34,1115.21,40163.0,13284.0,13284.0
1260,44.010,132.100,43.98,132.26,1115.21,41643.0,14302.0,14302.0
1261,44.010,132.100,43.9,132.22,1115.21,42079.0,14634.0,14634.0
1262,44.010,132.100,43.59,132.35,1115.21,42099.0,14443.0,14443.0
1263,44.010,132.100,43.96,132.27,1115.21,42164.0,15062.0,15062.0
1264,44.010,132.100,44.15,131.93,1115.21,39363.0,12128.0,12128.0
1265,44.010,132.100,44.12,132.07,1115.21,39445.0,13052.0,13052.0
1266,44.010,132.100,43.98,132.12,1115.21,41079.0,13946.0,13946.0
1267,44.010,132.100,43.92,132.28,1115.21,40851.0,13309.0,13309.0
1268,44.010,132.100,43.65,132.43,1115.21,37447.0,11582.0,11582.0
1269,44.010,132.100,43.96,132.34,1115.21,40509.0,14036.0,14036.0
1270,44.010,132.100,43.9,132.12,1115.21,39400.0,13097.0,13097.0
1271,44.010,132.100,44.02,132.18,1115.21,39799.0,12704.0,12704.0
1272,44.010,132.100,43.78,132.48,1115.21,42511.0,14729.0,14729.0
1273,44.010,132.100,44.02,132.14,1115.21,41077.0,13637.0,13637.0
1274,44.010,132.100,43.83,132.29,1115.21,42451.0,15757.0,15757.0
1275,44.010,132.100,43.91,132.23,1115.21,39567.0,12935.0,12935.0
1276,44.010,132.100,43.98,132.33,1115.21,40518.0,13588.0,13588.0
1277,44.010,132.100,43.93,132.15,1115.21,41448.0,13438.0,13438.0
1278,44.010,132.100,43.75,132.11,1115.21,43013.0,15976.0,15976.0
1279,44.010,132.100,43.77,132.19,1115.21,40240.0,12546.0,12546.0
1280,44.010,132.100,44.03,132.29,1115.21,41092.0,14580.0,14580.0
1281,44.010,132.100,44.04,132.47,1115.21,39402.0,12519.0,12519.0
1282,44.010,132.100,43.89,132.33,1115.21,41729.0,14567.0,14567.0
1283,44.010,132.100,43.6,132.41,1115.21,40726.0,14060.0,14060.0
1284,44.010,132.100,43.99,132.11,1115.21,40827.0,13734.0,13734.0
1285,44.010,132.100,44,132.11,1115.21,43361.0,15305.0,15305.0
1286,44.010,132.100,43.91,132.06,1115.21,37884.0,10953.0,10953.0
1287,44.010,132.100,43.86,132,1115.21,40268.0,12745.0,12745.0
1288,44.010,132.100,44.03,132.42,1115.21,39762.0,12836.0,12836.0
1289,44.010,132.100,43.79,132.34,1115.21,36968.0,11770.0,11770.0
1290,44.010,132.100,43.94,132.31,1115.21,38012.0,11744.0,11744.0
1291,44.010,132.100,43.86,132.3,1115.21,42723.0,16624.0,16624.0
1292,44.010,132.100,43.89,132.15,1115.21,39673.0,11794.0,11794.0
1293,44.010,132.100,43.94,132.17,1115.21,42581.0,15399.0,15399.0
1294,44.010,132.100,44,132.11,1115.21,41325.0,13012.0,13012.0
1295,44.010,132.100,44.14,132.17,1115.21,39272.0,11532.0,11532.0
1296,44.010,132.100,43.99,132.17,1115.21,45142.0,17047.0,17047.0
1297,44.010,132.100,43.89,132.06,1115.21,42743.0,14108.0,14108.0
1298,44.010,132.100,43.6,132.42,1115.21,42183.0,14783.0,14783.0
1299,44.010,132.100,43.96,132.14,1115.21,42236.0,15037.0,15037.0
1300,44.010,132.100,43.99,132.13,1115.21,40858.0,13292.0,13292.0
1301,44.010,132.100,43.85,132.01,1115.21,40048.0,13169.0,13169.0
1302,44.010,132.100,44.13,132.35,1115.21,40500.0,13541.0,13541.0
1303,44.010,132.100,43.87,132.08,1115.21,41398.0,14367.0,14367.0
1304,44.010,132.100,43.97,132.03,1115.21,40122.0,13881.0,13881.0
1305,44.010,132.100,43.59,132.31,1115.21,43320.0,15932.0,15932.0
1306,44.010,132.100,44.11,132.27,1115.21,38148.0,11131.0,11131.0
1307,44.010,132.100,43.82,132.18,1115.21,41642.0,14526.0,14526.0
1308,44.010,132.100,43.83,132.35,1115.21,42763.0,15578.0,15578.0
1309,44.010,132.100,43.89,132.25,1115.21,39822.0,13317.0,13317.0
1310,44.010,132.100,43.9,132.08,1115.21,38997.0,12275.0,12275.0
1311,44.010,132.100,43.79,132.36,1115.21,44450.0,16661.0,16661.0
1312,44.010,132.100,43.98,132.26,1115.21,40699.0,12870.0,12870.0
1313,44.010,132.100,43.9,132.08,1115.21,42425.0,14629.0,14629.0
1314,44.010,132.100,43.83,132.32,1115.21,41390.0,13585.0,13585.0
1315,44.010,132.100,43.92,132.26,1115.21,41497.0,15369.0,15369.0
1316,44.010,132.100,43.9,132.12,1115.21,43610.0,14983.0,14983.0
1317,44.010,132.100,43.85,132.07,1115.21,43887.0,15928.0,15928.0
1318,44.010,132.100,43.98,132.11,1115.21,47264.0,19250.0,19250.0
1319,44.010,132.100,43.93,132.19,1115.21,39646.0,12161.0,12161.0
1320,44.010,132.100,44.12,132.21,1115.21,40504.0,13575.0,13575.0
1321,44.010,132.100,43.84,132.48,1115.21,41450.0,13604.0,13604.0
1322,44.010,132.100,43.86,132.13,1115.21,40750.0,14316.0,14316.0
1323,44.010,132.100,43.95,132.2,1115.21,42925.0,14661.0,14661.0
1324,44.010,132.100,43.98,132.14,1115.21,39098.0,11920.0,11920.0
1325,44.010,132.100,43.91,132.19,1115.21,44668.0,17343.0,17343.0
1326,44.010,132.100,43.75,132.4,1115.21,43871.0,15639.0,15639.0
1327,44.010,132.100,43.6,132.37,1115.21,41457.0,14616.0,14616.0
1328,44.010,132.100,43.95,132.16,1115.21,41902.0,14835.0,14835.0
1329,44.010,132.100,44.07,132.16,1115.21,41012.0,14673.0,14673.0
1330,44.010,132.100,44.02,132.07,1115.21,43249.0,14763.0,14763.0
1331,44.010,132.100,43.99,132.25,1115.21,43835.0,15774.0,15774.0
1332,44.010,132.100,44.12,132.22,1115.21,46237.0,19343.0,19343.0
1333,44.010,132.100,43.8,132.13,1115.21,44714.0,17345.0,17345.0
1334,44.010,132.100,44.11,132.14,1115.21,40572.0,12594.0,12594.0
1335,44.010,132.100,44.03,132.2,1115.21,41789.0,14304.0,14304.0
1336,44.010,132.100,43.93,131.97,1115.21,45258.0,16699.0,16699.0
1337,44.010,132.100,43.99,132.41,1115.21,41027.0,14394.0,14394.0
1338,44.010,132.100,44.07,132.2,1115.21,45664.0,17792.0,17792.0
1339,44.010,132.100,44.03,132.11,1115.21,45839.0,17125.0,17125.0
1340,44.010,132.100,43.96,132.08,1115.21,43955.0,15751.0,15751.0
1341,44.010,132.100,44.13,131.99,1115.21,46058.0,18241.0,18241.0
1342,44.010,132.100,43.59,132.32,1115.21,41325.0,14245.0,14245.0
1343,44.010,132.100,44.28,132.44,1115.21,41560.0,14545.0,14545.0
1344,44.010,132.100,44.09,132.32,1115.21,44928.0,16837.0,16837.0
1345,44.010,132.100,44.07,131.9,1115.21,44924.0,16387.0,16387.0
1346,44.010,132.100,43.92,132.14,1115.21,44493.0,16236.0,16236.0
1347,44.010,132.100,44,132.12,1115.21,47789.0,20191.0,20191.0
1348,44.010,132.100,44.01,132.17,1115.21,47262.0,18974.0,18974.0
1349,44.010,132.100,43.98,132.11,1115.21,43721.0,15284.0,15284.0
1350,44.010,132.100,43.83,132.13,1115.21,46229.0,18441.0,18441.0
1351,44.010,132.100,43.58,132.29,1115.21,42527.0,15010.0,15010.0
1352,44.010,132.100,43.95,132.07,1115.21,45695.0,18202.0,18202.0
1353,44.010,132.100,43.97,132.13,1115.21,49191.0,21091.0,21091.0
1354,44.010,132.100,44,132.18,1115.21,46325.0,19136.0,19136.0
1355,44.010,132.100,43.86,132.15,1115.21,46104.0,16095.0,16095.0
1356,44.010,132.100,43.98,132.23,1115.21,43368.0,15540.0,15540.0
1357,44.010,132.100,44.11,132.12,1115.21,46598.0,17802.0,17802.0
1358,44.010,132.100,43.82,132.13,1115.21,45443.0,18686.0,18686.0
1359,44.010,132.100,43.99,132.09,1115.21,47682.0,19429.0,19429.0
1360,44.010,132.100,43.97,132.08,1115.21,45182.0,17179.0,17179.0
1361,44.010,132.100,43.9,132.15,1115.21,46828.0,18749.0,18749.0
1362,44.010,132.100,43.83,132.36,1115.21,43302.0,16164.0,16164.0
1363,44.010,132.100,43.85,132.15,1115.21,45183.0,16862.0,16862.0
1364,44.010,132.100,44.05,132.09,1115.21,45275.0,18008.0,18008.0
1365,44.010,132.100,44.04,132.17,1115.21,45956.0,18329.0,18329.0
1366,44.010,132.100,44.05,132.15,1115.21,44323.0,16850.0,16850.0
1367,44.010,132.100,43.64,132.37,1115.21,40926.0,14757.0,14757.0
1368,44.010,132.100,43.97,132.05,1115.21,44082.0,15983.0,15983.0
1369,44.010,132.100,44.02,132.21,1115.21,42334.0,15158.0,15158.0
1370,44.010,132.100,44.1,132.26,1115.21,44154.0,15941.0,15941.0
1371,44.010,132.100,43.98,132.04,1115.21,49913.0,20413.0,20413.0
1372,44.010,132.100,43.89,132.3,1115.21,46029.0,19126.0,19126.0
1373,44.010,132.100,44.27,132.43,1115.21,43916.0,17346.0,17346.0
1374,44.010,132.100,43.57,132.3,1115.21,51717.0,24161.0,24161.0
1375,44.010,132.100,43.96,131.99,1115.21,47459.0,18026.0,18026.0
1376,44.010,132.100,44.01,132.12,1115.21,43901.0,16813.0,16813.0
1377,44.010,132.100,44.04,132.11,1115.21,46020.0,18291.0,18291.0
1378,44.010,132.100,44.01,132.13,1115.21,46331.0,18260.0,18260.0
1379,44.010,132.100,44.03,132.25,1115.21,46294.0,18413.0,18413.0
1380,44.010,132.100,43.93,132.2,1115.21,42609.0,15568.0,15568.0
1381,44.010,132.100,44.04,132.08,1115.21,40667.0,12890.0,12890.0
1382,44.010,132.100,43.91,132.07,1115.21,39618.0,12942.0,12942.0
1383,44.010,132.100,44.09,132.13,1115.21,39677.0,11592.0,11592.0
1384,44.010,132.100,44.1,132.27,1115.21,44730.0,16343.0,16343.0
1385,44.010,132.100,44.02,132.14,1115.21,42077.0,14718.0,14718.0
1386,44.010,132.100,44.07,132.12,1115.21,46686.0,17575.0,17575.0
1387,44.010,132.100,44,132.2,1115.21,50864.0,22366.0,22366.0
1388,44.010,132.100,43.77,132.17,1115.21,46606.0,18341.0,18341.0
1389,44.010,132.100,43.95,132,1115.21,45579.0,17091.0,17091.0
1390,44.010,132.100,43.94,132.01,1115.21,47993.0,19634.0,19634.0
1391,44.010,132.100,43.85,132.1,1115.21,48655.0,18945.0,18945.0
1392,44.010,132.100,44.04,132.11,1115.21,45158.0,16870.0,16870.0
1393,44.010,132.100,44.02,132.08,1115.21,50628.0,21505.0,21505.0
1394,44.010,132.100,43.99,131.96,1115.21,46092.0,17596.0,17596.0
1395,44.010,132.100,43.95,131.99,1115.21,45543.0,17339.0,17339.0
1396,44.010,132.100,44.04,132.12,1115.21,47019.0,18829.0,18829.0
1397,44.010,132.100,43.95,132.03,1115.21,46067.0,16685.0,16685.0
1398,44.010,132.100,44,132.06,1115.21,45700.0,16925.0,16925.0
1399,44.010,132.100,44.12,132.2,1115.21,50559.0,20496.0,20496.0
1400,44.010,132.100,43.99,132.3,1115.21,46926.0,18688.0,18688.0
1401,44.010,132.100,43.95,131.97,1115.21,44340.0,16742.0,16742.0
1402,44.010,132.100,44.02,132.16,1115.21,43172.0,15248.0,15248.0
1403,44.010,132.100,43.89,132.2,1115.21,45592.0,17024.0,17024.0
1404,44.010,132.100,43.87,132.2,1115.21,44275.0,16721.0,16721.0
1405,44.010,132.100,44.01,132.06,1115.21,44259.0,15955.0,15955.0
1406,44.010,132.100,43.93,132.05,1115.21,45784.0,17682.0,17682.0
1407,44.010,132.100,43.89,132.03,1115.21,44757.0,16898.0,16898.0
1408,44.010,132.100,44.37,131.96,1115.21,44564.0,15965.0,15965.0
1409,44.010,132.100,44.02,132.1,1115.21,49221.0,20317.0,20317.0
1410,44.010,132.100,43.98,132.27,1115.21,45737.0,16679.0,16679.0
1411,44.010,132.100,43.94,132.21,1115.21,46822.0,18412.0,18412.0
1412,44.010,132.100,43.99,132.17,1115.21,50993.0,21478.0,21478.0
1413,44.010,132.100,44.12,132.18,1115.21,43922.0,16301.0,16301.0
1414,44.010,132.100,43.93,132.24,1115.21,47162.0,19900.0,19900.0
1415,44.010,132.100,43.99,131.97,1115.21,47852.0,17854.0,17854.0
1416,44.010,132.100,43.98,132.06,1115.21,47304.0,19058.0,19058.0
1417,44.010,132.100,44.01,132.18,1115.21,47171.0,18971.0,18971.0
1418,44.010,132.100,43.89,132.05,1115.21,49506.0,20313.0,20313.0
1419,44.010,132.100,44.02,132.04,1115.21,50837.0,21973.0,21973.0
1420,44.010,132.100,43.93,132.07,1115.21,43611.0,16708.0,16708.0
1421,44.010,132.100,44.07,132.18,1115.21,45790.0,16398.0,16398.0
1422,44.010,132.100,44.09,132.05,1115.21,49887.0,20646.0,20646.0
1423,44.010,132.100,44.31,132.31,1115.21,45689.0,17765.0,17765.0
1424,44.010,132.100,43.89,132.07,1115.21,46772.0,18834.0,18834.0
1425,44.010,132.100,43.94,132.11,1115.21,44992.0,17179.0,17179.0
1426,44.010,132.100,43.91,132.18,1115.21,49371.0,21149.0,21149.0
1427,44.010,132.100,44.34,132.37,1115.21,51463.0,23250.0,23250.0
1428,44.010,132.100,44.11,132.16,1115.21,49205.0,21324.0,21324.0
1429,44.010,132.100,43.91,132.03,1115.21,50121.0,21701.0,21701.0
1430,44.010,132.100,43.98,132.1,1115.21,43501.0,16794.0,16794.0
1431,44.010,132.100,43.94,132.15,1115.21,47726.0,19182.0,19182.0
1432,44.010,132.100,43.99,131.99,1115.21,45975.0,17869.0,17869.0
1433,44.010,132.100,43.94,132.11,1115.21,51946.0,23237.0,23237.0
1434,44.010,132.100,44.07,132.06,1115.21,47913.0,19576.0,19576.0
1435,44.010,132.100,44.01,132.1,1115.21,46648.0,18352.0,18352.0
1436,44.010,132.100,43.86,132.3,1115.21,40299.0,13129.0,13129.0
1437,44.010,132.100,43.94,132.08,1115.21,39331.0,11896.0,11896.0
1438,44.010,132.100,43.92,131.85,1115.21,41810.0,14752.0,14752.0
1439,44.010,132.100,43.91,132.06,1115.21,36652.0,9955.0,9955.0
1440,44.010,132.100,43.89,132.18,1115.21,37259.0,10621.0,10621.0
1441,44.010,132.100,43.96,132.15,1115.21,35845.0,10200.0,10200.0
1442,44.010,132.100,43.99,132.11,1115.21,41369.0,13628.0,13628.0
1443,44.010,132.100,44.42,131.96,1115.21,34671.0,9843.0,9843.0
1444,44.010,132.100,43.79,131.87,1115.21,36319.0,9880.0,9880.0
1445,44.010,132.100,43.98,132.1,1115.21,39593.0,13066.0,13066.0
1446,44.010,132.100,44.13,132.2,1115.21,39049.0,11759.0,11759.0
1447,44.010,132.100,44.03,132.24,1115.21,39333.0,11627.0,11627.0
1448,44.010,132.100,44.14,131.62,1115.21,38778.0,11198.0,11198.0
1449,44.010,132.100,43.99,132.11,1115.21,37285.0,10088.0,10088.0
1450,44.010,132.100,43.93,131.93,1115.21,38527.0,11223.0,11223.0
1451,44.010,132.100,43.89,131.99,1115.21,37011.0,9432.0,9432.0
1452,44.010,132.100,43.93,132.07,1115.21,38352.0,11415.0,11415.0
1453,44.010,132.100,44.13,132.14,1115.21,35717.0,9399.0,9399.0
1454,44.010,132.100,43.73,132.4,1115.21,37659.0,11184.0,11184.0
1455,44.010,132.100,44.47,132.17,1115.21,37738.0,10787.0,10787.0
1456,44.010,132.100,44.31,132.28,1115.21,36061.0,10040.0,10040.0
1457,44.010,132.100,44.02,132.14,1115.21,41870.0,14118.0,14118.0
1458,44.010,132.100,43.96,131.91,1115.21,35247.0,9705.0,9705.0
1459,44.010,132.100,43.66,131.59,1115.21,43710.0,16061.0,16061.0
1460,44.010,132.100,43.9,132.1,1115.21,44647.0,16694.0,16694.0
1461,44.010,132.100,43.91,132.02,1115.21,38951.0,12357.0,12357.0
1462,44.010,132.100,43.77,132.3,1115.21,43630.0,16634.0,16634.0
1463,44.010,132.100,43.93,132.1,1115.21,46847.0,18066.0,18066.0
1464,44.010,132.100,44.28,132.11,1115.21,45551.0,17285.0,17285.0
1465,44.010,132.100,44.19,132.1,1115.21,51250.0,21977.0,21977.0
1466,44.010,132.100,44.06,132.14,1115.21,49103.0,19865.0,19865.0
1467,44.010,132.100,43.91,132.16,1115.21,42464.0,15692.0,15692.0
1468,44.010,132.100,43.91,132.22,1115.21,48482.0,19941.0,19941.0
1469,44.010,132.100,43.89,132.28,1115.21,43133.0,14533.0,14533.0
1470,44.010,132.100,43.97,132.13,1115.21,50315.0,21930.0,21930.0
1471,44.010,132.100,44.15,132.04,1115.21,49338.0,19958.0,19958.0
1472,44.010,132.100,43.91,132.14,1115.21,45856.0,18006.0,18006.0
1473,44.010,132.100,44.05,132.07,1115.21,47467.0,17571.0,17571.0
1474,44.010,132.100,44.11,132.05,1115.21,42743.0,14841.0,14841.0
1475,44.010,132.100,44.26,132.42,1115.21,52114.0,23512.0,23512.0
1476,44.010,132.100,43.95,132.35,1115.21,45019.0,16312.0,16312.0
1477,44.010,132.100,44.01,132.28,1115.21,47639.0,18960.0,18960.0
1478,44.010,132.100,44.08,132,1115.21,56829.0,27247.0,27247.0
1479,44.010,132.100,44.01,132.16,1115.21,54644.0,25388.0,25388.0
1480,44.010,132.100,44,132.02,1115.21,50303.0,20754.0,20754.0
1481,44.010,132.100,44.01,132.1,1115.21,49004.0,20085.0,20085.0
1482,44.010,132.100,44.01,132.1,1115.21,26208.0,623.0,623.0
1483,44.010,132.100,44.01,132.1,1115.21,25950.0,1242.0,1242.0
1484,44.010,132.100,44.01,132.1,1115.21,24354.0,0.0,0.0
1485,44.010,132.100,44.01,132.1,1115.21,24536.0,369.0,369.0
1486,44.010,132.100,44.01,132.1,1115.21,23408.0,0.0,0.0
1487,44.010,132.100,44.01,132.1,1115.21,25693.0,673.0,673.0
1488,44.010,132.100,44.01,132.1,1115.21,23085.0,0.0,0.0
1489,44.010,132.100,44.01,132.1,1115.21,25167.0,30.0,30.0
1490,44.010,132.100,44.01,132.1,1115.21,25101.0,588.0,588.0
1491,44.010,132.100,44.01,132.1,1115.21,25119.0,1336.0,1336.0
1492,44.010,132.100,44.01,132.1,1115.21,22546.0,0.0,0.0
1493,44.010,132.100,44.01,132.1,1115.21,25214.0,1017.0,1017.0
1494,44.010,132.100,44.01,132.1,1115.21,24130.0,0.0,0.0
1495,44.010,132.100,44.01,132.1,1115.21,23440.0,0.0,0.0
1496,44.010,132.100,44.01,132.1,1115.21,24279.0,525.0,525.0
1497,44.010,132.100,44.01,132.1,1115.21,23668.0,0.0,0.0
1498,44.010,132.100,44.01,132.1,1115.21,23044.0,0.0,0.0
1499,44.010,132.100,44.01,132.1,1115.21,23616.0,0.0,0.0
1500,44.010,132.100,44.01,132.1,1115.21,25017.0,680.0,680.0
