id,avg_x,avg_y,x,y,bg,Square_intensity,circular_intensity,Gaussian_intensity
582,88.660,8.720,88.47,9.27,1271.06,32797.0,2359.0,2359.0
583,88.660,8.720,88.47,9.27,1271.06,31872.0,2010.0,2010.0
584,88.660,8.720,88.47,9.27,1271.06,30518.0,1175.0,1175.0
585,88.660,8.720,88.47,9.27,1271.06,32106.0,1228.0,1228.0
586,88.660,8.720,88.47,9.27,1271.06,31939.0,1809.0,1809.0
587,88.660,8.720,88.47,9.27,1271.06,33729.0,2686.0,2686.0
588,88.660,8.720,88.47,9.27,1271.06,32404.0,1830.0,1830.0
589,88.660,8.720,88.47,9.27,1271.06,32550.0,2391.0,2391.0
590,88.660,8.720,88.47,9.27,1271.06,34103.0,2616.0,2616.0
591,88.660,8.720,88.47,9.27,1271.06,31695.0,820.0,820.0
592,88.660,8.720,88.47,9.27,1271.06,33348.0,2673.0,2673.0
593,88.660,8.720,88.47,9.27,1271.06,31212.0,1128.0,1128.0
594,88.660,8.720,88.47,9.27,1271.06,34332.0,2964.0,2964.0
595,88.660,8.720,88.47,9.27,1271.06,29897.0,0.0,0.0
596,88.660,8.720,88.47,9.27,1271.06,31305.0,900.0,900.0
597,88.660,8.720,88.47,9.27,1271.06,31894.0,1412.0,1412.0
598,88.660,8.720,88.47,9.27,1271.06,32530.0,2134.0,2134.0
599,88.660,8.720,88.47,9.27,1271.06,30160.0,130.0,130.0
600,88.660,8.720,88.47,9.27,1271.06,31829.0,2214.0,2214.0
601,88.660,8.720,88.47,9.27,1271.06,31662.0,605.0,605.0
602,88.660,8.720,88.47,9.27,1271.06,29659.0,0.0,0.0
603,88.660,8.720,88.47,9.27,1271.06,33351.0,2498.0,2498.0
604,88.660,8.720,88.47,9.27,1271.06,32619.0,1735.0,1735.0
605,88.660,8.720,88.47,9.27,1271.06,32467.0,2314.0,2314.0
606,88.660,8.720,88.47,9.27,1271.06,31672.0,1607.0,1607.0
607,88.660,8.720,88.47,9.27,1271.06,32465.0,1720.0,1720.0
608,88.660,8.720,88.47,9.27,1271.06,31844.0,1489.0,1489.0
609,88.660,8.720,88.47,9.27,1271.06,34422.0,3546.0,3546.0
610,88.660,8.720,88.47,9.27,1271.06,33647.0,2180.0,2180.0
611,88.660,8.720,88.47,9.27,1271.06,31998.0,831.0,831.0
612,88.660,8.720,88.47,9.27,1271.06,33754.0,3167.0,3167.0
613,88.660,8.720,88.47,9.27,1271.06,30745.0,557.0,557.0
614,88.660,8.720,88.47,9.27,1271.06,33910.0,2488.0,2488.0
615,88.660,8.720,88.47,9.27,1271.06,35700.0,4755.0,4755.0
616,88.660,8.720,88.47,9.27,1271.06,31560.0,582.0,582.0
617,88.660,8.720,88.47,9.27,1271.06,32843.0,2658.0,2658.0
618,88.660,8.720,88.47,9.27,1271.06,30203.0,246.0,246.0
619,88.660,8.720,88.47,9.27,1271.06,32055.0,1521.0,1521.0
620,88.660,8.720,88.47,9.27,1271.06,29882.0,0.0,0.0
621,88.660,8.720,88.47,9.27,1271.06,31301.0,729.0,729.0
622,88.660,8.720,88.47,9.27,1271.06,31156.0,948.0,948.0
623,88.660,8.720,88.47,9.27,1271.06,32124.0,2024.0,2024.0
624,88.660,8.720,88.47,9.27,1271.06,34454.0,2988.0,2988.0
625,88.660,8.720,88.47,9.27,1271.06,31749.0,388.0,388.0
626,88.660,8.720,88.47,9.27,1271.06,29569.0,478.0,478.0
627,88.660,8.720,88.47,9.27,1271.06,30328.0,297.0,297.0
628,88.660,8.720,88.47,9.27,1271.06,31971.0,2432.0,2432.0
629,88.660,8.720,88.47,9.27,1271.06,30920.0,151.0,151.0
630,88.660,8.720,88.47,9.27,1271.06,32549.0,2543.0,2543.0
631,88.660,8.720,88.47,9.27,1271.06,32630.0,1475.0,1475.0
632,88.660,8.720,88.47,9.27,1271.06,30459.0,0.0,0.0
633,88.660,8.720,88.47,9.27,1271.06,31931.0,1067.0,1067.0
634,88.660,8.720,88.47,9.27,1271.06,30947.0,1016.0,1016.0
635,88.660,8.720,88.47,9.27,1271.06,31860.0,2324.0,2324.0
636,88.660,8.720,88.47,9.27,1271.06,30968.0,988.0,988.0
637,88.660,8.720,88.47,9.27,1271.06,32724.0,1887.0,1887.0
638,88.660,8.720,88.47,9.27,1271.06,31716.0,1646.0,1646.0
639,88.660,8.720,88.47,9.27,1271.06,32684.0,2550.0,2550.0
640,88.660,8.720,88.47,9.27,1271.06,32661.0,1535.0,1535.0
641,88.660,8.720,88.47,9.27,1271.06,31100.0,553.0,553.0
642,88.660,8.720,88.47,9.27,1271.06,32188.0,1202.0,1202.0
643,88.660,8.720,88.47,9.27,1271.06,32629.0,1128.0,1128.0
644,88.660,8.720,88.47,9.27,1271.06,30867.0,700.0,700.0
645,88.660,8.720,88.47,9.27,1271.06,32227.0,2449.0,2449.0
646,88.660,8.720,88.47,9.27,1271.06,32663.0,2165.0,2165.0
647,88.660,8.720,88.47,9.27,1271.06,32745.0,2268.0,2268.0
648,88.660,8.720,88.47,9.27,1271.06,31109.0,339.0,339.0
649,88.660,8.720,88.47,9.27,1271.06,31713.0,1130.0,1130.0
650,88.660,8.720,88.47,9.27,1271.06,33155.0,2428.0,2428.0
651,88.660,8.720,88.47,9.27,1271.06,33582.0,2506.0,2506.0
652,88.660,8.720,88.47,9.27,1271.06,33206.0,2621.0,2621.0
653,88.660,8.720,88.47,9.27,1271.06,33359.0,2283.0,2283.0
654,88.660,8.720,88.47,9.27,1271.06,31495.0,1476.0,1476.0
655,88.660,8.720,88.47,9.27,1271.06,32557.0,2222.0,2222.0
656,88.660,8.720,88.47,9.27,1271.06,32648.0,2574.0,2574.0
657,88.660,8.720,88.47,9.27,1271.06,30853.0,999.0,999.0
658,88.660,8.720,88.47,9.27,1271.06,29355.0,213.0,213.0
659,88.660,8.720,88.47,9.27,1271.06,30809.0,532.0,532.0
660,88.660,8.720,88.47,9.27,1271.06,32112.0,1351.0,1351.0
661,88.660,8.720,88.47,9.27,1271.06,32846.0,2383.0,2383.0
662,88.660,8.720,88.47,9.27,1271.06,33062.0,2631.0,2631.0
663,88.660,8.720,88.47,9.27,1271.06,29117.0,0.0,0.0
664,88.660,8.720,88.47,9.27,1271.06,31058.0,1452.0,1452.0
665,88.660,8.720,88.47,9.27,1271.06,29624.0,0.0,0.0
666,88.660,8.720,88.47,9.27,1271.06,31961.0,3086.0,3086.0
667,88.660,8.720,88.47,9.27,1271.06,33013.0,1882.0,1882.0
668,88.660,8.720,88.47,9.27,1271.06,31042.0,1449.0,1449.0
669,88.660,8.720,88.47,9.27,1271.06,31343.0,266.0,266.0
670,88.660,8.720,88.47,9.27,1271.06,31928.0,1874.0,1874.0
671,88.660,8.720,88.47,9.27,1271.06,33008.0,2208.0,2208.0
672,88.660,8.720,88.47,9.27,1271.06,30615.0,1147.0,1147.0
673,88.660,8.720,88.47,9.27,1271.06,30830.0,839.0,839.0
674,88.660,8.720,88.47,9.27,1271.06,31547.0,1548.0,1548.0
675,88.660,8.720,88.47,9.27,1271.06,32934.0,2151.0,2151.0
676,88.660,8.720,88.47,9.27,1271.06,31500.0,497.0,497.0
677,88.660,8.720,88.47,9.27,1271.06,30590.0,0.0,0.0
678,88.660,8.720,88.47,9.27,1271.06,32780.0,2211.0,2211.0
679,88.660,8.720,88.47,9.27,1271.06,29871.0,339.0,339.0
680,88.660,8.720,88.47,9.27,1271.06,31213.0,1449.0,1449.0
681,88.660,8.720,88.47,9.27,1271.06,29122.0,280.0,280.0
682,88.660,8.720,88.47,9.27,1271.06,27881.0,0.0,0.0
683,88.660,8.720,88.47,9.27,1271.06,29373.0,535.0,535.0
684,88.660,8.720,88.47,9.27,1271.06,32206.0,2291.0,2291.0
685,88.660,8.720,88.47,9.27,1271.06,32689.0,1859.0,1859.0
686,88.660,8.720,88.47,9.27,1271.06,32080.0,1880.0,1880.0
687,88.660,8.720,88.47,9.27,1271.06,32186.0,1590.0,1590.0
688,88.660,8.720,88.47,9.27,1271.06,31844.0,1400.0,1400.0
689,88.660,8.720,88.47,9.27,1271.06,31278.0,811.0,811.0
690,88.660,8.720,88.47,9.27,1271.06,31432.0,1613.0,1613.0
691,88.660,8.720,88.47,9.27,1271.06,32363.0,1493.0,1493.0
692,88.660,8.720,88.47,9.27,1271.06,30572.0,581.0,581.0
693,88.660,8.720,88.47,9.27,1271.06,33128.0,1829.0,1829.0
694,88.660,8.720,88.47,9.27,1271.06,29961.0,459.0,459.0
695,88.660,8.720,88.47,9.27,1271.06,32578.0,2626.0,2626.0
696,88.660,8.720,88.47,9.27,1271.06,32545.0,2233.0,2233.0
697,88.660,8.720,88.47,9.27,1271.06,31073.0,390.0,390.0
698,88.660,8.720,88.47,9.27,1271.06,33005.0,2294.0,2294.0
699,88.660,8.720,88.47,9.27,1271.06,31676.0,1141.0,1141.0
700,88.660,8.720,88.47,9.27,1271.06,32500.0,2073.0,2073.0
701,88.660,8.720,88.47,9.27,1271.06,33644.0,2608.0,2608.0
702,88.660,8.720,88.47,9.27,1271.06,34208.0,3333.0,3333.0
703,88.660,8.720,88.47,9.27,1271.06,32252.0,1990.0,1990.0
704,88.660,8.720,88.47,9.27,1271.06,32083.0,1077.0,1077.0
705,88.660,8.720,88.47,9.27,1271.06,32445.0,2274.0,2274.0
706,88.660,8.720,88.47,9.27,1271.06,33432.0,3443.0,3443.0
707,88.660,8.720,88.47,9.27,1271.06,33397.0,2226.0,2226.0
708,88.660,8.720,88.47,9.27,1271.06,31267.0,1320.0,1320.0
709,88.660,8.720,88.47,9.27,1271.06,31281.0,1308.0,1308.0
710,88.660,8.720,88.47,9.27,1271.06,28713.0,109.0,109.0
711,88.660,8.720,88.47,9.27,1271.06,31063.0,1234.0,1234.0
712,88.660,8.720,88.47,9.27,1271.06,33389.0,2664.0,2664.0
713,88.660,8.720,88.47,9.27,1271.06,33103.0,2650.0,2650.0
714,88.660,8.720,88.47,9.27,1271.06,29070.0,0.0,0.0
715,88.660,8.720,88.47,9.27,1271.06,32311.0,2611.0,2611.0
716,88.660,8.720,88.47,9.27,1271.06,30532.0,191.0,191.0
717,88.660,8.720,88.47,9.27,1271.06,31691.0,842.0,842.0
718,88.660,8.720,88.47,9.27,1271.06,32020.0,1126.0,1126.0
719,88.660,8.720,88.47,9.27,1271.06,31330.0,1482.0,1482.0
720,88.660,8.720,88.47,9.27,1271.06,30224.0,1785.0,1785.0
721,88.660,8.720,88.47,9.27,1271.06,31165.0,1129.0,1129.0
722,88.660,8.720,88.47,9.27,1271.06,31460.0,1134.0,1134.0
723,88.660,8.720,88.47,9.27,1271.06,33355.0,2196.0,2196.0
724,88.660,8.720,88.47,9.27,1271.06,31733.0,2307.0,2307.0
725,88.660,8.720,88.47,9.27,1271.06,31203.0,1203.0,1203.0
726,88.660,8.720,88.47,9.27,1271.06,32401.0,1787.0,1787.0
727,88.660,8.720,88.47,9.27,1271.06,32561.0,1610.0,1610.0
728,88.660,8.720,88.47,9.27,1271.06,30523.0,1098.0,1098.0
729,88.660,8.720,88.47,9.27,1271.06,28636.0,207.0,207.0
730,88.660,8.720,88.47,9.27,1271.06,28952.0,0.0,0.0
731,88.660,8.720,88.47,9.27,1271.06,30481.0,286.0,286.0
732,88.660,8.720,88.47,9.27,1271.06,32859.0,1861.0,1861.0
733,88.660,8.720,88.47,9.27,1271.06,33460.0,2588.0,2588.0
734,88.660,8.720,88.47,9.27,1271.06,30480.0,714.0,714.0
735,88.660,8.720,88.47,9.27,1271.06,32548.0,2171.0,2171.0
736,88.660,8.720,88.47,9.27,1271.06,32830.0,1619.0,1619.0
737,88.660,8.720,88.47,9.27,1271.06,29352.0,0.0,0.0
738,88.660,8.720,88.47,9.27,1271.06,31830.0,366.0,366.0
739,88.660,8.720,88.47,9.27,1271.06,30557.0,351.0,351.0
740,88.660,8.720,88.47,9.27,1271.06,31589.0,2868.0,2868.0
741,88.660,8.720,88.47,9.27,1271.06,29929.0,0.0,0.0
742,88.660,8.720,88.47,9.27,1271.06,34917.0,3390.0,3390.0
743,88.660,8.720,88.47,9.27,1271.06,30456.0,0.0,0.0
744,88.660,8.720,88.47,9.27,1271.06,30482.0,0.0,0.0
745,88.660,8.720,88.47,9.27,1271.06,31763.0,823.0,823.0
746,88.660,8.720,88.47,9.27,1271.06,29972.0,501.0,501.0
747,88.660,8.720,88.47,9.27,1271.06,31963.0,1347.0,1347.0
748,88.660,8.720,88.47,9.27,1271.06,29082.0,0.0,0.0
749,88.660,8.720,88.47,9.27,1271.06,32497.0,1738.0,1738.0
750,88.660,8.720,88.47,9.27,1271.06,32013.0,1692.0,1692.0
751,88.660,8.720,88.47,9.27,1271.06,32690.0,2079.0,2079.0
752,88.660,8.720,88.47,9.27,1271.06,29755.0,0.0,0.0
753,88.660,8.720,88.47,9.27,1271.06,30243.0,0.0,0.0
754,88.660,8.720,88.47,9.27,1271.06,30353.0,0.0,0.0
755,88.660,8.720,88.47,9.27,1271.06,32018.0,864.0,864.0
756,88.660,8.720,88.47,9.27,1271.06,30543.0,0.0,0.0
757,88.660,8.720,88.47,9.27,1271.06,30666.0,0.0,0.0
758,88.660,8.720,88.47,9.27,1271.06,29607.0,0.0,0.0
759,88.660,8.720,88.47,9.27,1271.06,30262.0,0.0,0.0
760,88.660,8.720,88.47,9.27,1271.06,31206.0,0.0,0.0
761,88.660,8.720,88.47,9.27,1271.06,31138.0,885.0,885.0
762,88.660,8.720,88.47,9.27,1271.06,32540.0,1652.0,1652.0
763,88.660,8.720,88.47,9.27,1271.06,30330.0,1083.0,1083.0
764,88.660,8.720,88.47,9.27,1271.06,29237.0,0.0,0.0
765,88.660,8.720,88.47,9.27,1271.06,33183.0,1976.0,1976.0
766,88.660,8.720,88.47,9.27,1271.06,34071.0,2754.0,2754.0
767,88.660,8.720,88.47,9.27,1271.06,34992.0,4177.0,4177.0
768,88.660,8.720,88.47,9.27,1271.06,33473.0,2045.0,2045.0
769,88.660,8.720,88.47,9.27,1271.06,32673.0,1497.0,1497.0
770,88.660,8.720,88.47,9.27,1271.06,34928.0,4456.0,4456.0
771,88.660,8.720,88.47,9.27,1271.06,34782.0,3422.0,3422.0
772,88.660,8.720,88.47,9.27,1271.06,33060.0,1337.0,1337.0
773,88.660,8.720,88.47,9.27,1271.06,32157.0,1310.0,1310.0
774,88.660,8.720,88.47,9.27,1271.06,31365.0,198.0,198.0
775,88.660,8.720,88.47,9.27,1271.06,33664.0,2890.0,2890.0
776,88.660,8.720,88.47,9.27,1271.06,32553.0,1811.0,1811.0
777,88.660,8.720,88.47,9.27,1271.06,32802.0,2054.0,2054.0
778,88.660,8.720,88.47,9.27,1271.06,33782.0,2506.0,2506.0
779,88.660,8.720,88.47,9.27,1271.06,32695.0,2444.0,2444.0
780,88.660,8.720,88.47,9.27,1271.06,32804.0,1777.0,1777.0
781,88.660,8.720,88.47,9.27,1271.06,32260.0,1503.0,1503.0
782,88.660,8.720,88.47,9.27,1271.06,33276.0,2687.0,2687.0
783,88.660,8.720,88.47,9.27,1271.06,32138.0,1154.0,1154.0
784,88.660,8.720,88.47,9.27,1271.06,31742.0,896.0,896.0
785,88.660,8.720,88.47,9.27,1271.06,32334.0,1376.0,1376.0
786,88.660,8.720,88.47,9.27,1271.06,32402.0,1188.0,1188.0
787,88.660,8.720,88.47,9.27,1271.06,34337.0,3466.0,3466.0
788,88.660,8.720,88.47,9.27,1271.06,32561.0,1769.0,1769.0
789,88.660,8.720,88.47,9.27,1271.06,33286.0,2517.0,2517.0
790,88.660,8.720,88.47,9.27,1271.06,34449.0,3589.0,3589.0
791,88.660,8.720,88.47,9.27,1271.06,33311.0,2436.0,2436.0
792,88.660,8.720,88.47,9.27,1271.06,33981.0,2994.0,2994.0
793,88.660,8.720,88.47,9.27,1271.06,32432.0,1400.0,1400.0
794,88.660,8.720,88.47,9.27,1271.06,33622.0,2244.0,2244.0
795,88.660,8.720,88.47,9.27,1271.06,34442.0,2498.0,2498.0
796,88.660,8.720,88.47,9.27,1271.06,30913.0,107.0,107.0
797,88.660,8.720,88.47,9.27,1271.06,30938.0,0.0,0.0
798,88.660,8.720,88.47,9.27,1271.06,30388.0,0.0,0.0
799,88.660,8.720,88.47,9.27,1271.06,32057.0,1137.0,1137.0
800,88.660,8.720,88.47,9.27,1271.06,33158.0,2874.0,2874.0
801,88.660,8.720,88.47,9.27,1271.06,34100.0,3589.0,3589.0
802,88.660,8.720,88.47,9.27,1271.06,32843.0,2370.0,2370.0
803,88.660,8.720,88.47,9.27,1271.06,32698.0,2211.0,2211.0
804,88.660,8.720,88.47,9.27,1271.06,33630.0,2709.0,2709.0
805,88.660,8.720,88.47,9.27,1271.06,32333.0,1284.0,1284.0
806,88.660,8.720,88.47,9.27,1271.06,31858.0,1394.0,1394.0
807,88.660,8.720,88.47,9.27,1271.06,33751.0,2309.0,2309.0
808,88.660,8.720,88.47,9.27,1271.06,31748.0,1329.0,1329.0
809,88.660,8.720,88.47,9.27,1271.06,30325.0,66.0,66.0
810,88.660,8.720,88.47,9.27,1271.06,32667.0,1812.0,1812.0
811,88.660,8.720,88.47,9.27,1271.06,32477.0,1378.0,1378.0
812,88.660,8.720,88.47,9.27,1271.06,32698.0,2067.0,2067.0
813,88.660,8.720,88.47,9.27,1271.06,33447.0,2352.0,2352.0
814,88.660,8.720,88.47,9.27,1271.06,31965.0,864.0,864.0
815,88.660,8.720,88.47,9.27,1271.06,33357.0,2002.0,2002.0
816,88.660,8.720,88.47,9.27,1271.06,33674.0,2278.0,2278.0
817,88.660,8.720,88.47,9.27,1271.06,32437.0,1947.0,1947.0
818,88.660,8.720,88.47,9.27,1271.06,34154.0,3492.0,3492.0
819,88.660,8.720,88.47,9.27,1271.06,32091.0,861.0,861.0
820,88.660,8.720,88.47,9.27,1271.06,31281.0,280.0,280.0
821,88.660,8.720,88.47,9.27,1271.06,34221.0,2998.0,2998.0
822,88.660,8.720,88.47,9.27,1271.06,33802.0,2936.0,2936.0
823,88.660,8.720,88.47,9.27,1271.06,30138.0,0.0,0.0
824,88.660,8.720,88.47,9.27,1271.06,32546.0,1787.0,1787.0
825,88.660,8.720,88.47,9.27,1271.06,29951.0,0.0,0.0
826,88.660,8.720,88.47,9.27,1271.06,33128.0,2152.0,2152.0
827,88.660,8.720,88.47,9.27,1271.06,30917.0,769.0,769.0
828,88.660,8.720,88.47,9.27,1271.06,32934.0,2169.0,2169.0
829,88.660,8.720,88.47,9.27,1271.06,33350.0,3577.0,3577.0
830,88.660,8.720,88.47,9.27,1271.06,33070.0,2463.0,2463.0
831,88.660,8.720,88.47,9.27,1271.06,32229.0,1371.0,1371.0
832,88.660,8.720,88.47,9.27,1271.06,29382.0,0.0,0.0
833,88.660,8.720,88.47,9.27,1271.06,32127.0,1190.0,1190.0
834,88.660,8.720,88.47,9.27,1271.06,29888.0,0.0,0.0
835,88.660,8.720,88.47,9.27,1271.06,32114.0,880.0,880.0
836,88.660,8.720,88.47,9.27,1271.06,30309.0,589.0,589.0
837,88.660,8.720,88.47,9.27,1271.06,31291.0,1171.0,1171.0
838,88.660,8.720,88.47,9.27,1271.06,32425.0,2371.0,2371.0
839,88.660,8.720,88.47,9.27,1271.06,32516.0,1450.0,1450.0
840,88.660,8.720,88.47,9.27,1271.06,33536.0,2804.0,2804.0
841,88.660,8.720,88.47,9.27,1271.06,32817.0,2451.0,2451.0
842,88.660,8.720,88.47,9.27,1271.06,33952.0,2524.0,2524.0
843,88.660,8.720,88.47,9.27,1271.06,30199.0,0.0,0.0
844,88.660,8.720,88.47,9.27,1271.06,31047.0,297.0,297.0
845,88.660,8.720,88.47,9.27,1271.06,30861.0,587.0,587.0
846,88.660,8.720,88.47,9.27,1271.06,31298.0,539.0,539.0
847,88.660,8.720,88.47,9.27,1271.06,30126.0,913.0,913.0
848,88.660,8.720,88.47,9.27,1271.06,31167.0,1042.0,1042.0
849,88.660,8.720,88.47,9.27,1271.06,31743.0,1763.0,1763.0
850,88.660,8.720,88.47,9.27,1271.06,29860.0,979.0,979.0
851,88.660,8.720,88.47,9.27,1271.06,30763.0,506.0,506.0
852,88.660,8.720,88.47,9.27,1271.06,30740.0,0.0,0.0
853,88.660,8.720,88.47,9.27,1271.06,31299.0,1120.0,1120.0
854,88.660,8.720,88.47,9.27,1271.06,30694.0,267.0,267.0
855,88.660,8.720,88.47,9.27,1271.06,30356.0,0.0,0.0
856,88.660,8.720,88.47,9.27,1271.06,29836.0,67.0,67.0
857,88.660,8.720,88.47,9.27,1271.06,29226.0,0.0,0.0
858,88.660,8.720,88.47,9.27,1271.06,30810.0,339.0,339.0
859,88.660,8.720,88.47,9.27,1271.06,30118.0,0.0,0.0
860,88.660,8.720,88.47,9.27,1271.06,30092.0,0.0,0.0
861,88.660,8.720,88.47,9.27,1271.06,29840.0,164.0,164.0
862,88.660,8.720,88.47,9.27,1271.06,30862.0,1550.0,1550.0
863,88.660,8.720,88.47,9.27,1271.06,29110.0,0.0,0.0
864,88.660,8.720,88.47,9.27,1271.06,30316.0,949.0,949.0
865,88.660,8.720,88.47,9.27,1271.06,31302.0,1752.0,1752.0
866,88.660,8.720,88.47,9.27,1271.06,29893.0,568.0,568.0
867,88.660,8.720,88.47,9.27,1271.06,31014.0,1807.0,1807.0
868,88.660,8.720,88.47,9.27,1271.06,30885.0,860.0,860.0
869,88.660,8.720,88.47,9.27,1271.06,30886.0,1749.0,1749.0
870,88.660,8.720,88.47,9.27,1271.06,30742.0,793.0,793.0
871,88.660,8.720,88.47,9.27,1271.06,29824.0,1500.0,1500.0
872,88.660,8.720,88.47,9.27,1271.06,31743.0,1518.0,1518.0
873,88.660,8.720,88.47,9.27,1271.06,30638.0,1800.0,1800.0
874,88.660,8.720,88.47,9.27,1271.06,29227.0,0.0,0.0
875,88.660,8.720,88.47,9.27,1271.06,31467.0,229.0,229.0
876,88.660,8.720,88.47,9.27,1271.06,32090.0,3242.0,3242.0
877,88.660,8.720,88.47,9.27,1271.06,32873.0,2861.0,2861.0
878,88.660,8.720,88.47,9.27,1271.06,30780.0,1198.0,1198.0
879,88.660,8.720,88.47,9.27,1271.06,33262.0,2958.0,2958.0
880,88.660,8.720,88.47,9.27,1271.06,31274.0,2163.0,2163.0
881,88.660,8.720,88.47,9.27,1271.06,30195.0,611.0,611.0
882,88.660,8.720,88.47,9.27,1271.06,33413.0,2000.0,2000.0
883,88.660,8.720,88.47,9.27,1271.06,30995.0,799.0,799.0
884,88.660,8.720,88.47,9.27,1271.06,33550.0,4262.0,4262.0
885,88.660,8.720,88.47,9.27,1271.06,31746.0,2732.0,2732.0
886,88.660,8.720,88.47,9.27,1271.06,31440.0,1482.0,1482.0
887,88.660,8.720,88.47,9.27,1271.06,29480.0,0.0,0.0
888,88.660,8.720,88.47,9.27,1271.06,32276.0,2372.0,2372.0
889,88.660,8.720,88.47,9.27,1271.06,29714.0,0.0,0.0
890,88.660,8.720,88.47,9.27,1271.06,32015.0,1170.0,1170.0
891,88.660,8.720,88.47,9.27,1271.06,29625.0,262.0,262.0
892,88.660,8.720,88.47,9.27,1271.06,31509.0,2341.0,2341.0
893,88.660,8.720,88.47,9.27,1271.06,31721.0,2254.0,2254.0
894,88.660,8.720,88.47,9.27,1271.06,30942.0,2449.0,2449.0
895,88.660,8.720,88.47,9.27,1271.06,31845.0,2769.0,2769.0
896,88.660,8.720,88.47,9.27,1271.06,31372.0,1040.0,1040.0
897,88.660,8.720,88.47,9.27,1271.06,29558.0,484.0,484.0
898,88.660,8.720,88.47,9.27,1271.06,31283.0,1886.0,1886.0
899,88.660,8.720,88.47,9.27,1271.06,32614.0,2273.0,2273.0
900,88.660,8.720,88.47,9.27,1271.06,30702.0,2124.0,2124.0
901,88.660,8.720,88.47,9.27,1271.06,30125.0,0.0,0.0
902,88.660,8.720,88.47,9.27,1271.06,32174.0,2236.0,2236.0
903,88.660,8.720,88.47,9.27,1271.06,32051.0,1970.0,1970.0
904,88.660,8.720,88.47,9.27,1271.06,28769.0,220.0,220.0
905,88.660,8.720,88.47,9.27,1271.06,31901.0,1207.0,1207.0
906,88.660,8.720,88.47,9.27,1271.06,32415.0,1767.0,1767.0
907,88.660,8.720,88.47,9.27,1271.06,30588.0,1918.0,1918.0
908,88.660,8.720,88.47,9.27,1271.06,32529.0,2323.0,2323.0
909,88.660,8.720,88.47,9.27,1271.06,30400.0,1854.0,1854.0
910,88.660,8.720,88.47,9.27,1271.06,31198.0,1144.0,1144.0
911,88.660,8.720,88.47,9.27,1271.06,32893.0,2377.0,2377.0
912,88.660,8.720,88.47,9.27,1271.06,30444.0,826.0,826.0
913,88.660,8.720,88.47,9.27,1271.06,30077.0,0.0,0.0
914,88.660,8.720,88.47,9.27,1271.06,32127.0,1994.0,1994.0
915,88.660,8.720,88.47,9.27,1271.06,30528.0,0.0,0.0
916,88.660,8.720,88.47,9.27,1271.06,32567.0,1316.0,1316.0
917,88.660,8.720,88.47,9.27,1271.06,29885.0,242.0,242.0
918,88.660,8.720,88.47,9.27,1271.06,30491.0,844.0,844.0
919,88.660,8.720,88.47,9.27,1271.06,31515.0,1810.0,1810.0
920,88.660,8.720,88.47,9.27,1271.06,31888.0,1335.0,1335.0
921,88.660,8.720,88.47,9.27,1271.06,29256.0,453.0,453.0
922,88.660,8.720,88.47,9.27,1271.06,32017.0,1741.0,1741.0
923,88.660,8.720,88.47,9.27,1271.06,29193.0,0.0,0.0
924,88.660,8.720,88.47,9.27,1271.06,31193.0,618.0,618.0
925,88.660,8.720,88.47,9.27,1271.06,30046.0,42.0,42.0
926,88.660,8.720,88.47,9.27,1271.06,29577.0,501.0,501.0
927,88.660,8.720,88.47,9.27,1271.06,31013.0,1304.0,1304.0
928,88.660,8.720,88.47,9.27,1271.06,30707.0,1235.0,1235.0
929,88.660,8.720,88.47,9.27,1271.06,30950.0,1288.0,1288.0
930,88.660,8.720,88.47,9.27,1271.06,30074.0,529.0,529.0
931,88.660,8.720,88.47,9.27,1271.06,30537.0,749.0,749.0
932,88.660,8.720,88.47,9.27,1271.06,29873.0,121.0,121.0
933,88.660,8.720,88.47,9.27,1271.06,28331.0,198.0,198.0
934,88.660,8.720,88.47,9.27,1271.06,31116.0,1296.0,1296.0
935,88.660,8.720,88.47,9.27,1271.06,30635.0,1344.0,1344.0
936,88.660,8.720,88.47,9.27,1271.06,29936.0,0.0,0.0
937,88.660,8.720,88.47,9.27,1271.06,30259.0,1358.0,1358.0
938,88.660,8.720,88.47,9.27,1271.06,30470.0,923.0,923.0
939,88.660,8.720,88.47,9.27,1271.06,30205.0,366.0,366.0
940,88.660,8.720,88.47,9.27,1271.06,29834.0,0.0,0.0
941,88.660,8.720,88.47,9.27,1271.06,32447.0,2249.0,2249.0
942,88.660,8.720,88.47,9.27,1271.06,30612.0,656.0,656.0
943,88.660,8.720,88.47,9.27,1271.06,30275.0,1294.0,1294.0
944,88.660,8.720,88.47,9.27,1271.06,30853.0,1886.0,1886.0
945,88.660,8.720,88.47,9.27,1271.06,30455.0,479.0,479.0
946,88.660,8.720,88.47,9.27,1271.06,29740.0,0.0,0.0
947,88.660,8.720,88.47,9.27,1271.06,29829.0,1720.0,1720.0
948,88.660,8.720,88.47,9.27,1271.06,28736.0,249.0,249.0
949,88.660,8.720,88.47,9.27,1271.06,33182.0,2975.0,2975.0
950,88.660,8.720,88.47,9.27,1271.06,27755.0,0.0,0.0
951,88.660,8.720,88.47,9.27,1271.06,32853.0,2237.0,2237.0
952,88.660,8.720,88.47,9.27,1271.06,30208.0,1037.0,1037.0
953,88.660,8.720,88.47,9.27,1271.06,31067.0,943.0,943.0
954,88.660,8.720,88.47,9.27,1271.06,29482.0,303.0,303.0
955,88.660,8.720,88.47,9.27,1271.06,30499.0,233.0,233.0
956,88.660,8.720,88.47,9.27,1271.06,30300.0,600.0,600.0
957,88.660,8.720,88.47,9.27,1271.06,29720.0,634.0,634.0
958,88.660,8.720,88.47,9.27,1271.06,30279.0,1317.0,1317.0
959,88.660,8.720,88.47,9.27,1271.06,32284.0,2909.0,2909.0
960,88.660,8.720,88.47,9.27,1271.06,33832.0,3934.0,3934.0
961,88.660,8.720,88.47,9.27,1271.06,30808.0,813.0,813.0
962,88.660,8.720,88.47,9.27,1271.06,31433.0,1630.0,1630.0
963,88.660,8.720,88.47,9.27,1271.06,33565.0,2958.0,2958.0
964,88.660,8.720,88.47,9.27,1271.06,32362.0,2088.0,2088.0
965,88.660,8.720,88.47,9.27,1271.06,30714.0,805.0,805.0
966,88.660,8.720,88.47,9.27,1271.06,28836.0,0.0,0.0
967,88.660,8.720,88.47,9.27,1271.06,31504.0,2138.0,2138.0
968,88.660,8.720,88.47,9.27,1271.06,30242.0,559.0,559.0
969,88.660,8.720,88.47,9.27,1271.06,31334.0,77.0,77.0
970,88.660,8.720,88.47,9.27,1271.06,30773.0,1017.0,1017.0
971,88.660,8.720,88.47,9.27,1271.06,30594.0,659.0,659.0
972,88.660,8.720,88.47,9.27,1271.06,31546.0,1373.0,1373.0
973,88.660,8.720,88.47,9.27,1271.06,30179.0,428.0,428.0
974,88.660,8.720,88.47,9.27,1271.06,32027.0,912.0,912.0
975,88.660,8.720,88.47,9.27,1271.06,29988.0,0.0,0.0
976,88.660,8.720,88.47,9.27,1271.06,31141.0,1011.0,1011.0
977,88.660,8.720,88.47,9.27,1271.06,32793.0,1966.0,1966.0
978,88.660,8.720,88.47,9.27,1271.06,30878.0,849.0,849.0
979,88.660,8.720,88.47,9.27,1271.06,33431.0,2105.0,2105.0
980,88.660,8.720,88.47,9.27,1271.06,33236.0,2693.0,2693.0
981,88.660,8.720,88.47,9.27,1271.06,35946.0,4787.0,4787.0
982,88.660,8.720,88.47,9.27,1271.06,30655.0,274.0,274.0
983,88.660,8.720,88.47,9.27,1271.06,34145.0,2882.0,2882.0
984,88.660,8.720,88.47,9.27,1271.06,36958.0,5687.0,5687.0
985,88.660,8.720,88.47,9.27,1271.06,32667.0,2542.0,2542.0
986,88.660,8.720,88.47,9.27,1271.06,35089.0,4361.0,4361.0
987,88.660,8.720,88.47,9.27,1271.06,33552.0,2800.0,2800.0
988,88.660,8.720,88.47,9.27,1271.06,37839.0,5957.0,5957.0
989,88.660,8.720,88.47,9.27,1271.06,35322.0,4736.0,4736.0
990,88.660,8.720,88.47,9.27,1271.06,31305.0,1043.0,1043.0
991,88.660,8.720,88.47,9.27,1271.06,32504.0,1660.0,1660.0
992,88.660,8.720,88.47,9.27,1271.06,29699.0,367.0,367.0
993,88.660,8.720,88.47,9.27,1271.06,29864.0,0.0,0.0
994,88.660,8.720,88.47,9.27,1271.06,32615.0,2014.0,2014.0
995,88.660,8.720,88.47,9.27,1271.06,28932.0,0.0,0.0
996,88.660,8.720,88.47,9.27,1271.06,29980.0,0.0,0.0
997,88.660,8.720,88.47,9.27,1271.06,30965.0,581.0,581.0
998,88.660,8.720,88.47,9.27,1271.06,33467.0,2658.0,2658.0
999,88.660,8.720,88.47,9.27,1271.06,36976.0,5392.0,5392.0
1000,88.660,8.720,88.47,9.27,1271.06,37667.0,6689.0,6689.0
1001,88.660,8.720,88.47,9.27,1271.06,35498.0,4136.0,4136.0
1002,88.660,8.720,88.47,9.27,1271.06,36312.0,4826.0,4826.0
1003,88.660,8.720,88.47,9.27,1271.06,33629.0,2244.0,2244.0
1004,88.660,8.720,88.47,9.27,1271.06,32382.0,1528.0,1528.0
1005,88.660,8.720,88.47,9.27,1271.06,31333.0,1112.0,1112.0
1006,88.660,8.720,88.47,9.27,1271.06,32177.0,1764.0,1764.0
1007,88.660,8.720,88.47,9.27,1271.06,31081.0,583.0,583.0
1008,88.660,8.720,88.47,9.27,1271.06,29929.0,0.0,0.0
1009,88.660,8.720,88.47,9.27,1271.06,30282.0,0.0,0.0
1010,88.660,8.720,88.47,9.27,1271.06,31250.0,1368.0,1368.0
1011,88.660,8.720,88.47,9.27,1271.06,30182.0,927.0,927.0
1012,88.660,8.720,88.47,9.27,1271.06,32262.0,1594.0,1594.0
1013,88.660,8.720,88.47,9.27,1271.06,30610.0,0.0,0.0
1014,88.660,8.720,88.47,9.27,1271.06,30196.0,0.0,0.0
1015,88.660,8.720,88.47,9.27,1271.06,30554.0,358.0,358.0
1016,88.660,8.720,88.47,9.27,1271.06,30734.0,606.0,606.0
1017,88.660,8.720,88.47,9.27,1271.06,32127.0,1217.0,1217.0
1018,88.660,8.720,88.47,9.27,1271.06,29331.0,78.0,78.0
1019,88.660,8.720,88.47,9.27,1271.06,31208.0,682.0,682.0
1020,88.660,8.720,88.47,9.27,1271.06,30508.0,1346.0,1346.0
1021,88.660,8.720,88.47,9.27,1271.06,30043.0,590.0,590.0
1022,88.660,8.720,88.47,9.27,1271.06,29317.0,0.0,0.0
1023,88.660,8.720,88.47,9.27,1271.06,30604.0,339.0,339.0
1024,88.660,8.720,88.47,9.27,1271.06,29397.0,1462.0,1462.0
1025,88.660,8.720,88.47,9.27,1271.06,30796.0,1012.0,1012.0
1026,88.660,8.720,88.47,9.27,1271.06,32339.0,2355.0,2355.0
1027,88.660,8.720,88.47,9.27,1271.06,29593.0,0.0,0.0
1028,88.660,8.720,88.47,9.27,1271.06,33627.0,2625.0,2625.0
1029,88.660,8.720,88.47,9.27,1271.06,30493.0,0.0,0.0
1030,88.660,8.720,88.47,9.27,1271.06,29077.0,0.0,0.0
1031,88.660,8.720,88.47,9.27,1271.06,31873.0,785.0,785.0
1032,88.660,8.720,88.47,9.27,1271.06,31413.0,1075.0,1075.0
1033,88.660,8.720,88.47,9.27,1271.06,31959.0,940.0,940.0
1034,88.660,8.720,88.47,9.27,1271.06,30597.0,702.0,702.0
1035,88.660,8.720,88.47,9.27,1271.06,31715.0,788.0,788.0
1036,88.660,8.720,88.47,9.27,1271.06,31904.0,999.0,999.0
1037,88.660,8.720,88.47,9.27,1271.06,30627.0,126.0,126.0
1038,88.660,8.720,88.47,9.27,1271.06,31477.0,832.0,832.0
1039,88.660,8.720,88.47,9.27,1271.06,30673.0,392.0,392.0
1040,88.660,8.720,88.47,9.27,1271.06,30544.0,746.0,746.0
1041,88.660,8.720,88.47,9.27,1271.06,29686.0,289.0,289.0
1042,88.660,8.720,88.47,9.27,1271.06,30000.0,0.0,0.0
1043,88.660,8.720,88.47,9.27,1271.06,28364.0,0.0,0.0
1044,88.660,8.720,88.47,9.27,1271.06,30674.0,425.0,425.0
1045,88.660,8.720,88.47,9.27,1271.06,32105.0,1062.0,1062.0
1046,88.660,8.720,88.47,9.27,1271.06,29470.0,0.0,0.0
1047,88.660,8.720,88.47,9.27,1271.06,32112.0,2118.0,2118.0
1048,88.660,8.720,88.47,9.27,1271.06,31435.0,807.0,807.0
1049,88.660,8.720,88.47,9.27,1271.06,30768.0,0.0,0.0
1050,88.660,8.720,88.47,9.27,1271.06,32355.0,1820.0,1820.0
1051,88.660,8.720,88.47,9.27,1271.06,29838.0,0.0,0.0
1052,88.660,8.720,88.47,9.27,1271.06,31494.0,1673.0,1673.0
1053,88.660,8.720,88.47,9.27,1271.06,31303.0,1765.0,1765.0
1054,88.660,8.720,88.47,9.27,1271.06,31148.0,0.0,0.0
1055,88.660,8.720,88.47,9.27,1271.06,31138.0,943.0,943.0
1056,88.660,8.720,88.47,9.27,1271.06,32586.0,1664.0,1664.0
1057,88.660,8.720,88.47,9.27,1271.06,31792.0,982.0,982.0
1058,88.660,8.720,88.47,9.27,1271.06,31543.0,1467.0,1467.0
1059,88.660,8.720,88.47,9.27,1271.06,31902.0,1335.0,1335.0
1060,88.660,8.720,88.47,9.27,1271.06,32147.0,1794.0,1794.0
1061,88.660,8.720,88.47,9.27,1271.06,29466.0,0.0,0.0
1062,88.660,8.720,88.47,9.27,1271.06,33477.0,2786.0,2786.0
1063,88.660,8.720,88.47,9.27,1271.06,33611.0,3196.0,3196.0
1064,88.660,8.720,88.47,9.27,1271.06,33288.0,2239.0,2239.0
1065,88.660,8.720,88.47,9.27,1271.06,32417.0,2117.0,2117.0
1066,88.660,8.720,88.47,9.27,1271.06,30286.0,480.0,480.0
1067,88.660,8.720,88.47,9.27,1271.06,29207.0,0.0,0.0
1068,88.660,8.720,88.47,9.27,1271.06,32950.0,1813.0,1813.0
1069,88.660,8.720,88.47,9.27,1271.06,29635.0,367.0,367.0
1070,88.660,8.720,88.47,9.27,1271.06,32800.0,2193.0,2193.0
1071,88.660,8.720,88.47,9.27,1271.06,31568.0,645.0,645.0
1072,88.660,8.720,88.47,9.27,1271.06,34215.0,3318.0,3318.0
1073,88.660,8.720,88.47,9.27,1271.06,30536.0,0.0,0.0
1074,88.660,8.720,88.47,9.27,1271.06,31637.0,959.0,959.0
1075,88.660,8.720,88.47,9.27,1271.06,29339.0,0.0,0.0
1076,88.660,8.720,88.47,9.27,1271.06,31255.0,1155.0,1155.0
1077,88.660,8.720,88.47,9.27,1271.06,29598.0,0.0,0.0
1078,88.660,8.720,88.47,9.27,1271.06,31602.0,1627.0,1627.0
1079,88.660,8.720,88.47,9.27,1271.06,31490.0,599.0,599.0
1080,88.660,8.720,88.47,9.27,1271.06,31644.0,1140.0,1140.0
1081,88.660,8.720,88.47,9.27,1271.06,29981.0,0.0,0.0
1082,88.660,8.720,88.47,9.27,1271.06,45552.0,14245.0,14245.0
1083,88.660,8.720,88.57,8.78,1271.06,48907.0,17459.0,17459.0
1084,88.660,8.720,88.25,8.93,1271.06,45744.0,14275.0,14275.0
1085,88.660,8.720,88.54,8.87,1271.06,48813.0,16665.0,16665.0
1086,88.660,8.720,88.62,8.69,1271.06,47218.0,14809.0,14809.0
1087,88.660,8.720,88.51,8.9,1271.06,48613.0,16412.0,16412.0
1088,88.660,8.720,88.43,8.85,1271.06,45029.0,13538.0,13538.0
1089,88.660,8.720,88.56,8.77,1271.06,47506.0,15636.0,15636.0
1090,88.660,8.720,88.48,8.82,1271.06,44408.0,13062.0,13062.0
1091,88.660,8.720,88.49,8.73,1271.06,45090.0,14089.0,14089.0
1092,88.660,8.720,88.8,8.79,1271.06,45554.0,13456.0,13456.0
1093,88.660,8.720,88.46,8.98,1271.06,47572.0,15601.0,15601.0
1094,88.660,8.720,88.52,8.71,1271.06,48019.0,16180.0,16180.0
1095,88.660,8.720,88.67,8.94,1271.06,47058.0,14246.0,14246.0
1096,88.660,8.720,88.37,8.9,1271.06,47266.0,14852.0,14852.0
1097,88.660,8.720,88.44,8.82,1271.06,45736.0,14190.0,14190.0
1098,88.660,8.720,88.41,8.65,1271.06,47116.0,15639.0,15639.0
1099,88.660,8.720,88.51,8.69,1271.06,48252.0,16544.0,16544.0
1100,88.660,8.720,88.46,8.77,1271.06,45309.0,14220.0,14220.0
1101,88.660,8.720,88.53,8.7,1271.06,45194.0,13617.0,13617.0
1102,88.660,8.720,88.46,8.76,1271.06,44283.0,12876.0,12876.0
1103,88.660,8.720,88.45,9.02,1271.06,44330.0,13422.0,13422.0
1104,88.660,8.720,88.65,8.87,1271.06,49563.0,16203.0,16203.0
1105,88.660,8.720,88.55,8.82,1271.06,45753.0,14050.0,14050.0
1106,88.660,8.720,88.59,8.95,1271.06,48895.0,16885.0,16885.0
1107,88.660,8.720,88.46,8.92,1271.06,47028.0,15922.0,15922.0
1108,88.660,8.720,88.51,8.98,1271.06,47694.0,16079.0,16079.0
1109,88.660,8.720,88.36,8.72,1271.06,46357.0,14632.0,14632.0
1110,88.660,8.720,88.53,8.77,1271.06,49640.0,18287.0,18287.0
1111,88.660,8.720,88.37,8.72,1271.06,46099.0,14360.0,14360.0
1112,88.660,8.720,88.43,8.67,1271.06,48582.0,16045.0,16045.0
1113,88.660,8.720,88.61,8.94,1271.06,46860.0,13977.0,13977.0
1114,88.660,8.720,88.35,8.58,1271.06,47185.0,14610.0,14610.0
1115,88.660,8.720,88.27,8.79,1271.06,43795.0,10893.0,10893.0
1116,88.660,8.720,88.32,8.82,1271.06,45466.0,13710.0,13710.0
1117,88.660,8.720,88.47,8.78,1271.06,46517.0,14104.0,14104.0
1118,88.660,8.720,88.42,8.61,1271.06,43752.0,12378.0,12378.0
1119,88.660,8.720,88.4,8.59,1271.06,47169.0,15465.0,15465.0
1120,88.660,8.720,88.47,8.84,1271.06,45378.0,13340.0,13340.0
1121,88.660,8.720,88.25,8.77,1271.06,46165.0,13883.0,13883.0
1122,88.660,8.720,88.4,8.61,1271.06,45734.0,13798.0,13798.0
1123,88.660,8.720,88.43,8.79,1271.06,42904.0,11315.0,11315.0
1124,88.660,8.720,88.69,8.87,1271.06,46572.0,13904.0,13904.0
1125,88.660,8.720,88.46,8.5,1271.06,47064.0,15358.0,15358.0
1126,88.660,8.720,88.37,8.77,1271.06,44088.0,12872.0,12872.0
1127,88.660,8.720,88.44,8.61,1271.06,45107.0,11907.0,11907.0
1128,88.660,8.720,88.5,8.88,1271.06,46543.0,14835.0,14835.0
1129,88.660,8.720,88.57,8.71,1271.06,48632.0,17161.0,17161.0
1130,88.660,8.720,88.35,8.84,1271.06,44728.0,12322.0,12322.0
1131,88.660,8.720,88.6,8.76,1271.06,47643.0,15325.0,15325.0
1132,88.660,8.720,88.63,8.72,1271.06,44128.0,12262.0,12262.0
1133,88.660,8.720,88.49,8.7,1271.06,45208.0,14323.0,14323.0
1134,88.660,8.720,88.51,8.5,1271.06,44772.0,11815.0,11815.0
1135,88.660,8.720,88.57,8.71,1271.06,47224.0,16394.0,16394.0
1136,88.660,8.720,88.5,8.62,1271.06,46199.0,12990.0,12990.0
1137,88.660,8.720,88.36,8.89,1271.06,47617.0,15271.0,15271.0
1138,88.660,8.720,88.41,8.86,1271.06,44599.0,12883.0,12883.0
1139,88.660,8.720,88.23,8.89,1271.06,44110.0,11885.0,11885.0
1140,88.660,8.720,88.43,8.8,1271.06,46330.0,14599.0,14599.0
1141,88.660,8.720,88.74,8.3,1271.06,47200.0,15112.0,15112.0
1142,88.660,8.720,88.33,8.89,1271.06,45271.0,12399.0,12399.0
1143,88.660,8.720,88.45,8.84,1271.06,45731.0,12891.0,12891.0
1144,88.660,8.720,88.49,8.68,1271.06,44992.0,13926.0,13926.0
1145,88.660,8.720,88.66,8.95,1271.06,49923.0,16734.0,16734.0
1146,88.660,8.720,88.42,8.71,1271.06,46019.0,14556.0,14556.0
1147,88.660,8.720,88.46,8.65,1271.06,49278.0,15441.0,15441.0
1148,88.660,8.720,88.58,8.84,1271.06,48038.0,15373.0,15373.0
1149,88.660,8.720,88.31,8.67,1271.06,44842.0,13250.0,13250.0
1150,88.660,8.720,88.75,8.81,1271.06,46621.0,13353.0,13353.0
1151,88.660,8.720,88.72,8.8,1271.06,48305.0,14316.0,14316.0
1152,88.660,8.720,88.34,8.84,1271.06,47949.0,14840.0,14840.0
1153,88.660,8.720,88.47,8.7,1271.06,45803.0,14379.0,14379.0
1154,88.660,8.720,88.32,8.8,1271.06,44084.0,11574.0,11574.0
1155,88.660,8.720,88.56,8.57,1271.06,48449.0,16525.0,16525.0
1156,88.660,8.720,88.46,8.77,1271.06,48531.0,17953.0,17953.0
1157,88.660,8.720,88.5,8.6,1271.06,46531.0,12699.0,12699.0
1158,88.660,8.720,88.16,8.68,1271.06,45627.0,13608.0,13608.0
1159,88.660,8.720,88.39,9,1271.06,47855.0,15975.0,15975.0
1160,88.660,8.720,88.52,8.56,1271.06,46206.0,11862.0,11862.0
1161,88.660,8.720,88.69,9.2,1271.06,47248.0,14040.0,14040.0
1162,88.660,8.720,88.52,8.86,1271.06,47780.0,16363.0,16363.0
1163,88.660,8.720,88.47,8.72,1271.06,45115.0,15314.0,15314.0
1164,88.660,8.720,88.47,8.59,1271.06,46534.0,13560.0,13560.0
1165,88.660,8.720,88.61,8.69,1271.06,49200.0,16957.0,16957.0
1166,88.660,8.720,88.41,8.83,1271.06,46682.0,14616.0,14616.0
1167,88.660,8.720,88.62,8.79,1271.06,47356.0,14801.0,14801.0
1168,88.660,8.720,88.55,8.85,1271.06,46933.0,14545.0,14545.0
1169,88.660,8.720,88.45,8.78,1271.06,45830.0,14453.0,14453.0
1170,88.660,8.720,88.39,8.61,1271.06,45301.0,13908.0,13908.0
1171,88.660,8.720,88.62,8.78,1271.06,44528.0,13041.0,13041.0
1172,88.660,8.720,88.3,8.7,1271.06,48630.0,17161.0,17161.0
1173,88.660,8.720,88.6,8.79,1271.06,43746.0,12055.0,12055.0
1174,88.660,8.720,88.63,8.77,1271.06,47557.0,15504.0,15504.0
1175,88.660,8.720,88.3,8.84,1271.06,48457.0,16589.0,16589.0
1176,88.660,8.720,88.44,8.93,1271.06,49581.0,17781.0,17781.0
1177,88.660,8.720,88.59,8.78,1271.06,48020.0,15922.0,15922.0
1178,88.660,8.720,88.42,8.73,1271.06,49481.0,18633.0,18633.0
1179,88.660,8.720,88.68,8.74,1271.06,48150.0,16463.0,16463.0
1180,88.660,8.720,88.52,8.67,1271.06,48198.0,15233.0,15233.0
1181,88.660,8.720,88.64,8.72,1271.06,48634.0,15098.0,15098.0
1182,88.660,8.720,89.35,8.32,1271.06,45366.0,13434.0,13434.0
1183,88.660,8.720,88.37,8.84,1271.06,47015.0,15456.0,15456.0
1184,88.660,8.720,88.3,8.6,1271.06,45405.0,13463.0,13463.0
1185,88.660,8.720,88.43,8.74,1271.06,47841.0,16621.0,16621.0
1186,88.660,8.720,88.4,8.83,1271.06,44627.0,13033.0,13033.0
1187,88.660,8.720,88.52,8.8,1271.06,47281.0,15319.0,15319.0
1188,88.660,8.720,88.48,8.7,1271.06,49029.0,16830.0,16830.0
1189,88.660,8.720,88.59,8.78,1271.06,46404.0,14236.0,14236.0
1190,88.660,8.720,88.27,8.78,1271.06,46433.0,14786.0,14786.0
1191,88.660,8.720,88.67,8.96,1271.06,46788.0,13514.0,13514.0
1192,88.660,8.720,88.34,8.74,1271.06,46345.0,14305.0,14305.0
1193,88.660,8.720,88.58,8.82,1271.06,50523.0,18319.0,18319.0
1194,88.660,8.720,88.62,8.53,1271.06,51192.0,17941.0,17941.0
1195,88.660,8.720,88.45,8.7,1271.06,48844.0,17079.0,17079.0
1196,88.660,8.720,88.4,8.64,1271.06,45350.0,13634.0,13634.0
1197,88.660,8.720,88.5,8.79,1271.06,46076.0,13609.0,13609.0
1198,88.660,8.720,88.42,8.74,1271.06,48384.0,17100.0,17100.0
1199,88.660,8.720,88.48,8.92,1271.06,47673.0,15920.0,15920.0
1200,88.660,8.720,88.52,8.76,1271.06,44808.0,13476.0,13476.0
1201,88.660,8.720,88.34,8.64,1271.06,44493.0,13412.0,13412.0
1202,88.660,8.720,88.54,8.47,1271.06,46114.0,12723.0,12723.0
1203,88.660,8.720,88.85,8.84,1271.06,48326.0,16041.0,16041.0
1204,88.660,8.720,88.41,8.67,1271.06,44206.0,13158.0,13158.0
1205,88.660,8.720,88.58,8.9,1271.06,48179.0,16412.0,16412.0
1206,88.660,8.720,88.73,8.75,1271.06,46018.0,14067.0,14067.0
1207,88.660,8.720,88.38,8.95,1271.06,47979.0,15643.0,15643.0
1208,88.660,8.720,88.66,8.92,1271.06,48724.0,15270.0,15270.0
1209,88.660,8.720,88.25,8.72,1271.06,46251.0,14195.0,14195.0
1210,88.660,8.720,88.39,8.55,1271.06,48211.0,16244.0,16244.0
1211,88.660,8.720,88.59,8.57,1271.06,47835.0,15589.0,15589.0
1212,88.660,8.720,88.58,8.54,1271.06,49372.0,16178.0,16178.0
1213,88.660,8.720,88.66,8.8,1271.06,47325.0,15637.0,15637.0
1214,88.660,8.720,88.49,8.46,1271.06,43358.0,11663.0,11663.0
1215,88.660,8.720,88.63,8.8,1271.06,46383.0,14481.0,14481.0
1216,88.660,8.720,88.46,8.56,1271.06,45892.0,11894.0,11894.0
1217,88.660,8.720,88.61,8.5,1271.06,46459.0,14375.0,14375.0
1218,88.660,8.720,88.3,8.79,1271.06,44173.0,11194.0,11194.0
1219,88.660,8.720,88.46,8.8,1271.06,47189.0,15324.0,15324.0
1220,88.660,8.720,88.6,8.76,1271.06,46052.0,13864.0,13864.0
1221,88.660,8.720,88.57,8.66,1271.06,46981.0,14204.0,14204.0
1222,88.660,8.720,88.25,8.76,1271.06,45667.0,12640.0,12640.0
1223,88.660,8.720,88.45,8.61,1271.06,45735.0,13227.0,13227.0
1224,88.660,8.720,88.62,8.71,1271.06,47114.0,14517.0,14517.0
1225,88.660,8.720,88.38,8.73,1271.06,45481.0,14306.0,14306.0
1226,88.660,8.720,88.4,8.82,1271.06,46860.0,15679.0,15679.0
1227,88.660,8.720,88.54,8.85,1271.06,46384.0,15017.0,15017.0
1228,88.660,8.720,88.52,8.69,1271.06,46964.0,17158.0,17158.0
1229,88.660,8.720,88.45,8.73,1271.06,49650.0,18970.0,18970.0
1230,88.660,8.720,88.5,8.66,1271.06,46863.0,14261.0,14261.0
1231,88.660,8.720,88.35,8.83,1271.06,46466.0,13983.0,13983.0
1232,88.660,8.720,88.67,8.62,1271.06,46810.0,15920.0,15920.0
1233,88.660,8.720,88.63,8.48,1271.06,48936.0,15413.0,15413.0
1234,88.660,8.720,88.52,8.73,1271.06,45916.0,14556.0,14556.0
1235,88.660,8.720,88.49,8.74,1271.06,49889.0,19250.0,19250.0
1236,88.660,8.720,88.43,8.8,1271.06,45341.0,13689.0,13689.0
1237,88.660,8.720,88.73,8.77,1271.06,45136.0,12356.0,12356.0
1238,88.660,8.720,88.42,8.71,1271.06,45030.0,13276.0,13276.0
1239,88.660,8.720,88.66,8.67,1271.06,46154.0,14155.0,14155.0
1240,88.660,8.720,88.59,8.88,1271.06,47492.0,15661.0,15661.0
1241,88.660,8.720,88.34,8.76,1271.06,47599.0,15536.0,15536.0
1242,88.660,8.720,88.38,8.6,1271.06,46007.0,14869.0,14869.0
1243,88.660,8.720,88.31,8.88,1271.06,45175.0,12896.0,12896.0
1244,88.660,8.720,88.28,8.78,1271.06,44021.0,12373.0,12373.0
1245,88.660,8.720,88.63,8.74,1271.06,47616.0,15026.0,15026.0
1246,88.660,8.720,88.59,8.77,1271.06,46779.0,15418.0,15418.0
1247,88.660,8.720,88.52,8.82,1271.06,47719.0,14932.0,14932.0
1248,88.660,8.720,88.54,8.81,1271.06,45443.0,13329.0,13329.0
1249,88.660,8.720,88.57,8.8,1271.06,44201.0,12544.0,12544.0
1250,88.660,8.720,88.79,8.84,1271.06,45586.0,12026.0,12026.0
1251,88.660,8.720,88.44,8.85,1271.06,47496.0,15135.0,15135.0
1252,88.660,8.720,88.56,8.53,1271.06,48423.0,14328.0,14328.0
1253,88.660,8.720,88.66,8.9,1271.06,44989.0,12268.0,12268.0
1254,88.660,8.720,88.5,8.69,1271.06,43396.0,13365.0,13365.0
1255,88.660,8.720,88.5,8.89,1271.06,45724.0,15205.0,15205.0
1256,88.660,8.720,88.63,8.67,1271.06,47434.0,16317.0,16317.0
1257,88.660,8.720,88.51,8.62,1271.06,46537.0,13282.0,13282.0
1258,88.660,8.720,88.55,8.93,1271.06,48072.0,16815.0,16815.0
1259,88.660,8.720,88.5,8.85,1271.06,47735.0,16419.0,16419.0
1260,88.660,8.720,88.59,8.44,1271.06,48859.0,15737.0,15737.0
1261,88.660,8.720,88.34,8.9,1271.06,48988.0,16244.0,16244.0
1262,88.660,8.720,88.61,8.79,1271.06,47712.0,16026.0,16026.0
1263,88.660,8.720,88.43,8.5,1271.06,47124.0,13314.0,13314.0
1264,88.660,8.720,88.47,8.77,1271.06,48965.0,18924.0,18924.0
1265,88.660,8.720,88.71,8.55,1271.06,46941.0,15111.0,15111.0
1266,88.660,8.720,88.38,8.54,1271.06,47793.0,14039.0,14039.0
1267,88.660,8.720,88.71,8.69,1271.06,50318.0,18728.0,18728.0
1268,88.660,8.720,88.62,8.75,1271.06,49323.0,17639.0,17639.0
1269,88.660,8.720,88.47,8.63,1271.06,49113.0,16528.0,16528.0
1270,88.660,8.720,88.41,8.65,1271.06,50151.0,19695.0,19695.0
1271,88.660,8.720,88.66,8.68,1271.06,47438.0,15845.0,15845.0
1272,88.660,8.720,88.66,8.87,1271.06,48549.0,14737.0,14737.0
1273,88.660,8.720,88.44,8.54,1271.06,49945.0,17439.0,17439.0
1274,88.660,8.720,88.4,8.8,1271.06,46495.0,15260.0,15260.0
1275,88.660,8.720,88.36,8.82,1271.06,44728.0,13062.0,13062.0
1276,88.660,8.720,88.43,8.71,1271.06,49535.0,17665.0,17665.0
1277,88.660,8.720,88.52,8.79,1271.06,46402.0,14574.0,14574.0
1278,88.660,8.720,88.53,8.57,1271.06,45094.0,12476.0,12476.0
1279,88.660,8.720,88.39,8.6,1271.06,49453.0,16361.0,16361.0
1280,88.660,8.720,88.4,8.8,1271.06,48424.0,16591.0,16591.0
1281,88.660,8.720,88.52,8.49,1271.06,47556.0,14591.0,14591.0
1282,88.660,8.720,88.59,8.48,1271.06,46474.0,13838.0,13838.0
1283,88.660,8.720,88.4,8.78,1271.06,47051.0,14965.0,14965.0
1284,88.660,8.720,88.45,8.69,1271.06,46758.0,13745.0,13745.0
1285,88.660,8.720,88.65,8.75,1271.06,50007.0,16790.0,16790.0
1286,88.660,8.720,88.78,8.68,1271.06,49532.0,16324.0,16324.0
1287,88.660,8.720,88.62,8.65,1271.06,47202.0,15746.0,15746.0
1288,88.660,8.720,88.56,8.64,1271.06,47182.0,14508.0,14508.0
1289,88.660,8.720,88.46,8.61,1271.06,45911.0,14014.0,14014.0
1290,88.660,8.720,88.61,8.59,1271.06,44097.0,11555.0,11555.0
1291,88.660,8.720,88.4,8.78,1271.06,45963.0,14038.0,14038.0
1292,88.660,8.720,88.69,8.68,1271.06,47503.0,15589.0,15589.0
1293,88.660,8.720,88.53,8.7,1271.06,46002.0,14319.0,14319.0
1294,88.660,8.720,88.6,8.77,1271.06,46840.0,14749.0,14749.0
1295,88.660,8.720,88.46,8.77,1271.06,50906.0,19020.0,19020.0
1296,88.660,8.720,88.49,8.63,1271.06,50134.0,16938.0,16938.0
1297,88.660,8.720,88.56,8.91,1271.06,48426.0,16808.0,16808.0
1298,88.660,8.720,88.55,8.58,1271.06,47769.0,14068.0,14068.0
1299,88.660,8.720,88.46,8.59,1271.06,50177.0,16775.0,16775.0
1300,88.660,8.720,88.64,8.54,1271.06,50084.0,17023.0,17023.0
1301,88.660,8.720,88.5,8.6,1271.06,46253.0,13170.0,13170.0
1302,88.660,8.720,88.31,8.74,1271.06,47089.0,15095.0,15095.0
1303,88.660,8.720,88.55,8.61,1271.06,48180.0,15396.0,15396.0
1304,88.660,8.720,88.47,8.6,1271.06,45420.0,13021.0,13021.0
1305,88.660,8.720,88.65,8.54,1271.06,44259.0,11765.0,11765.0
1306,88.660,8.720,88.39,8.54,1271.06,44212.0,11713.0,11713.0
1307,88.660,8.720,88.7,8.5,1271.06,46107.0,14955.0,14955.0
1308,88.660,8.720,88.68,8.51,1271.06,46679.0,15400.0,15400.0
1309,88.660,8.720,88.41,8.64,1271.06,47835.0,16018.0,16018.0
1310,88.660,8.720,88.47,8.82,1271.06,47134.0,14377.0,14377.0
1311,88.660,8.720,88.4,8.81,1271.06,47912.0,15936.0,15936.0
1312,88.660,8.720,88.63,8.43,1271.06,48568.0,15787.0,15787.0
1313,88.660,8.720,88.64,8.65,1271.06,50901.0,18448.0,18448.0
1314,88.660,8.720,88.69,8.81,1271.06,43577.0,10757.0,10757.0
1315,88.660,8.720,88.58,8.79,1271.06,44616.0,13568.0,13568.0
1316,88.660,8.720,88.57,8.48,1271.06,47988.0,15052.0,15052.0
1317,88.660,8.720,88.68,8.74,1271.06,48334.0,17103.0,17103.0
1318,88.660,8.720,88.41,8.67,1271.06,49311.0,17065.0,17065.0
1319,88.660,8.720,88.66,8.66,1271.06,45278.0,13585.0,13585.0
1320,88.660,8.720,88.61,8.74,1271.06,46714.0,15261.0,15261.0
1321,88.660,8.720,88.47,8.65,1271.06,46631.0,13518.0,13518.0
1322,88.660,8.720,88.45,8.54,1271.06,48447.0,14289.0,14289.0
1323,88.660,8.720,88.7,8.61,1271.06,47736.0,16318.0,16318.0
1324,88.660,8.720,88.43,8.56,1271.06,46910.0,13554.0,13554.0
1325,88.660,8.720,88.53,8.58,1271.06,47571.0,13274.0,13274.0
1326,88.660,8.720,88.29,8.65,1271.06,48862.0,16925.0,16925.0
1327,88.660,8.720,88.61,8.79,1271.06,50570.0,18358.0,18358.0
1328,88.660,8.720,88.5,8.57,1271.06,46674.0,13390.0,13390.0
1329,88.660,8.720,88.5,8.57,1271.06,45733.0,13032.0,13032.0
1330,88.660,8.720,88.53,8.63,1271.06,47195.0,14248.0,14248.0
1331,88.660,8.720,88.32,8.75,1271.06,48027.0,15688.0,15688.0
1332,88.660,8.720,88.68,8.77,1271.06,45428.0,12386.0,12386.0
1333,88.660,8.720,88.4,8.76,1271.06,47504.0,15834.0,15834.0
1334,88.660,8.720,88.51,8.63,1271.06,48376.0,14867.0,14867.0
1335,88.660,8.720,88.61,8.75,1271.06,46981.0,15376.0,15376.0
1336,88.660,8.720,88.7,8.72,1271.06,48072.0,15310.0,15310.0
1337,88.660,8.720,88.34,8.9,1271.06,44851.0,12610.0,12610.0
1338,88.660,8.720,88.57,8.69,1271.06,46422.0,14606.0,14606.0
1339,88.660,8.720,88.35,8.74,1271.06,43958.0,11989.0,11989.0
1340,88.660,8.720,88.66,8.68,1271.06,47659.0,15853.0,15853.0
1341,88.660,8.720,88.49,8.46,1271.06,47932.0,16005.0,16005.0
1342,88.660,8.720,89.34,8.46,1271.06,48398.0,15327.0,15327.0
1343,88.660,8.720,88.59,8.64,1271.06,45891.0,14055.0,14055.0
1344,88.660,8.720,88.44,8.56,1271.06,47408.0,14709.0,14709.0
1345,88.660,8.720,88.62,8.85,1271.06,49946.0,17747.0,17747.0
1346,88.660,8.720,88.45,8.68,1271.06,45691.0,13127.0,13127.0
1347,88.660,8.720,88.67,8.66,1271.06,44770.0,12542.0,12542.0
1348,88.660,8.720,88.35,8.54,1271.06,48780.0,14980.0,14980.0
1349,88.660,8.720,88.65,8.7,1271.06,42114.0,10936.0,10936.0
1350,88.660,8.720,88.42,8.51,1271.06,43964.0,11820.0,11820.0
1351,88.660,8.720,88.4,8.6,1271.06,49437.0,15882.0,15882.0
1352,88.660,8.720,88.39,8.75,1271.06,48383.0,16412.0,16412.0
1353,88.660,8.720,88.33,8.9,1271.06,46403.0,13777.0,13777.0
1354,88.660,8.720,88.42,8.74,1271.06,50525.0,18303.0,18303.0
1355,88.660,8.720,88.61,8.43,1271.06,44658.0,12987.0,12987.0
1356,88.660,8.720,88.55,8.49,1271.06,48916.0,15956.0,15956.0
1357,88.660,8.720,88.43,8.61,1271.06,50024.0,17636.0,17636.0
1358,88.660,8.720,88.78,8.7,1271.06,47175.0,14120.0,14120.0
1359,88.660,8.720,88.47,8.61,1271.06,48427.0,14163.0,14163.0
1360,88.660,8.720,88.54,8.66,1271.06,48327.0,15782.0,15782.0
1361,88.660,8.720,88.4,8.79,1271.06,46853.0,15044.0,15044.0
1362,88.660,8.720,88.48,8.76,1271.06,47931.0,15761.0,15761.0
1363,88.660,8.720,88.61,8.68,1271.06,46450.0,14716.0,14716.0
1364,88.660,8.720,88.59,8.53,1271.06,46907.0,15096.0,15096.0
1365,88.660,8.720,88.47,9.27,1271.06,44152.0,13209.0,13209.0
1366,88.660,8.720,88.44,8.64,1271.06,45748.0,14581.0,14581.0
1367,88.660,8.720,88.74,8.74,1271.06,49349.0,17214.0,17214.0
1368,88.660,8.720,88.53,8.6,1271.06,46798.0,14117.0,14117.0
1369,88.660,8.720,88.56,8.72,1271.06,45778.0,14301.0,14301.0
1370,88.660,8.720,88.49,8.69,1271.06,46913.0,16094.0,16094.0
1371,88.660,8.720,88.52,8.8,1271.06,47272.0,15833.0,15833.0
1372,88.660,8.720,88.61,8.49,1271.06,47752.0,14313.0,14313.0
1373,88.660,8.720,88.66,8.67,1271.06,47278.0,14837.0,14837.0
1374,88.660,8.720,88.65,8.74,1271.06,46629.0,14551.0,14551.0
1375,88.660,8.720,88.56,8.54,1271.06,47023.0,13212.0,13212.0
1376,88.660,8.720,88.73,8.57,1271.06,42648.0,12089.0,12089.0
1377,88.660,8.720,88.47,9.27,1271.06,43957.0,13224.0,13224.0
1378,88.660,8.720,88.59,8.63,1271.06,46597.0,14434.0,14434.0
1379,88.660,8.720,88.67,8.66,1271.06,48786.0,16103.0,16103.0
1380,88.660,8.720,88.45,8.86,1271.06,48601.0,17207.0,17207.0
1381,88.660,8.720,88.69,8.72,1271.06,48773.0,17609.0,17609.0
1382,88.660,8.720,88.57,8.64,1271.06,47020.0,14861.0,14861.0
1383,88.660,8.720,88.52,8.62,1271.06,47272.0,14078.0,14078.0
1384,88.660,8.720,88.31,8.65,1271.06,49167.0,18145.0,18145.0
1385,88.660,8.720,88.66,8.71,1271.06,48811.0,17588.0,17588.0
1386,88.660,8.720,88.36,8.78,1271.06,48178.0,16335.0,16335.0
1387,88.660,8.720,88.6,8.56,1271.06,47491.0,14995.0,14995.0
1388,88.660,8.720,88.64,8.87,1271.06,46141.0,13506.0,13506.0
1389,88.660,8.720,88.52,8.51,1271.06,45140.0,12806.0,12806.0
1390,88.660,8.720,88.53,8.63,1271.06,47942.0,14680.0,14680.0
1391,88.660,8.720,88.49,8.53,1271.06,45349.0,13681.0,13681.0
1392,88.660,8.720,88.46,8.67,1271.06,48032.0,15104.0,15104.0
1393,88.660,8.720,88.49,8.65,1271.06,46987.0,14471.0,14471.0
1394,88.660,8.720,88.55,8.55,1271.06,44817.0,12427.0,12427.0
1395,88.660,8.720,88.55,8.53,1271.06,45537.0,14262.0,14262.0
1396,88.660,8.720,88.55,8.48,1271.06,46687.0,13354.0,13354.0
1397,88.660,8.720,88.56,8.52,1271.06,46903.0,13646.0,13646.0
1398,88.660,8.720,88.56,8.49,1271.06,46528.0,12144.0,12144.0
1399,88.660,8.720,88.64,8.54,1271.06,47399.0,15819.0,15819.0
1400,88.660,8.720,88.56,8.48,1271.06,45056.0,12482.0,12482.0
1401,88.660,8.720,88.42,8.58,1271.06,45303.0,13247.0,13247.0
1402,88.660,8.720,88.55,8.79,1271.06,45683.0,13322.0,13322.0
1403,88.660,8.720,88.7,8.72,1271.06,47110.0,14593.0,14593.0
1404,88.660,8.720,88.57,8.9,1271.06,48247.0,16283.0,16283.0
1405,88.660,8.720,88.32,8.75,1271.06,46983.0,15416.0,15416.0
1406,88.660,8.720,88.53,8.65,1271.06,46964.0,14530.0,14530.0
1407,88.660,8.720,88.53,8.53,1271.06,48242.0,14714.0,14714.0
1408,88.660,8.720,88.7,8.89,1271.06,47955.0,13795.0,13795.0
1409,88.660,8.720,88.63,8.72,1271.06,48538.0,16312.0,16312.0
1410,88.660,8.720,88.62,8.73,1271.06,48372.0,16146.0,16146.0
1411,88.660,8.720,88.37,8.72,1271.06,48483.0,16213.0,16213.0
1412,88.660,8.720,88.6,8.81,1271.06,46090.0,14543.0,14543.0
1413,88.660,8.720,88.3,8.56,1271.06,46838.0,14050.0,14050.0
1414,88.660,8.720,88.37,8.41,1271.06,44668.0,11977.0,11977.0
1415,88.660,8.720,88.38,8.74,1271.06,46076.0,14484.0,14484.0
1416,88.660,8.720,88.65,8.71,1271.06,47937.0,16103.0,16103.0
1417,88.660,8.720,88.31,8.52,1271.06,45341.0,12933.0,12933.0
1418,88.660,8.720,88.41,8.6,1271.06,44651.0,12002.0,12002.0
1419,88.660,8.720,88.51,8.84,1271.06,46705.0,15615.0,15615.0
1420,88.660,8.720,88.34,8.6,1271.06,46745.0,15199.0,15199.0
1421,88.660,8.720,88.53,8.79,1271.06,44056.0,12631.0,12631.0
1422,88.660,8.720,88.42,8.69,1271.06,48816.0,17577.0,17577.0
1423,88.660,8.720,88.47,9.27,1271.06,43760.0,12552.0,12552.0
1424,88.660,8.720,88.46,8.82,1271.06,47400.0,16402.0,16402.0
1425,88.660,8.720,88.69,8.56,1271.06,45653.0,15134.0,15134.0
1426,88.660,8.720,88.55,8.58,1271.06,46119.0,14765.0,14765.0
1427,88.660,8.720,88.49,8.8,1271.06,46947.0,14088.0,14088.0
1428,88.660,8.720,88.6,8.6,1271.06,47680.0,15389.0,15389.0
1429,88.660,8.720,88.45,8.75,1271.06,46768.0,17079.0,17079.0
1430,88.660,8.720,88.59,8.59,1271.06,47510.0,14197.0,14197.0
1431,88.660,8.720,88.68,8.55,1271.06,49005.0,16512.0,16512.0
1432,88.660,8.720,88.55,8.87,1271.06,49812.0,17577.0,17577.0
1433,88.660,8.720,88.49,8.66,1271.06,48180.0,14383.0,14383.0
1434,88.660,8.720,88.39,8.69,1271.06,46600.0,14974.0,14974.0
1435,88.660,8.720,88.5,8.58,1271.06,46774.0,15030.0,15030.0
1436,88.660,8.720,88.41,8.56,1271.06,43976.0,11179.0,11179.0
1437,88.660,8.720,88.46,8.41,1271.06,48085.0,14542.0,14542.0
1438,88.660,8.720,88.67,8.65,1271.06,47037.0,15795.0,15795.0
1439,88.660,8.720,88.32,8.53,1271.06,43577.0,10371.0,10371.0
1440,88.660,8.720,88.49,8.52,1271.06,48154.0,14468.0,14468.0
1441,88.660,8.720,88.7,8.73,1271.06,47342.0,13673.0,13673.0
1442,88.660,8.720,88.49,8.66,1271.06,44392.0,11686.0,11686.0
1443,88.660,8.720,88.54,8.56,1271.06,45198.0,12112.0,12112.0
1444,88.660,8.720,88.43,8.53,1271.06,45229.0,12730.0,12730.0
1445,88.660,8.720,88.55,8.79,1271.06,47424.0,15872.0,15872.0
1446,88.660,8.720,88.44,8.63,1271.06,48696.0,15948.0,15948.0
1447,88.660,8.720,88.54,8.68,1271.06,44333.0,11993.0,11993.0
1448,88.660,8.720,88.58,8.5,1271.06,46650.0,15405.0,15405.0
1449,88.660,8.720,88.55,8.66,1271.06,45966.0,13340.0,13340.0
1450,88.660,8.720,88.46,8.71,1271.06,44944.0,13250.0,13250.0
1451,88.660,8.720,88.76,8.5,1271.06,50261.0,19231.0,19231.0
1452,88.660,8.720,88.62,8.5,1271.06,46218.0,12804.0,12804.0
1453,88.660,8.720,88.75,8.44,1271.06,46497.0,15618.0,15618.0
1454,88.660,8.720,88.56,8.51,1271.06,48869.0,14024.0,14024.0
1455,88.660,8.720,88.63,8.67,1271.06,48508.0,17225.0,17225.0
1456,88.660,8.720,88.62,8.48,1271.06,47632.0,14472.0,14472.0
1457,88.660,8.720,88.73,8.44,1271.06,49832.0,18113.0,18113.0
1458,88.660,8.720,88.4,8.56,1271.06,47534.0,14355.0,14355.0
1459,88.660,8.720,88.46,8.48,1271.06,42790.0,12015.0,12015.0
1460,88.660,8.720,88.45,8.46,1271.06,47334.0,15509.0,15509.0
1461,88.660,8.720,88.45,8.52,1271.06,50100.0,17459.0,17459.0
1462,88.660,8.720,88.51,8.49,1271.06,42856.0,10107.0,10107.0
1463,88.660,8.720,88.38,8.64,1271.06,46979.0,15099.0,15099.0
1464,88.660,8.720,88.31,8.66,1271.06,47733.0,16578.0,16578.0
1465,88.660,8.720,88.6,8.61,1271.06,51120.0,18515.0,18515.0
1466,88.660,8.720,88.61,8.49,1271.06,47203.0,16271.0,16271.0
1467,88.660,8.720,88.6,8.54,1271.06,45742.0,13257.0,13257.0
1468,88.660,8.720,88.5,8.51,1271.06,49311.0,16408.0,16408.0
1469,88.660,8.720,88.6,8.63,1271.06,49511.0,17405.0,17405.0
1470,88.660,8.720,88.56,8.69,1271.06,48470.0,16585.0,16585.0
1471,88.660,8.720,88.68,8.8,1271.06,48996.0,15978.0,15978.0
1472,88.660,8.720,88.35,8.81,1271.06,46382.0,14579.0,14579.0
1473,88.660,8.720,88.75,8.68,1271.06,47984.0,14693.0,14693.0
1474,88.660,8.720,88.71,8.57,1271.06,48686.0,16245.0,16245.0
1475,88.660,8.720,88.49,8.62,1271.06,47733.0,14356.0,14356.0
1476,88.660,8.720,88.52,8.6,1271.06,46843.0,13632.0,13632.0
1477,88.660,8.720,88.44,8.56,1271.06,46892.0,14673.0,14673.0
1478,88.660,8.720,88.61,8.58,1271.06,49821.0,17627.0,17627.0
1479,88.660,8.720,88.49,8.47,1271.06,46317.0,13785.0,13785.0
1480,88.660,8.720,88.51,8.44,1271.06,45581.0,11790.0,11790.0
1481,88.660,8.720,88.61,8.57,1271.06,47849.0,15162.0,15162.0
1482,88.660,8.720,88.55,8.5,1271.06,51173.0,17393.0,17393.0
1483,88.660,8.720,88.46,8.54,1271.06,47002.0,15832.0,15832.0
1484,88.660,8.720,88.44,8.62,1271.06,46100.0,13801.0,13801.0
1485,88.660,8.720,88.65,8.41,1271.06,49875.0,17381.0,17381.0
1486,88.660,8.720,88.51,8.58,1271.06,48266.0,16227.0,16227.0
1487,88.660,8.720,88.56,8.49,1271.06,50632.0,17629.0,17629.0
1488,88.660,8.720,88.57,8.63,1271.06,45910.0,12956.0,12956.0
1489,88.660,8.720,88.68,8.89,1271.06,51114.0,17991.0,17991.0
1490,88.660,8.720,88.64,8.57,1271.06,44958.0,12541.0,12541.0
1491,88.660,8.720,88.33,8.51,1271.06,46544.0,14160.0,14160.0
1492,88.660,8.720,88.5,8.55,1271.06,48538.0,16503.0,16503.0
1493,88.660,8.720,88.7,8.55,1271.06,48578.0,16413.0,16413.0
1494,88.660,8.720,88.59,8.75,1271.06,50271.0,17681.0,17681.0
1495,88.660,8.720,88.65,8.61,1271.06,45618.0,14655.0,14655.0
1496,88.660,8.720,88.54,8.47,1271.06,50798.0,17178.0,17178.0
1497,88.660,8.720,88.59,8.55,1271.06,47291.0,13555.0,13555.0
1498,88.660,8.720,88.69,8.51,1271.06,46481.0,15140.0,15140.0
1499,88.660,8.720,88.52,8.53,1271.06,47935.0,14571.0,14571.0
1500,88.660,8.720,88.66,8.72,1271.06,49249.0,17277.0,17277.0
