id,avg_x,avg_y,x,y,bg,Square_intensity,circular_intensity,Gaussian_intensity
1,125.370,21.170,124.91,22.01,1179.22,45678.0,11007.0,11007.0
2,125.370,21.170,124.91,22.01,1179.22,45207.0,10327.0,10327.0
3,125.370,21.170,124.91,22.01,1179.22,46985.0,12194.0,12194.0
4,125.370,21.170,124.91,22.01,1179.22,42125.0,9335.0,9335.0
5,125.370,21.170,124.91,22.01,1179.22,43449.0,8674.0,8674.0
6,125.370,21.170,124.91,22.01,1179.22,42051.0,8537.0,8537.0
7,125.370,21.170,124.91,22.01,1179.22,42288.0,8114.0,8114.0
8,125.370,21.170,124.91,22.01,1179.22,44306.0,10463.0,10463.0
9,125.370,21.170,124.91,22.01,1179.22,46798.0,12166.0,12166.0
10,125.370,21.170,124.91,22.01,1179.22,43759.0,10432.0,10432.0
11,125.370,21.170,124.91,22.01,1179.22,41124.0,8795.0,8795.0
12,125.370,21.170,124.91,22.01,1179.22,42217.0,10290.0,10290.0
13,125.370,21.170,124.91,22.01,1179.22,40778.0,7770.0,7770.0
14,125.370,21.170,124.91,22.01,1179.22,43803.0,10352.0,10352.0
15,125.370,21.170,124.91,22.01,1179.22,45215.0,11184.0,11184.0
16,125.370,21.170,124.91,22.01,1179.22,43906.0,10016.0,10016.0
17,125.370,21.170,124.91,22.01,1179.22,44781.0,10440.0,10440.0
18,125.370,21.170,124.91,22.01,1179.22,45742.0,12463.0,12463.0
19,125.370,21.170,124.91,22.01,1179.22,42177.0,9755.0,9755.0
20,125.370,21.170,124.91,22.01,1179.22,42061.0,8920.0,8920.0
21,125.370,21.170,124.91,22.01,1179.22,43914.0,9663.0,9663.0
22,125.370,21.170,124.91,22.01,1179.22,41206.0,9720.0,9720.0
23,125.370,21.170,124.91,22.01,1179.22,43534.0,11005.0,11005.0
24,125.370,21.170,124.91,22.01,1179.22,46284.0,12333.0,12333.0
25,125.370,21.170,124.91,22.01,1179.22,42962.0,10233.0,10233.0
26,125.370,21.170,124.91,22.01,1179.22,47592.0,13177.0,13177.0
27,125.370,21.170,124.91,22.01,1179.22,43438.0,10255.0,10255.0
28,125.370,21.170,124.91,22.01,1179.22,41223.0,8396.0,8396.0
29,125.370,21.170,124.91,22.01,1179.22,49155.0,14762.0,14762.0
30,125.370,21.170,124.91,22.01,1179.22,42651.0,9626.0,9626.0
31,125.370,21.170,124.91,22.01,1179.22,42722.0,10139.0,10139.0
32,125.370,21.170,124.91,22.01,1179.22,42345.0,9587.0,9587.0
33,125.370,21.170,124.91,22.01,1179.22,41923.0,10138.0,10138.0
34,125.370,21.170,124.91,22.01,1179.22,41944.0,9136.0,9136.0
35,125.370,21.170,124.91,22.01,1179.22,43631.0,11020.0,11020.0
36,125.370,21.170,124.91,22.01,1179.22,44141.0,11874.0,11874.0
37,125.370,21.170,124.91,22.01,1179.22,41096.0,9395.0,9395.0
38,125.370,21.170,124.91,22.01,1179.22,41726.0,9168.0,9168.0
39,125.370,21.170,124.91,22.01,1179.22,46953.0,13599.0,13599.0
40,125.370,21.170,124.91,22.01,1179.22,42238.0,10919.0,10919.0
41,125.370,21.170,124.91,22.01,1179.22,41803.0,10122.0,10122.0
42,125.370,21.170,124.91,22.01,1179.22,41790.0,9394.0,9394.0
43,125.370,21.170,124.91,22.01,1179.22,41163.0,9109.0,9109.0
44,125.370,21.170,124.91,22.01,1179.22,40573.0,8119.0,8119.0
45,125.370,21.170,124.91,22.01,1179.22,36250.0,5819.0,5819.0
46,125.370,21.170,124.91,22.01,1179.22,38740.0,7901.0,7901.0
47,125.370,21.170,124.91,22.01,1179.22,35642.0,5001.0,5001.0
48,125.370,21.170,124.91,22.01,1179.22,33247.0,3618.0,3618.0
49,125.370,21.170,124.91,22.01,1179.22,33005.0,3200.0,3200.0
50,125.370,21.170,124.91,22.01,1179.22,35048.0,4384.0,4384.0
51,125.370,21.170,124.91,22.01,1179.22,33669.0,4426.0,4426.0
52,125.370,21.170,124.91,22.01,1179.22,32946.0,3365.0,3365.0
53,125.370,21.170,124.91,22.01,1179.22,33172.0,3308.0,3308.0
54,125.370,21.170,124.91,22.01,1179.22,35858.0,4966.0,4966.0
55,125.370,21.170,124.91,22.01,1179.22,33908.0,4674.0,4674.0
56,125.370,21.170,124.91,22.01,1179.22,34325.0,4485.0,4485.0
57,125.370,21.170,124.91,22.01,1179.22,35811.0,3896.0,3896.0
58,125.370,21.170,124.91,22.01,1179.22,34106.0,5007.0,5007.0
59,125.370,21.170,124.91,22.01,1179.22,39073.0,7859.0,7859.0
60,125.370,21.170,124.91,22.01,1179.22,37859.0,5449.0,5449.0
61,125.370,21.170,124.91,22.01,1179.22,41266.0,9104.0,9104.0
62,125.370,21.170,124.91,22.01,1179.22,33230.0,3757.0,3757.0
63,125.370,21.170,124.91,22.01,1179.22,38366.0,7475.0,7475.0
64,125.370,21.170,124.91,22.01,1179.22,37671.0,7195.0,7195.0
65,125.370,21.170,124.91,22.01,1179.22,35884.0,5525.0,5525.0
66,125.370,21.170,124.91,22.01,1179.22,34755.0,4740.0,4740.0
67,125.370,21.170,124.91,22.01,1179.22,33952.0,4541.0,4541.0
68,125.370,21.170,124.91,22.01,1179.22,36009.0,5789.0,5789.0
69,125.370,21.170,124.91,22.01,1179.22,37182.0,6005.0,6005.0
70,125.370,21.170,125.38,21.67,1179.22,38112.0,7205.0,7205.0
71,125.370,21.170,125.41,21.53,1179.22,39896.0,9434.0,9434.0
72,125.370,21.170,125.71,21.25,1179.22,39950.0,9191.0,9191.0
73,125.370,21.170,125.54,21.43,1179.22,39445.0,9823.0,9823.0
74,125.370,21.170,125.71,21.27,1179.22,38727.0,8982.0,8982.0
75,125.370,21.170,124.91,22.01,1179.22,34390.0,5345.0,5345.0
76,125.370,21.170,125.53,20.98,1179.22,38918.0,8756.0,8756.0
77,125.370,21.170,125.43,21.13,1179.22,39262.0,9583.0,9583.0
78,125.370,21.170,125.46,21.34,1179.22,38019.0,8073.0,8073.0
79,125.370,21.170,125.66,21.46,1179.22,37854.0,9073.0,9073.0
80,125.370,21.170,125.53,21.36,1179.22,38878.0,9911.0,9911.0
81,125.370,21.170,124.91,22.01,1179.22,34043.0,4497.0,4497.0
82,125.370,21.170,125.24,21,1179.22,35986.0,6856.0,6856.0
83,125.370,21.170,125.13,21.25,1179.22,39341.0,8513.0,8513.0
84,125.370,21.170,125.53,21.11,1179.22,38466.0,8470.0,8470.0
85,125.370,21.170,125.65,21.24,1179.22,37308.0,8116.0,8116.0
86,125.370,21.170,125.34,21.42,1179.22,39986.0,10076.0,10076.0
87,125.370,21.170,125.58,21.41,1179.22,40147.0,10429.0,10429.0
88,125.370,21.170,125.4,21.45,1179.22,40228.0,10434.0,10434.0
89,125.370,21.170,125.63,21.51,1179.22,43514.0,12384.0,12384.0
90,125.370,21.170,125.55,21.38,1179.22,45168.0,14999.0,14999.0
91,125.370,21.170,125.6,21.34,1179.22,44055.0,13692.0,13692.0
92,125.370,21.170,125.5,21.39,1179.22,44736.0,14805.0,14805.0
93,125.370,21.170,125.58,21.37,1179.22,43366.0,13905.0,13905.0
94,125.370,21.170,125.66,21.25,1179.22,44676.0,15178.0,15178.0
95,125.370,21.170,125.45,21.06,1179.22,46789.0,15570.0,15570.0
96,125.370,21.170,125.73,21.36,1179.22,44554.0,14824.0,14824.0
97,125.370,21.170,125.39,21.3,1179.22,45318.0,14545.0,14545.0
98,125.370,21.170,125.75,21.14,1179.22,39966.0,10148.0,10148.0
99,125.370,21.170,126.02,21.07,1179.22,40111.0,10268.0,10268.0
100,125.370,21.170,125.51,21.38,1179.22,36625.0,7044.0,7044.0
101,125.370,21.170,125.64,21.53,1179.22,37965.0,9159.0,9159.0
102,125.370,21.170,125.41,21.07,1179.22,38742.0,8843.0,8843.0
103,125.370,21.170,125.5,21.37,1179.22,37108.0,8219.0,8219.0
104,125.370,21.170,125.59,21.45,1179.22,40919.0,10786.0,10786.0
105,125.370,21.170,125.52,21.38,1179.22,41112.0,11070.0,11070.0
106,125.370,21.170,125.14,21.18,1179.22,37222.0,7932.0,7932.0
107,125.370,21.170,125.58,21.29,1179.22,37544.0,9078.0,9078.0
108,125.370,21.170,125.63,21.37,1179.22,37681.0,7062.0,7062.0
109,125.370,21.170,125.63,21.03,1179.22,37497.0,8682.0,8682.0
110,125.370,21.170,125.54,21.32,1179.22,37754.0,9337.0,9337.0
111,125.370,21.170,125.39,21.03,1179.22,36895.0,7333.0,7333.0
112,125.370,21.170,125.2,21.13,1179.22,36514.0,6763.0,6763.0
113,125.370,21.170,125.55,21.39,1179.22,38780.0,9162.0,9162.0
114,125.370,21.170,125.48,21.44,1179.22,40276.0,10847.0,10847.0
115,125.370,21.170,125.37,21.37,1179.22,42946.0,13885.0,13885.0
116,125.370,21.170,125.55,21.18,1179.22,43922.0,14029.0,14029.0
117,125.370,21.170,125.61,21.09,1179.22,38582.0,8614.0,8614.0
118,125.370,21.170,125.54,21.16,1179.22,43917.0,13204.0,13204.0
119,125.370,21.170,125.48,21.51,1179.22,38610.0,9523.0,9523.0
120,125.370,21.170,125.36,21.45,1179.22,42643.0,12121.0,12121.0
121,125.370,21.170,125.65,20.6,1179.22,38713.0,8887.0,8887.0
122,125.370,21.170,125.55,21.24,1179.22,38320.0,9378.0,9378.0
123,125.370,21.170,125.5,21.59,1179.22,40481.0,11206.0,11206.0
124,125.370,21.170,125.5,21.3,1179.22,38331.0,9112.0,9112.0
125,125.370,21.170,125.5,21.12,1179.22,42248.0,12949.0,12949.0
126,125.370,21.170,125.56,21.37,1179.22,40148.0,11117.0,11117.0
127,125.370,21.170,125.6,21.37,1179.22,41438.0,11935.0,11935.0
128,125.370,21.170,125.85,21.34,1179.22,44312.0,14296.0,14296.0
129,125.370,21.170,125.48,21.18,1179.22,41099.0,10515.0,10515.0
130,125.370,21.170,125.38,21.44,1179.22,43317.0,13336.0,13336.0
131,125.370,21.170,125.64,21.24,1179.22,45480.0,15788.0,15788.0
132,125.370,21.170,125.38,21.17,1179.22,40203.0,11598.0,11598.0
133,125.370,21.170,125.45,21.32,1179.22,42478.0,12693.0,12693.0
134,125.370,21.170,125.84,21.15,1179.22,42403.0,12224.0,12224.0
135,125.370,21.170,125.51,21.3,1179.22,43049.0,13081.0,13081.0
136,125.370,21.170,125.58,21.34,1179.22,43765.0,14188.0,14188.0
137,125.370,21.170,125.67,21.38,1179.22,43894.0,14047.0,14047.0
138,125.370,21.170,125.5,21.2,1179.22,45536.0,15704.0,15704.0
139,125.370,21.170,125.4,21.18,1179.22,43106.0,13305.0,13305.0
140,125.370,21.170,125.32,21.2,1179.22,43966.0,13922.0,13922.0
141,125.370,21.170,125.27,21.14,1179.22,44619.0,14827.0,14827.0
142,125.370,21.170,125.45,21.37,1179.22,42208.0,12192.0,12192.0
143,125.370,21.170,125.52,21,1179.22,40819.0,11568.0,11568.0
144,125.370,21.170,125.58,21.15,1179.22,41433.0,12290.0,12290.0
145,125.370,21.170,125.32,21.1,1179.22,40784.0,11477.0,11477.0
146,125.370,21.170,125.45,21.11,1179.22,42759.0,12911.0,12911.0
147,125.370,21.170,125.4,21.3,1179.22,40920.0,11620.0,11620.0
148,125.370,21.170,125.5,21.18,1179.22,44119.0,15342.0,15342.0
149,125.370,21.170,125.59,21.24,1179.22,40785.0,12419.0,12419.0
150,125.370,21.170,125.61,21.13,1179.22,49852.0,18342.0,18342.0
151,125.370,21.170,125.43,21.27,1179.22,54441.0,23034.0,23034.0
152,125.370,21.170,125.54,21.22,1179.22,49262.0,19554.0,19554.0
153,125.370,21.170,125.49,21.21,1179.22,50805.0,19340.0,19340.0
154,125.370,21.170,125.53,21.15,1179.22,51578.0,19941.0,19941.0
155,125.370,21.170,125.34,21.34,1179.22,51394.0,21298.0,21298.0
156,125.370,21.170,125.35,21.19,1179.22,53999.0,23063.0,23063.0
157,125.370,21.170,125.47,21.16,1179.22,53525.0,22536.0,22536.0
158,125.370,21.170,125.32,21.15,1179.22,53138.0,22352.0,22352.0
159,125.370,21.170,125.63,21.2,1179.22,49241.0,19017.0,19017.0
160,125.370,21.170,125.59,21.23,1179.22,51904.0,20160.0,20160.0
161,125.370,21.170,125.4,21.14,1179.22,50099.0,18625.0,18625.0
162,125.370,21.170,125.47,21.08,1179.22,45617.0,15801.0,15801.0
163,125.370,21.170,125.54,21.23,1179.22,39805.0,11015.0,11015.0
164,125.370,21.170,125.67,21.14,1179.22,42709.0,13871.0,13871.0
165,125.370,21.170,125.44,21.17,1179.22,49400.0,18843.0,18843.0
166,125.370,21.170,125.41,21.11,1179.22,53380.0,22177.0,22177.0
167,125.370,21.170,125.47,21.41,1179.22,50930.0,20159.0,20159.0
168,125.370,21.170,125.52,21.42,1179.22,52462.0,21462.0,21462.0
169,125.370,21.170,125.45,21.05,1179.22,52746.0,21912.0,21912.0
170,125.370,21.170,125.5,21.17,1179.22,50696.0,20999.0,20999.0
171,125.370,21.170,125.44,21.32,1179.22,50163.0,19828.0,19828.0
172,125.370,21.170,125.61,21.18,1179.22,52288.0,21326.0,21326.0
173,125.370,21.170,125.61,21.14,1179.22,52007.0,21497.0,21497.0
174,125.370,21.170,125.44,21.09,1179.22,51959.0,21740.0,21740.0
175,125.370,21.170,125.58,21.34,1179.22,54699.0,23843.0,23843.0
176,125.370,21.170,125.51,21.27,1179.22,51781.0,19807.0,19807.0
177,125.370,21.170,125.57,21.25,1179.22,50757.0,20615.0,20615.0
178,125.370,21.170,125.44,21.34,1179.22,57000.0,24832.0,24832.0
179,125.370,21.170,125.36,21.24,1179.22,57380.0,25582.0,25582.0
180,125.370,21.170,125.59,21.07,1179.22,54907.0,22694.0,22694.0
181,125.370,21.170,125.49,21.13,1179.22,57681.0,26599.0,26599.0
182,125.370,21.170,125.55,21.14,1179.22,57028.0,24501.0,24501.0
183,125.370,21.170,125.61,21.12,1179.22,55585.0,24041.0,24041.0
184,125.370,21.170,125.4,21.19,1179.22,59873.0,27101.0,27101.0
185,125.370,21.170,125.44,21.2,1179.22,55762.0,23027.0,23027.0
186,125.370,21.170,125.5,21.12,1179.22,55753.0,23789.0,23789.0
187,125.370,21.170,125.44,21.25,1179.22,54947.0,23655.0,23655.0
188,125.370,21.170,125.48,21.11,1179.22,59073.0,27202.0,27202.0
189,125.370,21.170,125.53,21.26,1179.22,54832.0,22304.0,22304.0
190,125.370,21.170,125.46,21.22,1179.22,57430.0,26006.0,26006.0
191,125.370,21.170,125.52,21.25,1179.22,57078.0,26010.0,26010.0
192,125.370,21.170,125.47,21.16,1179.22,54217.0,23248.0,23248.0
193,125.370,21.170,125.53,21.21,1179.22,56624.0,24569.0,24569.0
194,125.370,21.170,125.59,21.26,1179.22,57402.0,26002.0,26002.0
195,125.370,21.170,125.62,21.13,1179.22,59419.0,27424.0,27424.0
196,125.370,21.170,125.46,21.3,1179.22,53859.0,23066.0,23066.0
197,125.370,21.170,125.44,21.02,1179.22,54597.0,22590.0,22590.0
198,125.370,21.170,125.51,21.3,1179.22,53471.0,23071.0,23071.0
199,125.370,21.170,125.55,21.18,1179.22,50163.0,19078.0,19078.0
200,125.370,21.170,125.52,21.24,1179.22,53190.0,22138.0,22138.0
201,125.370,21.170,125.51,21.17,1179.22,52273.0,20924.0,20924.0
202,125.370,21.170,125.56,21.25,1179.22,52778.0,21738.0,21738.0
203,125.370,21.170,125.4,21.23,1179.22,55095.0,24158.0,24158.0
204,125.370,21.170,125.34,21.21,1179.22,52347.0,21812.0,21812.0
205,125.370,21.170,125.51,21.02,1179.22,51444.0,19789.0,19789.0
206,125.370,21.170,125.38,21.23,1179.22,46070.0,16797.0,16797.0
207,125.370,21.170,125.31,21.15,1179.22,44020.0,14896.0,14896.0
208,125.370,21.170,125.57,21.22,1179.22,52111.0,20971.0,20971.0
209,125.370,21.170,125.37,21.14,1179.22,52015.0,20769.0,20769.0
210,125.370,21.170,125.42,21.1,1179.22,52375.0,20900.0,20900.0
211,125.370,21.170,125.52,21.11,1179.22,51627.0,21326.0,21326.0
212,125.370,21.170,125.58,21.19,1179.22,51304.0,21811.0,21811.0
213,125.370,21.170,125.47,21.22,1179.22,56536.0,25571.0,25571.0
214,125.370,21.170,125.29,21.29,1179.22,50602.0,19264.0,19264.0
215,125.370,21.170,125.49,21.18,1179.22,52448.0,21681.0,21681.0
216,125.370,21.170,125.46,21.28,1179.22,51383.0,20926.0,20926.0
217,125.370,21.170,125.42,21.2,1179.22,53853.0,22339.0,22339.0
218,125.370,21.170,125.36,21.22,1179.22,52642.0,21067.0,21067.0
219,125.370,21.170,125.5,21.21,1179.22,57729.0,26228.0,26228.0
220,125.370,21.170,125.4,21.19,1179.22,55604.0,24615.0,24615.0
221,125.370,21.170,125.45,21.12,1179.22,53032.0,21859.0,21859.0
222,125.370,21.170,125.35,21.13,1179.22,59394.0,27703.0,27703.0
223,125.370,21.170,125.68,21.12,1179.22,56182.0,25835.0,25835.0
224,125.370,21.170,125.5,21.16,1179.22,55625.0,24952.0,24952.0
225,125.370,21.170,125.63,21.41,1179.22,57462.0,26200.0,26200.0
226,125.370,21.170,125.34,21.12,1179.22,58310.0,26102.0,26102.0
227,125.370,21.170,125.46,21.07,1179.22,59134.0,27065.0,27065.0
228,125.370,21.170,125.63,21.18,1179.22,56521.0,25381.0,25381.0
229,125.370,21.170,125.49,21.19,1179.22,54632.0,23539.0,23539.0
230,125.370,21.170,125.52,21.2,1179.22,57473.0,26433.0,26433.0
231,125.370,21.170,125.32,21.14,1179.22,54771.0,23457.0,23457.0
232,125.370,21.170,125.37,21.29,1179.22,56880.0,26334.0,26334.0
233,125.370,21.170,125.44,21.14,1179.22,59568.0,27103.0,27103.0
234,125.370,21.170,125.46,21.18,1179.22,51538.0,20836.0,20836.0
235,125.370,21.170,125.39,21.13,1179.22,59467.0,27986.0,27986.0
236,125.370,21.170,125.59,21,1179.22,56040.0,24353.0,24353.0
237,125.370,21.170,125.46,21.2,1179.22,56901.0,25488.0,25488.0
238,125.370,21.170,125.42,21.16,1179.22,53763.0,24280.0,24280.0
239,125.370,21.170,125.44,21.33,1179.22,55789.0,24358.0,24358.0
240,125.370,21.170,125.78,21.3,1179.22,55210.0,24480.0,24480.0
241,125.370,21.170,125.49,21.23,1179.22,55894.0,24839.0,24839.0
242,125.370,21.170,125.49,21.17,1179.22,59138.0,26817.0,26817.0
243,125.370,21.170,125.6,21.07,1179.22,61001.0,27973.0,27973.0
244,125.370,21.170,125.5,21.24,1179.22,53543.0,21083.0,21083.0
245,125.370,21.170,125.34,20.98,1179.22,50829.0,18622.0,18622.0
246,125.370,21.170,125.46,21.12,1179.22,57921.0,25913.0,25913.0
247,125.370,21.170,125.29,21.19,1179.22,54563.0,24801.0,24801.0
248,125.370,21.170,125.39,21.13,1179.22,54807.0,23985.0,23985.0
249,125.370,21.170,125.41,21.15,1179.22,55511.0,23968.0,23968.0
250,125.370,21.170,125.37,21.13,1179.22,55324.0,23363.0,23363.0
251,125.370,21.170,125.38,21.1,1179.22,58993.0,27779.0,27779.0
252,125.370,21.170,125.39,21.22,1179.22,56241.0,25867.0,25867.0
253,125.370,21.170,125.49,21.06,1179.22,57449.0,25882.0,25882.0
254,125.370,21.170,125.41,21.1,1179.22,53981.0,23905.0,23905.0
255,125.370,21.170,125.3,21.21,1179.22,56803.0,26201.0,26201.0
256,125.370,21.170,125.52,21.13,1179.22,54917.0,23173.0,23173.0
257,125.370,21.170,125.45,20.99,1179.22,56236.0,23647.0,23647.0
258,125.370,21.170,125.48,21.29,1179.22,52556.0,22872.0,22872.0
259,125.370,21.170,125.34,21.22,1179.22,55330.0,25125.0,25125.0
260,125.370,21.170,125.49,21.06,1179.22,55149.0,24144.0,24144.0
261,125.370,21.170,125.48,21.3,1179.22,54729.0,22723.0,22723.0
262,125.370,21.170,125.51,21.17,1179.22,56268.0,25116.0,25116.0
263,125.370,21.170,125.59,21.23,1179.22,53472.0,22253.0,22253.0
264,125.370,21.170,125.46,21.03,1179.22,55425.0,23623.0,23623.0
265,125.370,21.170,125.33,21.07,1179.22,54109.0,23436.0,23436.0
266,125.370,21.170,125.3,21.12,1179.22,57214.0,27525.0,27525.0
267,125.370,21.170,125.46,21.24,1179.22,55867.0,25119.0,25119.0
268,125.370,21.170,125.46,21.23,1179.22,56961.0,25977.0,25977.0
269,125.370,21.170,125.49,21.12,1179.22,54572.0,22507.0,22507.0
270,125.370,21.170,125.52,21.24,1179.22,58163.0,26462.0,26462.0
271,125.370,21.170,125.33,21.19,1179.22,55460.0,25693.0,25693.0
272,125.370,21.170,125.37,21.07,1179.22,52290.0,21643.0,21643.0
273,125.370,21.170,125.38,21.08,1179.22,55614.0,24743.0,24743.0
274,125.370,21.170,125.29,21.18,1179.22,57639.0,26561.0,26561.0
275,125.370,21.170,125.34,21.09,1179.22,55567.0,24749.0,24749.0
276,125.370,21.170,125.4,21.11,1179.22,52664.0,21937.0,21937.0
277,125.370,21.170,125.45,21.11,1179.22,55535.0,24525.0,24525.0
278,125.370,21.170,125.34,21.25,1179.22,52028.0,22177.0,22177.0
279,125.370,21.170,125.4,21.21,1179.22,56408.0,25904.0,25904.0
280,125.370,21.170,125.57,21.14,1179.22,55842.0,23949.0,23949.0
281,125.370,21.170,125.55,21.19,1179.22,52186.0,21743.0,21743.0
282,125.370,21.170,125.35,21.13,1179.22,56614.0,25714.0,25714.0
283,125.370,21.170,125.43,21.28,1179.22,57633.0,26411.0,26411.0
284,125.370,21.170,125.46,21.07,1179.22,55119.0,23482.0,23482.0
285,125.370,21.170,125.23,21.15,1179.22,56499.0,25020.0,25020.0
286,125.370,21.170,125.31,21.12,1179.22,58567.0,27349.0,27349.0
287,125.370,21.170,125.43,21.06,1179.22,63826.0,30971.0,30971.0
288,125.370,21.170,125.37,21.14,1179.22,62136.0,29544.0,29544.0
289,125.370,21.170,125.33,21.14,1179.22,49725.0,20655.0,20655.0
290,125.370,21.170,125.28,21.03,1179.22,49679.0,19464.0,19464.0
291,125.370,21.170,125.51,21.26,1179.22,57902.0,26637.0,26637.0
292,125.370,21.170,125.54,21.16,1179.22,56443.0,25507.0,25507.0
293,125.370,21.170,125.31,21.07,1179.22,57782.0,25789.0,25789.0
294,125.370,21.170,125.43,21.2,1179.22,54306.0,24272.0,24272.0
295,125.370,21.170,125.29,21.08,1179.22,55982.0,23829.0,23829.0
296,125.370,21.170,125.47,21.18,1179.22,59800.0,27604.0,27604.0
297,125.370,21.170,125.36,21,1179.22,61999.0,29443.0,29443.0
298,125.370,21.170,125.37,21.16,1179.22,56290.0,25717.0,25717.0
299,125.370,21.170,125.33,21.07,1179.22,60417.0,28401.0,28401.0
300,125.370,21.170,125.55,21.08,1179.22,60135.0,28651.0,28651.0
301,125.370,21.170,125.46,21.15,1179.22,58104.0,27600.0,27600.0
302,125.370,21.170,125.5,21.11,1179.22,58688.0,27139.0,27139.0
303,125.370,21.170,125.36,21.03,1179.22,57245.0,26033.0,26033.0
304,125.370,21.170,125.37,21.14,1179.22,54363.0,23814.0,23814.0
305,125.370,21.170,125.32,21.17,1179.22,53784.0,23512.0,23512.0
306,125.370,21.170,125.45,21.18,1179.22,50056.0,19206.0,19206.0
307,125.370,21.170,125.32,21.18,1179.22,48126.0,18501.0,18501.0
308,125.370,21.170,125.48,21.2,1179.22,46061.0,16425.0,16425.0
309,125.370,21.170,125.4,21.2,1179.22,36917.0,10073.0,10073.0
310,125.370,21.170,125.8,20.91,1179.22,40698.0,11653.0,11653.0
311,125.370,21.170,125.53,21.29,1179.22,37753.0,9834.0,9834.0
312,125.370,21.170,125.4,21.01,1179.22,40297.0,11365.0,11365.0
313,125.370,21.170,125.34,21.03,1179.22,42119.0,13892.0,13892.0
314,125.370,21.170,125.29,21.06,1179.22,46462.0,15674.0,15674.0
315,125.370,21.170,125.32,21.08,1179.22,42319.0,13991.0,13991.0
316,125.370,21.170,125.43,21.47,1179.22,41838.0,13824.0,13824.0
317,125.370,21.170,125.24,21.07,1179.22,43835.0,14450.0,14450.0
318,125.370,21.170,125.63,21.14,1179.22,45040.0,16722.0,16722.0
319,125.370,21.170,125.49,21.12,1179.22,47171.0,18240.0,18240.0
320,125.370,21.170,125.32,21.08,1179.22,46201.0,16923.0,16923.0
321,125.370,21.170,125.47,20.58,1179.22,36091.0,9188.0,9188.0
322,125.370,21.170,125.19,21.05,1179.22,36528.0,8373.0,8373.0
323,125.370,21.170,125.41,21.28,1179.22,37042.0,8965.0,8965.0
324,125.370,21.170,124.91,22.01,1179.22,34330.0,5840.0,5840.0
325,125.370,21.170,125.62,21.54,1179.22,34973.0,7134.0,7134.0
326,125.370,21.170,125.45,21.29,1179.22,36687.0,9992.0,9992.0
327,125.370,21.170,125.32,21.05,1179.22,35693.0,7119.0,7119.0
328,125.370,21.170,125.3,21,1179.22,35946.0,8612.0,8612.0
329,125.370,21.170,125.52,20.98,1179.22,34740.0,7239.0,7239.0
330,125.370,21.170,124.91,22.01,1179.22,33032.0,4871.0,4871.0
331,125.370,21.170,125.33,21.14,1179.22,35135.0,7292.0,7292.0
332,125.370,21.170,125.53,21.35,1179.22,33288.0,7135.0,7135.0
333,125.370,21.170,125.34,21.07,1179.22,35482.0,7558.0,7558.0
334,125.370,21.170,124.91,22.01,1179.22,34233.0,6606.0,6606.0
335,125.370,21.170,125.57,21.17,1179.22,34691.0,8013.0,8013.0
336,125.370,21.170,125.36,21.06,1179.22,34482.0,7493.0,7493.0
337,125.370,21.170,125.57,21.03,1179.22,35641.0,7048.0,7048.0
338,125.370,21.170,124.94,21.43,1179.22,34058.0,7044.0,7044.0
339,125.370,21.170,125.56,21.07,1179.22,37534.0,9426.0,9426.0
340,125.370,21.170,125.31,21.05,1179.22,36660.0,8219.0,8219.0
341,125.370,21.170,125.33,21.11,1179.22,35623.0,9068.0,9068.0
342,125.370,21.170,125.29,21.06,1179.22,36164.0,8486.0,8486.0
343,125.370,21.170,125.34,21.24,1179.22,36102.0,8588.0,8588.0
344,125.370,21.170,125.42,20.92,1179.22,38900.0,10683.0,10683.0
345,125.370,21.170,124.91,22.01,1179.22,36957.0,7141.0,7141.0
346,125.370,21.170,125.54,21.27,1179.22,35100.0,7620.0,7620.0
347,125.370,21.170,125.48,21.42,1179.22,34414.0,6816.0,6816.0
348,125.370,21.170,125.43,20.57,1179.22,36357.0,8189.0,8189.0
349,125.370,21.170,125.53,21.12,1179.22,36014.0,8597.0,8597.0
350,125.370,21.170,125.55,21.21,1179.22,35361.0,7597.0,7597.0
351,125.370,21.170,125.4,20.98,1179.22,36759.0,8197.0,8197.0
352,125.370,21.170,125.6,21.18,1179.22,35906.0,9337.0,9337.0
353,125.370,21.170,125.37,21.17,1179.22,36551.0,9021.0,9021.0
354,125.370,21.170,125.37,21.17,1179.22,32454.0,5147.0,5147.0
355,125.370,21.170,125.37,21.17,1179.22,33870.0,6008.0,6008.0
356,125.370,21.170,125.37,21.17,1179.22,32402.0,6269.0,6269.0
357,125.370,21.170,125.37,21.17,1179.22,30727.0,4247.0,4247.0
358,125.370,21.170,125.37,21.17,1179.22,32391.0,4816.0,4816.0
359,125.370,21.170,125.37,21.17,1179.22,32132.0,5577.0,5577.0
360,125.370,21.170,125.37,21.17,1179.22,31767.0,4281.0,4281.0
361,125.370,21.170,125.37,21.17,1179.22,33234.0,5923.0,5923.0
362,125.370,21.170,125.37,21.17,1179.22,31316.0,4532.0,4532.0
363,125.370,21.170,125.37,21.17,1179.22,31556.0,4813.0,4813.0
364,125.370,21.170,125.37,21.17,1179.22,33086.0,5848.0,5848.0
365,125.370,21.170,125.37,21.17,1179.22,32222.0,4838.0,4838.0
366,125.370,21.170,125.37,21.17,1179.22,30838.0,4058.0,4058.0
367,125.370,21.170,125.37,21.17,1179.22,33926.0,6447.0,6447.0
368,125.370,21.170,125.37,21.17,1179.22,34448.0,5915.0,5915.0
369,125.370,21.170,125.37,21.17,1179.22,34329.0,7742.0,7742.0
370,125.370,21.170,125.37,21.17,1179.22,31136.0,4114.0,4114.0
371,125.370,21.170,125.37,21.17,1179.22,36394.0,9100.0,9100.0
372,125.370,21.170,125.37,21.17,1179.22,36180.0,8317.0,8317.0
373,125.370,21.170,125.37,21.17,1179.22,39187.0,11563.0,11563.0
374,125.370,21.170,125.37,21.17,1179.22,36357.0,8383.0,8383.0
375,125.370,21.170,125.37,21.17,1179.22,34034.0,5870.0,5870.0
376,125.370,21.170,125.37,21.17,1179.22,33822.0,6600.0,6600.0
377,125.370,21.170,125.37,21.17,1179.22,33705.0,6354.0,6354.0
378,125.370,21.170,125.37,21.17,1179.22,36420.0,8394.0,8394.0
379,125.370,21.170,125.37,21.17,1179.22,36374.0,9254.0,9254.0
380,125.370,21.170,125.37,21.17,1179.22,27768.0,1658.0,1658.0
381,125.370,21.170,125.37,21.17,1179.22,25245.0,0.0,0.0
382,125.370,21.170,125.37,21.17,1179.22,25394.0,0.0,0.0
383,125.370,21.170,125.37,21.17,1179.22,24435.0,0.0,0.0
384,125.370,21.170,125.37,21.17,1179.22,26365.0,60.0,60.0
385,125.370,21.170,125.37,21.17,1179.22,25931.0,0.0,0.0
386,125.370,21.170,125.37,21.17,1179.22,26627.0,0.0,0.0
387,125.370,21.170,125.37,21.17,1179.22,25402.0,405.0,405.0
388,125.370,21.170,125.37,21.17,1179.22,26509.0,768.0,768.0
389,125.370,21.170,125.37,21.17,1179.22,26632.0,475.0,475.0
390,125.370,21.170,125.37,21.17,1179.22,25561.0,0.0,0.0
391,125.370,21.170,125.37,21.17,1179.22,25641.0,727.0,727.0
392,125.370,21.170,125.37,21.17,1179.22,26431.0,0.0,0.0
393,125.370,21.170,125.37,21.17,1179.22,26564.0,345.0,345.0
394,125.370,21.170,125.37,21.17,1179.22,26305.0,773.0,773.0
395,125.370,21.170,125.37,21.17,1179.22,25537.0,0.0,0.0
396,125.370,21.170,125.37,21.17,1179.22,26916.0,461.0,461.0
397,125.370,21.170,125.37,21.17,1179.22,24871.0,0.0,0.0
398,125.370,21.170,125.37,21.17,1179.22,25434.0,0.0,0.0
399,125.370,21.170,125.37,21.17,1179.22,25510.0,0.0,0.0
400,125.370,21.170,125.37,21.17,1179.22,25581.0,226.0,226.0
401,125.370,21.170,125.37,21.17,1179.22,25392.0,0.0,0.0
402,125.370,21.170,125.37,21.17,1179.22,24874.0,0.0,0.0
403,125.370,21.170,125.37,21.17,1179.22,24600.0,0.0,0.0
404,125.370,21.170,125.37,21.17,1179.22,25453.0,0.0,0.0
405,125.370,21.170,125.37,21.17,1179.22,24803.0,0.0,0.0
406,125.370,21.170,125.37,21.17,1179.22,25557.0,0.0,0.0
407,125.370,21.170,125.37,21.17,1179.22,24983.0,0.0,0.0
408,125.370,21.170,125.37,21.17,1179.22,25721.0,247.0,247.0
409,125.370,21.170,125.37,21.17,1179.22,25768.0,0.0,0.0
410,125.370,21.170,125.37,21.17,1179.22,26001.0,0.0,0.0
411,125.370,21.170,125.37,21.17,1179.22,26312.0,749.0,749.0
412,125.370,21.170,125.37,21.17,1179.22,26375.0,2062.0,2062.0
413,125.370,21.170,125.37,21.17,1179.22,24347.0,0.0,0.0
414,125.370,21.170,125.37,21.17,1179.22,26360.0,486.0,486.0
415,125.370,21.170,125.37,21.17,1179.22,24826.0,0.0,0.0
416,125.370,21.170,125.37,21.17,1179.22,25264.0,0.0,0.0
417,125.370,21.170,125.37,21.17,1179.22,27108.0,0.0,0.0
418,125.370,21.170,125.37,21.17,1179.22,26993.0,1461.0,1461.0
419,125.370,21.170,125.37,21.17,1179.22,26770.0,872.0,872.0
420,125.370,21.170,125.37,21.17,1179.22,25695.0,0.0,0.0
421,125.370,21.170,125.37,21.17,1179.22,24098.0,0.0,0.0
422,125.370,21.170,125.37,21.17,1179.22,25927.0,820.0,820.0
423,125.370,21.170,125.37,21.17,1179.22,26053.0,92.0,92.0
424,125.370,21.170,125.37,21.17,1179.22,26755.0,1182.0,1182.0
425,125.370,21.170,125.37,21.17,1179.22,26279.0,0.0,0.0
426,125.370,21.170,125.37,21.17,1179.22,24220.0,0.0,0.0
427,125.370,21.170,125.37,21.17,1179.22,25784.0,177.0,177.0
428,125.370,21.170,125.37,21.17,1179.22,25690.0,138.0,138.0
429,125.370,21.170,125.37,21.17,1179.22,26595.0,622.0,622.0
430,125.370,21.170,125.37,21.17,1179.22,25663.0,0.0,0.0
431,125.370,21.170,125.37,21.17,1179.22,26619.0,557.0,557.0
432,125.370,21.170,125.37,21.17,1179.22,25484.0,0.0,0.0
433,125.370,21.170,125.37,21.17,1179.22,25367.0,0.0,0.0
434,125.370,21.170,125.37,21.17,1179.22,24703.0,0.0,0.0
435,125.370,21.170,125.37,21.17,1179.22,26316.0,0.0,0.0
436,125.370,21.170,125.37,21.17,1179.22,23426.0,0.0,0.0
437,125.370,21.170,125.37,21.17,1179.22,24823.0,0.0,0.0
438,125.370,21.170,125.37,21.17,1179.22,23929.0,0.0,0.0
439,125.370,21.170,125.37,21.17,1179.22,26626.0,1497.0,1497.0
440,125.370,21.170,125.37,21.17,1179.22,25306.0,0.0,0.0
441,125.370,21.170,125.37,21.17,1179.22,25161.0,0.0,0.0
442,125.370,21.170,125.37,21.17,1179.22,25306.0,0.0,0.0
443,125.370,21.170,125.37,21.17,1179.22,24465.0,0.0,0.0
444,125.370,21.170,125.37,21.17,1179.22,25536.0,91.0,91.0
445,125.370,21.170,125.37,21.17,1179.22,26470.0,658.0,658.0
446,125.370,21.170,125.37,21.17,1179.22,25381.0,0.0,0.0
447,125.370,21.170,125.37,21.17,1179.22,25059.0,0.0,0.0
448,125.370,21.170,125.37,21.17,1179.22,26288.0,1196.0,1196.0
449,125.370,21.170,125.37,21.17,1179.22,24635.0,0.0,0.0
450,125.370,21.170,125.37,21.17,1179.22,26726.0,1053.0,1053.0
451,125.370,21.170,125.37,21.17,1179.22,26676.0,1020.0,1020.0
452,125.370,21.170,125.37,21.17,1179.22,24459.0,0.0,0.0
453,125.370,21.170,125.37,21.17,1179.22,24940.0,0.0,0.0
454,125.370,21.170,125.37,21.17,1179.22,26679.0,0.0,0.0
455,125.370,21.170,125.37,21.17,1179.22,25413.0,234.0,234.0
456,125.370,21.170,125.37,21.17,1179.22,26730.0,1127.0,1127.0
457,125.370,21.170,125.37,21.17,1179.22,25493.0,218.0,218.0
458,125.370,21.170,125.37,21.17,1179.22,26354.0,278.0,278.0
459,125.370,21.170,125.37,21.17,1179.22,25245.0,0.0,0.0
460,125.370,21.170,125.37,21.17,1179.22,24868.0,0.0,0.0
461,125.370,21.170,125.37,21.17,1179.22,24798.0,582.0,582.0
462,125.370,21.170,125.37,21.17,1179.22,25937.0,396.0,396.0
463,125.370,21.170,125.37,21.17,1179.22,26468.0,803.0,803.0
464,125.370,21.170,125.37,21.17,1179.22,26393.0,127.0,127.0
465,125.370,21.170,125.37,21.17,1179.22,24292.0,0.0,0.0
466,125.370,21.170,125.37,21.17,1179.22,25354.0,0.0,0.0
467,125.370,21.170,125.37,21.17,1179.22,26739.0,497.0,497.0
468,125.370,21.170,125.37,21.17,1179.22,26348.0,749.0,749.0
469,125.370,21.170,125.37,21.17,1179.22,25578.0,327.0,327.0
470,125.370,21.170,125.37,21.17,1179.22,26059.0,1337.0,1337.0
471,125.370,21.170,125.37,21.17,1179.22,25132.0,0.0,0.0
472,125.370,21.170,125.37,21.17,1179.22,25111.0,0.0,0.0
473,125.370,21.170,125.37,21.17,1179.22,25582.0,26.0,26.0
474,125.370,21.170,125.37,21.17,1179.22,25091.0,23.0,23.0
475,125.370,21.170,125.37,21.17,1179.22,26250.0,0.0,0.0
476,125.370,21.170,125.37,21.17,1179.22,26218.0,1206.0,1206.0
477,125.370,21.170,125.37,21.17,1179.22,24696.0,0.0,0.0
478,125.370,21.170,125.37,21.17,1179.22,26178.0,402.0,402.0
479,125.370,21.170,125.37,21.17,1179.22,26140.0,663.0,663.0
480,125.370,21.170,125.37,21.17,1179.22,25797.0,687.0,687.0
481,125.370,21.170,125.37,21.17,1179.22,25789.0,62.0,62.0
482,125.370,21.170,125.37,21.17,1179.22,25809.0,1458.0,1458.0
483,125.370,21.170,125.37,21.17,1179.22,26691.0,1141.0,1141.0
484,125.370,21.170,125.37,21.17,1179.22,26450.0,237.0,237.0
485,125.370,21.170,125.37,21.17,1179.22,26269.0,161.0,161.0
486,125.370,21.170,125.37,21.17,1179.22,27216.0,1588.0,1588.0
487,125.370,21.170,125.37,21.17,1179.22,24806.0,0.0,0.0
488,125.370,21.170,125.37,21.17,1179.22,26252.0,72.0,72.0
489,125.370,21.170,125.37,21.17,1179.22,26247.0,1461.0,1461.0
490,125.370,21.170,125.37,21.17,1179.22,26829.0,1481.0,1481.0
491,125.370,21.170,125.37,21.17,1179.22,25414.0,0.0,0.0
492,125.370,21.170,125.37,21.17,1179.22,25321.0,0.0,0.0
493,125.370,21.170,125.37,21.17,1179.22,24183.0,0.0,0.0
494,125.370,21.170,125.37,21.17,1179.22,26288.0,563.0,563.0
495,125.370,21.170,125.37,21.17,1179.22,24746.0,0.0,0.0
496,125.370,21.170,125.37,21.17,1179.22,24110.0,0.0,0.0
497,125.370,21.170,125.37,21.17,1179.22,24089.0,0.0,0.0
498,125.370,21.170,125.37,21.17,1179.22,26742.0,417.0,417.0
499,125.370,21.170,125.37,21.17,1179.22,25175.0,0.0,0.0
500,125.370,21.170,125.37,21.17,1179.22,23690.0,0.0,0.0
501,125.370,21.170,125.37,21.17,1179.22,26175.0,771.0,771.0
502,125.370,21.170,125.37,21.17,1179.22,23427.0,0.0,0.0
503,125.370,21.170,125.37,21.17,1179.22,24864.0,0.0,0.0
504,125.370,21.170,125.37,21.17,1179.22,24958.0,0.0,0.0
505,125.370,21.170,125.37,21.17,1179.22,26749.0,342.0,342.0
506,125.370,21.170,125.37,21.17,1179.22,26090.0,739.0,739.0
507,125.370,21.170,125.37,21.17,1179.22,25302.0,0.0,0.0
508,125.370,21.170,125.37,21.17,1179.22,25127.0,0.0,0.0
509,125.370,21.170,125.37,21.17,1179.22,25224.0,538.0,538.0
510,125.370,21.170,125.37,21.17,1179.22,25156.0,0.0,0.0
511,125.370,21.170,125.37,21.17,1179.22,25295.0,206.0,206.0
512,125.370,21.170,125.37,21.17,1179.22,26566.0,1093.0,1093.0
513,125.370,21.170,125.37,21.17,1179.22,25374.0,0.0,0.0
514,125.370,21.170,125.37,21.17,1179.22,23678.0,0.0,0.0
515,125.370,21.170,125.37,21.17,1179.22,26069.0,489.0,489.0
516,125.370,21.170,125.37,21.17,1179.22,24870.0,0.0,0.0
517,125.370,21.170,125.37,21.17,1179.22,24712.0,0.0,0.0
518,125.370,21.170,125.37,21.17,1179.22,26182.0,0.0,0.0
519,125.370,21.170,125.37,21.17,1179.22,26575.0,392.0,392.0
520,125.370,21.170,125.37,21.17,1179.22,25544.0,0.0,0.0
521,125.370,21.170,125.37,21.17,1179.22,25771.0,0.0,0.0
522,125.370,21.170,125.37,21.17,1179.22,25187.0,477.0,477.0
523,125.370,21.170,125.37,21.17,1179.22,26250.0,1061.0,1061.0
524,125.370,21.170,125.37,21.17,1179.22,24981.0,0.0,0.0
525,125.370,21.170,125.37,21.17,1179.22,25685.0,538.0,538.0
526,125.370,21.170,125.37,21.17,1179.22,25040.0,0.0,0.0
527,125.370,21.170,125.37,21.17,1179.22,24280.0,0.0,0.0
528,125.370,21.170,125.37,21.17,1179.22,25236.0,235.0,235.0
529,125.370,21.170,125.37,21.17,1179.22,23815.0,0.0,0.0
530,125.370,21.170,125.37,21.17,1179.22,25645.0,837.0,837.0
531,125.370,21.170,125.37,21.17,1179.22,24801.0,0.0,0.0
532,125.370,21.170,125.37,21.17,1179.22,25192.0,248.0,248.0
533,125.370,21.170,125.37,21.17,1179.22,25316.0,0.0,0.0
534,125.370,21.170,125.37,21.17,1179.22,26331.0,175.0,175.0
535,125.370,21.170,125.37,21.17,1179.22,24175.0,0.0,0.0
536,125.370,21.170,125.37,21.17,1179.22,25955.0,468.0,468.0
537,125.370,21.170,125.37,21.17,1179.22,25336.0,0.0,0.0
538,125.370,21.170,125.37,21.17,1179.22,25079.0,0.0,0.0
539,125.370,21.170,125.37,21.17,1179.22,26059.0,198.0,198.0
540,125.370,21.170,125.37,21.17,1179.22,25781.0,279.0,279.0
541,125.370,21.170,125.37,21.17,1179.22,26173.0,772.0,772.0
542,125.370,21.170,125.37,21.17,1179.22,25888.0,597.0,597.0
543,125.370,21.170,125.37,21.17,1179.22,24674.0,0.0,0.0
544,125.370,21.170,125.37,21.17,1179.22,24801.0,0.0,0.0
545,125.370,21.170,125.37,21.17,1179.22,24951.0,0.0,0.0
546,125.370,21.170,125.37,21.17,1179.22,25760.0,270.0,270.0
547,125.370,21.170,125.37,21.17,1179.22,26427.0,0.0,0.0
548,125.370,21.170,125.37,21.17,1179.22,26742.0,1319.0,1319.0
549,125.370,21.170,125.37,21.17,1179.22,27353.0,312.0,312.0
550,125.370,21.170,125.37,21.17,1179.22,25780.0,80.0,80.0
551,125.370,21.170,125.37,21.17,1179.22,24399.0,0.0,0.0
552,125.370,21.170,125.37,21.17,1179.22,25425.0,7.0,7.0
553,125.370,21.170,125.37,21.17,1179.22,25289.0,0.0,0.0
