id,avg_x,avg_y,x,y,bg,Square_intensity,circular_intensity,Gaussian_intensity
638,255.690,236.700,255.6,236.55,973.17,25680.0,1135.0,1135.0
639,255.690,236.700,255.6,236.55,973.17,24568.0,402.0,402.0
640,255.690,236.700,255.6,236.55,973.17,23914.0,713.0,713.0
641,255.690,236.700,255.6,236.55,973.17,25127.0,725.0,725.0
642,255.690,236.700,255.6,236.55,973.17,23914.0,616.0,616.0
643,255.690,236.700,255.6,236.55,973.17,23710.0,0.0,0.0
644,255.690,236.700,255.6,236.55,973.17,23619.0,721.0,721.0
645,255.690,236.700,255.6,236.55,973.17,23995.0,489.0,489.0
646,255.690,236.700,255.6,236.55,973.17,24706.0,683.0,683.0
647,255.690,236.700,255.6,236.55,973.17,21993.0,0.0,0.0
648,255.690,236.700,255.6,236.55,973.17,23204.0,0.0,0.0
649,255.690,236.700,255.6,236.55,973.17,24099.0,186.0,186.0
650,255.690,236.700,255.6,236.55,973.17,24203.0,564.0,564.0
651,255.690,236.700,255.6,236.55,973.17,24894.0,1699.0,1699.0
652,255.690,236.700,255.6,236.55,973.17,23195.0,0.0,0.0
653,255.690,236.700,255.6,236.55,973.17,22112.0,0.0,0.0
654,255.690,236.700,255.6,236.55,973.17,22955.0,0.0,0.0
655,255.690,236.700,255.6,236.55,973.17,22879.0,0.0,0.0
656,255.690,236.700,255.6,236.55,973.17,22620.0,0.0,0.0
657,255.690,236.700,255.6,236.55,973.17,24239.0,732.0,732.0
658,255.690,236.700,255.6,236.55,973.17,24022.0,801.0,801.0
659,255.690,236.700,255.6,236.55,973.17,22595.0,248.0,248.0
660,255.690,236.700,255.6,236.55,973.17,23818.0,0.0,0.0
661,255.690,236.700,255.6,236.55,973.17,22821.0,0.0,0.0
662,255.690,236.700,255.6,236.55,973.17,23150.0,59.0,59.0
663,255.690,236.700,255.6,236.55,973.17,24235.0,1190.0,1190.0
664,255.690,236.700,255.6,236.55,973.17,23955.0,884.0,884.0
665,255.690,236.700,255.6,236.55,973.17,24250.0,1458.0,1458.0
666,255.690,236.700,255.6,236.55,973.17,24755.0,1468.0,1468.0
667,255.690,236.700,255.6,236.55,973.17,24863.0,616.0,616.0
668,255.690,236.700,255.6,236.55,973.17,22639.0,0.0,0.0
669,255.690,236.700,255.6,236.55,973.17,24093.0,871.0,871.0
670,255.690,236.700,255.6,236.55,973.17,23029.0,0.0,0.0
671,255.690,236.700,255.6,236.55,973.17,23416.0,0.0,0.0
672,255.690,236.700,255.6,236.55,973.17,24608.0,1090.0,1090.0
673,255.690,236.700,255.6,236.55,973.17,22786.0,0.0,0.0
674,255.690,236.700,255.6,236.55,973.17,23689.0,0.0,0.0
675,255.690,236.700,255.6,236.55,973.17,23576.0,0.0,0.0
676,255.690,236.700,255.6,236.55,973.17,23729.0,95.0,95.0
677,255.690,236.700,255.6,236.55,973.17,23224.0,0.0,0.0
678,255.690,236.700,255.6,236.55,973.17,23238.0,294.0,294.0
679,255.690,236.700,255.6,236.55,973.17,23013.0,0.0,0.0
680,255.690,236.700,255.6,236.55,973.17,24528.0,821.0,821.0
681,255.690,236.700,255.6,236.55,973.17,22674.0,488.0,488.0
682,255.690,236.700,255.6,236.55,973.17,23542.0,674.0,674.0
683,255.690,236.700,255.6,236.55,973.17,24857.0,735.0,735.0
684,255.690,236.700,255.6,236.55,973.17,24877.0,1639.0,1639.0
685,255.690,236.700,255.6,236.55,973.17,24280.0,996.0,996.0
686,255.690,236.700,255.6,236.55,973.17,23850.0,0.0,0.0
687,255.690,236.700,255.6,236.55,973.17,23314.0,0.0,0.0
688,255.690,236.700,255.6,236.55,973.17,24665.0,753.0,753.0
689,255.690,236.700,255.6,236.55,973.17,24089.0,271.0,271.0
690,255.690,236.700,255.6,236.55,973.17,24511.0,633.0,633.0
691,255.690,236.700,255.6,236.55,973.17,22265.0,0.0,0.0
692,255.690,236.700,255.6,236.55,973.17,23886.0,304.0,304.0
693,255.690,236.700,255.6,236.55,973.17,23430.0,220.0,220.0
694,255.690,236.700,255.6,236.55,973.17,22726.0,0.0,0.0
695,255.690,236.700,255.6,236.55,973.17,23832.0,636.0,636.0
696,255.690,236.700,255.6,236.55,973.17,23246.0,271.0,271.0
697,255.690,236.700,255.6,236.55,973.17,22799.0,0.0,0.0
698,255.690,236.700,255.6,236.55,973.17,23223.0,0.0,0.0
699,255.690,236.700,255.6,236.55,973.17,25749.0,1121.0,1121.0
700,255.690,236.700,255.6,236.55,973.17,22661.0,0.0,0.0
701,255.690,236.700,255.6,236.55,973.17,23590.0,144.0,144.0
702,255.690,236.700,255.6,236.55,973.17,23043.0,0.0,0.0
703,255.690,236.700,255.6,236.55,973.17,23675.0,128.0,128.0
704,255.690,236.700,255.6,236.55,973.17,23462.0,526.0,526.0
705,255.690,236.700,255.6,236.55,973.17,23141.0,0.0,0.0
706,255.690,236.700,255.6,236.55,973.17,22906.0,0.0,0.0
707,255.690,236.700,255.6,236.55,973.17,24900.0,977.0,977.0
708,255.690,236.700,255.6,236.55,973.17,24553.0,879.0,879.0
709,255.690,236.700,255.6,236.55,973.17,24299.0,879.0,879.0
710,255.690,236.700,255.6,236.55,973.17,23646.0,0.0,0.0
711,255.690,236.700,255.6,236.55,973.17,22077.0,0.0,0.0
712,255.690,236.700,255.6,236.55,973.17,23021.0,0.0,0.0
713,255.690,236.700,255.6,236.55,973.17,22362.0,0.0,0.0
714,255.690,236.700,255.6,236.55,973.17,23838.0,699.0,699.0
715,255.690,236.700,255.6,236.55,973.17,24360.0,340.0,340.0
716,255.690,236.700,255.6,236.55,973.17,23458.0,0.0,0.0
717,255.690,236.700,255.6,236.55,973.17,22526.0,0.0,0.0
718,255.690,236.700,255.6,236.55,973.17,22625.0,0.0,0.0
719,255.690,236.700,255.6,236.55,973.17,23035.0,0.0,0.0
720,255.690,236.700,255.6,236.55,973.17,23585.0,0.0,0.0
721,255.690,236.700,255.6,236.55,973.17,23551.0,371.0,371.0
722,255.690,236.700,255.6,236.55,973.17,24616.0,959.0,959.0
723,255.690,236.700,255.6,236.55,973.17,24079.0,885.0,885.0
724,255.690,236.700,255.6,236.55,973.17,23517.0,565.0,565.0
725,255.690,236.700,255.6,236.55,973.17,22757.0,0.0,0.0
726,255.690,236.700,255.6,236.55,973.17,24836.0,1939.0,1939.0
727,255.690,236.700,255.6,236.55,973.17,25108.0,1142.0,1142.0
728,255.690,236.700,255.6,236.55,973.17,22325.0,0.0,0.0
729,255.690,236.700,255.6,236.55,973.17,25311.0,1482.0,1482.0
730,255.690,236.700,255.6,236.55,973.17,24550.0,86.0,86.0
731,255.690,236.700,255.6,236.55,973.17,24385.0,576.0,576.0
732,255.690,236.700,255.6,236.55,973.17,22607.0,0.0,0.0
733,255.690,236.700,255.6,236.55,973.17,23467.0,892.0,892.0
734,255.690,236.700,255.6,236.55,973.17,23379.0,198.0,198.0
735,255.690,236.700,255.6,236.55,973.17,24167.0,502.0,502.0
736,255.690,236.700,255.6,236.55,973.17,22693.0,0.0,0.0
737,255.690,236.700,255.6,236.55,973.17,23168.0,0.0,0.0
738,255.690,236.700,255.6,236.55,973.17,25960.0,2179.0,2179.0
739,255.690,236.700,255.6,236.55,973.17,24134.0,839.0,839.0
740,255.690,236.700,255.6,236.55,973.17,21669.0,0.0,0.0
741,255.690,236.700,255.6,236.55,973.17,22759.0,0.0,0.0
742,255.690,236.700,255.6,236.55,973.17,24180.0,816.0,816.0
743,255.690,236.700,255.6,236.55,973.17,23684.0,115.0,115.0
744,255.690,236.700,255.6,236.55,973.17,21038.0,0.0,0.0
745,255.690,236.700,255.6,236.55,973.17,24378.0,1341.0,1341.0
746,255.690,236.700,255.6,236.55,973.17,23283.0,366.0,366.0
747,255.690,236.700,255.6,236.55,973.17,23701.0,312.0,312.0
748,255.690,236.700,255.6,236.55,973.17,23024.0,89.0,89.0
749,255.690,236.700,255.6,236.55,973.17,25613.0,2501.0,2501.0
750,255.690,236.700,255.6,236.55,973.17,23757.0,0.0,0.0
751,255.690,236.700,255.6,236.55,973.17,23657.0,1265.0,1265.0
752,255.690,236.700,255.6,236.55,973.17,24193.0,816.0,816.0
753,255.690,236.700,255.6,236.55,973.17,22228.0,0.0,0.0
754,255.690,236.700,255.6,236.55,973.17,24602.0,733.0,733.0
755,255.690,236.700,255.6,236.55,973.17,23368.0,7.0,7.0
756,255.690,236.700,255.6,236.55,973.17,25162.0,2058.0,2058.0
757,255.690,236.700,255.6,236.55,973.17,24118.0,571.0,571.0
758,255.690,236.700,255.6,236.55,973.17,23396.0,388.0,388.0
759,255.690,236.700,255.6,236.55,973.17,23507.0,283.0,283.0
760,255.690,236.700,255.6,236.55,973.17,23265.0,369.0,369.0
761,255.690,236.700,255.6,236.55,973.17,24651.0,998.0,998.0
762,255.690,236.700,255.6,236.55,973.17,23756.0,376.0,376.0
763,255.690,236.700,255.6,236.55,973.17,23936.0,1012.0,1012.0
764,255.690,236.700,255.6,236.55,973.17,24084.0,234.0,234.0
765,255.690,236.700,255.6,236.55,973.17,22246.0,0.0,0.0
766,255.690,236.700,255.6,236.55,973.17,25606.0,2151.0,2151.0
767,255.690,236.700,255.6,236.55,973.17,22345.0,0.0,0.0
768,255.690,236.700,255.6,236.55,973.17,21968.0,0.0,0.0
769,255.690,236.700,255.6,236.55,973.17,24039.0,1814.0,1814.0
770,255.690,236.700,255.6,236.55,973.17,22854.0,0.0,0.0
771,255.690,236.700,255.6,236.55,973.17,22918.0,672.0,672.0
772,255.690,236.700,255.6,236.55,973.17,25049.0,2168.0,2168.0
773,255.690,236.700,255.6,236.55,973.17,22842.0,0.0,0.0
774,255.690,236.700,255.6,236.55,973.17,23168.0,418.0,418.0
775,255.690,236.700,255.6,236.55,973.17,23581.0,457.0,457.0
776,255.690,236.700,255.6,236.55,973.17,24403.0,732.0,732.0
777,255.690,236.700,255.6,236.55,973.17,23203.0,727.0,727.0
778,255.690,236.700,255.6,236.55,973.17,22996.0,0.0,0.0
779,255.690,236.700,255.6,236.55,973.17,24055.0,1340.0,1340.0
780,255.690,236.700,255.6,236.55,973.17,25340.0,1324.0,1324.0
781,255.690,236.700,255.6,236.55,973.17,22178.0,0.0,0.0
782,255.690,236.700,255.6,236.55,973.17,23803.0,301.0,301.0
783,255.690,236.700,255.6,236.55,973.17,22882.0,0.0,0.0
784,255.690,236.700,255.6,236.55,973.17,23267.0,0.0,0.0
785,255.690,236.700,255.6,236.55,973.17,23885.0,952.0,952.0
786,255.690,236.700,255.6,236.55,973.17,25455.0,1895.0,1895.0
787,255.690,236.700,255.6,236.55,973.17,24819.0,1290.0,1290.0
788,255.690,236.700,255.6,236.55,973.17,23449.0,715.0,715.0
789,255.690,236.700,255.6,236.55,973.17,23062.0,121.0,121.0
790,255.690,236.700,255.6,236.55,973.17,23286.0,547.0,547.0
791,255.690,236.700,255.6,236.55,973.17,23117.0,0.0,0.0
792,255.690,236.700,255.6,236.55,973.17,23084.0,416.0,416.0
793,255.690,236.700,255.6,236.55,973.17,23247.0,0.0,0.0
794,255.690,236.700,255.6,236.55,973.17,22449.0,0.0,0.0
795,255.690,236.700,255.6,236.55,973.17,23676.0,1042.0,1042.0
796,255.690,236.700,255.6,236.55,973.17,23584.0,890.0,890.0
797,255.690,236.700,255.6,236.55,973.17,23410.0,145.0,145.0
798,255.690,236.700,255.6,236.55,973.17,23746.0,805.0,805.0
799,255.690,236.700,255.6,236.55,973.17,23816.0,0.0,0.0
800,255.690,236.700,255.6,236.55,973.17,24701.0,1969.0,1969.0
801,255.690,236.700,255.6,236.55,973.17,23637.0,0.0,0.0
802,255.690,236.700,255.6,236.55,973.17,23638.0,482.0,482.0
803,255.690,236.700,255.6,236.55,973.17,22804.0,0.0,0.0
804,255.690,236.700,255.6,236.55,973.17,24525.0,596.0,596.0
805,255.690,236.700,255.6,236.55,973.17,23594.0,520.0,520.0
806,255.690,236.700,255.6,236.55,973.17,25809.0,2745.0,2745.0
807,255.690,236.700,255.6,236.55,973.17,24925.0,1302.0,1302.0
808,255.690,236.700,255.6,236.55,973.17,24480.0,802.0,802.0
809,255.690,236.700,255.6,236.55,973.17,23297.0,511.0,511.0
810,255.690,236.700,255.6,236.55,973.17,23566.0,313.0,313.0
811,255.690,236.700,255.6,236.55,973.17,23128.0,336.0,336.0
812,255.690,236.700,255.6,236.55,973.17,24704.0,324.0,324.0
813,255.690,236.700,255.6,236.55,973.17,22787.0,0.0,0.0
814,255.690,236.700,255.6,236.55,973.17,23992.0,595.0,595.0
815,255.690,236.700,255.6,236.55,973.17,24204.0,658.0,658.0
816,255.690,236.700,255.6,236.55,973.17,24549.0,1437.0,1437.0
817,255.690,236.700,255.6,236.55,973.17,23165.0,0.0,0.0
818,255.690,236.700,255.6,236.55,973.17,21161.0,0.0,0.0
819,255.690,236.700,255.6,236.55,973.17,24988.0,2318.0,2318.0
820,255.690,236.700,255.6,236.55,973.17,24015.0,1016.0,1016.0
821,255.690,236.700,255.6,236.55,973.17,22727.0,0.0,0.0
822,255.690,236.700,255.6,236.55,973.17,22363.0,0.0,0.0
823,255.690,236.700,255.6,236.55,973.17,23639.0,630.0,630.0
824,255.690,236.700,255.6,236.55,973.17,22479.0,0.0,0.0
825,255.690,236.700,255.6,236.55,973.17,23619.0,0.0,0.0
826,255.690,236.700,255.6,236.55,973.17,25940.0,2071.0,2071.0
827,255.690,236.700,255.6,236.55,973.17,22552.0,31.0,31.0
828,255.690,236.700,255.6,236.55,973.17,21826.0,0.0,0.0
829,255.690,236.700,255.6,236.55,973.17,22638.0,0.0,0.0
830,255.690,236.700,255.6,236.55,973.17,24518.0,792.0,792.0
831,255.690,236.700,255.6,236.55,973.17,23479.0,0.0,0.0
832,255.690,236.700,255.6,236.55,973.17,22926.0,0.0,0.0
833,255.690,236.700,255.6,236.55,973.17,25427.0,1374.0,1374.0
834,255.690,236.700,255.6,236.55,973.17,23501.0,447.0,447.0
835,255.690,236.700,255.6,236.55,973.17,21658.0,0.0,0.0
836,255.690,236.700,255.6,236.55,973.17,23592.0,284.0,284.0
837,255.690,236.700,255.6,236.55,973.17,23382.0,534.0,534.0
838,255.690,236.700,255.6,236.55,973.17,23232.0,0.0,0.0
839,255.690,236.700,255.6,236.55,973.17,22954.0,69.0,69.0
840,255.690,236.700,255.6,236.55,973.17,23300.0,434.0,434.0
841,255.690,236.700,255.6,236.55,973.17,23732.0,1082.0,1082.0
842,255.690,236.700,255.6,236.55,973.17,24095.0,1063.0,1063.0
843,255.690,236.700,255.6,236.55,973.17,23891.0,1181.0,1181.0
844,255.690,236.700,255.6,236.55,973.17,23967.0,804.0,804.0
845,255.690,236.700,255.6,236.55,973.17,23664.0,5.0,5.0
846,255.690,236.700,255.6,236.55,973.17,21684.0,0.0,0.0
847,255.690,236.700,255.6,236.55,973.17,23586.0,707.0,707.0
848,255.690,236.700,255.6,236.55,973.17,21764.0,0.0,0.0
849,255.690,236.700,255.6,236.55,973.17,24103.0,1313.0,1313.0
850,255.690,236.700,255.6,236.55,973.17,23608.0,0.0,0.0
851,255.690,236.700,255.6,236.55,973.17,23268.0,60.0,60.0
852,255.690,236.700,255.6,236.55,973.17,23433.0,0.0,0.0
853,255.690,236.700,255.6,236.55,973.17,24758.0,1652.0,1652.0
854,255.690,236.700,255.6,236.55,973.17,24236.0,551.0,551.0
855,255.690,236.700,255.6,236.55,973.17,23232.0,631.0,631.0
856,255.690,236.700,255.6,236.55,973.17,23417.0,860.0,860.0
857,255.690,236.700,255.6,236.55,973.17,23603.0,822.0,822.0
858,255.690,236.700,255.6,236.55,973.17,22902.0,0.0,0.0
859,255.690,236.700,255.6,236.55,973.17,23392.0,824.0,824.0
860,255.690,236.700,255.6,236.55,973.17,22105.0,0.0,0.0
861,255.690,236.700,255.6,236.55,973.17,23613.0,392.0,392.0
862,255.690,236.700,255.6,236.55,973.17,23898.0,1272.0,1272.0
863,255.690,236.700,255.6,236.55,973.17,23071.0,91.0,91.0
864,255.690,236.700,255.6,236.55,973.17,23463.0,777.0,777.0
865,255.690,236.700,255.6,236.55,973.17,23846.0,1020.0,1020.0
866,255.690,236.700,255.6,236.55,973.17,23321.0,84.0,84.0
867,255.690,236.700,255.6,236.55,973.17,22832.0,0.0,0.0
868,255.690,236.700,255.6,236.55,973.17,23813.0,557.0,557.0
869,255.690,236.700,255.6,236.55,973.17,24271.0,1258.0,1258.0
870,255.690,236.700,255.6,236.55,973.17,23111.0,434.0,434.0
871,255.690,236.700,255.6,236.55,973.17,22652.0,0.0,0.0
872,255.690,236.700,255.6,236.55,973.17,23735.0,455.0,455.0
873,255.690,236.700,255.6,236.55,973.17,24313.0,773.0,773.0
874,255.690,236.700,255.6,236.55,973.17,24103.0,98.0,98.0
875,255.690,236.700,255.6,236.55,973.17,23963.0,222.0,222.0
876,255.690,236.700,255.6,236.55,973.17,24586.0,419.0,419.0
877,255.690,236.700,255.6,236.55,973.17,23050.0,165.0,165.0
878,255.690,236.700,255.6,236.55,973.17,23390.0,496.0,496.0
879,255.690,236.700,255.6,236.55,973.17,23324.0,421.0,421.0
880,255.690,236.700,255.6,236.55,973.17,23009.0,173.0,173.0
881,255.690,236.700,255.6,236.55,973.17,24164.0,1868.0,1868.0
882,255.690,236.700,255.6,236.55,973.17,23315.0,0.0,0.0
883,255.690,236.700,255.6,236.55,973.17,24546.0,1174.0,1174.0
884,255.690,236.700,255.6,236.55,973.17,24703.0,1750.0,1750.0
885,255.690,236.700,255.6,236.55,973.17,23584.0,0.0,0.0
886,255.690,236.700,255.6,236.55,973.17,23244.0,1073.0,1073.0
887,255.690,236.700,255.6,236.55,973.17,23911.0,1369.0,1369.0
888,255.690,236.700,255.6,236.55,973.17,22945.0,0.0,0.0
889,255.690,236.700,255.6,236.55,973.17,22894.0,0.0,0.0
890,255.690,236.700,255.6,236.55,973.17,23302.0,0.0,0.0
891,255.690,236.700,255.6,236.55,973.17,22566.0,0.0,0.0
892,255.690,236.700,255.6,236.55,973.17,23332.0,964.0,964.0
893,255.690,236.700,255.6,236.55,973.17,23228.0,0.0,0.0
894,255.690,236.700,255.6,236.55,973.17,22899.0,109.0,109.0
895,255.690,236.700,255.6,236.55,973.17,23290.0,563.0,563.0
896,255.690,236.700,255.6,236.55,973.17,22240.0,0.0,0.0
897,255.690,236.700,255.6,236.55,973.17,24064.0,927.0,927.0
898,255.690,236.700,255.6,236.55,973.17,23611.0,138.0,138.0
899,255.690,236.700,255.6,236.55,973.17,23857.0,116.0,116.0
900,255.690,236.700,255.6,236.55,973.17,24277.0,1232.0,1232.0
901,255.690,236.700,255.6,236.55,973.17,22201.0,0.0,0.0
902,255.690,236.700,255.6,236.55,973.17,22990.0,0.0,0.0
903,255.690,236.700,255.6,236.55,973.17,21903.0,0.0,0.0
904,255.690,236.700,255.6,236.55,973.17,22482.0,0.0,0.0
905,255.690,236.700,255.6,236.55,973.17,23491.0,873.0,873.0
906,255.690,236.700,255.6,236.55,973.17,22352.0,0.0,0.0
907,255.690,236.700,255.6,236.55,973.17,22533.0,125.0,125.0
908,255.690,236.700,255.6,236.55,973.17,24037.0,481.0,481.0
909,255.690,236.700,255.6,236.55,973.17,22125.0,0.0,0.0
910,255.690,236.700,255.6,236.55,973.17,22285.0,0.0,0.0
911,255.690,236.700,255.6,236.55,973.17,23586.0,846.0,846.0
912,255.690,236.700,255.6,236.55,973.17,22868.0,0.0,0.0
913,255.690,236.700,255.6,236.55,973.17,22364.0,0.0,0.0
914,255.690,236.700,255.6,236.55,973.17,23766.0,475.0,475.0
915,255.690,236.700,255.6,236.55,973.17,22487.0,0.0,0.0
916,255.690,236.700,255.6,236.55,973.17,23473.0,23.0,23.0
917,255.690,236.700,255.6,236.55,973.17,22047.0,0.0,0.0
918,255.690,236.700,255.6,236.55,973.17,22881.0,0.0,0.0
919,255.690,236.700,255.6,236.55,973.17,23029.0,0.0,0.0
920,255.690,236.700,255.6,236.55,973.17,23429.0,936.0,936.0
921,255.690,236.700,255.6,236.55,973.17,23451.0,0.0,0.0
922,255.690,236.700,255.6,236.55,973.17,23392.0,729.0,729.0
923,255.690,236.700,255.6,236.55,973.17,23432.0,532.0,532.0
924,255.690,236.700,255.6,236.55,973.17,23970.0,331.0,331.0
925,255.690,236.700,255.6,236.55,973.17,23240.0,316.0,316.0
926,255.690,236.700,255.6,236.55,973.17,22502.0,0.0,0.0
927,255.690,236.700,255.6,236.55,973.17,22887.0,0.0,0.0
928,255.690,236.700,255.6,236.55,973.17,23304.0,41.0,41.0
929,255.690,236.700,255.6,236.55,973.17,23389.0,1398.0,1398.0
930,255.690,236.700,255.6,236.55,973.17,23197.0,480.0,480.0
931,255.690,236.700,255.6,236.55,973.17,23757.0,24.0,24.0
932,255.690,236.700,255.6,236.55,973.17,22616.0,207.0,207.0
933,255.690,236.700,255.6,236.55,973.17,23263.0,0.0,0.0
934,255.690,236.700,255.6,236.55,973.17,24307.0,1504.0,1504.0
935,255.690,236.700,255.6,236.55,973.17,22655.0,0.0,0.0
936,255.690,236.700,255.6,236.55,973.17,22917.0,0.0,0.0
937,255.690,236.700,255.6,236.55,973.17,24167.0,583.0,583.0
938,255.690,236.700,255.6,236.55,973.17,23220.0,0.0,0.0
939,255.690,236.700,255.6,236.55,973.17,24690.0,1428.0,1428.0
940,255.690,236.700,255.6,236.55,973.17,22902.0,0.0,0.0
941,255.690,236.700,255.6,236.55,973.17,21571.0,0.0,0.0
942,255.690,236.700,255.6,236.55,973.17,22797.0,773.0,773.0
943,255.690,236.700,255.6,236.55,973.17,24544.0,1365.0,1365.0
944,255.690,236.700,255.6,236.55,973.17,20642.0,0.0,0.0
945,255.690,236.700,255.6,236.55,973.17,23074.0,437.0,437.0
946,255.690,236.700,255.6,236.55,973.17,23489.0,0.0,0.0
947,255.690,236.700,255.6,236.55,973.17,23363.0,252.0,252.0
948,255.690,236.700,255.6,236.55,973.17,23148.0,574.0,574.0
949,255.690,236.700,255.6,236.55,973.17,23076.0,308.0,308.0
950,255.690,236.700,255.6,236.55,973.17,22821.0,0.0,0.0
951,255.690,236.700,255.6,236.55,973.17,23424.0,516.0,516.0
952,255.690,236.700,255.6,236.55,973.17,24278.0,692.0,692.0
953,255.690,236.700,255.6,236.55,973.17,22780.0,0.0,0.0
954,255.690,236.700,255.6,236.55,973.17,23476.0,731.0,731.0
955,255.690,236.700,255.6,236.55,973.17,24065.0,698.0,698.0
956,255.690,236.700,255.6,236.55,973.17,22743.0,0.0,0.0
957,255.690,236.700,255.6,236.55,973.17,23221.0,0.0,0.0
958,255.690,236.700,255.6,236.55,973.17,22414.0,0.0,0.0
959,255.690,236.700,255.6,236.55,973.17,23931.0,0.0,0.0
960,255.690,236.700,255.6,236.55,973.17,22829.0,0.0,0.0
961,255.690,236.700,255.6,236.55,973.17,23464.0,0.0,0.0
962,255.690,236.700,255.6,236.55,973.17,23026.0,0.0,0.0
963,255.690,236.700,255.6,236.55,973.17,21227.0,0.0,0.0
964,255.690,236.700,255.6,236.55,973.17,23439.0,864.0,864.0
965,255.690,236.700,255.6,236.55,973.17,22396.0,0.0,0.0
966,255.690,236.700,255.6,236.55,973.17,24611.0,437.0,437.0
967,255.690,236.700,255.6,236.55,973.17,22619.0,0.0,0.0
968,255.690,236.700,255.6,236.55,973.17,23403.0,0.0,0.0
969,255.690,236.700,255.6,236.55,973.17,23837.0,351.0,351.0
970,255.690,236.700,255.6,236.55,973.17,22709.0,0.0,0.0
971,255.690,236.700,255.6,236.55,973.17,22773.0,0.0,0.0
972,255.690,236.700,255.6,236.55,973.17,23092.0,0.0,0.0
973,255.690,236.700,255.6,236.55,973.17,21920.0,0.0,0.0
974,255.690,236.700,255.6,236.55,973.17,22000.0,0.0,0.0
975,255.690,236.700,255.6,236.55,973.17,24060.0,733.0,733.0
976,255.690,236.700,255.6,236.55,973.17,22221.0,0.0,0.0
977,255.690,236.700,255.6,236.55,973.17,22255.0,0.0,0.0
978,255.690,236.700,255.6,236.55,973.17,23012.0,0.0,0.0
979,255.690,236.700,255.6,236.55,973.17,23023.0,281.0,281.0
980,255.690,236.700,255.6,236.55,973.17,23969.0,496.0,496.0
981,255.690,236.700,255.6,236.55,973.17,23092.0,315.0,315.0
982,255.690,236.700,255.6,236.55,973.17,23122.0,0.0,0.0
983,255.690,236.700,255.6,236.55,973.17,23045.0,0.0,0.0
984,255.690,236.700,255.6,236.55,973.17,24347.0,304.0,304.0
985,255.690,236.700,255.6,236.55,973.17,23475.0,356.0,356.0
986,255.690,236.700,255.6,236.55,973.17,23465.0,596.0,596.0
987,255.690,236.700,255.6,236.55,973.17,22360.0,0.0,0.0
988,255.690,236.700,255.6,236.55,973.17,21790.0,0.0,0.0
989,255.690,236.700,255.6,236.55,973.17,23793.0,343.0,343.0
990,255.690,236.700,255.6,236.55,973.17,23710.0,1064.0,1064.0
991,255.690,236.700,255.6,236.55,973.17,23984.0,1424.0,1424.0
992,255.690,236.700,255.6,236.55,973.17,22920.0,149.0,149.0
993,255.690,236.700,255.6,236.55,973.17,22427.0,0.0,0.0
994,255.690,236.700,255.6,236.55,973.17,23625.0,612.0,612.0
995,255.690,236.700,255.6,236.55,973.17,23286.0,461.0,461.0
996,255.690,236.700,255.6,236.55,973.17,22693.0,0.0,0.0
997,255.690,236.700,255.6,236.55,973.17,23975.0,0.0,0.0
998,255.690,236.700,255.6,236.55,973.17,22082.0,0.0,0.0
999,255.690,236.700,255.6,236.55,973.17,22039.0,0.0,0.0
1000,255.690,236.700,255.6,236.55,973.17,23017.0,0.0,0.0
1001,255.690,236.700,255.6,236.55,973.17,22399.0,0.0,0.0
1002,255.690,236.700,255.6,236.55,973.17,23016.0,1078.0,1078.0
1003,255.690,236.700,255.6,236.55,973.17,23443.0,0.0,0.0
1004,255.690,236.700,255.6,236.55,973.17,22866.0,175.0,175.0
1005,255.690,236.700,255.6,236.55,973.17,22072.0,0.0,0.0
1006,255.690,236.700,255.6,236.55,973.17,22610.0,245.0,245.0
1007,255.690,236.700,255.6,236.55,973.17,23730.0,1271.0,1271.0
1008,255.690,236.700,255.6,236.55,973.17,23464.0,0.0,0.0
1009,255.690,236.700,255.6,236.55,973.17,24385.0,1508.0,1508.0
1010,255.690,236.700,255.6,236.55,973.17,23469.0,331.0,331.0
1011,255.690,236.700,255.6,236.55,973.17,23372.0,34.0,34.0
1012,255.690,236.700,255.6,236.55,973.17,23090.0,0.0,0.0
1013,255.690,236.700,255.6,236.55,973.17,23037.0,0.0,0.0
1014,255.690,236.700,255.6,236.55,973.17,23675.0,560.0,560.0
1015,255.690,236.700,255.6,236.55,973.17,22241.0,0.0,0.0
1016,255.690,236.700,255.6,236.55,973.17,23306.0,0.0,0.0
1017,255.690,236.700,255.6,236.55,973.17,22809.0,0.0,0.0
1018,255.690,236.700,255.6,236.55,973.17,22536.0,0.0,0.0
1019,255.690,236.700,255.6,236.55,973.17,22555.0,0.0,0.0
1020,255.690,236.700,255.6,236.55,973.17,22704.0,423.0,423.0
1021,255.690,236.700,255.6,236.55,973.17,22255.0,0.0,0.0
1022,255.690,236.700,255.6,236.55,973.17,22904.0,260.0,260.0
1023,255.690,236.700,255.6,236.55,973.17,22069.0,0.0,0.0
1024,255.690,236.700,255.6,236.55,973.17,22767.0,0.0,0.0
1025,255.690,236.700,255.6,236.55,973.17,22947.0,0.0,0.0
1026,255.690,236.700,255.6,236.55,973.17,22750.0,0.0,0.0
1027,255.690,236.700,255.6,236.55,973.17,22280.0,0.0,0.0
1028,255.690,236.700,255.6,236.55,973.17,21246.0,0.0,0.0
1029,255.690,236.700,255.6,236.55,973.17,24131.0,481.0,481.0
1030,255.690,236.700,255.6,236.55,973.17,22813.0,0.0,0.0
1031,255.690,236.700,255.6,236.55,973.17,24847.0,1377.0,1377.0
1032,255.690,236.700,255.6,236.55,973.17,23126.0,219.0,219.0
1033,255.690,236.700,255.6,236.55,973.17,23996.0,1128.0,1128.0
1034,255.690,236.700,255.6,236.55,973.17,22495.0,0.0,0.0
1035,255.690,236.700,255.6,236.55,973.17,23886.0,237.0,237.0
1036,255.690,236.700,255.6,236.55,973.17,22414.0,0.0,0.0
1037,255.690,236.700,255.6,236.55,973.17,22453.0,0.0,0.0
1038,255.690,236.700,255.6,236.55,973.17,22772.0,0.0,0.0
1039,255.690,236.700,255.6,236.55,973.17,24075.0,807.0,807.0
1040,255.690,236.700,255.6,236.55,973.17,23283.0,25.0,25.0
1041,255.690,236.700,255.6,236.55,973.17,23299.0,41.0,41.0
1042,255.690,236.700,255.6,236.55,973.17,22158.0,0.0,0.0
1043,255.690,236.700,255.6,236.55,973.17,23106.0,74.0,74.0
1044,255.690,236.700,255.6,236.55,973.17,22559.0,477.0,477.0
1045,255.690,236.700,255.6,236.55,973.17,23244.0,0.0,0.0
1046,255.690,236.700,255.6,236.55,973.17,23582.0,277.0,277.0
1047,255.690,236.700,255.6,236.55,973.17,23266.0,101.0,101.0
1048,255.690,236.700,255.6,236.55,973.17,23072.0,414.0,414.0
1049,255.690,236.700,255.6,236.55,973.17,23720.0,448.0,448.0
1050,255.690,236.700,255.6,236.55,973.17,21920.0,0.0,0.0
1051,255.690,236.700,255.6,236.55,973.17,23288.0,0.0,0.0
1052,255.690,236.700,255.6,236.55,973.17,24290.0,1515.0,1515.0
1053,255.690,236.700,255.6,236.55,973.17,23647.0,774.0,774.0
1054,255.690,236.700,255.6,236.55,973.17,22676.0,32.0,32.0
1055,255.690,236.700,255.6,236.55,973.17,22772.0,0.0,0.0
1056,255.690,236.700,255.6,236.55,973.17,24846.0,1370.0,1370.0
1057,255.690,236.700,255.6,236.55,973.17,22529.0,486.0,486.0
1058,255.690,236.700,255.6,236.55,973.17,24509.0,1792.0,1792.0
1059,255.690,236.700,255.6,236.55,973.17,22727.0,0.0,0.0
1060,255.690,236.700,255.6,236.55,973.17,23545.0,1314.0,1314.0
1061,255.690,236.700,255.6,236.55,973.17,22754.0,0.0,0.0
1062,255.690,236.700,255.6,236.55,973.17,23450.0,0.0,0.0
1063,255.690,236.700,255.6,236.55,973.17,23375.0,129.0,129.0
1064,255.690,236.700,255.6,236.55,973.17,24095.0,560.0,560.0
1065,255.690,236.700,255.6,236.55,973.17,24091.0,0.0,0.0
1066,255.690,236.700,255.6,236.55,973.17,22518.0,40.0,40.0
1067,255.690,236.700,255.6,236.55,973.17,20261.0,0.0,0.0
1068,255.690,236.700,255.6,236.55,973.17,22909.0,962.0,962.0
1069,255.690,236.700,255.6,236.55,973.17,22176.0,0.0,0.0
1070,255.690,236.700,255.6,236.55,973.17,24791.0,1748.0,1748.0
1071,255.690,236.700,255.6,236.55,973.17,23509.0,0.0,0.0
1072,255.690,236.700,255.6,236.55,973.17,22491.0,0.0,0.0
1073,255.690,236.700,255.6,236.55,973.17,24436.0,1292.0,1292.0
1074,255.690,236.700,255.6,236.55,973.17,23453.0,253.0,253.0
1075,255.690,236.700,255.6,236.55,973.17,24371.0,1489.0,1489.0
1076,255.690,236.700,255.6,236.55,973.17,23736.0,929.0,929.0
1077,255.690,236.700,255.6,236.55,973.17,23428.0,0.0,0.0
1078,255.690,236.700,255.6,236.55,973.17,23438.0,571.0,571.0
1079,255.690,236.700,255.6,236.55,973.17,24873.0,1419.0,1419.0
1080,255.690,236.700,255.6,236.55,973.17,22143.0,183.0,183.0
1081,255.690,236.700,255.6,236.55,973.17,22550.0,0.0,0.0
1082,255.690,236.700,255.6,236.55,973.17,23505.0,213.0,213.0
1083,255.690,236.700,255.6,236.55,973.17,23725.0,1008.0,1008.0
1084,255.690,236.700,255.6,236.55,973.17,22294.0,0.0,0.0
1085,255.690,236.700,255.6,236.55,973.17,24079.0,514.0,514.0
1086,255.690,236.700,255.6,236.55,973.17,23786.0,455.0,455.0
1087,255.690,236.700,255.6,236.55,973.17,23282.0,356.0,356.0
1088,255.690,236.700,255.6,236.55,973.17,23205.0,332.0,332.0
1089,255.690,236.700,255.6,236.55,973.17,24180.0,802.0,802.0
1090,255.690,236.700,255.6,236.55,973.17,22953.0,0.0,0.0
1091,255.690,236.700,255.6,236.55,973.17,20979.0,0.0,0.0
1092,255.690,236.700,255.6,236.55,973.17,22661.0,81.0,81.0
1093,255.690,236.700,255.6,236.55,973.17,22520.0,0.0,0.0
1094,255.690,236.700,255.6,236.55,973.17,22762.0,0.0,0.0
1095,255.690,236.700,255.6,236.55,973.17,23882.0,1054.0,1054.0
1096,255.690,236.700,255.6,236.55,973.17,23115.0,34.0,34.0
1097,255.690,236.700,255.6,236.55,973.17,22794.0,0.0,0.0
1098,255.690,236.700,255.6,236.55,973.17,24117.0,1222.0,1222.0
1099,255.690,236.700,255.6,236.55,973.17,21063.0,0.0,0.0
1100,255.690,236.700,255.6,236.55,973.17,23829.0,919.0,919.0
1101,255.690,236.700,255.6,236.55,973.17,24095.0,366.0,366.0
1102,255.690,236.700,255.6,236.55,973.17,23138.0,154.0,154.0
1103,255.690,236.700,255.6,236.55,973.17,23417.0,219.0,219.0
1104,255.690,236.700,255.6,236.55,973.17,22778.0,855.0,855.0
1105,255.690,236.700,255.6,236.55,973.17,22647.0,0.0,0.0
1106,255.690,236.700,255.6,236.55,973.17,23905.0,988.0,988.0
1107,255.690,236.700,255.6,236.55,973.17,23225.0,514.0,514.0
1108,255.690,236.700,255.6,236.55,973.17,22294.0,0.0,0.0
1109,255.690,236.700,255.6,236.55,973.17,24895.0,1186.0,1186.0
1110,255.690,236.700,255.6,236.55,973.17,23598.0,801.0,801.0
1111,255.690,236.700,255.6,236.55,973.17,23382.0,0.0,0.0
1112,255.690,236.700,255.6,236.55,973.17,21586.0,0.0,0.0
1113,255.690,236.700,255.6,236.55,973.17,22984.0,0.0,0.0
1114,255.690,236.700,255.6,236.55,973.17,24030.0,768.0,768.0
1115,255.690,236.700,255.6,236.55,973.17,23151.0,338.0,338.0
1116,255.690,236.700,255.6,236.55,973.17,23394.0,98.0,98.0
1117,255.690,236.700,255.6,236.55,973.17,23544.0,263.0,263.0
1118,255.690,236.700,255.6,236.55,973.17,23101.0,0.0,0.0
1119,255.690,236.700,255.6,236.55,973.17,23992.0,218.0,218.0
1120,255.690,236.700,255.6,236.55,973.17,23838.0,1517.0,1517.0
1121,255.690,236.700,255.6,236.55,973.17,23290.0,948.0,948.0
1122,255.690,236.700,255.6,236.55,973.17,23144.0,129.0,129.0
1123,255.690,236.700,255.6,236.55,973.17,23717.0,68.0,68.0
1124,255.690,236.700,255.6,236.55,973.17,23285.0,169.0,169.0
1125,255.690,236.700,255.6,236.55,973.17,24241.0,1245.0,1245.0
1126,255.690,236.700,255.6,236.55,973.17,23545.0,344.0,344.0
1127,255.690,236.700,255.6,236.55,973.17,23146.0,533.0,533.0
1128,255.690,236.700,255.6,236.55,973.17,23167.0,743.0,743.0
1129,255.690,236.700,255.6,236.55,973.17,22604.0,285.0,285.0
1130,255.690,236.700,255.6,236.55,973.17,24666.0,1864.0,1864.0
1131,255.690,236.700,255.6,236.55,973.17,21832.0,0.0,0.0
1132,255.690,236.700,255.6,236.55,973.17,23323.0,0.0,0.0
1133,255.690,236.700,255.6,236.55,973.17,21223.0,0.0,0.0
1134,255.690,236.700,255.6,236.55,973.17,22355.0,0.0,0.0
1135,255.690,236.700,255.6,236.55,973.17,23430.0,240.0,240.0
1136,255.690,236.700,255.6,236.55,973.17,22673.0,617.0,617.0
1137,255.690,236.700,255.6,236.55,973.17,31049.0,6697.0,6697.0
1138,255.690,236.700,255.6,236.55,973.17,34347.0,9935.0,9935.0
1139,255.690,236.700,255.8,236.46,973.17,34200.0,10056.0,10056.0
1140,255.690,236.700,255.67,236.63,973.17,33046.0,8799.0,8799.0
1141,255.690,236.700,255.56,236.7,973.17,33783.0,9196.0,9196.0
1142,255.690,236.700,255.88,236.85,973.17,33952.0,9101.0,9101.0
1143,255.690,236.700,255.5,236.48,973.17,32829.0,7966.0,7966.0
1144,255.690,236.700,255.6,236.53,973.17,33902.0,9450.0,9450.0
1145,255.690,236.700,255.7,236.73,973.17,35543.0,10858.0,10858.0
1146,255.690,236.700,256.1,236.46,973.17,32251.0,8046.0,8046.0
1147,255.690,236.700,255.51,236.58,973.17,34482.0,10119.0,10119.0
1148,255.690,236.700,255.58,236.61,973.17,32520.0,8187.0,8187.0
1149,255.690,236.700,255.93,236.44,973.17,34892.0,10231.0,10231.0
1150,255.690,236.700,255.91,236.94,973.17,32198.0,7630.0,7630.0
1151,255.690,236.700,255.76,236.82,973.17,34883.0,9743.0,9743.0
1152,255.690,236.700,255.57,236.65,973.17,33041.0,8606.0,8606.0
1153,255.690,236.700,255.79,236.66,973.17,36197.0,11931.0,11931.0
1154,255.690,236.700,255.6,236.55,973.17,31400.0,6374.0,6374.0
1155,255.690,236.700,255.55,236.71,973.17,34706.0,10480.0,10480.0
1156,255.690,236.700,255.58,236.58,973.17,34473.0,9895.0,9895.0
1157,255.690,236.700,255.65,236.78,973.17,34249.0,8764.0,8764.0
1158,255.690,236.700,255.32,236.38,973.17,33013.0,9183.0,9183.0
1159,255.690,236.700,255.79,236.39,973.17,35222.0,10057.0,10057.0
1160,255.690,236.700,255.83,236.47,973.17,34058.0,8638.0,8638.0
1161,255.690,236.700,255.69,236.6,973.17,36025.0,11214.0,11214.0
1162,255.690,236.700,255.72,236.42,973.17,33618.0,9254.0,9254.0
1163,255.690,236.700,255.41,236.51,973.17,32994.0,8649.0,8649.0
1164,255.690,236.700,255.89,236.59,973.17,33592.0,8613.0,8613.0
1165,255.690,236.700,255.84,236.43,973.17,34817.0,10680.0,10680.0
1166,255.690,236.700,256.01,236.65,973.17,33466.0,7916.0,7916.0
1167,255.690,236.700,255.55,236.37,973.17,34066.0,8183.0,8183.0
1168,255.690,236.700,255.51,236.39,973.17,33571.0,8929.0,8929.0
1169,255.690,236.700,255.69,236.68,973.17,34249.0,10372.0,10372.0
1170,255.690,236.700,255.8,236.64,973.17,33534.0,9619.0,9619.0
1171,255.690,236.700,255.68,236.69,973.17,33733.0,8641.0,8641.0
1172,255.690,236.700,255.64,236.45,973.17,34450.0,9001.0,9001.0
1173,255.690,236.700,255.45,236.67,973.17,32573.0,8793.0,8793.0
1174,255.690,236.700,255.58,236.81,973.17,34195.0,8733.0,8733.0
1175,255.690,236.700,255.83,236.72,973.17,34618.0,10161.0,10161.0
1176,255.690,236.700,255.84,236.78,973.17,34037.0,9715.0,9715.0
1177,255.690,236.700,255.57,236.52,973.17,34040.0,10370.0,10370.0
1178,255.690,236.700,255.71,236.61,973.17,34795.0,9510.0,9510.0
1179,255.690,236.700,255.53,236.65,973.17,34079.0,9773.0,9773.0
1180,255.690,236.700,255.67,236.57,973.17,32755.0,8136.0,8136.0
1181,255.690,236.700,255.58,236.52,973.17,33994.0,8257.0,8257.0
1182,255.690,236.700,255.72,236.43,973.17,33680.0,8956.0,8956.0
1183,255.690,236.700,255.69,236.28,973.17,36910.0,11081.0,11081.0
1184,255.690,236.700,255.74,236.79,973.17,33384.0,8890.0,8890.0
1185,255.690,236.700,255.44,236.53,973.17,33460.0,9844.0,9844.0
1186,255.690,236.700,255.37,236.47,973.17,33442.0,7991.0,7991.0
1187,255.690,236.700,255.73,236.67,973.17,32443.0,8055.0,8055.0
1188,255.690,236.700,255.42,236.54,973.17,32376.0,8517.0,8517.0
1189,255.690,236.700,255.54,236.37,973.17,35563.0,11184.0,11184.0
1190,255.690,236.700,255.47,236.6,973.17,33920.0,9430.0,9430.0
1191,255.690,236.700,255.67,236.74,973.17,34068.0,9935.0,9935.0
1192,255.690,236.700,255.75,236.75,973.17,35264.0,9476.0,9476.0
1193,255.690,236.700,255.54,236.42,973.17,34266.0,9719.0,9719.0
1194,255.690,236.700,255.6,236.76,973.17,32554.0,8946.0,8946.0
1195,255.690,236.700,255.71,236.5,973.17,33792.0,9031.0,9031.0
1196,255.690,236.700,255.63,236.66,973.17,35128.0,10066.0,10066.0
1197,255.690,236.700,255.56,236.62,973.17,33143.0,9089.0,9089.0
1198,255.690,236.700,255.54,236.49,973.17,33682.0,9524.0,9524.0
1199,255.690,236.700,255.9,236.65,973.17,32428.0,7659.0,7659.0
1200,255.690,236.700,255.75,236.63,973.17,33110.0,8734.0,8734.0
1201,255.690,236.700,255.91,236.67,973.17,35816.0,11527.0,11527.0
1202,255.690,236.700,255.62,236.65,973.17,35084.0,10486.0,10486.0
1203,255.690,236.700,255.83,236.36,973.17,35564.0,10671.0,10671.0
1204,255.690,236.700,255.7,236.57,973.17,33096.0,9306.0,9306.0
1205,255.690,236.700,255.76,236.81,973.17,33996.0,9772.0,9772.0
1206,255.690,236.700,255.54,236.41,973.17,33834.0,9261.0,9261.0
1207,255.690,236.700,255.62,236.36,973.17,32018.0,8308.0,8308.0
1208,255.690,236.700,255.75,236.59,973.17,34589.0,9495.0,9495.0
1209,255.690,236.700,255.6,236.39,973.17,34774.0,10152.0,10152.0
1210,255.690,236.700,256.04,236.28,973.17,33570.0,9703.0,9703.0
1211,255.690,236.700,255.6,236.55,973.17,31021.0,6169.0,6169.0
1212,255.690,236.700,255.55,236.45,973.17,33269.0,9316.0,9316.0
1213,255.690,236.700,255.76,236.52,973.17,35076.0,10634.0,10634.0
1214,255.690,236.700,255.54,236.7,973.17,32938.0,8600.0,8600.0
1215,255.690,236.700,255.45,236.63,973.17,35597.0,10541.0,10541.0
1216,255.690,236.700,255.44,236.71,973.17,33696.0,9354.0,9354.0
1217,255.690,236.700,255.87,236.71,973.17,34051.0,9494.0,9494.0
1218,255.690,236.700,255.61,236.47,973.17,33583.0,9851.0,9851.0
1219,255.690,236.700,255.67,236.76,973.17,33239.0,8905.0,8905.0
1220,255.690,236.700,255.6,236.55,973.17,32896.0,8790.0,8790.0
1221,255.690,236.700,255.48,236.58,973.17,33320.0,9186.0,9186.0
1222,255.690,236.700,255.66,236.55,973.17,33334.0,8488.0,8488.0
1223,255.690,236.700,255.68,236.44,973.17,35713.0,10761.0,10761.0
1224,255.690,236.700,255.59,236.52,973.17,36326.0,11274.0,11274.0
1225,255.690,236.700,255.84,236.47,973.17,33617.0,8768.0,8768.0
1226,255.690,236.700,255.63,236.52,973.17,33398.0,8543.0,8543.0
1227,255.690,236.700,255.55,236.62,973.17,34922.0,9464.0,9464.0
1228,255.690,236.700,255.93,236.76,973.17,35063.0,10091.0,10091.0
1229,255.690,236.700,255.81,236.56,973.17,32985.0,8544.0,8544.0
1230,255.690,236.700,255.45,236.44,973.17,32831.0,8909.0,8909.0
1231,255.690,236.700,255.72,236.31,973.17,33131.0,8894.0,8894.0
1232,255.690,236.700,255.73,236.71,973.17,34508.0,10426.0,10426.0
1233,255.690,236.700,256.03,236.41,973.17,33075.0,8502.0,8502.0
1234,255.690,236.700,255.73,236.6,973.17,34936.0,10422.0,10422.0
1235,255.690,236.700,255.63,236.54,973.17,34759.0,9867.0,9867.0
1236,255.690,236.700,255.58,236.6,973.17,31578.0,7519.0,7519.0
1237,255.690,236.700,255.83,236.61,973.17,34521.0,9366.0,9366.0
1238,255.690,236.700,255.37,237.02,973.17,33146.0,8449.0,8449.0
1239,255.690,236.700,255.63,236.54,973.17,35761.0,10425.0,10425.0
1240,255.690,236.700,255.62,236.45,973.17,33698.0,10464.0,10464.0
1241,255.690,236.700,255.6,236.5,973.17,35135.0,10463.0,10463.0
1242,255.690,236.700,255.79,236.74,973.17,33867.0,10460.0,10460.0
1243,255.690,236.700,255.86,236.47,973.17,33683.0,9150.0,9150.0
1244,255.690,236.700,255.91,236.66,973.17,34616.0,10244.0,10244.0
1245,255.690,236.700,255.75,236.62,973.17,35129.0,11081.0,11081.0
1246,255.690,236.700,255.97,236.28,973.17,33654.0,8375.0,8375.0
1247,255.690,236.700,255.94,236.52,973.17,34450.0,9327.0,9327.0
1248,255.690,236.700,255.7,236.36,973.17,34111.0,9782.0,9782.0
1249,255.690,236.700,255.61,236.49,973.17,32601.0,8647.0,8647.0
1250,255.690,236.700,255.51,236.56,973.17,34522.0,10365.0,10365.0
1251,255.690,236.700,255.8,236.8,973.17,33959.0,8605.0,8605.0
1252,255.690,236.700,255.91,236.58,973.17,35142.0,10890.0,10890.0
1253,255.690,236.700,255.88,236.42,973.17,34370.0,9992.0,9992.0
1254,255.690,236.700,255.77,236.64,973.17,36242.0,11382.0,11382.0
1255,255.690,236.700,255.73,236.63,973.17,35274.0,10121.0,10121.0
1256,255.690,236.700,256.07,236.55,973.17,34632.0,9894.0,9894.0
1257,255.690,236.700,255.46,236.47,973.17,34767.0,10429.0,10429.0
1258,255.690,236.700,255.5,236.78,973.17,34215.0,9368.0,9368.0
1259,255.690,236.700,255.59,236.43,973.17,33656.0,8627.0,8627.0
1260,255.690,236.700,255.56,236.61,973.17,34861.0,9937.0,9937.0
1261,255.690,236.700,255.66,236.54,973.17,33570.0,9314.0,9314.0
1262,255.690,236.700,255.43,236.73,973.17,33068.0,8194.0,8194.0
1263,255.690,236.700,255.85,236.52,973.17,33724.0,8874.0,8874.0
1264,255.690,236.700,255.77,236.92,973.17,35225.0,10597.0,10597.0
1265,255.690,236.700,255.48,236.64,973.17,33710.0,9027.0,9027.0
1266,255.690,236.700,255.54,236.51,973.17,34874.0,10536.0,10536.0
1267,255.690,236.700,255.65,236.48,973.17,34156.0,9168.0,9168.0
1268,255.690,236.700,255.62,236.51,973.17,33943.0,8809.0,8809.0
1269,255.690,236.700,255.53,236.54,973.17,34301.0,10155.0,10155.0
1270,255.690,236.700,255.89,236.59,973.17,33407.0,9328.0,9328.0
1271,255.690,236.700,255.75,236.34,973.17,34453.0,9846.0,9846.0
1272,255.690,236.700,255.76,236.58,973.17,35568.0,10315.0,10315.0
1273,255.690,236.700,255.47,236.42,973.17,34382.0,10242.0,10242.0
1274,255.690,236.700,255.56,236.57,973.17,36985.0,12536.0,12536.0
1275,255.690,236.700,255.94,236.76,973.17,31827.0,7981.0,7981.0
1276,255.690,236.700,255.58,236.58,973.17,35312.0,10843.0,10843.0
1277,255.690,236.700,255.57,236.52,973.17,33184.0,8549.0,8549.0
1278,255.690,236.700,255.93,236.2,973.17,35064.0,9842.0,9842.0
1279,255.690,236.700,255.64,236.35,973.17,33107.0,9449.0,9449.0
1280,255.690,236.700,255.91,236.49,973.17,37684.0,12117.0,12117.0
1281,255.690,236.700,255.64,236.66,973.17,35176.0,10052.0,10052.0
1282,255.690,236.700,255.6,236.55,973.17,31454.0,7508.0,7508.0
1283,255.690,236.700,255.56,236.55,973.17,34858.0,10272.0,10272.0
1284,255.690,236.700,255.75,236.51,973.17,33852.0,10139.0,10139.0
1285,255.690,236.700,255.47,236.63,973.17,35432.0,10532.0,10532.0
1286,255.690,236.700,255.74,236.5,973.17,36621.0,11731.0,11731.0
1287,255.690,236.700,255.8,236.61,973.17,36228.0,12393.0,12393.0
1288,255.690,236.700,255.69,236.42,973.17,34753.0,10180.0,10180.0
1289,255.690,236.700,255.64,236.32,973.17,36371.0,11461.0,11461.0
1290,255.690,236.700,255.59,236.63,973.17,34936.0,9495.0,9495.0
1291,255.690,236.700,255.57,236.46,973.17,35056.0,10802.0,10802.0
1292,255.690,236.700,255.79,236.57,973.17,36764.0,10728.0,10728.0
1293,255.690,236.700,255.66,236.48,973.17,34813.0,9544.0,9544.0
1294,255.690,236.700,255.83,236.72,973.17,33702.0,9063.0,9063.0
1295,255.690,236.700,255.51,236.59,973.17,34000.0,8964.0,8964.0
1296,255.690,236.700,255.64,236.38,973.17,33869.0,8786.0,8786.0
1297,255.690,236.700,255.71,236.51,973.17,36238.0,11554.0,11554.0
1298,255.690,236.700,255.55,236.55,973.17,34687.0,10910.0,10910.0
1299,255.690,236.700,255.75,236.45,973.17,35110.0,11396.0,11396.0
1300,255.690,236.700,255.69,236.48,973.17,34303.0,9174.0,9174.0
1301,255.690,236.700,255.82,236.56,973.17,32921.0,8545.0,8545.0
1302,255.690,236.700,255.77,236.77,973.17,35056.0,9907.0,9907.0
1303,255.690,236.700,256.02,236.52,973.17,33800.0,9191.0,9191.0
1304,255.690,236.700,255.57,236.52,973.17,33347.0,9063.0,9063.0
1305,255.690,236.700,256.09,236.63,973.17,38332.0,13563.0,13563.0
1306,255.690,236.700,255.7,236.38,973.17,31759.0,7847.0,7847.0
1307,255.690,236.700,255.6,236.55,973.17,38632.0,11911.0,11911.0
1308,255.690,236.700,255.6,236.55,973.17,39839.0,12661.0,12661.0
1309,255.690,236.700,255.69,236.7,973.17,38790.0,10940.0,10940.0
1310,255.690,236.700,255.69,236.7,973.17,36214.0,8794.0,8794.0
1311,255.690,236.700,255.69,236.7,973.17,38556.0,11749.0,11749.0
1312,255.690,236.700,255.69,236.7,973.17,40474.0,13410.0,13410.0
1313,255.690,236.700,255.69,236.7,973.17,37459.0,10744.0,10744.0
1314,255.690,236.700,255.69,236.7,973.17,37224.0,10397.0,10397.0
1315,255.690,236.700,255.69,236.7,973.17,38355.0,10810.0,10810.0
1316,255.690,236.700,255.69,236.7,973.17,39051.0,11711.0,11711.0
1317,255.690,236.700,255.69,236.7,973.17,39829.0,12312.0,12312.0
1318,255.690,236.700,255.69,236.7,973.17,40435.0,13156.0,13156.0
1319,255.690,236.700,255.69,236.7,973.17,37976.0,11219.0,11219.0
1320,255.690,236.700,255.69,236.7,973.17,39435.0,11836.0,11836.0
1321,255.690,236.700,255.69,236.7,973.17,37824.0,9882.0,9882.0
1322,255.690,236.700,255.69,236.7,973.17,40864.0,13022.0,13022.0
1323,255.690,236.700,255.69,236.7,973.17,38177.0,11000.0,11000.0
1324,255.690,236.700,255.69,236.7,973.17,39802.0,12268.0,12268.0
1325,255.690,236.700,255.69,236.7,973.17,39859.0,12975.0,12975.0
1326,255.690,236.700,255.69,236.7,973.17,38542.0,11309.0,11309.0
1327,255.690,236.700,255.69,236.7,973.17,35484.0,9201.0,9201.0
1328,255.690,236.700,255.69,236.7,973.17,31835.0,5514.0,5514.0
1329,255.690,236.700,255.69,236.7,973.17,31695.0,5403.0,5403.0
1330,255.690,236.700,255.69,236.7,973.17,31970.0,6031.0,6031.0
1331,255.690,236.700,255.69,236.7,973.17,30961.0,4314.0,4314.0
1332,255.690,236.700,255.69,236.7,973.17,31106.0,3749.0,3749.0
1333,255.690,236.700,255.69,236.7,973.17,30281.0,4495.0,4495.0
1334,255.690,236.700,255.69,236.7,973.17,32810.0,6467.0,6467.0
1335,255.690,236.700,255.69,236.7,973.17,31635.0,5085.0,5085.0
1336,255.690,236.700,255.69,236.7,973.17,32816.0,6034.0,6034.0
1337,255.690,236.700,255.69,236.7,973.17,32793.0,5234.0,5234.0
1338,255.690,236.700,255.69,236.7,973.17,31067.0,4734.0,4734.0
1339,255.690,236.700,255.69,236.7,973.17,34036.0,6853.0,6853.0
1340,255.690,236.700,255.69,236.7,973.17,35098.0,8224.0,8224.0
1341,255.690,236.700,255.69,236.7,973.17,30350.0,4298.0,4298.0
1342,255.690,236.700,255.69,236.7,973.17,34064.0,6342.0,6342.0
1343,255.690,236.700,255.69,236.7,973.17,32892.0,6385.0,6385.0
1344,255.690,236.700,255.69,236.7,973.17,31307.0,4249.0,4249.0
1345,255.690,236.700,255.69,236.7,973.17,33057.0,6766.0,6766.0
1346,255.690,236.700,255.69,236.7,973.17,31316.0,5185.0,5185.0
1347,255.690,236.700,255.69,236.7,973.17,31397.0,4686.0,4686.0
1348,255.690,236.700,255.69,236.7,973.17,33702.0,6232.0,6232.0
1349,255.690,236.700,255.69,236.7,973.17,31930.0,5342.0,5342.0
1350,255.690,236.700,255.69,236.7,973.17,34569.0,8552.0,8552.0
1351,255.690,236.700,255.69,236.7,973.17,35671.0,8041.0,8041.0
1352,255.690,236.700,255.69,236.7,973.17,32917.0,7083.0,7083.0
1353,255.690,236.700,255.69,236.7,973.17,35608.0,6377.0,6377.0
1354,255.690,236.700,255.69,236.7,973.17,36942.0,8424.0,8424.0
1355,255.690,236.700,255.69,236.7,973.17,33076.0,6367.0,6367.0
1356,255.690,236.700,255.69,236.7,973.17,31343.0,4929.0,4929.0
1357,255.690,236.700,255.69,236.7,973.17,33579.0,6175.0,6175.0
1358,255.690,236.700,255.69,236.7,973.17,31530.0,5358.0,5358.0
1359,255.690,236.700,255.69,236.7,973.17,34121.0,6916.0,6916.0
1360,255.690,236.700,255.69,236.7,973.17,32326.0,5926.0,5926.0
1361,255.690,236.700,255.69,236.7,973.17,34870.0,6950.0,6950.0
1362,255.690,236.700,255.69,236.7,973.17,33272.0,5115.0,5115.0
1363,255.690,236.700,255.69,236.7,973.17,33607.0,7485.0,7485.0
1364,255.690,236.700,255.69,236.7,973.17,33505.0,7428.0,7428.0
1365,255.690,236.700,255.69,236.7,973.17,33060.0,6087.0,6087.0
1366,255.690,236.700,255.69,236.7,973.17,35293.0,8245.0,8245.0
1367,255.690,236.700,255.69,236.7,973.17,33486.0,6496.0,6496.0
1368,255.690,236.700,255.69,236.7,973.17,28399.0,2659.0,2659.0
1369,255.690,236.700,255.69,236.7,973.17,27464.0,1347.0,1347.0
1370,255.690,236.700,255.69,236.7,973.17,28363.0,2181.0,2181.0
1371,255.690,236.700,255.69,236.7,973.17,25709.0,0.0,0.0
1372,255.690,236.700,255.69,236.7,973.17,28851.0,2764.0,2764.0
1373,255.690,236.700,255.69,236.7,973.17,27604.0,2241.0,2241.0
1374,255.690,236.700,255.69,236.7,973.17,28551.0,2949.0,2949.0
1375,255.690,236.700,255.69,236.7,973.17,25109.0,1141.0,1141.0
1376,255.690,236.700,255.69,236.7,973.17,27795.0,2426.0,2426.0
1377,255.690,236.700,255.69,236.7,973.17,25451.0,1039.0,1039.0
1378,255.690,236.700,255.69,236.7,973.17,26735.0,1897.0,1897.0
1379,255.690,236.700,255.69,236.7,973.17,26234.0,1101.0,1101.0
1380,255.690,236.700,255.69,236.7,973.17,26465.0,1564.0,1564.0
1381,255.690,236.700,255.69,236.7,973.17,27350.0,1540.0,1540.0
1382,255.690,236.700,255.69,236.7,973.17,26437.0,1496.0,1496.0
1383,255.690,236.700,255.69,236.7,973.17,27494.0,1734.0,1734.0
1384,255.690,236.700,255.69,236.7,973.17,25695.0,16.0,16.0
1385,255.690,236.700,255.69,236.7,973.17,28885.0,2284.0,2284.0
1386,255.690,236.700,255.69,236.7,973.17,29002.0,2006.0,2006.0
1387,255.690,236.700,255.69,236.7,973.17,28601.0,2064.0,2064.0
1388,255.690,236.700,255.69,236.7,973.17,24225.0,473.0,473.0
1389,255.690,236.700,255.69,236.7,973.17,27604.0,2252.0,2252.0
1390,255.690,236.700,255.69,236.7,973.17,28926.0,2061.0,2061.0
1391,255.690,236.700,255.69,236.7,973.17,29257.0,2419.0,2419.0
1392,255.690,236.700,255.69,236.7,973.17,29225.0,1034.0,1034.0
1393,255.690,236.700,255.69,236.7,973.17,26873.0,1271.0,1271.0
1394,255.690,236.700,255.69,236.7,973.17,27627.0,1464.0,1464.0
1395,255.690,236.700,255.69,236.7,973.17,29263.0,2549.0,2549.0
1396,255.690,236.700,255.69,236.7,973.17,28741.0,3053.0,3053.0
1397,255.690,236.700,255.69,236.7,973.17,29506.0,3107.0,3107.0
1398,255.690,236.700,255.69,236.7,973.17,28241.0,2056.0,2056.0
1399,255.690,236.700,255.69,236.7,973.17,29045.0,2620.0,2620.0
1400,255.690,236.700,255.69,236.7,973.17,27440.0,1470.0,1470.0
1401,255.690,236.700,255.69,236.7,973.17,27378.0,1513.0,1513.0
1402,255.690,236.700,255.69,236.7,973.17,29331.0,1991.0,1991.0
1403,255.690,236.700,255.69,236.7,973.17,25577.0,552.0,552.0
1404,255.690,236.700,255.69,236.7,973.17,28377.0,1782.0,1782.0
1405,255.690,236.700,255.69,236.7,973.17,28239.0,1942.0,1942.0
1406,255.690,236.700,255.69,236.7,973.17,27579.0,1821.0,1821.0
1407,255.690,236.700,255.69,236.7,973.17,27780.0,1721.0,1721.0
1408,255.690,236.700,255.69,236.7,973.17,26620.0,153.0,153.0
1409,255.690,236.700,255.69,236.7,973.17,28284.0,1494.0,1494.0
1410,255.690,236.700,255.69,236.7,973.17,29331.0,2474.0,2474.0
1411,255.690,236.700,255.69,236.7,973.17,28372.0,2198.0,2198.0
1412,255.690,236.700,255.69,236.7,973.17,28789.0,1857.0,1857.0
1413,255.690,236.700,255.69,236.7,973.17,26196.0,385.0,385.0
1414,255.690,236.700,255.69,236.7,973.17,29012.0,2234.0,2234.0
1415,255.690,236.700,255.69,236.7,973.17,28365.0,2247.0,2247.0
1416,255.690,236.700,255.69,236.7,973.17,26474.0,1063.0,1063.0
1417,255.690,236.700,255.69,236.7,973.17,29413.0,3041.0,3041.0
1418,255.690,236.700,255.69,236.7,973.17,28046.0,2527.0,2527.0
1419,255.690,236.700,255.69,236.7,973.17,26696.0,1348.0,1348.0
1420,255.690,236.700,255.69,236.7,973.17,28151.0,3222.0,3222.0
1421,255.690,236.700,255.69,236.7,973.17,30206.0,3696.0,3696.0
1422,255.690,236.700,255.69,236.7,973.17,28869.0,2522.0,2522.0
1423,255.690,236.700,255.69,236.7,973.17,27200.0,1731.0,1731.0
1424,255.690,236.700,255.69,236.7,973.17,26985.0,2291.0,2291.0
1425,255.690,236.700,255.69,236.7,973.17,28251.0,3025.0,3025.0
1426,255.690,236.700,255.69,236.7,973.17,29076.0,2991.0,2991.0
1427,255.690,236.700,255.69,236.7,973.17,28275.0,2560.0,2560.0
1428,255.690,236.700,255.69,236.7,973.17,27764.0,2526.0,2526.0
1429,255.690,236.700,255.69,236.7,973.17,25961.0,741.0,741.0
1430,255.690,236.700,255.69,236.7,973.17,25656.0,280.0,280.0
1431,255.690,236.700,255.69,236.7,973.17,25765.0,0.0,0.0
1432,255.690,236.700,255.69,236.7,973.17,24720.0,136.0,136.0
1433,255.690,236.700,255.69,236.7,973.17,26385.0,1191.0,1191.0
1434,255.690,236.700,255.69,236.7,973.17,26561.0,1187.0,1187.0
1435,255.690,236.700,255.69,236.7,973.17,25527.0,1057.0,1057.0
1436,255.690,236.700,255.69,236.7,973.17,26850.0,2154.0,2154.0
1437,255.690,236.700,255.69,236.7,973.17,26737.0,1529.0,1529.0
1438,255.690,236.700,255.69,236.7,973.17,25118.0,177.0,177.0
1439,255.690,236.700,255.69,236.7,973.17,26413.0,1372.0,1372.0
1440,255.690,236.700,255.69,236.7,973.17,27376.0,1944.0,1944.0
1441,255.690,236.700,255.69,236.7,973.17,26648.0,2000.0,2000.0
1442,255.690,236.700,255.69,236.7,973.17,25767.0,716.0,716.0
1443,255.690,236.700,255.69,236.7,973.17,25459.0,1552.0,1552.0
1444,255.690,236.700,255.69,236.7,973.17,28918.0,2436.0,2436.0
1445,255.690,236.700,255.69,236.7,973.17,26666.0,1396.0,1396.0
1446,255.690,236.700,255.69,236.7,973.17,26653.0,1311.0,1311.0
1447,255.690,236.700,255.69,236.7,973.17,26083.0,1030.0,1030.0
1448,255.690,236.700,255.69,236.7,973.17,26914.0,1759.0,1759.0
1449,255.690,236.700,255.69,236.7,973.17,25748.0,920.0,920.0
1450,255.690,236.700,255.69,236.7,973.17,25659.0,1102.0,1102.0
1451,255.690,236.700,255.69,236.7,973.17,25560.0,270.0,270.0
1452,255.690,236.700,255.69,236.7,973.17,27088.0,1206.0,1206.0
1453,255.690,236.700,255.69,236.7,973.17,25279.0,1246.0,1246.0
1454,255.690,236.700,255.69,236.7,973.17,27117.0,1656.0,1656.0
1455,255.690,236.700,255.69,236.7,973.17,27248.0,2091.0,2091.0
1456,255.690,236.700,255.69,236.7,973.17,27176.0,1960.0,1960.0
1457,255.690,236.700,255.69,236.7,973.17,27856.0,2329.0,2329.0
1458,255.690,236.700,255.69,236.7,973.17,24907.0,0.0,0.0
1459,255.690,236.700,255.69,236.7,973.17,26215.0,1509.0,1509.0
1460,255.690,236.700,255.69,236.7,973.17,26436.0,609.0,609.0
1461,255.690,236.700,255.69,236.7,973.17,27393.0,2247.0,2247.0
1462,255.690,236.700,255.69,236.7,973.17,24787.0,241.0,241.0
1463,255.690,236.700,255.69,236.7,973.17,28928.0,2545.0,2545.0
1464,255.690,236.700,255.69,236.7,973.17,27318.0,2290.0,2290.0
1465,255.690,236.700,255.69,236.7,973.17,28688.0,2724.0,2724.0
1466,255.690,236.700,255.69,236.7,973.17,26435.0,800.0,800.0
1467,255.690,236.700,255.69,236.7,973.17,26376.0,947.0,947.0
1468,255.690,236.700,255.69,236.7,973.17,26256.0,986.0,986.0
1469,255.690,236.700,255.69,236.7,973.17,24108.0,346.0,346.0
1470,255.690,236.700,255.69,236.7,973.17,26016.0,1056.0,1056.0
1471,255.690,236.700,255.69,236.7,973.17,30903.0,5370.0,5370.0
1472,255.690,236.700,255.69,236.7,973.17,25867.0,483.0,483.0
1473,255.690,236.700,255.69,236.7,973.17,28359.0,1665.0,1665.0
1474,255.690,236.700,255.69,236.7,973.17,29733.0,3583.0,3583.0
1475,255.690,236.700,255.69,236.7,973.17,29973.0,2999.0,2999.0
1476,255.690,236.700,255.69,236.7,973.17,25459.0,625.0,625.0
1477,255.690,236.700,255.69,236.7,973.17,26319.0,1907.0,1907.0
1478,255.690,236.700,255.69,236.7,973.17,26000.0,1961.0,1961.0
1479,255.690,236.700,255.69,236.7,973.17,26454.0,1681.0,1681.0
1480,255.690,236.700,255.69,236.7,973.17,24358.0,0.0,0.0
1481,255.690,236.700,255.69,236.7,973.17,27926.0,1857.0,1857.0
1482,255.690,236.700,255.69,236.7,973.17,29149.0,3377.0,3377.0
1483,255.690,236.700,255.69,236.7,973.17,26810.0,266.0,266.0
1484,255.690,236.700,255.69,236.7,973.17,24470.0,0.0,0.0
1485,255.690,236.700,255.69,236.7,973.17,27266.0,1623.0,1623.0
1486,255.690,236.700,255.69,236.7,973.17,25127.0,0.0,0.0
1487,255.690,236.700,255.69,236.7,973.17,25762.0,583.0,583.0
1488,255.690,236.700,255.69,236.7,973.17,24334.0,1263.0,1263.0
1489,255.690,236.700,255.69,236.7,973.17,26472.0,577.0,577.0
1490,255.690,236.700,255.69,236.7,973.17,26809.0,2143.0,2143.0
1491,255.690,236.700,255.69,236.7,973.17,25605.0,1633.0,1633.0
1492,255.690,236.700,255.69,236.7,973.17,27139.0,1153.0,1153.0
1493,255.690,236.700,255.69,236.7,973.17,26941.0,1716.0,1716.0
1494,255.690,236.700,255.69,236.7,973.17,27369.0,1647.0,1647.0
1495,255.690,236.700,255.69,236.7,973.17,26260.0,1804.0,1804.0
1496,255.690,236.700,255.69,236.7,973.17,26673.0,1800.0,1800.0
1497,255.690,236.700,255.69,236.7,973.17,28496.0,2836.0,2836.0
1498,255.690,236.700,255.69,236.7,973.17,26603.0,1028.0,1028.0
1499,255.690,236.700,255.69,236.7,973.17,25195.0,1373.0,1373.0
1500,255.690,236.700,255.69,236.7,973.17,26336.0,727.0,727.0
