id,avg_x,avg_y,x,y,bg,Square_intensity,circular_intensity,Gaussian_intensity
193,35.310,202.560,34.96,202.98,1023.15,24395.0,0.0,0.0
194,35.310,202.560,34.96,202.98,1023.15,26679.0,0.0,0.0
195,35.310,202.560,34.96,202.98,1023.15,26546.0,310.0,310.0
196,35.310,202.560,34.96,202.98,1023.15,25318.0,0.0,0.0
197,35.310,202.560,34.96,202.98,1023.15,25299.0,0.0,0.0
198,35.310,202.560,34.96,202.98,1023.15,26283.0,573.0,573.0
199,35.310,202.560,34.96,202.98,1023.15,22940.0,0.0,0.0
200,35.310,202.560,34.96,202.98,1023.15,24647.0,176.0,176.0
201,35.310,202.560,34.96,202.98,1023.15,22413.0,0.0,0.0
202,35.310,202.560,34.96,202.98,1023.15,26856.0,1573.0,1573.0
203,35.310,202.560,34.96,202.98,1023.15,23618.0,0.0,0.0
204,35.310,202.560,34.96,202.98,1023.15,25763.0,405.0,405.0
205,35.310,202.560,34.96,202.98,1023.15,25526.0,371.0,371.0
206,35.310,202.560,34.96,202.98,1023.15,24823.0,0.0,0.0
207,35.310,202.560,34.96,202.98,1023.15,24974.0,284.0,284.0
208,35.310,202.560,34.96,202.98,1023.15,26109.0,1324.0,1324.0
209,35.310,202.560,34.96,202.98,1023.15,24940.0,0.0,0.0
210,35.310,202.560,34.96,202.98,1023.15,27115.0,1304.0,1304.0
211,35.310,202.560,34.96,202.98,1023.15,25684.0,360.0,360.0
212,35.310,202.560,34.96,202.98,1023.15,24959.0,0.0,0.0
213,35.310,202.560,34.96,202.98,1023.15,24106.0,0.0,0.0
214,35.310,202.560,34.96,202.98,1023.15,23955.0,0.0,0.0
215,35.310,202.560,34.96,202.98,1023.15,24247.0,0.0,0.0
216,35.310,202.560,34.96,202.98,1023.15,26013.0,0.0,0.0
217,35.310,202.560,34.96,202.98,1023.15,26406.0,0.0,0.0
218,35.310,202.560,34.96,202.98,1023.15,25616.0,187.0,187.0
219,35.310,202.560,34.96,202.98,1023.15,25106.0,0.0,0.0
220,35.310,202.560,34.96,202.98,1023.15,25241.0,0.0,0.0
221,35.310,202.560,34.96,202.98,1023.15,23520.0,0.0,0.0
222,35.310,202.560,34.96,202.98,1023.15,24996.0,0.0,0.0
223,35.310,202.560,34.96,202.98,1023.15,25657.0,601.0,601.0
224,35.310,202.560,34.96,202.98,1023.15,25151.0,0.0,0.0
225,35.310,202.560,34.96,202.98,1023.15,24531.0,0.0,0.0
226,35.310,202.560,34.96,202.98,1023.15,26322.0,416.0,416.0
227,35.310,202.560,34.96,202.98,1023.15,23071.0,0.0,0.0
228,35.310,202.560,34.96,202.98,1023.15,26648.0,1345.0,1345.0
229,35.310,202.560,34.96,202.98,1023.15,24792.0,30.0,30.0
230,35.310,202.560,34.96,202.98,1023.15,25995.0,0.0,0.0
231,35.310,202.560,34.96,202.98,1023.15,24613.0,78.0,78.0
232,35.310,202.560,34.96,202.98,1023.15,25395.0,658.0,658.0
233,35.310,202.560,34.96,202.98,1023.15,25100.0,260.0,260.0
234,35.310,202.560,34.96,202.98,1023.15,26294.0,29.0,29.0
235,35.310,202.560,34.96,202.98,1023.15,27499.0,1298.0,1298.0
236,35.310,202.560,34.96,202.98,1023.15,24266.0,0.0,0.0
237,35.310,202.560,34.96,202.98,1023.15,24389.0,0.0,0.0
238,35.310,202.560,34.96,202.98,1023.15,24420.0,0.0,0.0
239,35.310,202.560,34.96,202.98,1023.15,25459.0,476.0,476.0
240,35.310,202.560,34.96,202.98,1023.15,24403.0,0.0,0.0
241,35.310,202.560,34.96,202.98,1023.15,24677.0,0.0,0.0
242,35.310,202.560,34.96,202.98,1023.15,24725.0,638.0,638.0
243,35.310,202.560,34.96,202.98,1023.15,24841.0,773.0,773.0
244,35.310,202.560,34.96,202.98,1023.15,26088.0,513.0,513.0
245,35.310,202.560,34.96,202.98,1023.15,25601.0,0.0,0.0
246,35.310,202.560,34.96,202.98,1023.15,24723.0,496.0,496.0
247,35.310,202.560,34.96,202.98,1023.15,26006.0,557.0,557.0
248,35.310,202.560,34.96,202.98,1023.15,24828.0,124.0,124.0
249,35.310,202.560,34.96,202.98,1023.15,24485.0,129.0,129.0
250,35.310,202.560,34.96,202.98,1023.15,25644.0,983.0,983.0
251,35.310,202.560,34.96,202.98,1023.15,25456.0,0.0,0.0
252,35.310,202.560,34.96,202.98,1023.15,24205.0,0.0,0.0
253,35.310,202.560,34.96,202.98,1023.15,26044.0,465.0,465.0
254,35.310,202.560,34.96,202.98,1023.15,25426.0,0.0,0.0
255,35.310,202.560,34.96,202.98,1023.15,24317.0,0.0,0.0
256,35.310,202.560,34.96,202.98,1023.15,24195.0,0.0,0.0
257,35.310,202.560,34.96,202.98,1023.15,24558.0,0.0,0.0
258,35.310,202.560,34.96,202.98,1023.15,25368.0,224.0,224.0
259,35.310,202.560,34.96,202.98,1023.15,26004.0,563.0,563.0
260,35.310,202.560,34.96,202.98,1023.15,25787.0,0.0,0.0
261,35.310,202.560,34.96,202.98,1023.15,26231.0,793.0,793.0
262,35.310,202.560,34.96,202.98,1023.15,26107.0,305.0,305.0
263,35.310,202.560,34.96,202.98,1023.15,24888.0,191.0,191.0
264,35.310,202.560,34.96,202.98,1023.15,24025.0,0.0,0.0
265,35.310,202.560,34.96,202.98,1023.15,26097.0,446.0,446.0
266,35.310,202.560,34.96,202.98,1023.15,26356.0,1560.0,1560.0
267,35.310,202.560,34.96,202.98,1023.15,27047.0,993.0,993.0
268,35.310,202.560,34.96,202.98,1023.15,24477.0,0.0,0.0
269,35.310,202.560,34.96,202.98,1023.15,24260.0,0.0,0.0
270,35.310,202.560,34.96,202.98,1023.15,26369.0,990.0,990.0
271,35.310,202.560,34.96,202.98,1023.15,24401.0,155.0,155.0
272,35.310,202.560,34.96,202.98,1023.15,26227.0,1283.0,1283.0
273,35.310,202.560,34.96,202.98,1023.15,26826.0,463.0,463.0
274,35.310,202.560,34.96,202.98,1023.15,23700.0,0.0,0.0
275,35.310,202.560,34.96,202.98,1023.15,23034.0,0.0,0.0
276,35.310,202.560,34.96,202.98,1023.15,26221.0,951.0,951.0
277,35.310,202.560,34.96,202.98,1023.15,25800.0,1421.0,1421.0
278,35.310,202.560,34.96,202.98,1023.15,25173.0,667.0,667.0
279,35.310,202.560,34.96,202.98,1023.15,24785.0,399.0,399.0
280,35.310,202.560,34.96,202.98,1023.15,24567.0,0.0,0.0
281,35.310,202.560,34.96,202.98,1023.15,25006.0,133.0,133.0
282,35.310,202.560,34.96,202.98,1023.15,25950.0,1270.0,1270.0
283,35.310,202.560,34.96,202.98,1023.15,23022.0,0.0,0.0
284,35.310,202.560,34.96,202.98,1023.15,24524.0,188.0,188.0
285,35.310,202.560,34.96,202.98,1023.15,25610.0,600.0,600.0
286,35.310,202.560,34.96,202.98,1023.15,25457.0,316.0,316.0
287,35.310,202.560,34.96,202.98,1023.15,24464.0,695.0,695.0
288,35.310,202.560,34.96,202.98,1023.15,25152.0,43.0,43.0
289,35.310,202.560,34.96,202.98,1023.15,24353.0,85.0,85.0
290,35.310,202.560,34.96,202.98,1023.15,26207.0,1233.0,1233.0
291,35.310,202.560,34.96,202.98,1023.15,24177.0,628.0,628.0
292,35.310,202.560,34.96,202.98,1023.15,24084.0,0.0,0.0
293,35.310,202.560,34.96,202.98,1023.15,23831.0,167.0,167.0
294,35.310,202.560,34.96,202.98,1023.15,24028.0,0.0,0.0
295,35.310,202.560,34.96,202.98,1023.15,24885.0,325.0,325.0
296,35.310,202.560,34.96,202.98,1023.15,25610.0,0.0,0.0
297,35.310,202.560,34.96,202.98,1023.15,25783.0,624.0,624.0
298,35.310,202.560,34.96,202.98,1023.15,24416.0,333.0,333.0
299,35.310,202.560,34.96,202.98,1023.15,26351.0,840.0,840.0
300,35.310,202.560,34.96,202.98,1023.15,24292.0,0.0,0.0
301,35.310,202.560,34.96,202.98,1023.15,24938.0,361.0,361.0
302,35.310,202.560,34.96,202.98,1023.15,24576.0,0.0,0.0
303,35.310,202.560,34.96,202.98,1023.15,25386.0,964.0,964.0
304,35.310,202.560,34.96,202.98,1023.15,23872.0,57.0,57.0
305,35.310,202.560,34.96,202.98,1023.15,25638.0,946.0,946.0
306,35.310,202.560,34.96,202.98,1023.15,25674.0,1334.0,1334.0
307,35.310,202.560,34.96,202.98,1023.15,25374.0,0.0,0.0
308,35.310,202.560,34.96,202.98,1023.15,25577.0,1050.0,1050.0
309,35.310,202.560,34.96,202.98,1023.15,24442.0,0.0,0.0
310,35.310,202.560,34.96,202.98,1023.15,22775.0,0.0,0.0
311,35.310,202.560,34.96,202.98,1023.15,23247.0,0.0,0.0
312,35.310,202.560,34.96,202.98,1023.15,23507.0,0.0,0.0
313,35.310,202.560,34.96,202.98,1023.15,23752.0,0.0,0.0
314,35.310,202.560,34.96,202.98,1023.15,23735.0,0.0,0.0
315,35.310,202.560,34.96,202.98,1023.15,22575.0,0.0,0.0
316,35.310,202.560,34.96,202.98,1023.15,26776.0,1861.0,1861.0
317,35.310,202.560,34.96,202.98,1023.15,23794.0,0.0,0.0
318,35.310,202.560,34.96,202.98,1023.15,23508.0,0.0,0.0
319,35.310,202.560,34.96,202.98,1023.15,24860.0,464.0,464.0
320,35.310,202.560,34.96,202.98,1023.15,23462.0,0.0,0.0
321,35.310,202.560,34.96,202.98,1023.15,24500.0,32.0,32.0
322,35.310,202.560,34.96,202.98,1023.15,25110.0,0.0,0.0
323,35.310,202.560,34.96,202.98,1023.15,26056.0,1306.0,1306.0
324,35.310,202.560,34.96,202.98,1023.15,24887.0,0.0,0.0
325,35.310,202.560,34.96,202.98,1023.15,23158.0,0.0,0.0
326,35.310,202.560,34.96,202.98,1023.15,25207.0,955.0,955.0
327,35.310,202.560,34.96,202.98,1023.15,25814.0,966.0,966.0
328,35.310,202.560,34.96,202.98,1023.15,25572.0,1164.0,1164.0
329,35.310,202.560,34.96,202.98,1023.15,26264.0,1177.0,1177.0
330,35.310,202.560,34.96,202.98,1023.15,25046.0,0.0,0.0
331,35.310,202.560,34.96,202.98,1023.15,24354.0,4.0,4.0
332,35.310,202.560,34.96,202.98,1023.15,26838.0,1868.0,1868.0
333,35.310,202.560,34.96,202.98,1023.15,23406.0,0.0,0.0
334,35.310,202.560,34.96,202.98,1023.15,22857.0,0.0,0.0
335,35.310,202.560,34.96,202.98,1023.15,27072.0,2032.0,2032.0
336,35.310,202.560,34.96,202.98,1023.15,25533.0,232.0,232.0
337,35.310,202.560,34.96,202.98,1023.15,22899.0,0.0,0.0
338,35.310,202.560,34.96,202.98,1023.15,25318.0,230.0,230.0
339,35.310,202.560,34.96,202.98,1023.15,24587.0,654.0,654.0
340,35.310,202.560,34.96,202.98,1023.15,27072.0,1265.0,1265.0
341,35.310,202.560,34.96,202.98,1023.15,24638.0,900.0,900.0
342,35.310,202.560,34.96,202.98,1023.15,24632.0,512.0,512.0
343,35.310,202.560,34.96,202.98,1023.15,23311.0,0.0,0.0
344,35.310,202.560,34.96,202.98,1023.15,25209.0,874.0,874.0
345,35.310,202.560,34.96,202.98,1023.15,24576.0,465.0,465.0
346,35.310,202.560,34.96,202.98,1023.15,23942.0,0.0,0.0
347,35.310,202.560,34.96,202.98,1023.15,25509.0,226.0,226.0
348,35.310,202.560,34.96,202.98,1023.15,22950.0,0.0,0.0
349,35.310,202.560,34.96,202.98,1023.15,24198.0,0.0,0.0
350,35.310,202.560,34.96,202.98,1023.15,24657.0,824.0,824.0
351,35.310,202.560,34.96,202.98,1023.15,22292.0,0.0,0.0
352,35.310,202.560,34.96,202.98,1023.15,24944.0,497.0,497.0
353,35.310,202.560,34.96,202.98,1023.15,23340.0,0.0,0.0
354,35.310,202.560,34.96,202.98,1023.15,25222.0,609.0,609.0
355,35.310,202.560,34.96,202.98,1023.15,24593.0,0.0,0.0
356,35.310,202.560,34.96,202.98,1023.15,23289.0,0.0,0.0
357,35.310,202.560,34.96,202.98,1023.15,25552.0,413.0,413.0
358,35.310,202.560,34.96,202.98,1023.15,24111.0,0.0,0.0
359,35.310,202.560,34.96,202.98,1023.15,23423.0,0.0,0.0
360,35.310,202.560,34.96,202.98,1023.15,23897.0,9.0,9.0
361,35.310,202.560,34.96,202.98,1023.15,23201.0,0.0,0.0
362,35.310,202.560,34.96,202.98,1023.15,25227.0,690.0,690.0
363,35.310,202.560,34.96,202.98,1023.15,23433.0,0.0,0.0
364,35.310,202.560,34.96,202.98,1023.15,24130.0,0.0,0.0
365,35.310,202.560,34.96,202.98,1023.15,23576.0,0.0,0.0
366,35.310,202.560,34.96,202.98,1023.15,24484.0,262.0,262.0
367,35.310,202.560,34.96,202.98,1023.15,25953.0,734.0,734.0
368,35.310,202.560,34.96,202.98,1023.15,25280.0,197.0,197.0
369,35.310,202.560,34.96,202.98,1023.15,26332.0,1921.0,1921.0
370,35.310,202.560,34.96,202.98,1023.15,25224.0,469.0,469.0
371,35.310,202.560,34.96,202.98,1023.15,24234.0,167.0,167.0
372,35.310,202.560,34.96,202.98,1023.15,23894.0,0.0,0.0
373,35.310,202.560,34.96,202.98,1023.15,25131.0,104.0,104.0
374,35.310,202.560,34.96,202.98,1023.15,23748.0,0.0,0.0
375,35.310,202.560,34.96,202.98,1023.15,24265.0,0.0,0.0
376,35.310,202.560,34.96,202.98,1023.15,25431.0,557.0,557.0
377,35.310,202.560,34.96,202.98,1023.15,23471.0,0.0,0.0
378,35.310,202.560,34.96,202.98,1023.15,25915.0,210.0,210.0
379,35.310,202.560,34.96,202.98,1023.15,22750.0,0.0,0.0
380,35.310,202.560,34.96,202.98,1023.15,23204.0,0.0,0.0
381,35.310,202.560,34.96,202.98,1023.15,24158.0,54.0,54.0
382,35.310,202.560,34.96,202.98,1023.15,23570.0,0.0,0.0
383,35.310,202.560,34.96,202.98,1023.15,24440.0,0.0,0.0
384,35.310,202.560,34.96,202.98,1023.15,25991.0,897.0,897.0
385,35.310,202.560,34.96,202.98,1023.15,24422.0,0.0,0.0
386,35.310,202.560,34.96,202.98,1023.15,24995.0,726.0,726.0
387,35.310,202.560,34.96,202.98,1023.15,24697.0,572.0,572.0
388,35.310,202.560,34.96,202.98,1023.15,23297.0,0.0,0.0
389,35.310,202.560,34.96,202.98,1023.15,25945.0,312.0,312.0
390,35.310,202.560,34.96,202.98,1023.15,24427.0,0.0,0.0
391,35.310,202.560,34.96,202.98,1023.15,24360.0,0.0,0.0
392,35.310,202.560,34.96,202.98,1023.15,25990.0,987.0,987.0
393,35.310,202.560,34.96,202.98,1023.15,36480.0,9043.0,9043.0
394,35.310,202.560,34.9,203.05,1023.15,37013.0,9683.0,9683.0
395,35.310,202.560,35.04,202.77,1023.15,36674.0,10196.0,10196.0
396,35.310,202.560,34.97,202.62,1023.15,37862.0,10698.0,10698.0
397,35.310,202.560,35.08,203,1023.15,37110.0,11052.0,11052.0
398,35.310,202.560,35.24,202.91,1023.15,37831.0,11804.0,11804.0
399,35.310,202.560,34.65,202.54,1023.15,38006.0,10789.0,10789.0
400,35.310,202.560,34.87,202.94,1023.15,37167.0,10995.0,10995.0
401,35.310,202.560,35.06,202.99,1023.15,38315.0,10518.0,10518.0
402,35.310,202.560,35.21,202.81,1023.15,36602.0,9823.0,9823.0
403,35.310,202.560,34.88,202.98,1023.15,38440.0,11291.0,11291.0
404,35.310,202.560,35.17,203.06,1023.15,38389.0,11919.0,11919.0
405,35.310,202.560,35.12,202.89,1023.15,36435.0,9248.0,9248.0
406,35.310,202.560,34.99,203.43,1023.15,37116.0,10914.0,10914.0
407,35.310,202.560,34.79,203.03,1023.15,36994.0,10539.0,10539.0
408,35.310,202.560,34.93,203.02,1023.15,35398.0,8886.0,8886.0
409,35.310,202.560,34.89,202.95,1023.15,35265.0,9420.0,9420.0
410,35.310,202.560,34.68,202.96,1023.15,34748.0,7923.0,7923.0
411,35.310,202.560,35.23,202.87,1023.15,35031.0,9475.0,9475.0
412,35.310,202.560,34.98,203.18,1023.15,35728.0,9225.0,9225.0
413,35.310,202.560,35.11,203,1023.15,34498.0,7544.0,7544.0
414,35.310,202.560,35.09,202.94,1023.15,40060.0,12769.0,12769.0
415,35.310,202.560,34.94,202.76,1023.15,36434.0,8847.0,8847.0
416,35.310,202.560,34.91,203.05,1023.15,37466.0,10658.0,10658.0
417,35.310,202.560,35.09,202.98,1023.15,33399.0,7338.0,7338.0
418,35.310,202.560,35.2,203.11,1023.15,36106.0,8781.0,8781.0
419,35.310,202.560,34.99,202.99,1023.15,35373.0,7882.0,7882.0
420,35.310,202.560,35.24,202.53,1023.15,38691.0,11385.0,11385.0
421,35.310,202.560,35.03,202.93,1023.15,39489.0,11063.0,11063.0
422,35.310,202.560,34.95,202.9,1023.15,36747.0,9730.0,9730.0
423,35.310,202.560,35.06,202.99,1023.15,39351.0,10671.0,10671.0
424,35.310,202.560,35.03,202.93,1023.15,36951.0,9617.0,9617.0
425,35.310,202.560,35.45,202.96,1023.15,36235.0,9703.0,9703.0
426,35.310,202.560,34.88,202.93,1023.15,36081.0,8397.0,8397.0
427,35.310,202.560,35.04,202.95,1023.15,38793.0,11638.0,11638.0
428,35.310,202.560,35.06,202.78,1023.15,37505.0,10817.0,10817.0
429,35.310,202.560,35.07,202.79,1023.15,37936.0,11111.0,11111.0
430,35.310,202.560,34.98,202.73,1023.15,35173.0,9002.0,9002.0
431,35.310,202.560,34.69,202.47,1023.15,38324.0,11630.0,11630.0
432,35.310,202.560,35.31,202.65,1023.15,38486.0,11612.0,11612.0
433,35.310,202.560,35.08,202.81,1023.15,36638.0,9254.0,9254.0
434,35.310,202.560,35.05,203.04,1023.15,38793.0,11855.0,11855.0
435,35.310,202.560,35.16,202.87,1023.15,36680.0,9992.0,9992.0
436,35.310,202.560,34.99,203.04,1023.15,35252.0,8489.0,8489.0
437,35.310,202.560,34.81,202.75,1023.15,36780.0,9964.0,9964.0
438,35.310,202.560,35.12,203.11,1023.15,38030.0,11499.0,11499.0
439,35.310,202.560,34.72,202.95,1023.15,37001.0,10509.0,10509.0
440,35.310,202.560,35.12,202.98,1023.15,36635.0,10623.0,10623.0
441,35.310,202.560,35.05,202.82,1023.15,39356.0,11327.0,11327.0
442,35.310,202.560,34.85,203.49,1023.15,36168.0,9405.0,9405.0
443,35.310,202.560,34.93,203.04,1023.15,35786.0,8750.0,8750.0
444,35.310,202.560,35,203.1,1023.15,38966.0,11129.0,11129.0
445,35.310,202.560,35.1,202.84,1023.15,36870.0,9948.0,9948.0
446,35.310,202.560,35.18,202.78,1023.15,37537.0,10422.0,10422.0
447,35.310,202.560,35.07,203.06,1023.15,37446.0,10275.0,10275.0
448,35.310,202.560,35.1,203.01,1023.15,37029.0,10218.0,10218.0
449,35.310,202.560,34.65,203.4,1023.15,36542.0,9706.0,9706.0
450,35.310,202.560,35.17,203.11,1023.15,35795.0,8982.0,8982.0
451,35.310,202.560,34.91,203.11,1023.15,35918.0,10193.0,10193.0
452,35.310,202.560,35.12,202.9,1023.15,38886.0,11889.0,11889.0
453,35.310,202.560,34.81,202.62,1023.15,36553.0,9842.0,9842.0
454,35.310,202.560,34.95,202.99,1023.15,36588.0,9512.0,9512.0
455,35.310,202.560,34.99,202.7,1023.15,35853.0,8637.0,8637.0
456,35.310,202.560,34.99,203.14,1023.15,36492.0,9983.0,9983.0
457,35.310,202.560,35.36,202.97,1023.15,35797.0,9425.0,9425.0
458,35.310,202.560,34.94,202.72,1023.15,38071.0,10877.0,10877.0
459,35.310,202.560,35.08,202.79,1023.15,39172.0,11851.0,11851.0
460,35.310,202.560,35.34,202.81,1023.15,36307.0,10108.0,10108.0
461,35.310,202.560,35.25,203.29,1023.15,38155.0,10812.0,10812.0
462,35.310,202.560,35.09,203.01,1023.15,38590.0,11678.0,11678.0
463,35.310,202.560,34.9,203.03,1023.15,38330.0,12006.0,12006.0
464,35.310,202.560,34.97,203.11,1023.15,37612.0,11006.0,11006.0
465,35.310,202.560,35.13,202.76,1023.15,37097.0,11268.0,11268.0
466,35.310,202.560,35,202.87,1023.15,40140.0,12572.0,12572.0
467,35.310,202.560,34.86,203.04,1023.15,36471.0,9437.0,9437.0
468,35.310,202.560,35.41,203.33,1023.15,36538.0,9894.0,9894.0
469,35.310,202.560,34.55,202.73,1023.15,35401.0,9325.0,9325.0
470,35.310,202.560,34.95,202.59,1023.15,37643.0,10381.0,10381.0
471,35.310,202.560,35.41,202.72,1023.15,36062.0,10209.0,10209.0
472,35.310,202.560,35.03,202.95,1023.15,39524.0,12550.0,12550.0
473,35.310,202.560,35.02,203.01,1023.15,36084.0,9384.0,9384.0
474,35.310,202.560,34.63,202.69,1023.15,37271.0,11063.0,11063.0
475,35.310,202.560,35.06,202.99,1023.15,39109.0,12002.0,12002.0
476,35.310,202.560,35.47,203.37,1023.15,36782.0,10046.0,10046.0
477,35.310,202.560,34.94,202.88,1023.15,35609.0,9074.0,9074.0
478,35.310,202.560,35.05,202.73,1023.15,35424.0,8450.0,8450.0
479,35.310,202.560,34.98,202.85,1023.15,36891.0,10389.0,10389.0
480,35.310,202.560,34.91,202.68,1023.15,35212.0,9097.0,9097.0
481,35.310,202.560,35.27,202.91,1023.15,36281.0,9852.0,9852.0
482,35.310,202.560,34.91,202.85,1023.15,38334.0,11228.0,11228.0
483,35.310,202.560,35.02,202.79,1023.15,33833.0,7574.0,7574.0
484,35.310,202.560,35.11,203.14,1023.15,40273.0,12539.0,12539.0
485,35.310,202.560,35.2,202.87,1023.15,36004.0,9062.0,9062.0
486,35.310,202.560,35.05,202.99,1023.15,39116.0,11212.0,11212.0
487,35.310,202.560,35,202.66,1023.15,38294.0,11265.0,11265.0
488,35.310,202.560,35.14,202.72,1023.15,37004.0,10476.0,10476.0
489,35.310,202.560,35.06,202.91,1023.15,36610.0,9336.0,9336.0
490,35.310,202.560,35.31,202.7,1023.15,35216.0,8672.0,8672.0
491,35.310,202.560,34.9,203.08,1023.15,35299.0,9225.0,9225.0
492,35.310,202.560,35.16,202.88,1023.15,35115.0,8182.0,8182.0
493,35.310,202.560,34.75,203.37,1023.15,35513.0,8861.0,8861.0
494,35.310,202.560,35.09,202.85,1023.15,37191.0,10332.0,10332.0
495,35.310,202.560,34.71,202.59,1023.15,38905.0,12665.0,12665.0
496,35.310,202.560,35.04,203,1023.15,36172.0,9871.0,9871.0
497,35.310,202.560,34.96,203.06,1023.15,35750.0,9791.0,9791.0
498,35.310,202.560,35,203,1023.15,37348.0,9816.0,9816.0
499,35.310,202.560,35.01,202.93,1023.15,38457.0,10755.0,10755.0
500,35.310,202.560,35.49,202.59,1023.15,37995.0,10881.0,10881.0
501,35.310,202.560,34.97,202.89,1023.15,39706.0,11643.0,11643.0
502,35.310,202.560,35.11,202.89,1023.15,38258.0,11835.0,11835.0
503,35.310,202.560,35.14,202.85,1023.15,36477.0,9892.0,9892.0
504,35.310,202.560,35.03,202.54,1023.15,37143.0,9576.0,9576.0
505,35.310,202.560,35.15,202.94,1023.15,37800.0,10216.0,10216.0
506,35.310,202.560,35.03,202.96,1023.15,36310.0,9177.0,9177.0
507,35.310,202.560,34.58,203.11,1023.15,37706.0,10745.0,10745.0
508,35.310,202.560,35.17,202.87,1023.15,36687.0,9549.0,9549.0
509,35.310,202.560,35.14,203.08,1023.15,36322.0,10256.0,10256.0
510,35.310,202.560,35.4,202.9,1023.15,38379.0,10810.0,10810.0
511,35.310,202.560,35.01,202.68,1023.15,36663.0,10598.0,10598.0
512,35.310,202.560,35.08,202.84,1023.15,38033.0,12077.0,12077.0
513,35.310,202.560,35.31,202.7,1023.15,38713.0,11907.0,11907.0
514,35.310,202.560,35.32,202.67,1023.15,37576.0,11452.0,11452.0
515,35.310,202.560,35.1,203.05,1023.15,37269.0,10630.0,10630.0
516,35.310,202.560,35.54,202.81,1023.15,38086.0,10835.0,10835.0
517,35.310,202.560,35.04,202.96,1023.15,38002.0,11900.0,11900.0
518,35.310,202.560,34.88,202.86,1023.15,37597.0,10253.0,10253.0
519,35.310,202.560,35.05,202.86,1023.15,36854.0,10015.0,10015.0
520,35.310,202.560,34.96,202.95,1023.15,36778.0,10750.0,10750.0
521,35.310,202.560,35.02,202.82,1023.15,37809.0,11310.0,11310.0
522,35.310,202.560,35.19,202.76,1023.15,41453.0,14663.0,14663.0
523,35.310,202.560,35.13,202.98,1023.15,37809.0,10580.0,10580.0
524,35.310,202.560,34.98,203.45,1023.15,37285.0,10124.0,10124.0
525,35.310,202.560,34.85,203.09,1023.15,38373.0,12216.0,12216.0
526,35.310,202.560,35.03,203.32,1023.15,35870.0,9264.0,9264.0
527,35.310,202.560,35.25,203.1,1023.15,35173.0,9362.0,9362.0
528,35.310,202.560,35.15,202.9,1023.15,36967.0,9945.0,9945.0
529,35.310,202.560,35.5,202.89,1023.15,36510.0,9839.0,9839.0
530,35.310,202.560,35.06,202.74,1023.15,38361.0,12042.0,12042.0
531,35.310,202.560,35.45,202.63,1023.15,36381.0,8413.0,8413.0
532,35.310,202.560,35.43,202.74,1023.15,37978.0,10538.0,10538.0
533,35.310,202.560,35.32,202.75,1023.15,35032.0,8918.0,8918.0
534,35.310,202.560,35.53,203,1023.15,38992.0,11249.0,11249.0
535,35.310,202.560,35.21,203.03,1023.15,35445.0,9146.0,9146.0
536,35.310,202.560,35.11,202.92,1023.15,35645.0,8866.0,8866.0
537,35.310,202.560,35.05,202.63,1023.15,37558.0,11221.0,11221.0
538,35.310,202.560,35.06,202.84,1023.15,39742.0,12830.0,12830.0
539,35.310,202.560,35.29,202.97,1023.15,35646.0,9074.0,9074.0
540,35.310,202.560,34.9,203.07,1023.15,37643.0,10745.0,10745.0
541,35.310,202.560,34.81,203.03,1023.15,39123.0,12332.0,12332.0
542,35.310,202.560,35.32,203.05,1023.15,35748.0,8823.0,8823.0
543,35.310,202.560,35.25,202.64,1023.15,36036.0,9501.0,9501.0
544,35.310,202.560,34.65,202.64,1023.15,34574.0,8874.0,8874.0
545,35.310,202.560,35.03,202.92,1023.15,37561.0,9715.0,9715.0
546,35.310,202.560,35.01,202.89,1023.15,36574.0,10487.0,10487.0
547,35.310,202.560,35.07,203.12,1023.15,36769.0,10434.0,10434.0
548,35.310,202.560,34.85,203.01,1023.15,35304.0,9527.0,9527.0
549,35.310,202.560,35.46,202.48,1023.15,34930.0,9106.0,9106.0
550,35.310,202.560,34.93,202.91,1023.15,38520.0,11845.0,11845.0
551,35.310,202.560,35.22,202.84,1023.15,37710.0,12043.0,12043.0
552,35.310,202.560,35.1,203.08,1023.15,34833.0,8741.0,8741.0
553,35.310,202.560,34.97,202.88,1023.15,36064.0,8431.0,8431.0
554,35.310,202.560,35.13,202.94,1023.15,37411.0,10983.0,10983.0
555,35.310,202.560,34.98,202.86,1023.15,36835.0,10383.0,10383.0
556,35.310,202.560,35.14,202.94,1023.15,39511.0,13217.0,13217.0
557,35.310,202.560,35.17,202.86,1023.15,36453.0,9753.0,9753.0
558,35.310,202.560,35.03,202.63,1023.15,37520.0,11651.0,11651.0
559,35.310,202.560,35.24,202.96,1023.15,34442.0,7849.0,7849.0
560,35.310,202.560,34.95,203.23,1023.15,39333.0,11864.0,11864.0
561,35.310,202.560,35.32,202.94,1023.15,34168.0,7876.0,7876.0
562,35.310,202.560,35.05,203.13,1023.15,36957.0,10683.0,10683.0
563,35.310,202.560,35.05,202.81,1023.15,39702.0,12484.0,12484.0
564,35.310,202.560,35.34,203.17,1023.15,37246.0,10522.0,10522.0
565,35.310,202.560,35.17,202.76,1023.15,35357.0,9654.0,9654.0
566,35.310,202.560,35.08,202.94,1023.15,39309.0,12290.0,12290.0
567,35.310,202.560,34.88,202.98,1023.15,35921.0,8860.0,8860.0
568,35.310,202.560,35.18,202.98,1023.15,36014.0,9063.0,9063.0
569,35.310,202.560,34.93,202.82,1023.15,39226.0,11924.0,11924.0
570,35.310,202.560,34.73,202.55,1023.15,35241.0,10068.0,10068.0
571,35.310,202.560,34.98,202.89,1023.15,38759.0,12202.0,12202.0
572,35.310,202.560,34.98,202.95,1023.15,39191.0,12015.0,12015.0
573,35.310,202.560,35.08,202.68,1023.15,37449.0,11359.0,11359.0
574,35.310,202.560,35.16,202.66,1023.15,37415.0,9470.0,9470.0
575,35.310,202.560,35.19,202.81,1023.15,36471.0,9776.0,9776.0
576,35.310,202.560,35.41,202.8,1023.15,34814.0,8129.0,8129.0
577,35.310,202.560,35.2,203.13,1023.15,36350.0,9919.0,9919.0
578,35.310,202.560,35.45,202.95,1023.15,35304.0,9267.0,9267.0
579,35.310,202.560,35.23,202.97,1023.15,37472.0,9983.0,9983.0
580,35.310,202.560,35.22,202.57,1023.15,35304.0,9839.0,9839.0
581,35.310,202.560,34.82,202.74,1023.15,34025.0,7536.0,7536.0
582,35.310,202.560,35.27,202.83,1023.15,38066.0,12108.0,12108.0
583,35.310,202.560,35.15,202.9,1023.15,34823.0,9129.0,9129.0
584,35.310,202.560,35.2,202.75,1023.15,35665.0,10694.0,10694.0
585,35.310,202.560,35.1,202.92,1023.15,36006.0,10114.0,10114.0
586,35.310,202.560,34.75,203,1023.15,38604.0,11863.0,11863.0
587,35.310,202.560,35.44,202.85,1023.15,35222.0,9565.0,9565.0
588,35.310,202.560,34.78,202.53,1023.15,35187.0,9070.0,9070.0
589,35.310,202.560,35.04,202.97,1023.15,37297.0,9091.0,9091.0
590,35.310,202.560,35.43,202.68,1023.15,37630.0,11910.0,11910.0
591,35.310,202.560,34.99,202.61,1023.15,36240.0,9960.0,9960.0
592,35.310,202.560,34.6,202.93,1023.15,36166.0,9160.0,9160.0
593,35.310,202.560,35.51,202.63,1023.15,36412.0,10890.0,10890.0
594,35.310,202.560,35.36,202.67,1023.15,37548.0,11219.0,11219.0
595,35.310,202.560,35.28,202.57,1023.15,36778.0,9838.0,9838.0
596,35.310,202.560,34.75,203.39,1023.15,38539.0,12780.0,12780.0
597,35.310,202.560,35.06,202.67,1023.15,39100.0,11546.0,11546.0
598,35.310,202.560,35,202.51,1023.15,37446.0,10893.0,10893.0
599,35.310,202.560,34.93,202.84,1023.15,36472.0,8910.0,8910.0
600,35.310,202.560,35.26,202.87,1023.15,36045.0,9834.0,9834.0
601,35.310,202.560,34.73,202.9,1023.15,35295.0,8866.0,8866.0
602,35.310,202.560,34.98,202.79,1023.15,35038.0,8367.0,8367.0
603,35.310,202.560,35.16,202.77,1023.15,37499.0,10753.0,10753.0
604,35.310,202.560,35.22,203.01,1023.15,38898.0,12682.0,12682.0
605,35.310,202.560,35.05,203.01,1023.15,38063.0,11465.0,11465.0
606,35.310,202.560,34.96,202.52,1023.15,37748.0,10568.0,10568.0
607,35.310,202.560,35.24,202.79,1023.15,40181.0,12403.0,12403.0
608,35.310,202.560,35.04,202.7,1023.15,38526.0,11711.0,11711.0
609,35.310,202.560,34.94,202.51,1023.15,35866.0,9237.0,9237.0
610,35.310,202.560,34.83,202.57,1023.15,37241.0,10946.0,10946.0
611,35.310,202.560,35.02,202.97,1023.15,36226.0,9428.0,9428.0
612,35.310,202.560,35.1,202.98,1023.15,36906.0,10626.0,10626.0
613,35.310,202.560,35.16,203.1,1023.15,34082.0,8187.0,8187.0
614,35.310,202.560,34.52,202.95,1023.15,36419.0,9379.0,9379.0
615,35.310,202.560,35.25,202.89,1023.15,37300.0,10601.0,10601.0
616,35.310,202.560,34.85,203.09,1023.15,36097.0,9750.0,9750.0
617,35.310,202.560,34.97,202.68,1023.15,37129.0,10324.0,10324.0
618,35.310,202.560,35,202.79,1023.15,37633.0,11169.0,11169.0
619,35.310,202.560,35.04,202.73,1023.15,41089.0,12643.0,12643.0
620,35.310,202.560,35.28,202.93,1023.15,37238.0,10344.0,10344.0
621,35.310,202.560,34.91,202.73,1023.15,36359.0,9864.0,9864.0
622,35.310,202.560,35.21,202.76,1023.15,36526.0,10090.0,10090.0
623,35.310,202.560,34.99,202.86,1023.15,37605.0,10802.0,10802.0
624,35.310,202.560,34.75,202.69,1023.15,35353.0,9179.0,9179.0
625,35.310,202.560,34.85,202.62,1023.15,37684.0,10056.0,10056.0
626,35.310,202.560,35.19,202.72,1023.15,40067.0,13599.0,13599.0
627,35.310,202.560,35.1,202.79,1023.15,37373.0,10528.0,10528.0
628,35.310,202.560,35.08,202.86,1023.15,38312.0,11439.0,11439.0
629,35.310,202.560,35.39,202.82,1023.15,34832.0,8886.0,8886.0
630,35.310,202.560,35.4,202.67,1023.15,37467.0,12029.0,12029.0
631,35.310,202.560,35.04,202.92,1023.15,36927.0,9442.0,9442.0
632,35.310,202.560,35.29,202.88,1023.15,35310.0,9714.0,9714.0
633,35.310,202.560,34.99,203,1023.15,35428.0,9995.0,9995.0
634,35.310,202.560,35.3,203.01,1023.15,34233.0,7753.0,7753.0
635,35.310,202.560,35.16,202.65,1023.15,37187.0,11163.0,11163.0
636,35.310,202.560,35.15,203.12,1023.15,35177.0,9192.0,9192.0
637,35.310,202.560,35.16,202.87,1023.15,36957.0,10698.0,10698.0
638,35.310,202.560,35.32,202.67,1023.15,34892.0,7672.0,7672.0
639,35.310,202.560,35.08,202.68,1023.15,34872.0,8475.0,8475.0
640,35.310,202.560,35.27,202.95,1023.15,34985.0,8754.0,8754.0
641,35.310,202.560,35.04,202.52,1023.15,37481.0,10847.0,10847.0
642,35.310,202.560,35.07,202.88,1023.15,36919.0,11332.0,11332.0
643,35.310,202.560,34.98,202.74,1023.15,35612.0,9232.0,9232.0
644,35.310,202.560,35.12,203.14,1023.15,34849.0,7782.0,7782.0
645,35.310,202.560,35.23,203.47,1023.15,34659.0,8199.0,8199.0
646,35.310,202.560,35.11,203.07,1023.15,34278.0,8302.0,8302.0
647,35.310,202.560,35.18,202.92,1023.15,38573.0,11054.0,11054.0
648,35.310,202.560,35.38,202.65,1023.15,35233.0,8904.0,8904.0
649,35.310,202.560,35.18,202.82,1023.15,36762.0,9541.0,9541.0
650,35.310,202.560,35.07,202.94,1023.15,36841.0,9681.0,9681.0
651,35.310,202.560,34.56,203,1023.15,38487.0,10893.0,10893.0
652,35.310,202.560,35.07,203,1023.15,38233.0,10265.0,10265.0
653,35.310,202.560,34.95,203,1023.15,36679.0,10813.0,10813.0
654,35.310,202.560,35.29,202.98,1023.15,37813.0,10774.0,10774.0
655,35.310,202.560,35.06,203.06,1023.15,35911.0,9760.0,9760.0
656,35.310,202.560,35.09,202.96,1023.15,36338.0,10009.0,10009.0
657,35.310,202.560,35.06,202.8,1023.15,37354.0,11729.0,11729.0
658,35.310,202.560,35.22,202.76,1023.15,36566.0,9912.0,9912.0
659,35.310,202.560,35.02,202.97,1023.15,38954.0,11833.0,11833.0
660,35.310,202.560,35.06,202.95,1023.15,35884.0,9453.0,9453.0
661,35.310,202.560,35,202.98,1023.15,36254.0,10641.0,10641.0
662,35.310,202.560,35.05,203.03,1023.15,35895.0,10916.0,10916.0
663,35.310,202.560,35.29,202.78,1023.15,35771.0,9426.0,9426.0
664,35.310,202.560,35.13,202.83,1023.15,35153.0,9232.0,9232.0
665,35.310,202.560,34.68,203.44,1023.15,35967.0,10466.0,10466.0
666,35.310,202.560,34.63,202.62,1023.15,39091.0,12641.0,12641.0
667,35.310,202.560,34.94,202.99,1023.15,35503.0,10407.0,10407.0
668,35.310,202.560,34.8,202.8,1023.15,36645.0,10161.0,10161.0
669,35.310,202.560,35.36,202.63,1023.15,38434.0,12265.0,12265.0
670,35.310,202.560,34.79,202.8,1023.15,36500.0,10721.0,10721.0
671,35.310,202.560,35.03,203.14,1023.15,35812.0,9276.0,9276.0
672,35.310,202.560,35.11,202.92,1023.15,35232.0,8989.0,8989.0
673,35.310,202.560,34.94,202.65,1023.15,36562.0,10890.0,10890.0
674,35.310,202.560,35.19,202.83,1023.15,37422.0,11660.0,11660.0
675,35.310,202.560,35.26,202.81,1023.15,34992.0,9965.0,9965.0
676,35.310,202.560,35.35,202.59,1023.15,35980.0,10509.0,10509.0
677,35.310,202.560,35.36,202.74,1023.15,36968.0,11064.0,11064.0
678,35.310,202.560,34.97,202.83,1023.15,37276.0,11669.0,11669.0
679,35.310,202.560,34.92,202.51,1023.15,37563.0,11833.0,11833.0
680,35.310,202.560,34.96,202.95,1023.15,36043.0,9719.0,9719.0
681,35.310,202.560,35.07,202.96,1023.15,36215.0,9261.0,9261.0
682,35.310,202.560,35.06,202.7,1023.15,37110.0,10159.0,10159.0
683,35.310,202.560,35.1,202.73,1023.15,37380.0,11075.0,11075.0
684,35.310,202.560,34.91,202.93,1023.15,36191.0,10798.0,10798.0
685,35.310,202.560,35.15,202.86,1023.15,35881.0,10379.0,10379.0
686,35.310,202.560,35.28,202.7,1023.15,36862.0,10035.0,10035.0
687,35.310,202.560,35.18,202.71,1023.15,36837.0,10886.0,10886.0
688,35.310,202.560,34.92,202.75,1023.15,36304.0,10041.0,10041.0
689,35.310,202.560,34.85,202.7,1023.15,38462.0,11698.0,11698.0
690,35.310,202.560,35.43,202.68,1023.15,35638.0,10231.0,10231.0
691,35.310,202.560,35.2,202.7,1023.15,37162.0,11204.0,11204.0
692,35.310,202.560,35.16,202.85,1023.15,38132.0,12111.0,12111.0
693,35.310,202.560,35.37,202.72,1023.15,34874.0,8650.0,8650.0
694,35.310,202.560,35.24,202.8,1023.15,35475.0,10415.0,10415.0
695,35.310,202.560,34.91,202.95,1023.15,34744.0,9532.0,9532.0
696,35.310,202.560,35.37,202.54,1023.15,36874.0,10673.0,10673.0
697,35.310,202.560,35.02,202.88,1023.15,37456.0,11506.0,11506.0
698,35.310,202.560,35.04,202.58,1023.15,35367.0,9410.0,9410.0
699,35.310,202.560,35.03,202.78,1023.15,35447.0,8914.0,8914.0
700,35.310,202.560,35.08,203.06,1023.15,36228.0,9486.0,9486.0
701,35.310,202.560,35.34,202.87,1023.15,37942.0,12166.0,12166.0
702,35.310,202.560,34.96,202.78,1023.15,38280.0,11945.0,11945.0
703,35.310,202.560,35.18,202.76,1023.15,36710.0,10364.0,10364.0
704,35.310,202.560,35.31,202.86,1023.15,35307.0,10113.0,10113.0
705,35.310,202.560,35.13,202.73,1023.15,34332.0,9093.0,9093.0
706,35.310,202.560,34.84,202.63,1023.15,37141.0,10878.0,10878.0
707,35.310,202.560,34.96,202.85,1023.15,36969.0,10687.0,10687.0
708,35.310,202.560,35.12,202.92,1023.15,35451.0,8979.0,8979.0
709,35.310,202.560,35.05,202.64,1023.15,38042.0,11387.0,11387.0
710,35.310,202.560,35.13,202.85,1023.15,36089.0,10622.0,10622.0
711,35.310,202.560,35.29,202.93,1023.15,36958.0,10434.0,10434.0
712,35.310,202.560,35.28,202.75,1023.15,34665.0,8354.0,8354.0
713,35.310,202.560,35.2,202.89,1023.15,36429.0,10531.0,10531.0
714,35.310,202.560,35.28,202.71,1023.15,36734.0,10333.0,10333.0
715,35.310,202.560,34.77,202.75,1023.15,37929.0,11870.0,11870.0
716,35.310,202.560,35.01,202.85,1023.15,33698.0,8211.0,8211.0
717,35.310,202.560,35.11,202.9,1023.15,36081.0,10125.0,10125.0
718,35.310,202.560,35.18,202.67,1023.15,37761.0,11807.0,11807.0
719,35.310,202.560,35.37,202.67,1023.15,38328.0,12533.0,12533.0
720,35.310,202.560,35.15,203.06,1023.15,38117.0,11475.0,11475.0
721,35.310,202.560,35.02,202.75,1023.15,36443.0,9400.0,9400.0
722,35.310,202.560,35.2,202.8,1023.15,38824.0,11798.0,11798.0
723,35.310,202.560,35.1,202.77,1023.15,35643.0,9352.0,9352.0
724,35.310,202.560,34.93,202.8,1023.15,36569.0,11015.0,11015.0
725,35.310,202.560,35.16,202.96,1023.15,35880.0,9830.0,9830.0
726,35.310,202.560,35.41,202.67,1023.15,34222.0,8563.0,8563.0
727,35.310,202.560,35.05,202.55,1023.15,36691.0,10695.0,10695.0
728,35.310,202.560,35.05,202.96,1023.15,40439.0,13612.0,13612.0
729,35.310,202.560,35.12,202.84,1023.15,36893.0,10490.0,10490.0
730,35.310,202.560,35.18,202.56,1023.15,36577.0,11096.0,11096.0
731,35.310,202.560,35.03,202.71,1023.15,35535.0,9838.0,9838.0
732,35.310,202.560,35.02,202.97,1023.15,35760.0,10126.0,10126.0
733,35.310,202.560,35.43,202.57,1023.15,35491.0,10227.0,10227.0
734,35.310,202.560,34.96,202.81,1023.15,38922.0,12771.0,12771.0
735,35.310,202.560,35.41,202.54,1023.15,36848.0,11518.0,11518.0
736,35.310,202.560,35.19,203.43,1023.15,34271.0,8917.0,8917.0
737,35.310,202.560,35.15,202.75,1023.15,36612.0,11047.0,11047.0
738,35.310,202.560,35.51,202.77,1023.15,37540.0,11099.0,11099.0
739,35.310,202.560,35.1,202.79,1023.15,35736.0,9896.0,9896.0
740,35.310,202.560,35.15,202.67,1023.15,35144.0,8600.0,8600.0
741,35.310,202.560,35.08,202.85,1023.15,36547.0,10336.0,10336.0
742,35.310,202.560,35.05,202.68,1023.15,36508.0,10867.0,10867.0
743,35.310,202.560,35.11,202.54,1023.15,34844.0,9455.0,9455.0
744,35.310,202.560,35.21,202.87,1023.15,35122.0,9064.0,9064.0
745,35.310,202.560,35.23,202.77,1023.15,36203.0,10700.0,10700.0
746,35.310,202.560,35.15,203.05,1023.15,36137.0,10166.0,10166.0
747,35.310,202.560,35.14,202.99,1023.15,36669.0,10873.0,10873.0
748,35.310,202.560,35.25,202.51,1023.15,39583.0,12271.0,12271.0
749,35.310,202.560,34.69,202.56,1023.15,36748.0,10852.0,10852.0
750,35.310,202.560,35.16,202.95,1023.15,36917.0,11144.0,11144.0
751,35.310,202.560,35.12,202.96,1023.15,37433.0,11683.0,11683.0
752,35.310,202.560,35.2,203.06,1023.15,38493.0,11117.0,11117.0
753,35.310,202.560,35.28,203.06,1023.15,36854.0,10852.0,10852.0
754,35.310,202.560,35.36,202.82,1023.15,35109.0,9963.0,9963.0
755,35.310,202.560,35.02,202.87,1023.15,36731.0,9951.0,9951.0
756,35.310,202.560,35.08,202.84,1023.15,36296.0,10017.0,10017.0
757,35.310,202.560,35.21,202.78,1023.15,37007.0,11325.0,11325.0
758,35.310,202.560,35.29,202.54,1023.15,36577.0,9641.0,9641.0
759,35.310,202.560,35.2,202.87,1023.15,36551.0,11084.0,11084.0
760,35.310,202.560,35.25,202.53,1023.15,36935.0,10919.0,10919.0
761,35.310,202.560,35.55,202.72,1023.15,37036.0,11482.0,11482.0
762,35.310,202.560,35.41,202.62,1023.15,35108.0,9578.0,9578.0
763,35.310,202.560,35.01,202.86,1023.15,36904.0,10117.0,10117.0
764,35.310,202.560,35.49,202.86,1023.15,32025.0,6539.0,6539.0
765,35.310,202.560,35.07,202.55,1023.15,36385.0,11048.0,11048.0
766,35.310,202.560,35.25,202.78,1023.15,37211.0,10255.0,10255.0
767,35.310,202.560,34.96,202.92,1023.15,37942.0,11300.0,11300.0
768,35.310,202.560,35.32,203,1023.15,33779.0,7626.0,7626.0
769,35.310,202.560,35.07,202.87,1023.15,34827.0,9187.0,9187.0
770,35.310,202.560,35.09,202.87,1023.15,36046.0,9926.0,9926.0
771,35.310,202.560,35.26,202.91,1023.15,38553.0,11636.0,11636.0
772,35.310,202.560,35.42,202.73,1023.15,39351.0,12581.0,12581.0
773,35.310,202.560,35.41,202.48,1023.15,35049.0,10011.0,10011.0
774,35.310,202.560,35.06,202.87,1023.15,39997.0,12486.0,12486.0
775,35.310,202.560,34.98,202.94,1023.15,37477.0,10748.0,10748.0
776,35.310,202.560,35.04,202.82,1023.15,33943.0,8563.0,8563.0
777,35.310,202.560,35.11,202.94,1023.15,37980.0,11619.0,11619.0
778,35.310,202.560,34.85,202.85,1023.15,36290.0,9869.0,9869.0
779,35.310,202.560,35.23,202.84,1023.15,39008.0,13298.0,13298.0
780,35.310,202.560,35.09,202.95,1023.15,34628.0,7964.0,7964.0
781,35.310,202.560,35.41,202.61,1023.15,35678.0,10309.0,10309.0
782,35.310,202.560,35.03,202.79,1023.15,39106.0,12268.0,12268.0
783,35.310,202.560,35.03,202.62,1023.15,36787.0,10575.0,10575.0
784,35.310,202.560,35.18,202.97,1023.15,39419.0,13010.0,13010.0
785,35.310,202.560,35.38,202.51,1023.15,39540.0,12836.0,12836.0
786,35.310,202.560,35.19,202.98,1023.15,36004.0,10109.0,10109.0
787,35.310,202.560,35.19,202.89,1023.15,35736.0,9720.0,9720.0
788,35.310,202.560,35.25,202.83,1023.15,35859.0,10152.0,10152.0
789,35.310,202.560,34.92,202.79,1023.15,37665.0,12006.0,12006.0
790,35.310,202.560,35.02,202.9,1023.15,36985.0,10687.0,10687.0
791,35.310,202.560,35.16,202.89,1023.15,36980.0,10610.0,10610.0
792,35.310,202.560,35.35,202.61,1023.15,37562.0,11581.0,11581.0
793,35.310,202.560,35.06,203.01,1023.15,36977.0,10762.0,10762.0
794,35.310,202.560,35.04,202.96,1023.15,35383.0,8887.0,8887.0
795,35.310,202.560,34.73,202.58,1023.15,35908.0,9659.0,9659.0
796,35.310,202.560,35.38,202.82,1023.15,38257.0,11641.0,11641.0
797,35.310,202.560,34.95,202.52,1023.15,35940.0,9402.0,9402.0
798,35.310,202.560,35.06,202.78,1023.15,37274.0,11240.0,11240.0
799,35.310,202.560,35.14,202.87,1023.15,38118.0,12413.0,12413.0
800,35.310,202.560,35.19,202.86,1023.15,36814.0,11094.0,11094.0
801,35.310,202.560,35.13,202.73,1023.15,37566.0,11113.0,11113.0
802,35.310,202.560,34.94,202.71,1023.15,36265.0,9366.0,9366.0
803,35.310,202.560,35.05,202.66,1023.15,35515.0,9639.0,9639.0
804,35.310,202.560,35.08,202.69,1023.15,37037.0,11182.0,11182.0
805,35.310,202.560,34.86,202.97,1023.15,35211.0,8992.0,8992.0
806,35.310,202.560,35.55,202.76,1023.15,35990.0,9498.0,9498.0
807,35.310,202.560,35.02,202.54,1023.15,36469.0,10009.0,10009.0
808,35.310,202.560,35.01,202.98,1023.15,35004.0,8518.0,8518.0
809,35.310,202.560,34.93,202.86,1023.15,38276.0,11496.0,11496.0
810,35.310,202.560,35.17,202.82,1023.15,36839.0,10364.0,10364.0
811,35.310,202.560,35.09,202.76,1023.15,35916.0,10147.0,10147.0
812,35.310,202.560,35.12,202.85,1023.15,39972.0,13133.0,13133.0
813,35.310,202.560,35.15,203,1023.15,37980.0,10902.0,10902.0
814,35.310,202.560,34.86,202.77,1023.15,37490.0,12131.0,12131.0
815,35.310,202.560,35.32,202.95,1023.15,37312.0,11139.0,11139.0
816,35.310,202.560,34.95,202.93,1023.15,38521.0,11302.0,11302.0
817,35.310,202.560,35.41,202.62,1023.15,36025.0,10401.0,10401.0
818,35.310,202.560,35.18,202.79,1023.15,35604.0,9624.0,9624.0
819,35.310,202.560,35.12,202.92,1023.15,35411.0,9291.0,9291.0
820,35.310,202.560,35.26,202.7,1023.15,36341.0,10765.0,10765.0
821,35.310,202.560,35.08,202.79,1023.15,35535.0,9526.0,9526.0
822,35.310,202.560,35.1,202.8,1023.15,37284.0,11197.0,11197.0
823,35.310,202.560,35.06,202.63,1023.15,35596.0,9640.0,9640.0
824,35.310,202.560,34.81,202.81,1023.15,38699.0,11855.0,11855.0
825,35.310,202.560,34.95,202.72,1023.15,36629.0,10951.0,10951.0
826,35.310,202.560,35.22,202.69,1023.15,36267.0,10315.0,10315.0
827,35.310,202.560,35.22,202.7,1023.15,35464.0,9197.0,9197.0
828,35.310,202.560,35.24,203.4,1023.15,36157.0,10297.0,10297.0
829,35.310,202.560,35.07,202.43,1023.15,38231.0,11781.0,11781.0
830,35.310,202.560,35.19,202.56,1023.15,36517.0,10694.0,10694.0
831,35.310,202.560,35.2,202.73,1023.15,35195.0,9041.0,9041.0
832,35.310,202.560,35.6,202.74,1023.15,36827.0,10355.0,10355.0
833,35.310,202.560,35.12,202.72,1023.15,34759.0,9523.0,9523.0
834,35.310,202.560,35.09,202.54,1023.15,36986.0,10531.0,10531.0
835,35.310,202.560,34.91,202.67,1023.15,37185.0,10505.0,10505.0
836,35.310,202.560,35.3,202.64,1023.15,36744.0,11279.0,11279.0
837,35.310,202.560,35.4,202.65,1023.15,35662.0,9915.0,9915.0
838,35.310,202.560,35.63,202.87,1023.15,35176.0,8900.0,8900.0
839,35.310,202.560,35.07,202.75,1023.15,39159.0,12425.0,12425.0
840,35.310,202.560,35.04,202.82,1023.15,38208.0,11299.0,11299.0
841,35.310,202.560,35.07,202.75,1023.15,36130.0,9817.0,9817.0
842,35.310,202.560,35.23,202.7,1023.15,37688.0,11157.0,11157.0
843,35.310,202.560,35.38,202.48,1023.15,37222.0,10885.0,10885.0
844,35.310,202.560,35.36,202.85,1023.15,38374.0,12175.0,12175.0
845,35.310,202.560,35.5,202.67,1023.15,33663.0,8711.0,8711.0
846,35.310,202.560,35.45,202.64,1023.15,38764.0,13040.0,13040.0
847,35.310,202.560,34.83,202.99,1023.15,38268.0,10435.0,10435.0
848,35.310,202.560,35.07,203.01,1023.15,37181.0,10147.0,10147.0
849,35.310,202.560,35.09,202.96,1023.15,36585.0,9809.0,9809.0
850,35.310,202.560,35.33,202.95,1023.15,33399.0,8492.0,8492.0
851,35.310,202.560,35.19,202.66,1023.15,38011.0,11851.0,11851.0
852,35.310,202.560,35.21,203.16,1023.15,35705.0,9580.0,9580.0
853,35.310,202.560,35.29,202.65,1023.15,37856.0,12130.0,12130.0
854,35.310,202.560,35.1,202.7,1023.15,35652.0,10459.0,10459.0
855,35.310,202.560,35.18,202.71,1023.15,36028.0,9321.0,9321.0
856,35.310,202.560,35.49,202.71,1023.15,38953.0,12551.0,12551.0
857,35.310,202.560,35.32,202.74,1023.15,37968.0,11685.0,11685.0
858,35.310,202.560,35.24,202.85,1023.15,37659.0,11151.0,11151.0
859,35.310,202.560,35.06,202.69,1023.15,36386.0,10721.0,10721.0
860,35.310,202.560,35.33,202.56,1023.15,35456.0,10640.0,10640.0
861,35.310,202.560,35.13,202.58,1023.15,36277.0,10590.0,10590.0
862,35.310,202.560,35.14,202.78,1023.15,34589.0,7622.0,7622.0
863,35.310,202.560,35.05,202.89,1023.15,37153.0,10389.0,10389.0
864,35.310,202.560,35.28,202.61,1023.15,41385.0,15515.0,15515.0
865,35.310,202.560,34.91,202.94,1023.15,36729.0,10340.0,10340.0
866,35.310,202.560,35.44,202.76,1023.15,36002.0,9846.0,9846.0
867,35.310,202.560,35.19,202.86,1023.15,36825.0,10589.0,10589.0
868,35.310,202.560,35.5,202.69,1023.15,39017.0,10778.0,10778.0
869,35.310,202.560,35.06,202.71,1023.15,38084.0,11049.0,11049.0
870,35.310,202.560,35.28,203.04,1023.15,37277.0,10553.0,10553.0
871,35.310,202.560,35.5,202.59,1023.15,38283.0,11403.0,11403.0
872,35.310,202.560,35.03,202.82,1023.15,37764.0,10825.0,10825.0
873,35.310,202.560,35.08,202.92,1023.15,37024.0,9060.0,9060.0
874,35.310,202.560,35.31,202.55,1023.15,37755.0,10423.0,10423.0
875,35.310,202.560,35.13,202.78,1023.15,36589.0,8598.0,8598.0
876,35.310,202.560,35.03,202.74,1023.15,37347.0,10175.0,10175.0
877,35.310,202.560,35.21,202.52,1023.15,35925.0,9088.0,9088.0
878,35.310,202.560,35.1,202.78,1023.15,37445.0,10037.0,10037.0
879,35.310,202.560,35.4,202.92,1023.15,38021.0,10977.0,10977.0
880,35.310,202.560,35.49,202.7,1023.15,39333.0,11028.0,11028.0
881,35.310,202.560,34.98,202.65,1023.15,40003.0,11363.0,11363.0
882,35.310,202.560,35.13,202.78,1023.15,36250.0,9762.0,9762.0
883,35.310,202.560,35.16,202.81,1023.15,36813.0,8960.0,8960.0
884,35.310,202.560,35.13,202.86,1023.15,38990.0,10743.0,10743.0
885,35.310,202.560,35.11,202.8,1023.15,37444.0,10605.0,10605.0
886,35.310,202.560,35.2,202.63,1023.15,40975.0,13101.0,13101.0
887,35.310,202.560,35.72,202.92,1023.15,37823.0,10271.0,10271.0
888,35.310,202.560,35.06,202.73,1023.15,40820.0,12346.0,12346.0
889,35.310,202.560,35.42,202.96,1023.15,37851.0,9594.0,9594.0
890,35.310,202.560,35.3,202.79,1023.15,37637.0,9712.0,9712.0
891,35.310,202.560,34.88,202.65,1023.15,36623.0,9608.0,9608.0
892,35.310,202.560,35.15,202.59,1023.15,36419.0,9250.0,9250.0
893,35.310,202.560,35.12,202.78,1023.15,37419.0,8769.0,8769.0
894,35.310,202.560,34.87,202.76,1023.15,40111.0,11546.0,11546.0
895,35.310,202.560,35.41,202.6,1023.15,38702.0,10128.0,10128.0
896,35.310,202.560,35.37,202.75,1023.15,37825.0,10534.0,10534.0
897,35.310,202.560,35.22,202.64,1023.15,37220.0,10286.0,10286.0
898,35.310,202.560,35.11,202.59,1023.15,36539.0,8815.0,8815.0
899,35.310,202.560,35.26,202.89,1023.15,37923.0,11270.0,11270.0
900,35.310,202.560,35.13,202.59,1023.15,37311.0,10457.0,10457.0
901,35.310,202.560,35.07,202.7,1023.15,35621.0,7323.0,7323.0
902,35.310,202.560,35.31,202.92,1023.15,36530.0,8837.0,8837.0
903,35.310,202.560,35.08,202.89,1023.15,36517.0,10635.0,10635.0
904,35.310,202.560,35.19,202.8,1023.15,37036.0,9607.0,9607.0
905,35.310,202.560,35.47,202.79,1023.15,38274.0,10445.0,10445.0
906,35.310,202.560,35.09,202.64,1023.15,36125.0,9719.0,9719.0
907,35.310,202.560,35.05,202.76,1023.15,37504.0,9865.0,9865.0
908,35.310,202.560,35.33,202.51,1023.15,36678.0,10095.0,10095.0
909,35.310,202.560,35.15,202.6,1023.15,36272.0,9131.0,9131.0
910,35.310,202.560,35.43,202.59,1023.15,33714.0,7195.0,7195.0
911,35.310,202.560,35.19,202.72,1023.15,37036.0,10173.0,10173.0
912,35.310,202.560,34.97,202.73,1023.15,38632.0,10093.0,10093.0
913,35.310,202.560,35.07,202.86,1023.15,36254.0,9195.0,9195.0
914,35.310,202.560,35.15,202.86,1023.15,35792.0,8336.0,8336.0
915,35.310,202.560,35.35,202.55,1023.15,34190.0,7892.0,7892.0
916,35.310,202.560,35.11,202.87,1023.15,40120.0,11501.0,11501.0
917,35.310,202.560,35.38,202.62,1023.15,36157.0,8579.0,8579.0
918,35.310,202.560,35.19,202.5,1023.15,37521.0,8893.0,8893.0
919,35.310,202.560,35.2,202.75,1023.15,39161.0,10679.0,10679.0
920,35.310,202.560,34.97,202.55,1023.15,38917.0,10566.0,10566.0
921,35.310,202.560,34.91,202.97,1023.15,37037.0,9616.0,9616.0
922,35.310,202.560,35.1,202.81,1023.15,37837.0,9249.0,9249.0
923,35.310,202.560,35.44,202.73,1023.15,36393.0,8935.0,8935.0
924,35.310,202.560,35.02,202.77,1023.15,36976.0,10014.0,10014.0
925,35.310,202.560,35.34,202.54,1023.15,37890.0,10240.0,10240.0
926,35.310,202.560,35.35,202.61,1023.15,34606.0,7960.0,7960.0
927,35.310,202.560,35.04,202.68,1023.15,37857.0,9348.0,9348.0
928,35.310,202.560,35.32,202.69,1023.15,35499.0,9398.0,9398.0
929,35.310,202.560,34.99,202.81,1023.15,35604.0,8585.0,8585.0
930,35.310,202.560,35.16,202.88,1023.15,36103.0,9008.0,9008.0
931,35.310,202.560,35.35,202.45,1023.15,36668.0,8419.0,8419.0
932,35.310,202.560,35.32,202.65,1023.15,39613.0,11702.0,11702.0
933,35.310,202.560,35.08,202.81,1023.15,35956.0,8741.0,8741.0
934,35.310,202.560,35.39,202.64,1023.15,35713.0,8448.0,8448.0
935,35.310,202.560,35.2,202.77,1023.15,38369.0,11178.0,11178.0
936,35.310,202.560,35.11,202.52,1023.15,34678.0,7459.0,7459.0
937,35.310,202.560,35.01,202.62,1023.15,39625.0,10787.0,10787.0
938,35.310,202.560,35.23,202.71,1023.15,37248.0,10540.0,10540.0
939,35.310,202.560,34.92,202.53,1023.15,41203.0,12736.0,12736.0
940,35.310,202.560,35.32,202.83,1023.15,35935.0,8608.0,8608.0
941,35.310,202.560,35.3,202.8,1023.15,38557.0,12221.0,12221.0
942,35.310,202.560,35.12,202.86,1023.15,37725.0,9593.0,9593.0
943,35.310,202.560,35.19,202.85,1023.15,37409.0,10704.0,10704.0
944,35.310,202.560,34.89,202.53,1023.15,38713.0,10819.0,10819.0
945,35.310,202.560,35.06,202.91,1023.15,38635.0,11034.0,11034.0
946,35.310,202.560,34.96,202.97,1023.15,41319.0,12880.0,12880.0
947,35.310,202.560,35.33,202.47,1023.15,38036.0,10422.0,10422.0
948,35.310,202.560,35.15,202.67,1023.15,37416.0,10414.0,10414.0
949,35.310,202.560,35.17,202.7,1023.15,37720.0,9679.0,9679.0
950,35.310,202.560,35.08,202.86,1023.15,40101.0,11949.0,11949.0
951,35.310,202.560,35.38,202.55,1023.15,37266.0,10195.0,10195.0
952,35.310,202.560,35.19,202.59,1023.15,37783.0,10626.0,10626.0
953,35.310,202.560,35.19,202.81,1023.15,36705.0,9351.0,9351.0
954,35.310,202.560,35.31,202.72,1023.15,35899.0,8372.0,8372.0
955,35.310,202.560,35.08,202.61,1023.15,37788.0,10533.0,10533.0
956,35.310,202.560,35.31,202.66,1023.15,37307.0,10584.0,10584.0
957,35.310,202.560,34.98,202.43,1023.15,35550.0,9842.0,9842.0
958,35.310,202.560,35.36,202.5,1023.15,38396.0,11101.0,11101.0
959,35.310,202.560,35.22,202.97,1023.15,37674.0,9062.0,9062.0
960,35.310,202.560,35.15,202.72,1023.15,39285.0,12048.0,12048.0
961,35.310,202.560,35.09,202.77,1023.15,39661.0,11570.0,11570.0
962,35.310,202.560,35.37,202.57,1023.15,36425.0,9638.0,9638.0
963,35.310,202.560,35.42,202.64,1023.15,35901.0,8962.0,8962.0
964,35.310,202.560,35.57,202.55,1023.15,38908.0,11469.0,11469.0
965,35.310,202.560,35.27,202.8,1023.15,37415.0,9956.0,9956.0
966,35.310,202.560,35.54,202.98,1023.15,38748.0,11024.0,11024.0
967,35.310,202.560,35.24,202.72,1023.15,38208.0,11318.0,11318.0
968,35.310,202.560,35.3,202.77,1023.15,36405.0,9268.0,9268.0
969,35.310,202.560,34.91,202.4,1023.15,37174.0,10094.0,10094.0
970,35.310,202.560,35.18,202.93,1023.15,37072.0,9280.0,9280.0
971,35.310,202.560,35.3,202.95,1023.15,38524.0,10744.0,10744.0
972,35.310,202.560,35.31,202.79,1023.15,38304.0,11588.0,11588.0
973,35.310,202.560,35.12,202.89,1023.15,36403.0,9856.0,9856.0
974,35.310,202.560,35.24,202.54,1023.15,34911.0,7834.0,7834.0
975,35.310,202.560,35.41,203.15,1023.15,35639.0,9592.0,9592.0
976,35.310,202.560,34.91,202.54,1023.15,37420.0,11365.0,11365.0
977,35.310,202.560,35.38,202.78,1023.15,36198.0,8327.0,8327.0
978,35.310,202.560,35.22,202.53,1023.15,37132.0,10108.0,10108.0
979,35.310,202.560,35.32,202.63,1023.15,34147.0,6904.0,6904.0
980,35.310,202.560,34.99,202.77,1023.15,36948.0,9304.0,9304.0
981,35.310,202.560,35.17,202.91,1023.15,39536.0,12193.0,12193.0
982,35.310,202.560,35.12,202.66,1023.15,36584.0,8481.0,8481.0
983,35.310,202.560,35.36,202.7,1023.15,38942.0,12438.0,12438.0
984,35.310,202.560,35.21,202.77,1023.15,38745.0,11070.0,11070.0
985,35.310,202.560,35.21,202.66,1023.15,38199.0,12113.0,12113.0
986,35.310,202.560,35.2,202.69,1023.15,39482.0,11937.0,11937.0
987,35.310,202.560,35.05,202.83,1023.15,38593.0,11119.0,11119.0
988,35.310,202.560,35.02,202.7,1023.15,35583.0,9807.0,9807.0
989,35.310,202.560,35.5,202.65,1023.15,35727.0,8710.0,8710.0
990,35.310,202.560,35.25,202.8,1023.15,35698.0,9302.0,9302.0
991,35.310,202.560,35.26,202.73,1023.15,38979.0,11357.0,11357.0
992,35.310,202.560,35.26,202.63,1023.15,39419.0,12740.0,12740.0
993,35.310,202.560,35.21,202.48,1023.15,36434.0,9753.0,9753.0
994,35.310,202.560,35.13,202.56,1023.15,38332.0,10614.0,10614.0
995,35.310,202.560,35.04,202.9,1023.15,37491.0,10330.0,10330.0
996,35.310,202.560,34.9,202.66,1023.15,35206.0,8610.0,8610.0
997,35.310,202.560,35.17,202.91,1023.15,38818.0,10812.0,10812.0
998,35.310,202.560,34.98,202.78,1023.15,38454.0,10783.0,10783.0
999,35.310,202.560,35.1,202.7,1023.15,37752.0,11081.0,11081.0
1000,35.310,202.560,35.1,202.75,1023.15,40295.0,12016.0,12016.0
1001,35.310,202.560,35.44,202.54,1023.15,36765.0,9790.0,9790.0
1002,35.310,202.560,35.3,202.78,1023.15,40428.0,11878.0,11878.0
1003,35.310,202.560,35.24,202.65,1023.15,37515.0,10675.0,10675.0
1004,35.310,202.560,35.16,202.57,1023.15,38097.0,10362.0,10362.0
1005,35.310,202.560,35.42,202.53,1023.15,39819.0,12353.0,12353.0
1006,35.310,202.560,35.43,202.77,1023.15,35763.0,8413.0,8413.0
1007,35.310,202.560,35.28,202.71,1023.15,37867.0,10897.0,10897.0
1008,35.310,202.560,34.95,202.39,1023.15,36444.0,8708.0,8708.0
1009,35.310,202.560,35.04,202.69,1023.15,37664.0,10889.0,10889.0
1010,35.310,202.560,35.28,202.74,1023.15,37320.0,9824.0,9824.0
1011,35.310,202.560,35.25,202.9,1023.15,37062.0,9618.0,9618.0
1012,35.310,202.560,35.02,202.69,1023.15,36416.0,9192.0,9192.0
1013,35.310,202.560,35.3,202.49,1023.15,39091.0,11734.0,11734.0
1014,35.310,202.560,35.39,202.55,1023.15,37067.0,9730.0,9730.0
1015,35.310,202.560,35.28,202.42,1023.15,39001.0,11616.0,11616.0
1016,35.310,202.560,35.2,202.68,1023.15,36654.0,9598.0,9598.0
1017,35.310,202.560,35.33,202.6,1023.15,37500.0,10412.0,10412.0
1018,35.310,202.560,35.21,202.76,1023.15,37692.0,10897.0,10897.0
1019,35.310,202.560,35.11,202.9,1023.15,36056.0,8839.0,8839.0
1020,35.310,202.560,35.4,202.81,1023.15,38985.0,10858.0,10858.0
1021,35.310,202.560,35.34,202.81,1023.15,37599.0,9798.0,9798.0
1022,35.310,202.560,35.35,203.37,1023.15,38085.0,11561.0,11561.0
1023,35.310,202.560,35.21,202.65,1023.15,39572.0,12454.0,12454.0
1024,35.310,202.560,35.14,202.63,1023.15,38665.0,11980.0,11980.0
1025,35.310,202.560,34.89,202.55,1023.15,36218.0,8533.0,8533.0
1026,35.310,202.560,35.28,202.67,1023.15,36401.0,9517.0,9517.0
1027,35.310,202.560,35.1,202.7,1023.15,40288.0,12191.0,12191.0
1028,35.310,202.560,35.25,202.58,1023.15,39404.0,12523.0,12523.0
1029,35.310,202.560,35.16,202.65,1023.15,35290.0,9130.0,9130.0
1030,35.310,202.560,35.1,202.67,1023.15,36311.0,9414.0,9414.0
1031,35.310,202.560,35.2,202.82,1023.15,39014.0,11066.0,11066.0
1032,35.310,202.560,35.35,202.57,1023.15,40405.0,12632.0,12632.0
1033,35.310,202.560,35.3,202.48,1023.15,39490.0,11789.0,11789.0
1034,35.310,202.560,35.2,202.67,1023.15,40890.0,13037.0,13037.0
1035,35.310,202.560,35.26,202.67,1023.15,38168.0,10838.0,10838.0
1036,35.310,202.560,35.23,202.62,1023.15,39180.0,10939.0,10939.0
1037,35.310,202.560,35.45,202.41,1023.15,35378.0,6619.0,6619.0
1038,35.310,202.560,35.22,202.64,1023.15,40878.0,12874.0,12874.0
1039,35.310,202.560,35.4,202.73,1023.15,41489.0,12670.0,12670.0
1040,35.310,202.560,35.39,202.54,1023.15,38461.0,10082.0,10082.0
1041,35.310,202.560,34.72,202.52,1023.15,37737.0,10200.0,10200.0
1042,35.310,202.560,35.13,202.59,1023.15,37435.0,9479.0,9479.0
1043,35.310,202.560,35.49,202.71,1023.15,38813.0,10209.0,10209.0
1044,35.310,202.560,35.32,202.76,1023.15,37065.0,9459.0,9459.0
1045,35.310,202.560,35.07,202.74,1023.15,39022.0,10691.0,10691.0
1046,35.310,202.560,35.15,202.8,1023.15,38352.0,10297.0,10297.0
1047,35.310,202.560,35.35,202.62,1023.15,38988.0,11736.0,11736.0
1048,35.310,202.560,35.37,202.54,1023.15,38756.0,10339.0,10339.0
1049,35.310,202.560,35.06,202.51,1023.15,37070.0,8729.0,8729.0
1050,35.310,202.560,34.99,202.73,1023.15,40589.0,11748.0,11748.0
1051,35.310,202.560,35.11,202.7,1023.15,38447.0,10834.0,10834.0
1052,35.310,202.560,35.38,202.85,1023.15,37198.0,10301.0,10301.0
1053,35.310,202.560,35.28,202.39,1023.15,40701.0,12277.0,12277.0
1054,35.310,202.560,35.27,202.81,1023.15,37621.0,10102.0,10102.0
1055,35.310,202.560,35.21,202.75,1023.15,39559.0,11092.0,11092.0
1056,35.310,202.560,35.14,202.56,1023.15,41549.0,13206.0,13206.0
1057,35.310,202.560,34.96,202.72,1023.15,40103.0,10656.0,10656.0
1058,35.310,202.560,34.63,202.57,1023.15,39076.0,11655.0,11655.0
1059,35.310,202.560,35.26,202.68,1023.15,38194.0,10638.0,10638.0
1060,35.310,202.560,35.21,202.65,1023.15,39711.0,11609.0,11609.0
1061,35.310,202.560,35.16,202.61,1023.15,37861.0,9017.0,9017.0
1062,35.310,202.560,35.26,202.72,1023.15,38579.0,11664.0,11664.0
1063,35.310,202.560,35.21,202.64,1023.15,37748.0,9892.0,9892.0
1064,35.310,202.560,35.09,202.68,1023.15,40034.0,11028.0,11028.0
1065,35.310,202.560,35.35,202.57,1023.15,38175.0,10192.0,10192.0
1066,35.310,202.560,35.05,202.75,1023.15,37810.0,9545.0,9545.0
1067,35.310,202.560,35.16,202.63,1023.15,36315.0,9018.0,9018.0
1068,35.310,202.560,35.15,202.58,1023.15,36132.0,8644.0,8644.0
1069,35.310,202.560,35.21,202.46,1023.15,39481.0,12049.0,12049.0
1070,35.310,202.560,34.94,202.56,1023.15,36861.0,8891.0,8891.0
1071,35.310,202.560,35.21,202.64,1023.15,40107.0,12744.0,12744.0
1072,35.310,202.560,35.14,202.64,1023.15,40693.0,11488.0,11488.0
1073,35.310,202.560,34.61,202.62,1023.15,39049.0,11047.0,11047.0
1074,35.310,202.560,35.27,202.62,1023.15,37501.0,10360.0,10360.0
1075,35.310,202.560,35.23,202.56,1023.15,39478.0,10449.0,10449.0
1076,35.310,202.560,35.24,202.77,1023.15,38067.0,10960.0,10960.0
1077,35.310,202.560,35.05,202.83,1023.15,41067.0,12632.0,12632.0
1078,35.310,202.560,35.17,202.74,1023.15,35983.0,8841.0,8841.0
1079,35.310,202.560,35.29,202.78,1023.15,38862.0,11073.0,11073.0
1080,35.310,202.560,35.16,202.64,1023.15,37321.0,9865.0,9865.0
1081,35.310,202.560,35.31,202.47,1023.15,37951.0,10724.0,10724.0
1082,35.310,202.560,35.47,202.5,1023.15,38045.0,11023.0,11023.0
1083,35.310,202.560,35.15,202.86,1023.15,37256.0,9496.0,9496.0
1084,35.310,202.560,35.27,202.48,1023.15,38374.0,11936.0,11936.0
1085,35.310,202.560,35.37,202.52,1023.15,38605.0,10414.0,10414.0
1086,35.310,202.560,35.04,202.53,1023.15,37461.0,9597.0,9597.0
1087,35.310,202.560,35.26,202.64,1023.15,37097.0,9907.0,9907.0
1088,35.310,202.560,35.23,202.78,1023.15,37543.0,9391.0,9391.0
1089,35.310,202.560,35.42,202.51,1023.15,36837.0,9078.0,9078.0
1090,35.310,202.560,35.17,202.72,1023.15,41908.0,13777.0,13777.0
1091,35.310,202.560,35.16,202.5,1023.15,41103.0,11713.0,11713.0
1092,35.310,202.560,35.2,202.65,1023.15,39082.0,11477.0,11477.0
1093,35.310,202.560,35.25,202.76,1023.15,39591.0,11145.0,11145.0
1094,35.310,202.560,35.16,202.48,1023.15,36216.0,8223.0,8223.0
1095,35.310,202.560,35.28,202.95,1023.15,39646.0,10029.0,10029.0
1096,35.310,202.560,35.35,202.51,1023.15,37451.0,8861.0,8861.0
1097,35.310,202.560,35.06,202.91,1023.15,36574.0,9510.0,9510.0
1098,35.310,202.560,35.02,202.82,1023.15,41416.0,12749.0,12749.0
1099,35.310,202.560,35.18,202.76,1023.15,37252.0,9897.0,9897.0
1100,35.310,202.560,35.26,202.79,1023.15,38619.0,9945.0,9945.0
1101,35.310,202.560,35.42,202.64,1023.15,41502.0,12851.0,12851.0
1102,35.310,202.560,35.39,202.44,1023.15,38974.0,9865.0,9865.0
1103,35.310,202.560,35.42,202.54,1023.15,39274.0,11245.0,11245.0
1104,35.310,202.560,35.3,202.56,1023.15,37472.0,10362.0,10362.0
1105,35.310,202.560,35.43,202.72,1023.15,40204.0,11181.0,11181.0
1106,35.310,202.560,35.3,202.79,1023.15,38815.0,11359.0,11359.0
1107,35.310,202.560,35.03,202.52,1023.15,40233.0,11476.0,11476.0
1108,35.310,202.560,35.46,202.47,1023.15,39404.0,11639.0,11639.0
1109,35.310,202.560,35.12,202.64,1023.15,38136.0,9884.0,9884.0
1110,35.310,202.560,35.15,202.69,1023.15,37506.0,9178.0,9178.0
1111,35.310,202.560,35.07,202.78,1023.15,37319.0,8688.0,8688.0
1112,35.310,202.560,35.19,202.7,1023.15,39999.0,11765.0,11765.0
1113,35.310,202.560,35.23,202.59,1023.15,37106.0,9743.0,9743.0
1114,35.310,202.560,35.51,202.62,1023.15,37263.0,9749.0,9749.0
1115,35.310,202.560,35.07,202.64,1023.15,35120.0,7459.0,7459.0
1116,35.310,202.560,35.44,202.65,1023.15,39050.0,10397.0,10397.0
1117,35.310,202.560,35.12,202.63,1023.15,37371.0,9042.0,9042.0
1118,35.310,202.560,35.11,202.9,1023.15,37503.0,9436.0,9436.0
1119,35.310,202.560,35.17,202.66,1023.15,36741.0,8792.0,8792.0
1120,35.310,202.560,35.21,202.39,1023.15,37467.0,10640.0,10640.0
1121,35.310,202.560,35.3,202.69,1023.15,38073.0,10517.0,10517.0
1122,35.310,202.560,35.32,202.64,1023.15,39756.0,11803.0,11803.0
1123,35.310,202.560,35.2,202.62,1023.15,38945.0,11940.0,11940.0
1124,35.310,202.560,35.77,202.49,1023.15,38666.0,10449.0,10449.0
1125,35.310,202.560,34.93,202.64,1023.15,37634.0,10015.0,10015.0
1126,35.310,202.560,35.08,202.77,1023.15,41788.0,12990.0,12990.0
1127,35.310,202.560,35.42,202.56,1023.15,39608.0,11864.0,11864.0
1128,35.310,202.560,35.19,202.71,1023.15,41198.0,13487.0,13487.0
1129,35.310,202.560,35.32,202.73,1023.15,41300.0,14341.0,14341.0
1130,35.310,202.560,35.35,202.64,1023.15,39985.0,11939.0,11939.0
1131,35.310,202.560,35.2,202.7,1023.15,37752.0,9433.0,9433.0
1132,35.310,202.560,35.25,202.64,1023.15,38317.0,11496.0,11496.0
1133,35.310,202.560,34.92,202.76,1023.15,38294.0,10716.0,10716.0
1134,35.310,202.560,35.25,202.58,1023.15,34466.0,8261.0,8261.0
1135,35.310,202.560,35.11,202.88,1023.15,36400.0,8419.0,8419.0
1136,35.310,202.560,34.99,202.51,1023.15,41048.0,11678.0,11678.0
1137,35.310,202.560,35.31,202.65,1023.15,38757.0,10041.0,10041.0
1138,35.310,202.560,35.16,202.57,1023.15,36337.0,8692.0,8692.0
1139,35.310,202.560,35.45,202.68,1023.15,37897.0,9591.0,9591.0
1140,35.310,202.560,35.18,202.42,1023.15,34253.0,6320.0,6320.0
1141,35.310,202.560,35.13,202.81,1023.15,40144.0,10552.0,10552.0
1142,35.310,202.560,35.03,202.59,1023.15,38251.0,8017.0,8017.0
1143,35.310,202.560,35.13,202.56,1023.15,39039.0,10118.0,10118.0
1144,35.310,202.560,35.29,202.78,1023.15,38069.0,10064.0,10064.0
1145,35.310,202.560,35.36,202.47,1023.15,38793.0,8901.0,8901.0
1146,35.310,202.560,35.15,202.76,1023.15,41002.0,11219.0,11219.0
1147,35.310,202.560,35.3,202.57,1023.15,36184.0,8194.0,8194.0
1148,35.310,202.560,35.18,202.51,1023.15,38301.0,9912.0,9912.0
1149,35.310,202.560,35.12,202.67,1023.15,38011.0,9077.0,9077.0
1150,35.310,202.560,34.96,202.98,1023.15,39707.0,10007.0,10007.0
1151,35.310,202.560,35.12,202.89,1023.15,38363.0,9161.0,9161.0
1152,35.310,202.560,34.96,202.98,1023.15,38852.0,9360.0,9360.0
1153,35.310,202.560,35.21,202.86,1023.15,38839.0,10152.0,10152.0
1154,35.310,202.560,35.27,202.49,1023.15,36205.0,9425.0,9425.0
1155,35.310,202.560,35.39,202.88,1023.15,38064.0,10471.0,10471.0
1156,35.310,202.560,35.23,202.71,1023.15,38830.0,12023.0,12023.0
1157,35.310,202.560,35.18,202.75,1023.15,37329.0,11127.0,11127.0
1158,35.310,202.560,35.43,202.7,1023.15,36649.0,11174.0,11174.0
1159,35.310,202.560,35.21,202.46,1023.15,35535.0,9243.0,9243.0
1160,35.310,202.560,35.2,202.4,1023.15,36087.0,9800.0,9800.0
1161,35.310,202.560,35.3,202.86,1023.15,36854.0,9850.0,9850.0
1162,35.310,202.560,35.31,202.56,1023.15,35924.0,9219.0,9219.0
1163,35.310,202.560,35.31,202.56,1023.15,31580.0,5759.0,5759.0
1164,35.310,202.560,35.31,202.56,1023.15,26522.0,1527.0,1527.0
1165,35.310,202.560,35.31,202.56,1023.15,25008.0,0.0,0.0
1166,35.310,202.560,35.31,202.56,1023.15,25063.0,397.0,397.0
1167,35.310,202.560,35.31,202.56,1023.15,24520.0,203.0,203.0
1168,35.310,202.560,35.31,202.56,1023.15,23898.0,0.0,0.0
1169,35.310,202.560,35.31,202.56,1023.15,23998.0,0.0,0.0
1170,35.310,202.560,35.31,202.56,1023.15,24091.0,0.0,0.0
1171,35.310,202.560,35.31,202.56,1023.15,24440.0,0.0,0.0
1172,35.310,202.560,35.31,202.56,1023.15,24575.0,112.0,112.0
1173,35.310,202.560,35.31,202.56,1023.15,22944.0,0.0,0.0
1174,35.310,202.560,35.31,202.56,1023.15,24713.0,335.0,335.0
1175,35.310,202.560,35.31,202.56,1023.15,24022.0,101.0,101.0
1176,35.310,202.560,35.31,202.56,1023.15,23219.0,0.0,0.0
1177,35.310,202.560,35.31,202.56,1023.15,24345.0,0.0,0.0
1178,35.310,202.560,35.31,202.56,1023.15,25593.0,854.0,854.0
1179,35.310,202.560,35.31,202.56,1023.15,24334.0,0.0,0.0
1180,35.310,202.560,35.31,202.56,1023.15,24223.0,184.0,184.0
1181,35.310,202.560,35.31,202.56,1023.15,24944.0,148.0,148.0
1182,35.310,202.560,35.31,202.56,1023.15,23566.0,0.0,0.0
1183,35.310,202.560,35.31,202.56,1023.15,21340.0,0.0,0.0
1184,35.310,202.560,35.31,202.56,1023.15,24153.0,0.0,0.0
1185,35.310,202.560,35.31,202.56,1023.15,24131.0,0.0,0.0
1186,35.310,202.560,35.31,202.56,1023.15,23365.0,0.0,0.0
1187,35.310,202.560,35.31,202.56,1023.15,25202.0,662.0,662.0
1188,35.310,202.560,35.31,202.56,1023.15,24719.0,241.0,241.0
1189,35.310,202.560,35.31,202.56,1023.15,24200.0,282.0,282.0
1190,35.310,202.560,35.31,202.56,1023.15,24693.0,113.0,113.0
1191,35.310,202.560,35.31,202.56,1023.15,24656.0,0.0,0.0
1192,35.310,202.560,35.31,202.56,1023.15,24712.0,112.0,112.0
1193,35.310,202.560,35.31,202.56,1023.15,23999.0,0.0,0.0
1194,35.310,202.560,35.31,202.56,1023.15,24895.0,677.0,677.0
1195,35.310,202.560,35.31,202.56,1023.15,23776.0,0.0,0.0
1196,35.310,202.560,35.31,202.56,1023.15,24993.0,574.0,574.0
1197,35.310,202.560,35.31,202.56,1023.15,24801.0,818.0,818.0
1198,35.310,202.560,35.31,202.56,1023.15,22934.0,0.0,0.0
1199,35.310,202.560,35.31,202.56,1023.15,24733.0,409.0,409.0
1200,35.310,202.560,35.31,202.56,1023.15,25668.0,1983.0,1983.0
1201,35.310,202.560,35.31,202.56,1023.15,26055.0,2175.0,2175.0
1202,35.310,202.560,35.31,202.56,1023.15,23435.0,0.0,0.0
1203,35.310,202.560,35.31,202.56,1023.15,24186.0,32.0,32.0
1204,35.310,202.560,35.31,202.56,1023.15,23757.0,0.0,0.0
1205,35.310,202.560,35.31,202.56,1023.15,24373.0,0.0,0.0
1206,35.310,202.560,35.31,202.56,1023.15,23639.0,0.0,0.0
1207,35.310,202.560,35.31,202.56,1023.15,23947.0,0.0,0.0
1208,35.310,202.560,35.31,202.56,1023.15,22152.0,0.0,0.0
1209,35.310,202.560,35.31,202.56,1023.15,24971.0,794.0,794.0
1210,35.310,202.560,35.31,202.56,1023.15,24201.0,100.0,100.0
1211,35.310,202.560,35.31,202.56,1023.15,24114.0,0.0,0.0
1212,35.310,202.560,35.31,202.56,1023.15,21547.0,0.0,0.0
1213,35.310,202.560,35.31,202.56,1023.15,24884.0,0.0,0.0
1214,35.310,202.560,35.31,202.56,1023.15,21984.0,0.0,0.0
1215,35.310,202.560,35.31,202.56,1023.15,23939.0,0.0,0.0
1216,35.310,202.560,35.31,202.56,1023.15,24097.0,0.0,0.0
1217,35.310,202.560,35.31,202.56,1023.15,24459.0,431.0,431.0
1218,35.310,202.560,35.31,202.56,1023.15,23808.0,0.0,0.0
1219,35.310,202.560,35.31,202.56,1023.15,25395.0,241.0,241.0
1220,35.310,202.560,35.31,202.56,1023.15,25375.0,1210.0,1210.0
1221,35.310,202.560,35.31,202.56,1023.15,24761.0,232.0,232.0
1222,35.310,202.560,35.31,202.56,1023.15,23994.0,0.0,0.0
1223,35.310,202.560,35.31,202.56,1023.15,24975.0,199.0,199.0
1224,35.310,202.560,35.31,202.56,1023.15,24309.0,224.0,224.0
1225,35.310,202.560,35.31,202.56,1023.15,23833.0,144.0,144.0
1226,35.310,202.560,35.31,202.56,1023.15,23882.0,23.0,23.0
1227,35.310,202.560,35.31,202.56,1023.15,24743.0,0.0,0.0
1228,35.310,202.560,35.31,202.56,1023.15,22693.0,0.0,0.0
1229,35.310,202.560,35.31,202.56,1023.15,23768.0,78.0,78.0
1230,35.310,202.560,35.31,202.56,1023.15,25409.0,1588.0,1588.0
1231,35.310,202.560,35.31,202.56,1023.15,24816.0,608.0,608.0
1232,35.310,202.560,35.31,202.56,1023.15,24488.0,729.0,729.0
1233,35.310,202.560,35.31,202.56,1023.15,24808.0,0.0,0.0
1234,35.310,202.560,35.31,202.56,1023.15,23761.0,0.0,0.0
1235,35.310,202.560,35.31,202.56,1023.15,24986.0,0.0,0.0
1236,35.310,202.560,35.31,202.56,1023.15,23137.0,0.0,0.0
1237,35.310,202.560,35.31,202.56,1023.15,24039.0,0.0,0.0
1238,35.310,202.560,35.31,202.56,1023.15,23446.0,0.0,0.0
1239,35.310,202.560,35.31,202.56,1023.15,25146.0,0.0,0.0
1240,35.310,202.560,35.31,202.56,1023.15,24477.0,604.0,604.0
1241,35.310,202.560,35.31,202.56,1023.15,24075.0,0.0,0.0
1242,35.310,202.560,35.31,202.56,1023.15,24173.0,484.0,484.0
1243,35.310,202.560,35.31,202.56,1023.15,25420.0,160.0,160.0
1244,35.310,202.560,35.31,202.56,1023.15,25337.0,639.0,639.0
1245,35.310,202.560,35.31,202.56,1023.15,23754.0,0.0,0.0
1246,35.310,202.560,35.31,202.56,1023.15,24602.0,0.0,0.0
1247,35.310,202.560,35.31,202.56,1023.15,23107.0,0.0,0.0
1248,35.310,202.560,35.31,202.56,1023.15,24438.0,392.0,392.0
1249,35.310,202.560,35.31,202.56,1023.15,25611.0,794.0,794.0
1250,35.310,202.560,35.31,202.56,1023.15,23083.0,0.0,0.0
1251,35.310,202.560,35.31,202.56,1023.15,24907.0,92.0,92.0
1252,35.310,202.560,35.31,202.56,1023.15,23209.0,0.0,0.0
1253,35.310,202.560,35.31,202.56,1023.15,25846.0,986.0,986.0
1254,35.310,202.560,35.31,202.56,1023.15,23853.0,0.0,0.0
1255,35.310,202.560,35.31,202.56,1023.15,23169.0,0.0,0.0
1256,35.310,202.560,35.31,202.56,1023.15,24155.0,426.0,426.0
1257,35.310,202.560,35.31,202.56,1023.15,24481.0,0.0,0.0
1258,35.310,202.560,35.31,202.56,1023.15,24947.0,243.0,243.0
1259,35.310,202.560,35.31,202.56,1023.15,23160.0,0.0,0.0
1260,35.310,202.560,35.31,202.56,1023.15,23468.0,0.0,0.0
1261,35.310,202.560,35.31,202.56,1023.15,25096.0,501.0,501.0
1262,35.310,202.560,35.31,202.56,1023.15,25736.0,1923.0,1923.0
1263,35.310,202.560,35.31,202.56,1023.15,23903.0,0.0,0.0
1264,35.310,202.560,35.31,202.56,1023.15,23604.0,0.0,0.0
1265,35.310,202.560,35.31,202.56,1023.15,25569.0,431.0,431.0
1266,35.310,202.560,35.31,202.56,1023.15,24233.0,0.0,0.0
1267,35.310,202.560,35.31,202.56,1023.15,24469.0,606.0,606.0
1268,35.310,202.560,35.31,202.56,1023.15,24196.0,15.0,15.0
1269,35.310,202.560,35.31,202.56,1023.15,23654.0,0.0,0.0
1270,35.310,202.560,35.31,202.56,1023.15,24336.0,0.0,0.0
1271,35.310,202.560,35.31,202.56,1023.15,23049.0,0.0,0.0
1272,35.310,202.560,35.31,202.56,1023.15,22645.0,0.0,0.0
1273,35.310,202.560,35.31,202.56,1023.15,24307.0,0.0,0.0
1274,35.310,202.560,35.31,202.56,1023.15,25573.0,558.0,558.0
1275,35.310,202.560,35.31,202.56,1023.15,24430.0,0.0,0.0
1276,35.310,202.560,35.31,202.56,1023.15,24730.0,71.0,71.0
1277,35.310,202.560,35.31,202.56,1023.15,24134.0,5.0,5.0
1278,35.310,202.560,35.31,202.56,1023.15,22238.0,0.0,0.0
1279,35.310,202.560,35.31,202.56,1023.15,25905.0,1517.0,1517.0
1280,35.310,202.560,35.31,202.56,1023.15,22584.0,0.0,0.0
1281,35.310,202.560,35.31,202.56,1023.15,24791.0,0.0,0.0
1282,35.310,202.560,35.31,202.56,1023.15,23982.0,0.0,0.0
1283,35.310,202.560,35.31,202.56,1023.15,24659.0,0.0,0.0
1284,35.310,202.560,35.31,202.56,1023.15,23405.0,0.0,0.0
1285,35.310,202.560,35.31,202.56,1023.15,24947.0,197.0,197.0
1286,35.310,202.560,35.31,202.56,1023.15,24780.0,0.0,0.0
1287,35.310,202.560,35.31,202.56,1023.15,24012.0,0.0,0.0
1288,35.310,202.560,35.31,202.56,1023.15,22793.0,0.0,0.0
1289,35.310,202.560,35.31,202.56,1023.15,23380.0,0.0,0.0
1290,35.310,202.560,35.31,202.56,1023.15,24823.0,196.0,196.0
1291,35.310,202.560,35.31,202.56,1023.15,24593.0,255.0,255.0
1292,35.310,202.560,35.31,202.56,1023.15,24043.0,143.0,143.0
1293,35.310,202.560,35.31,202.56,1023.15,25724.0,892.0,892.0
1294,35.310,202.560,35.31,202.56,1023.15,23508.0,0.0,0.0
1295,35.310,202.560,35.31,202.56,1023.15,22950.0,0.0,0.0
1296,35.310,202.560,35.31,202.56,1023.15,25201.0,1737.0,1737.0
1297,35.310,202.560,35.31,202.56,1023.15,23587.0,15.0,15.0
1298,35.310,202.560,35.31,202.56,1023.15,23529.0,0.0,0.0
1299,35.310,202.560,35.31,202.56,1023.15,23633.0,0.0,0.0
1300,35.310,202.560,35.31,202.56,1023.15,24952.0,601.0,601.0
1301,35.310,202.560,35.31,202.56,1023.15,24435.0,419.0,419.0
1302,35.310,202.560,35.31,202.56,1023.15,23851.0,470.0,470.0
1303,35.310,202.560,35.31,202.56,1023.15,24614.0,47.0,47.0
1304,35.310,202.560,35.31,202.56,1023.15,23276.0,0.0,0.0
1305,35.310,202.560,35.31,202.56,1023.15,22520.0,0.0,0.0
1306,35.310,202.560,35.31,202.56,1023.15,22849.0,0.0,0.0
1307,35.310,202.560,35.31,202.56,1023.15,24586.0,0.0,0.0
1308,35.310,202.560,35.31,202.56,1023.15,25827.0,329.0,329.0
1309,35.310,202.560,35.31,202.56,1023.15,24688.0,129.0,129.0
1310,35.310,202.560,35.31,202.56,1023.15,23771.0,0.0,0.0
1311,35.310,202.560,35.31,202.56,1023.15,24572.0,0.0,0.0
1312,35.310,202.560,35.31,202.56,1023.15,23700.0,0.0,0.0
1313,35.310,202.560,35.31,202.56,1023.15,24570.0,710.0,710.0
1314,35.310,202.560,35.31,202.56,1023.15,24502.0,0.0,0.0
1315,35.310,202.560,35.31,202.56,1023.15,22551.0,0.0,0.0
1316,35.310,202.560,35.31,202.56,1023.15,25720.0,1104.0,1104.0
1317,35.310,202.560,35.31,202.56,1023.15,23424.0,0.0,0.0
1318,35.310,202.560,35.31,202.56,1023.15,24647.0,0.0,0.0
1319,35.310,202.560,35.31,202.56,1023.15,25667.0,1089.0,1089.0
1320,35.310,202.560,35.31,202.56,1023.15,23939.0,0.0,0.0
1321,35.310,202.560,35.31,202.56,1023.15,23844.0,19.0,19.0
1322,35.310,202.560,35.31,202.56,1023.15,25116.0,1272.0,1272.0
1323,35.310,202.560,35.31,202.56,1023.15,22807.0,0.0,0.0
1324,35.310,202.560,35.31,202.56,1023.15,25325.0,1248.0,1248.0
1325,35.310,202.560,35.31,202.56,1023.15,24362.0,0.0,0.0
1326,35.310,202.560,35.31,202.56,1023.15,24417.0,267.0,267.0
1327,35.310,202.560,35.31,202.56,1023.15,24553.0,304.0,304.0
1328,35.310,202.560,35.31,202.56,1023.15,22782.0,0.0,0.0
1329,35.310,202.560,35.31,202.56,1023.15,24043.0,0.0,0.0
1330,35.310,202.560,35.31,202.56,1023.15,22880.0,0.0,0.0
1331,35.310,202.560,35.31,202.56,1023.15,24793.0,733.0,733.0
1332,35.310,202.560,35.31,202.56,1023.15,24195.0,967.0,967.0
1333,35.310,202.560,35.31,202.56,1023.15,25719.0,1271.0,1271.0
1334,35.310,202.560,35.31,202.56,1023.15,23626.0,16.0,16.0
1335,35.310,202.560,35.31,202.56,1023.15,23876.0,0.0,0.0
1336,35.310,202.560,35.31,202.56,1023.15,25612.0,423.0,423.0
1337,35.310,202.560,35.31,202.56,1023.15,24695.0,0.0,0.0
1338,35.310,202.560,35.31,202.56,1023.15,24534.0,206.0,206.0
1339,35.310,202.560,35.31,202.56,1023.15,24965.0,0.0,0.0
1340,35.310,202.560,35.31,202.56,1023.15,24637.0,399.0,399.0
1341,35.310,202.560,35.31,202.56,1023.15,23892.0,424.0,424.0
1342,35.310,202.560,35.31,202.56,1023.15,23877.0,0.0,0.0
1343,35.310,202.560,35.31,202.56,1023.15,24222.0,117.0,117.0
1344,35.310,202.560,35.31,202.56,1023.15,26001.0,996.0,996.0
1345,35.310,202.560,35.31,202.56,1023.15,23821.0,0.0,0.0
1346,35.310,202.560,35.31,202.56,1023.15,23370.0,0.0,0.0
1347,35.310,202.560,35.31,202.56,1023.15,24209.0,0.0,0.0
1348,35.310,202.560,35.31,202.56,1023.15,23240.0,0.0,0.0
1349,35.310,202.560,35.31,202.56,1023.15,24009.0,24.0,24.0
1350,35.310,202.560,35.31,202.56,1023.15,22883.0,0.0,0.0
1351,35.310,202.560,35.31,202.56,1023.15,24042.0,415.0,415.0
1352,35.310,202.560,35.31,202.56,1023.15,23521.0,0.0,0.0
1353,35.310,202.560,35.31,202.56,1023.15,23740.0,25.0,25.0
1354,35.310,202.560,35.31,202.56,1023.15,24437.0,0.0,0.0
1355,35.310,202.560,35.31,202.56,1023.15,22066.0,0.0,0.0
1356,35.310,202.560,35.31,202.56,1023.15,24257.0,719.0,719.0
1357,35.310,202.560,35.31,202.56,1023.15,24909.0,402.0,402.0
1358,35.310,202.560,35.31,202.56,1023.15,23527.0,0.0,0.0
1359,35.310,202.560,35.31,202.56,1023.15,24818.0,17.0,17.0
1360,35.310,202.560,35.31,202.56,1023.15,23690.0,0.0,0.0
1361,35.310,202.560,35.31,202.56,1023.15,23447.0,0.0,0.0
1362,35.310,202.560,35.31,202.56,1023.15,24185.0,0.0,0.0
