id,avg_x,avg_y,x,y,bg,Square_intensity,circular_intensity,Gaussian_intensity
91,61.920,34.300,61.75,34.46,1135.56,38195.0,6866.0,6866.0
92,61.920,34.300,61.75,34.46,1135.56,40035.0,8440.0,8440.0
93,61.920,34.300,61.75,34.46,1135.56,33469.0,3419.0,3419.0
94,61.920,34.300,61.75,34.46,1135.56,38429.0,7110.0,7110.0
95,61.920,34.300,61.75,34.46,1135.56,37147.0,6764.0,6764.0
96,61.920,34.300,61.75,34.46,1135.56,41089.0,9963.0,9963.0
97,61.920,34.300,61.75,34.46,1135.56,37266.0,6180.0,6180.0
98,61.920,34.300,61.75,34.46,1135.56,40091.0,9167.0,9167.0
99,61.920,34.300,61.75,34.46,1135.56,41546.0,10395.0,10395.0
100,61.920,34.300,61.75,34.46,1135.56,41374.0,10145.0,10145.0
101,61.920,34.300,61.75,34.46,1135.56,43960.0,12193.0,12193.0
102,61.920,34.300,61.75,34.46,1135.56,43043.0,11407.0,11407.0
103,61.920,34.300,61.75,34.46,1135.56,41543.0,10227.0,10227.0
104,61.920,34.300,61.75,34.46,1135.56,42770.0,11913.0,11913.0
105,61.920,34.300,61.75,34.46,1135.56,40334.0,8445.0,8445.0
106,61.920,34.300,61.75,34.46,1135.56,42973.0,11617.0,11617.0
107,61.920,34.300,61.75,34.46,1135.56,38922.0,8326.0,8326.0
108,61.920,34.300,61.75,34.46,1135.56,40821.0,10445.0,10445.0
109,61.920,34.300,61.75,34.46,1135.56,45446.0,13742.0,13742.0
110,61.920,34.300,61.75,34.46,1135.56,38690.0,7921.0,7921.0
111,61.920,34.300,61.75,34.46,1135.56,40097.0,9969.0,9969.0
112,61.920,34.300,61.75,34.46,1135.56,34043.0,4056.0,4056.0
113,61.920,34.300,61.75,34.46,1135.56,36317.0,6518.0,6518.0
114,61.920,34.300,61.75,34.46,1135.56,38484.0,8742.0,8742.0
115,61.920,34.300,61.75,34.46,1135.56,41948.0,10777.0,10777.0
116,61.920,34.300,61.75,34.46,1135.56,38116.0,8155.0,8155.0
117,61.920,34.300,61.75,34.46,1135.56,41337.0,10730.0,10730.0
118,61.920,34.300,61.75,34.46,1135.56,42269.0,11594.0,11594.0
119,61.920,34.300,61.75,34.46,1135.56,42805.0,12182.0,12182.0
120,61.920,34.300,61.75,34.46,1135.56,35651.0,5453.0,5453.0
121,61.920,34.300,61.75,34.46,1135.56,34525.0,5149.0,5149.0
122,61.920,34.300,61.75,34.46,1135.56,36647.0,6958.0,6958.0
123,61.920,34.300,61.75,34.46,1135.56,36658.0,7323.0,7323.0
124,61.920,34.300,61.75,34.46,1135.56,34304.0,5920.0,5920.0
125,61.920,34.300,61.75,34.46,1135.56,41097.0,10226.0,10226.0
126,61.920,34.300,61.75,34.46,1135.56,43388.0,11798.0,11798.0
127,61.920,34.300,61.75,34.46,1135.56,42567.0,10823.0,10823.0
128,61.920,34.300,61.75,34.46,1135.56,40105.0,10631.0,10631.0
129,61.920,34.300,61.75,34.46,1135.56,43565.0,12404.0,12404.0
130,61.920,34.300,61.75,34.46,1135.56,42141.0,10675.0,10675.0
131,61.920,34.300,61.75,34.46,1135.56,41560.0,9692.0,9692.0
132,61.920,34.300,61.75,34.46,1135.56,37270.0,7571.0,7571.0
133,61.920,34.300,61.75,34.46,1135.56,38500.0,8292.0,8292.0
134,61.920,34.300,61.75,34.46,1135.56,36396.0,6034.0,6034.0
135,61.920,34.300,61.75,34.46,1135.56,38797.0,9824.0,9824.0
136,61.920,34.300,61.75,34.46,1135.56,39323.0,8598.0,8598.0
137,61.920,34.300,61.75,34.46,1135.56,35479.0,5935.0,5935.0
138,61.920,34.300,61.75,34.46,1135.56,37134.0,7430.0,7430.0
139,61.920,34.300,61.75,34.46,1135.56,37006.0,7877.0,7877.0
140,61.920,34.300,61.75,34.46,1135.56,39825.0,10096.0,10096.0
141,61.920,34.300,61.75,34.46,1135.56,41243.0,9779.0,9779.0
142,61.920,34.300,61.75,34.46,1135.56,37545.0,7287.0,7287.0
143,61.920,34.300,61.75,34.46,1135.56,40870.0,10258.0,10258.0
144,61.920,34.300,61.75,34.46,1135.56,36915.0,7827.0,7827.0
145,61.920,34.300,61.75,34.46,1135.56,37615.0,8090.0,8090.0
146,61.920,34.300,61.75,34.46,1135.56,43085.0,13182.0,13182.0
147,61.920,34.300,61.75,34.46,1135.56,36602.0,6000.0,6000.0
148,61.920,34.300,61.75,34.46,1135.56,40887.0,10454.0,10454.0
149,61.920,34.300,61.75,34.46,1135.56,38393.0,7373.0,7373.0
150,61.920,34.300,61.75,34.46,1135.56,41563.0,10852.0,10852.0
151,61.920,34.300,61.75,34.46,1135.56,44155.0,12721.0,12721.0
152,61.920,34.300,61.75,34.46,1135.56,40781.0,10435.0,10435.0
153,61.920,34.300,61.75,34.46,1135.56,42825.0,12898.0,12898.0
154,61.920,34.300,61.75,34.46,1135.56,41001.0,10371.0,10371.0
155,61.920,34.300,61.75,34.46,1135.56,41069.0,11298.0,11298.0
156,61.920,34.300,61.75,34.46,1135.56,38088.0,8401.0,8401.0
157,61.920,34.300,61.75,34.46,1135.56,39942.0,10478.0,10478.0
158,61.920,34.300,61.75,34.46,1135.56,38705.0,8912.0,8912.0
159,61.920,34.300,61.75,34.46,1135.56,40398.0,9393.0,9393.0
160,61.920,34.300,61.75,34.46,1135.56,40155.0,9647.0,9647.0
161,61.920,34.300,61.75,34.46,1135.56,42043.0,11366.0,11366.0
162,61.920,34.300,61.75,34.46,1135.56,39135.0,8024.0,8024.0
163,61.920,34.300,61.75,34.46,1135.56,36311.0,7259.0,7259.0
164,61.920,34.300,61.75,34.46,1135.56,35661.0,5556.0,5556.0
165,61.920,34.300,61.75,34.46,1135.56,34677.0,6233.0,6233.0
166,61.920,34.300,61.75,34.46,1135.56,34427.0,5664.0,5664.0
167,61.920,34.300,61.75,34.46,1135.56,35496.0,6727.0,6727.0
168,61.920,34.300,61.75,34.46,1135.56,33406.0,4407.0,4407.0
169,61.920,34.300,61.75,34.46,1135.56,38973.0,9249.0,9249.0
170,61.920,34.300,61.75,34.46,1135.56,35802.0,6337.0,6337.0
171,61.920,34.300,61.75,34.46,1135.56,36807.0,7741.0,7741.0
172,61.920,34.300,61.75,34.46,1135.56,37778.0,7554.0,7554.0
173,61.920,34.300,61.75,34.46,1135.56,45127.0,13658.0,13658.0
174,61.920,34.300,61.75,34.46,1135.56,36360.0,6302.0,6302.0
175,61.920,34.300,61.75,34.46,1135.56,43341.0,13115.0,13115.0
176,61.920,34.300,61.75,34.46,1135.56,38215.0,9322.0,9322.0
177,61.920,34.300,61.75,34.46,1135.56,39473.0,9699.0,9699.0
178,61.920,34.300,61.75,34.46,1135.56,44617.0,13718.0,13718.0
179,61.920,34.300,61.75,34.46,1135.56,46925.0,15780.0,15780.0
180,61.920,34.300,61.75,34.46,1135.56,40750.0,12049.0,12049.0
181,61.920,34.300,61.75,34.46,1135.56,40431.0,11311.0,11311.0
182,61.920,34.300,61.75,34.46,1135.56,43988.0,13410.0,13410.0
183,61.920,34.300,61.75,34.46,1135.56,43977.0,13300.0,13300.0
184,61.920,34.300,61.75,34.46,1135.56,43052.0,13642.0,13642.0
185,61.920,34.300,61.75,34.46,1135.56,41013.0,10693.0,10693.0
186,61.920,34.300,61.75,34.46,1135.56,39478.0,10034.0,10034.0
187,61.920,34.300,61.75,34.46,1135.56,41275.0,10890.0,10890.0
188,61.920,34.300,61.75,34.46,1135.56,39379.0,9581.0,9581.0
189,61.920,34.300,61.75,34.46,1135.56,44023.0,12931.0,12931.0
190,61.920,34.300,61.75,34.46,1135.56,41663.0,11523.0,11523.0
191,61.920,34.300,61.75,34.46,1135.56,41143.0,10675.0,10675.0
192,61.920,34.300,61.75,34.46,1135.56,41767.0,11258.0,11258.0
193,61.920,34.300,61.75,34.46,1135.56,40354.0,10109.0,10109.0
194,61.920,34.300,61.75,34.46,1135.56,47800.0,16425.0,16425.0
195,61.920,34.300,61.75,34.46,1135.56,39467.0,11136.0,11136.0
196,61.920,34.300,61.75,34.46,1135.56,39432.0,9169.0,9169.0
197,61.920,34.300,61.75,34.46,1135.56,39535.0,10100.0,10100.0
198,61.920,34.300,61.75,34.46,1135.56,44169.0,14037.0,14037.0
199,61.920,34.300,61.75,34.46,1135.56,45573.0,15464.0,15464.0
200,61.920,34.300,61.75,34.46,1135.56,45557.0,14252.0,14252.0
201,61.920,34.300,61.75,34.46,1135.56,41312.0,10175.0,10175.0
202,61.920,34.300,61.75,34.46,1135.56,37677.0,8505.0,8505.0
203,61.920,34.300,61.75,34.46,1135.56,45869.0,15706.0,15706.0
204,61.920,34.300,61.75,34.46,1135.56,47237.0,15741.0,15741.0
205,61.920,34.300,61.75,34.46,1135.56,45996.0,15578.0,15578.0
206,61.920,34.300,61.75,34.46,1135.56,46308.0,15950.0,15950.0
207,61.920,34.300,61.75,34.46,1135.56,31780.0,3708.0,3708.0
208,61.920,34.300,61.75,34.46,1135.56,26877.0,0.0,0.0
209,61.920,34.300,61.75,34.46,1135.56,27681.0,0.0,0.0
210,61.920,34.300,61.75,34.46,1135.56,26477.0,0.0,0.0
211,61.920,34.300,61.75,34.46,1135.56,27360.0,0.0,0.0
212,61.920,34.300,61.75,34.46,1135.56,25654.0,0.0,0.0
213,61.920,34.300,61.75,34.46,1135.56,26311.0,0.0,0.0
214,61.920,34.300,61.75,34.46,1135.56,25676.0,0.0,0.0
215,61.920,34.300,61.75,34.46,1135.56,27746.0,298.0,298.0
216,61.920,34.300,61.75,34.46,1135.56,27229.0,0.0,0.0
217,61.920,34.300,61.75,34.46,1135.56,27408.0,308.0,308.0
218,61.920,34.300,61.75,34.46,1135.56,26796.0,0.0,0.0
219,61.920,34.300,61.75,34.46,1135.56,29018.0,1040.0,1040.0
220,61.920,34.300,61.75,34.46,1135.56,27058.0,0.0,0.0
221,61.920,34.300,61.75,34.46,1135.56,27711.0,0.0,0.0
222,61.920,34.300,61.75,34.46,1135.56,28422.0,71.0,71.0
223,61.920,34.300,61.75,34.46,1135.56,27982.0,0.0,0.0
224,61.920,34.300,61.75,34.46,1135.56,28131.0,623.0,623.0
225,61.920,34.300,61.75,34.46,1135.56,26942.0,0.0,0.0
226,61.920,34.300,61.75,34.46,1135.56,27202.0,0.0,0.0
227,61.920,34.300,61.75,34.46,1135.56,26669.0,0.0,0.0
228,61.920,34.300,61.75,34.46,1135.56,28355.0,869.0,869.0
229,61.920,34.300,61.75,34.46,1135.56,27502.0,0.0,0.0
230,61.920,34.300,61.75,34.46,1135.56,25675.0,0.0,0.0
231,61.920,34.300,61.75,34.46,1135.56,28336.0,497.0,497.0
232,61.920,34.300,61.75,34.46,1135.56,27716.0,0.0,0.0
233,61.920,34.300,61.75,34.46,1135.56,26685.0,0.0,0.0
234,61.920,34.300,61.75,34.46,1135.56,28389.0,730.0,730.0
235,61.920,34.300,61.75,34.46,1135.56,28510.0,331.0,331.0
236,61.920,34.300,61.75,34.46,1135.56,26870.0,0.0,0.0
237,61.920,34.300,61.75,34.46,1135.56,27449.0,65.0,65.0
238,61.920,34.300,61.75,34.46,1135.56,27690.0,99.0,99.0
239,61.920,34.300,61.75,34.46,1135.56,27999.0,682.0,682.0
240,61.920,34.300,61.75,34.46,1135.56,27939.0,633.0,633.0
241,61.920,34.300,61.75,34.46,1135.56,26912.0,0.0,0.0
242,61.920,34.300,61.75,34.46,1135.56,28466.0,1052.0,1052.0
243,61.920,34.300,61.75,34.46,1135.56,29136.0,608.0,608.0
244,61.920,34.300,61.75,34.46,1135.56,28028.0,453.0,453.0
245,61.920,34.300,61.75,34.46,1135.56,27576.0,237.0,237.0
246,61.920,34.300,61.75,34.46,1135.56,26599.0,0.0,0.0
247,61.920,34.300,61.75,34.46,1135.56,26648.0,0.0,0.0
248,61.920,34.300,61.75,34.46,1135.56,25570.0,0.0,0.0
249,61.920,34.300,61.75,34.46,1135.56,28107.0,561.0,561.0
250,61.920,34.300,61.75,34.46,1135.56,27558.0,0.0,0.0
251,61.920,34.300,61.75,34.46,1135.56,26219.0,0.0,0.0
252,61.920,34.300,61.75,34.46,1135.56,28792.0,704.0,704.0
253,61.920,34.300,61.75,34.46,1135.56,27442.0,0.0,0.0
254,61.920,34.300,61.75,34.46,1135.56,27600.0,0.0,0.0
255,61.920,34.300,61.75,34.46,1135.56,28157.0,909.0,909.0
256,61.920,34.300,61.75,34.46,1135.56,24814.0,0.0,0.0
257,61.920,34.300,61.75,34.46,1135.56,26927.0,330.0,330.0
258,61.920,34.300,61.75,34.46,1135.56,28335.0,818.0,818.0
259,61.920,34.300,61.75,34.46,1135.56,24973.0,0.0,0.0
260,61.920,34.300,61.75,34.46,1135.56,28420.0,1386.0,1386.0
261,61.920,34.300,61.75,34.46,1135.56,26742.0,0.0,0.0
262,61.920,34.300,61.75,34.46,1135.56,26036.0,0.0,0.0
263,61.920,34.300,61.75,34.46,1135.56,27709.0,304.0,304.0
264,61.920,34.300,61.75,34.46,1135.56,26825.0,0.0,0.0
265,61.920,34.300,61.75,34.46,1135.56,29372.0,1851.0,1851.0
266,61.920,34.300,61.75,34.46,1135.56,28061.0,0.0,0.0
267,61.920,34.300,61.75,34.46,1135.56,25617.0,0.0,0.0
268,61.920,34.300,61.75,34.46,1135.56,25437.0,0.0,0.0
269,61.920,34.300,61.75,34.46,1135.56,27906.0,1025.0,1025.0
270,61.920,34.300,61.75,34.46,1135.56,25699.0,0.0,0.0
271,61.920,34.300,61.75,34.46,1135.56,26479.0,0.0,0.0
272,61.920,34.300,61.75,34.46,1135.56,27077.0,285.0,285.0
273,61.920,34.300,61.75,34.46,1135.56,27040.0,0.0,0.0
274,61.920,34.300,61.75,34.46,1135.56,27453.0,0.0,0.0
275,61.920,34.300,61.75,34.46,1135.56,28088.0,523.0,523.0
276,61.920,34.300,61.75,34.46,1135.56,27856.0,0.0,0.0
277,61.920,34.300,61.75,34.46,1135.56,27552.0,0.0,0.0
278,61.920,34.300,61.75,34.46,1135.56,25855.0,0.0,0.0
279,61.920,34.300,61.75,34.46,1135.56,27032.0,0.0,0.0
280,61.920,34.300,61.75,34.46,1135.56,27909.0,1195.0,1195.0
281,61.920,34.300,61.75,34.46,1135.56,26352.0,0.0,0.0
282,61.920,34.300,61.75,34.46,1135.56,27448.0,373.0,373.0
283,61.920,34.300,61.75,34.46,1135.56,27860.0,615.0,615.0
284,61.920,34.300,61.75,34.46,1135.56,25823.0,0.0,0.0
285,61.920,34.300,61.75,34.46,1135.56,27236.0,0.0,0.0
286,61.920,34.300,61.75,34.46,1135.56,25210.0,0.0,0.0
287,61.920,34.300,61.75,34.46,1135.56,27022.0,172.0,172.0
288,61.920,34.300,61.75,34.46,1135.56,25949.0,0.0,0.0
289,61.920,34.300,61.75,34.46,1135.56,26657.0,0.0,0.0
290,61.920,34.300,61.75,34.46,1135.56,33582.0,4221.0,4221.0
291,61.920,34.300,61.75,34.46,1135.56,37534.0,8564.0,8564.0
292,61.920,34.300,62.11,34.09,1135.56,47536.0,17437.0,17437.0
293,61.920,34.300,61.99,34.29,1135.56,45819.0,14761.0,14761.0
294,61.920,34.300,62.01,34.24,1135.56,50144.0,19335.0,19335.0
295,61.920,34.300,62.07,34.31,1135.56,51319.0,19185.0,19185.0
296,61.920,34.300,62.18,34.39,1135.56,49603.0,18518.0,18518.0
297,61.920,34.300,62.01,34.16,1135.56,46599.0,16916.0,16916.0
298,61.920,34.300,62.08,34.32,1135.56,46907.0,16737.0,16737.0
299,61.920,34.300,62.45,34.42,1135.56,46766.0,16442.0,16442.0
300,61.920,34.300,61.91,34.11,1135.56,45013.0,14522.0,14522.0
301,61.920,34.300,61.88,34.29,1135.56,50952.0,20299.0,20299.0
302,61.920,34.300,61.98,34.13,1135.56,50737.0,19086.0,19086.0
303,61.920,34.300,62.08,34.13,1135.56,46430.0,14265.0,14265.0
304,61.920,34.300,62.27,34.25,1135.56,46425.0,16227.0,16227.0
305,61.920,34.300,62.04,34.27,1135.56,53112.0,20697.0,20697.0
306,61.920,34.300,61.99,34.06,1135.56,40276.0,11140.0,11140.0
307,61.920,34.300,61.87,34.09,1135.56,46017.0,15093.0,15093.0
308,61.920,34.300,62.2,34.31,1135.56,48982.0,18196.0,18196.0
309,61.920,34.300,61.9,34.42,1135.56,51540.0,20052.0,20052.0
310,61.920,34.300,61.89,34.22,1135.56,47839.0,17310.0,17310.0
311,61.920,34.300,62.34,34.27,1135.56,44792.0,15582.0,15582.0
312,61.920,34.300,62.03,34.31,1135.56,47642.0,16859.0,16859.0
313,61.920,34.300,62.08,34.47,1135.56,47607.0,17578.0,17578.0
314,61.920,34.300,62.05,34.15,1135.56,49730.0,18647.0,18647.0
315,61.920,34.300,61.99,34.36,1135.56,51249.0,18694.0,18694.0
316,61.920,34.300,61.96,34.28,1135.56,50479.0,20502.0,20502.0
317,61.920,34.300,62.08,34.25,1135.56,54402.0,23842.0,23842.0
318,61.920,34.300,61.91,34.35,1135.56,48286.0,17458.0,17458.0
319,61.920,34.300,62.05,34.15,1135.56,48869.0,17526.0,17526.0
320,61.920,34.300,61.92,34.13,1135.56,47172.0,17646.0,17646.0
321,61.920,34.300,62.05,34.23,1135.56,48289.0,16740.0,16740.0
322,61.920,34.300,62.13,34.33,1135.56,51127.0,20480.0,20480.0
323,61.920,34.300,61.99,34.22,1135.56,50194.0,17848.0,17848.0
324,61.920,34.300,61.93,34.29,1135.56,49259.0,18231.0,18231.0
325,61.920,34.300,61.99,34.07,1135.56,50397.0,19445.0,19445.0
326,61.920,34.300,62.11,34.24,1135.56,46434.0,16458.0,16458.0
327,61.920,34.300,61.93,34.37,1135.56,48313.0,18055.0,18055.0
328,61.920,34.300,62.06,34.37,1135.56,47783.0,17395.0,17395.0
329,61.920,34.300,62.12,34,1135.56,47073.0,15307.0,15307.0
330,61.920,34.300,62.1,34.19,1135.56,49722.0,18934.0,18934.0
331,61.920,34.300,61.84,34.17,1135.56,47375.0,17067.0,17067.0
332,61.920,34.300,62.07,34.05,1135.56,48154.0,17220.0,17220.0
333,61.920,34.300,61.85,34.41,1135.56,46984.0,16766.0,16766.0
334,61.920,34.300,62.04,34.08,1135.56,46021.0,15671.0,15671.0
335,61.920,34.300,61.96,34.26,1135.56,47064.0,16832.0,16832.0
336,61.920,34.300,61.88,34.16,1135.56,45729.0,15101.0,15101.0
337,61.920,34.300,61.96,34.15,1135.56,50533.0,19932.0,19932.0
338,61.920,34.300,61.91,34.13,1135.56,49853.0,18165.0,18165.0
339,61.920,34.300,62.03,34.26,1135.56,54027.0,22909.0,22909.0
340,61.920,34.300,61.9,34.31,1135.56,50853.0,20474.0,20474.0
341,61.920,34.300,62.1,34.39,1135.56,46259.0,16124.0,16124.0
342,61.920,34.300,61.65,34.48,1135.56,48841.0,18540.0,18540.0
343,61.920,34.300,61.95,34.2,1135.56,50293.0,19227.0,19227.0
344,61.920,34.300,61.97,34.13,1135.56,50314.0,19637.0,19637.0
345,61.920,34.300,61.94,34.22,1135.56,46999.0,16395.0,16395.0
346,61.920,34.300,62.1,34.17,1135.56,47613.0,16965.0,16965.0
347,61.920,34.300,62.06,34.32,1135.56,49758.0,18525.0,18525.0
348,61.920,34.300,61.96,34.23,1135.56,54412.0,22947.0,22947.0
349,61.920,34.300,61.96,34.27,1135.56,48520.0,18194.0,18194.0
350,61.920,34.300,62.05,34.42,1135.56,50085.0,18619.0,18619.0
351,61.920,34.300,61.92,34.11,1135.56,49926.0,18732.0,18732.0
352,61.920,34.300,61.77,34.13,1135.56,46900.0,17537.0,17537.0
353,61.920,34.300,62.02,34.19,1135.56,52075.0,20378.0,20378.0
354,61.920,34.300,61.95,34.28,1135.56,47821.0,17084.0,17084.0
355,61.920,34.300,62.05,34.41,1135.56,44541.0,14295.0,14295.0
356,61.920,34.300,61.92,33.73,1135.56,39543.0,9200.0,9200.0
357,61.920,34.300,61.98,34.25,1135.56,41083.0,12332.0,12332.0
358,61.920,34.300,61.94,34.18,1135.56,40629.0,11507.0,11507.0
359,61.920,34.300,61.95,34.41,1135.56,39958.0,10772.0,10772.0
360,61.920,34.300,61.97,34.16,1135.56,39713.0,10819.0,10819.0
361,61.920,34.300,61.92,34.09,1135.56,37586.0,9977.0,9977.0
362,61.920,34.300,62.39,33.61,1135.56,39601.0,10877.0,10877.0
363,61.920,34.300,62.05,34,1135.56,39188.0,10306.0,10306.0
364,61.920,34.300,61.95,34.03,1135.56,40296.0,11389.0,11389.0
365,61.920,34.300,61.95,34.23,1135.56,37271.0,9057.0,9057.0
366,61.920,34.300,62.02,34.34,1135.56,42703.0,12423.0,12423.0
367,61.920,34.300,61.93,34.54,1135.56,42867.0,14063.0,14063.0
368,61.920,34.300,61.95,34.14,1135.56,34841.0,7742.0,7742.0
369,61.920,34.300,61.87,34.27,1135.56,37531.0,10042.0,10042.0
370,61.920,34.300,61.98,34.27,1135.56,41650.0,13043.0,13043.0
371,61.920,34.300,62.01,34.41,1135.56,40055.0,11112.0,11112.0
372,61.920,34.300,61.82,34.39,1135.56,44959.0,15291.0,15291.0
373,61.920,34.300,62.15,34.18,1135.56,44704.0,15275.0,15275.0
374,61.920,34.300,61.65,34.48,1135.56,39478.0,10301.0,10301.0
375,61.920,34.300,61.8,34.31,1135.56,41390.0,12816.0,12816.0
376,61.920,34.300,62.27,34.45,1135.56,46592.0,15947.0,15947.0
377,61.920,34.300,61.91,34.08,1135.56,48946.0,18134.0,18134.0
378,61.920,34.300,62.06,34.13,1135.56,43026.0,13946.0,13946.0
379,61.920,34.300,62.22,34.09,1135.56,38394.0,9501.0,9501.0
380,61.920,34.300,62.08,34.49,1135.56,38218.0,10529.0,10529.0
381,61.920,34.300,61.97,34.16,1135.56,40217.0,11762.0,11762.0
382,61.920,34.300,61.95,34.19,1135.56,37530.0,11190.0,11190.0
383,61.920,34.300,61.86,34.34,1135.56,39137.0,10748.0,10748.0
384,61.920,34.300,62.02,34.45,1135.56,37605.0,8784.0,8784.0
385,61.920,34.300,61.9,34.21,1135.56,38480.0,9724.0,9724.0
386,61.920,34.300,61.79,34.17,1135.56,44623.0,15256.0,15256.0
387,61.920,34.300,61.94,34.15,1135.56,47563.0,16541.0,16541.0
388,61.920,34.300,62.01,34.08,1135.56,46758.0,16470.0,16470.0
389,61.920,34.300,61.81,34.46,1135.56,45406.0,16040.0,16040.0
390,61.920,34.300,61.93,34.15,1135.56,45844.0,15488.0,15488.0
391,61.920,34.300,62.45,34.36,1135.56,45120.0,15274.0,15274.0
392,61.920,34.300,62.05,34.25,1135.56,46609.0,16891.0,16891.0
393,61.920,34.300,61.85,34.15,1135.56,44689.0,16387.0,16387.0
394,61.920,34.300,61.93,34.17,1135.56,46780.0,16534.0,16534.0
395,61.920,34.300,62.04,34.13,1135.56,45387.0,14592.0,14592.0
396,61.920,34.300,62.2,34.03,1135.56,44412.0,16305.0,16305.0
397,61.920,34.300,61.77,34.06,1135.56,42755.0,13931.0,13931.0
398,61.920,34.300,62.17,34.17,1135.56,45202.0,15620.0,15620.0
399,61.920,34.300,61.96,34.18,1135.56,46210.0,16928.0,16928.0
400,61.920,34.300,61.98,34.23,1135.56,41382.0,12192.0,12192.0
401,61.920,34.300,61.97,34.09,1135.56,46652.0,16526.0,16526.0
402,61.920,34.300,61.89,33.93,1135.56,45776.0,15396.0,15396.0
403,61.920,34.300,62.16,34.43,1135.56,44949.0,14613.0,14613.0
404,61.920,34.300,61.99,34.09,1135.56,45047.0,15235.0,15235.0
405,61.920,34.300,61.96,34.1,1135.56,44440.0,14572.0,14572.0
406,61.920,34.300,62.03,33.98,1135.56,45755.0,16956.0,16956.0
407,61.920,34.300,61.86,34.05,1135.56,44245.0,14882.0,14882.0
408,61.920,34.300,61.91,34.17,1135.56,44805.0,15115.0,15115.0
409,61.920,34.300,62.07,34.11,1135.56,47703.0,17393.0,17393.0
410,61.920,34.300,61.92,34.3,1135.56,34937.0,7444.0,7444.0
411,61.920,34.300,61.92,34.3,1135.56,25177.0,0.0,0.0
412,61.920,34.300,61.92,34.3,1135.56,24412.0,0.0,0.0
413,61.920,34.300,61.92,34.3,1135.56,24673.0,0.0,0.0
414,61.920,34.300,61.92,34.3,1135.56,26183.0,0.0,0.0
415,61.920,34.300,61.92,34.3,1135.56,26053.0,0.0,0.0
416,61.920,34.300,61.92,34.3,1135.56,25654.0,0.0,0.0
417,61.920,34.300,61.92,34.3,1135.56,26412.0,855.0,855.0
418,61.920,34.300,61.92,34.3,1135.56,26094.0,287.0,287.0
419,61.920,34.300,61.92,34.3,1135.56,26175.0,144.0,144.0
420,61.920,34.300,61.92,34.3,1135.56,27489.0,1096.0,1096.0
421,61.920,34.300,61.92,34.3,1135.56,27242.0,661.0,661.0
422,61.920,34.300,61.92,34.3,1135.56,25772.0,0.0,0.0
423,61.920,34.300,61.92,34.3,1135.56,25990.0,285.0,285.0
424,61.920,34.300,61.92,34.3,1135.56,25576.0,64.0,64.0
425,61.920,34.300,61.92,34.3,1135.56,25682.0,0.0,0.0
426,61.920,34.300,61.92,34.3,1135.56,24275.0,0.0,0.0
427,61.920,34.300,61.92,34.3,1135.56,24389.0,0.0,0.0
428,61.920,34.300,61.92,34.3,1135.56,23591.0,0.0,0.0
429,61.920,34.300,61.92,34.3,1135.56,24446.0,0.0,0.0
430,61.920,34.300,61.92,34.3,1135.56,26818.0,1142.0,1142.0
431,61.920,34.300,61.92,34.3,1135.56,26119.0,0.0,0.0
432,61.920,34.300,61.92,34.3,1135.56,27231.0,604.0,604.0
433,61.920,34.300,61.92,34.3,1135.56,26866.0,1072.0,1072.0
434,61.920,34.300,61.92,34.3,1135.56,28213.0,964.0,964.0
435,61.920,34.300,61.92,34.3,1135.56,25916.0,0.0,0.0
436,61.920,34.300,61.92,34.3,1135.56,26840.0,931.0,931.0
437,61.920,34.300,61.92,34.3,1135.56,24758.0,0.0,0.0
438,61.920,34.300,61.92,34.3,1135.56,28130.0,1785.0,1785.0
439,61.920,34.300,61.92,34.3,1135.56,26746.0,623.0,623.0
440,61.920,34.300,61.92,34.3,1135.56,24447.0,0.0,0.0
441,61.920,34.300,61.92,34.3,1135.56,26923.0,1336.0,1336.0
442,61.920,34.300,61.92,34.3,1135.56,26837.0,0.0,0.0
443,61.920,34.300,61.92,34.3,1135.56,26736.0,77.0,77.0
444,61.920,34.300,61.92,34.3,1135.56,25916.0,20.0,20.0
445,61.920,34.300,61.92,34.3,1135.56,25086.0,0.0,0.0
446,61.920,34.300,61.92,34.3,1135.56,25417.0,0.0,0.0
447,61.920,34.300,61.92,34.3,1135.56,26808.0,83.0,83.0
448,61.920,34.300,61.92,34.3,1135.56,26421.0,801.0,801.0
449,61.920,34.300,61.92,34.3,1135.56,25388.0,0.0,0.0
450,61.920,34.300,61.92,34.3,1135.56,25799.0,0.0,0.0
451,61.920,34.300,61.92,34.3,1135.56,25783.0,0.0,0.0
452,61.920,34.300,61.92,34.3,1135.56,23859.0,0.0,0.0
453,61.920,34.300,61.92,34.3,1135.56,24654.0,0.0,0.0
454,61.920,34.300,61.92,34.3,1135.56,25522.0,58.0,58.0
455,61.920,34.300,61.92,34.3,1135.56,27087.0,363.0,363.0
456,61.920,34.300,61.92,34.3,1135.56,25677.0,408.0,408.0
457,61.920,34.300,61.92,34.3,1135.56,26435.0,413.0,413.0
458,61.920,34.300,61.92,34.3,1135.56,28719.0,1545.0,1545.0
459,61.920,34.300,61.92,34.3,1135.56,25944.0,0.0,0.0
460,61.920,34.300,61.92,34.3,1135.56,25498.0,0.0,0.0
461,61.920,34.300,61.92,34.3,1135.56,26361.0,533.0,533.0
462,61.920,34.300,61.92,34.3,1135.56,25690.0,602.0,602.0
463,61.920,34.300,61.92,34.3,1135.56,27861.0,998.0,998.0
464,61.920,34.300,61.92,34.3,1135.56,27742.0,1525.0,1525.0
465,61.920,34.300,61.92,34.3,1135.56,25007.0,0.0,0.0
466,61.920,34.300,61.92,34.3,1135.56,26883.0,262.0,262.0
467,61.920,34.300,61.92,34.3,1135.56,23948.0,0.0,0.0
468,61.920,34.300,61.92,34.3,1135.56,24690.0,0.0,0.0
469,61.920,34.300,61.92,34.3,1135.56,27228.0,579.0,579.0
470,61.920,34.300,61.92,34.3,1135.56,25787.0,0.0,0.0
471,61.920,34.300,61.92,34.3,1135.56,26551.0,233.0,233.0
472,61.920,34.300,61.92,34.3,1135.56,27088.0,56.0,56.0
473,61.920,34.300,61.92,34.3,1135.56,26923.0,921.0,921.0
474,61.920,34.300,61.92,34.3,1135.56,26259.0,172.0,172.0
475,61.920,34.300,61.92,34.3,1135.56,26343.0,247.0,247.0
476,61.920,34.300,61.92,34.3,1135.56,24971.0,0.0,0.0
477,61.920,34.300,61.92,34.3,1135.56,27317.0,24.0,24.0
478,61.920,34.300,61.92,34.3,1135.56,26850.0,666.0,666.0
479,61.920,34.300,61.92,34.3,1135.56,25886.0,7.0,7.0
480,61.920,34.300,61.92,34.3,1135.56,25552.0,0.0,0.0
481,61.920,34.300,61.92,34.3,1135.56,24788.0,0.0,0.0
482,61.920,34.300,61.92,34.3,1135.56,27203.0,0.0,0.0
483,61.920,34.300,61.92,34.3,1135.56,26795.0,0.0,0.0
484,61.920,34.300,61.92,34.3,1135.56,24793.0,0.0,0.0
485,61.920,34.300,61.92,34.3,1135.56,28703.0,1845.0,1845.0
486,61.920,34.300,61.92,34.3,1135.56,28455.0,1015.0,1015.0
487,61.920,34.300,61.92,34.3,1135.56,28451.0,763.0,763.0
488,61.920,34.300,61.92,34.3,1135.56,26994.0,1865.0,1865.0
489,61.920,34.300,61.92,34.3,1135.56,27455.0,1784.0,1784.0
490,61.920,34.300,61.92,34.3,1135.56,27194.0,594.0,594.0
491,61.920,34.300,61.92,34.3,1135.56,27363.0,87.0,87.0
492,61.920,34.300,61.92,34.3,1135.56,26149.0,423.0,423.0
493,61.920,34.300,61.92,34.3,1135.56,26795.0,797.0,797.0
494,61.920,34.300,61.92,34.3,1135.56,28105.0,2316.0,2316.0
495,61.920,34.300,61.92,34.3,1135.56,26136.0,99.0,99.0
496,61.920,34.300,61.92,34.3,1135.56,26518.0,610.0,610.0
497,61.920,34.300,61.92,34.3,1135.56,25290.0,0.0,0.0
498,61.920,34.300,61.92,34.3,1135.56,26262.0,0.0,0.0
499,61.920,34.300,61.92,34.3,1135.56,27067.0,1723.0,1723.0
500,61.920,34.300,61.92,34.3,1135.56,28888.0,1256.0,1256.0
501,61.920,34.300,61.92,34.3,1135.56,25363.0,0.0,0.0
502,61.920,34.300,61.92,34.3,1135.56,26072.0,0.0,0.0
503,61.920,34.300,61.92,34.3,1135.56,26174.0,689.0,689.0
504,61.920,34.300,61.92,34.3,1135.56,25640.0,0.0,0.0
505,61.920,34.300,61.92,34.3,1135.56,26862.0,611.0,611.0
506,61.920,34.300,61.92,34.3,1135.56,27391.0,962.0,962.0
507,61.920,34.300,61.92,34.3,1135.56,26128.0,0.0,0.0
508,61.920,34.300,61.92,34.3,1135.56,26321.0,360.0,360.0
509,61.920,34.300,61.92,34.3,1135.56,26090.0,829.0,829.0
510,61.920,34.300,61.92,34.3,1135.56,25569.0,0.0,0.0
511,61.920,34.300,61.92,34.3,1135.56,27265.0,737.0,737.0
512,61.920,34.300,61.92,34.3,1135.56,28077.0,1433.0,1433.0
513,61.920,34.300,61.92,34.3,1135.56,26646.0,1676.0,1676.0
514,61.920,34.300,61.92,34.3,1135.56,28717.0,1728.0,1728.0
515,61.920,34.300,61.92,34.3,1135.56,25924.0,0.0,0.0
516,61.920,34.300,61.92,34.3,1135.56,25446.0,0.0,0.0
517,61.920,34.300,61.92,34.3,1135.56,24927.0,0.0,0.0
518,61.920,34.300,61.92,34.3,1135.56,27233.0,281.0,281.0
519,61.920,34.300,61.92,34.3,1135.56,27548.0,2048.0,2048.0
520,61.920,34.300,61.92,34.3,1135.56,27786.0,1219.0,1219.0
521,61.920,34.300,61.92,34.3,1135.56,27301.0,1016.0,1016.0
522,61.920,34.300,61.92,34.3,1135.56,24759.0,0.0,0.0
523,61.920,34.300,61.92,34.3,1135.56,27357.0,441.0,441.0
524,61.920,34.300,61.92,34.3,1135.56,26631.0,576.0,576.0
525,61.920,34.300,61.92,34.3,1135.56,27232.0,1457.0,1457.0
526,61.920,34.300,61.92,34.3,1135.56,24564.0,0.0,0.0
527,61.920,34.300,61.92,34.3,1135.56,25989.0,0.0,0.0
528,61.920,34.300,61.92,34.3,1135.56,27877.0,2025.0,2025.0
529,61.920,34.300,61.92,34.3,1135.56,25521.0,0.0,0.0
530,61.920,34.300,61.92,34.3,1135.56,27241.0,218.0,218.0
531,61.920,34.300,61.92,34.3,1135.56,25403.0,0.0,0.0
532,61.920,34.300,61.92,34.3,1135.56,25273.0,0.0,0.0
533,61.920,34.300,61.92,34.3,1135.56,25430.0,125.0,125.0
534,61.920,34.300,61.92,34.3,1135.56,25910.0,788.0,788.0
535,61.920,34.300,61.92,34.3,1135.56,25688.0,0.0,0.0
536,61.920,34.300,61.92,34.3,1135.56,28087.0,1555.0,1555.0
537,61.920,34.300,61.92,34.3,1135.56,24960.0,0.0,0.0
538,61.920,34.300,61.92,34.3,1135.56,24428.0,0.0,0.0
539,61.920,34.300,61.92,34.3,1135.56,25042.0,0.0,0.0
540,61.920,34.300,61.92,34.3,1135.56,26357.0,0.0,0.0
541,61.920,34.300,61.92,34.3,1135.56,25017.0,0.0,0.0
542,61.920,34.300,61.92,34.3,1135.56,26525.0,461.0,461.0
543,61.920,34.300,61.92,34.3,1135.56,27676.0,1522.0,1522.0
544,61.920,34.300,61.92,34.3,1135.56,26899.0,606.0,606.0
545,61.920,34.300,61.92,34.3,1135.56,24880.0,0.0,0.0
546,61.920,34.300,61.92,34.3,1135.56,25489.0,0.0,0.0
547,61.920,34.300,61.92,34.3,1135.56,24337.0,0.0,0.0
548,61.920,34.300,61.92,34.3,1135.56,26383.0,543.0,543.0
549,61.920,34.300,61.92,34.3,1135.56,24973.0,0.0,0.0
550,61.920,34.300,61.92,34.3,1135.56,27107.0,297.0,297.0
551,61.920,34.300,61.92,34.3,1135.56,27248.0,829.0,829.0
552,61.920,34.300,61.92,34.3,1135.56,25867.0,0.0,0.0
553,61.920,34.300,61.92,34.3,1135.56,26138.0,0.0,0.0
554,61.920,34.300,61.92,34.3,1135.56,26034.0,0.0,0.0
555,61.920,34.300,61.92,34.3,1135.56,24536.0,872.0,872.0
556,61.920,34.300,61.92,34.3,1135.56,27735.0,1073.0,1073.0
557,61.920,34.300,61.92,34.3,1135.56,25039.0,304.0,304.0
558,61.920,34.300,61.92,34.3,1135.56,26081.0,725.0,725.0
559,61.920,34.300,61.92,34.3,1135.56,24638.0,0.0,0.0
560,61.920,34.300,61.92,34.3,1135.56,25486.0,0.0,0.0
561,61.920,34.300,61.92,34.3,1135.56,26783.0,101.0,101.0
562,61.920,34.300,61.92,34.3,1135.56,27233.0,746.0,746.0
563,61.920,34.300,61.92,34.3,1135.56,25610.0,0.0,0.0
564,61.920,34.300,61.92,34.3,1135.56,26125.0,215.0,215.0
565,61.920,34.300,61.92,34.3,1135.56,27716.0,1907.0,1907.0
566,61.920,34.300,61.92,34.3,1135.56,27007.0,490.0,490.0
567,61.920,34.300,61.92,34.3,1135.56,25162.0,0.0,0.0
568,61.920,34.300,61.92,34.3,1135.56,27151.0,1118.0,1118.0
569,61.920,34.300,61.92,34.3,1135.56,26723.0,1261.0,1261.0
570,61.920,34.300,61.92,34.3,1135.56,25378.0,339.0,339.0
571,61.920,34.300,61.92,34.3,1135.56,26334.0,546.0,546.0
572,61.920,34.300,61.92,34.3,1135.56,26174.0,0.0,0.0
573,61.920,34.300,61.92,34.3,1135.56,26174.0,0.0,0.0
574,61.920,34.300,61.92,34.3,1135.56,27037.0,1053.0,1053.0
575,61.920,34.300,61.92,34.3,1135.56,24929.0,0.0,0.0
576,61.920,34.300,61.92,34.3,1135.56,27001.0,367.0,367.0
577,61.920,34.300,61.92,34.3,1135.56,25385.0,0.0,0.0
578,61.920,34.300,61.92,34.3,1135.56,23704.0,0.0,0.0
579,61.920,34.300,61.92,34.3,1135.56,25551.0,0.0,0.0
580,61.920,34.300,61.92,34.3,1135.56,26201.0,0.0,0.0
581,61.920,34.300,61.92,34.3,1135.56,25422.0,123.0,123.0
582,61.920,34.300,61.92,34.3,1135.56,24943.0,0.0,0.0
583,61.920,34.300,61.92,34.3,1135.56,25803.0,0.0,0.0
584,61.920,34.300,61.92,34.3,1135.56,26273.0,371.0,371.0
585,61.920,34.300,61.92,34.3,1135.56,26059.0,0.0,0.0
586,61.920,34.300,61.92,34.3,1135.56,24612.0,0.0,0.0
587,61.920,34.300,61.92,34.3,1135.56,25764.0,0.0,0.0
588,61.920,34.300,61.92,34.3,1135.56,26537.0,290.0,290.0
589,61.920,34.300,61.92,34.3,1135.56,25967.0,1044.0,1044.0
590,61.920,34.300,61.92,34.3,1135.56,27579.0,1460.0,1460.0
591,61.920,34.300,61.92,34.3,1135.56,27637.0,1080.0,1080.0
592,61.920,34.300,61.92,34.3,1135.56,24666.0,0.0,0.0
593,61.920,34.300,61.92,34.3,1135.56,25071.0,23.0,23.0
594,61.920,34.300,61.92,34.3,1135.56,26054.0,0.0,0.0
595,61.920,34.300,61.92,34.3,1135.56,25591.0,0.0,0.0
596,61.920,34.300,61.92,34.3,1135.56,28265.0,2311.0,2311.0
597,61.920,34.300,61.92,34.3,1135.56,25467.0,422.0,422.0
598,61.920,34.300,61.92,34.3,1135.56,26074.0,916.0,916.0
599,61.920,34.300,61.92,34.3,1135.56,25380.0,0.0,0.0
600,61.920,34.300,61.92,34.3,1135.56,27183.0,1206.0,1206.0
601,61.920,34.300,61.92,34.3,1135.56,26167.0,756.0,756.0
602,61.920,34.300,61.92,34.3,1135.56,25560.0,0.0,0.0
603,61.920,34.300,61.92,34.3,1135.56,25488.0,0.0,0.0
604,61.920,34.300,61.92,34.3,1135.56,25570.0,0.0,0.0
605,61.920,34.300,61.92,34.3,1135.56,26777.0,424.0,424.0
606,61.920,34.300,61.92,34.3,1135.56,26600.0,420.0,420.0
607,61.920,34.300,61.92,34.3,1135.56,26940.0,904.0,904.0
608,61.920,34.300,61.92,34.3,1135.56,24795.0,137.0,137.0
609,61.920,34.300,61.92,34.3,1135.56,28107.0,937.0,937.0
610,61.920,34.300,61.92,34.3,1135.56,24398.0,0.0,0.0
611,61.920,34.300,61.92,34.3,1135.56,26039.0,975.0,975.0
612,61.920,34.300,61.92,34.3,1135.56,25423.0,0.0,0.0
613,61.920,34.300,61.92,34.3,1135.56,23944.0,0.0,0.0
614,61.920,34.300,61.92,34.3,1135.56,26531.0,841.0,841.0
615,61.920,34.300,61.92,34.3,1135.56,26136.0,596.0,596.0
616,61.920,34.300,61.92,34.3,1135.56,23500.0,0.0,0.0
617,61.920,34.300,61.92,34.3,1135.56,26717.0,768.0,768.0
618,61.920,34.300,61.92,34.3,1135.56,25669.0,873.0,873.0
619,61.920,34.300,61.92,34.3,1135.56,24736.0,0.0,0.0
620,61.920,34.300,61.92,34.3,1135.56,26511.0,28.0,28.0
621,61.920,34.300,61.92,34.3,1135.56,28728.0,2729.0,2729.0
622,61.920,34.300,61.92,34.3,1135.56,25352.0,0.0,0.0
623,61.920,34.300,61.92,34.3,1135.56,25150.0,130.0,130.0
624,61.920,34.300,61.92,34.3,1135.56,26427.0,732.0,732.0
625,61.920,34.300,61.92,34.3,1135.56,24653.0,0.0,0.0
626,61.920,34.300,61.92,34.3,1135.56,26390.0,903.0,903.0
627,61.920,34.300,61.92,34.3,1135.56,26964.0,2293.0,2293.0
628,61.920,34.300,61.92,34.3,1135.56,25789.0,0.0,0.0
629,61.920,34.300,61.92,34.3,1135.56,25114.0,340.0,340.0
630,61.920,34.300,61.92,34.3,1135.56,28458.0,2902.0,2902.0
631,61.920,34.300,61.92,34.3,1135.56,25216.0,89.0,89.0
632,61.920,34.300,61.92,34.3,1135.56,27302.0,1653.0,1653.0
633,61.920,34.300,61.92,34.3,1135.56,25852.0,104.0,104.0
634,61.920,34.300,61.92,34.3,1135.56,24679.0,0.0,0.0
635,61.920,34.300,61.92,34.3,1135.56,26274.0,23.0,23.0
636,61.920,34.300,61.92,34.3,1135.56,27620.0,1289.0,1289.0
637,61.920,34.300,61.92,34.3,1135.56,25530.0,2.0,2.0
638,61.920,34.300,61.92,34.3,1135.56,25215.0,0.0,0.0
639,61.920,34.300,61.92,34.3,1135.56,26075.0,1202.0,1202.0
640,61.920,34.300,61.92,34.3,1135.56,25592.0,0.0,0.0
