id,avg_x,avg_y,x,y,bg,Square_intensity,circular_intensity,Gaussian_intensity
1,214.280,192.170,214.63,192.35,982.34,36900.0,5803.0,5803.0
2,214.280,192.170,214.63,192.35,982.34,35896.0,5419.0,5419.0
3,214.280,192.170,214.63,192.35,982.34,35074.0,5021.0,5021.0
4,214.280,192.170,214.63,192.35,982.34,35602.0,5567.0,5567.0
5,214.280,192.170,214.63,192.35,982.34,36554.0,4867.0,4867.0
6,214.280,192.170,214.63,192.35,982.34,36512.0,5853.0,5853.0
7,214.280,192.170,214.63,192.35,982.34,38622.0,8443.0,8443.0
8,214.280,192.170,214.63,192.35,982.34,37591.0,6523.0,6523.0
9,214.280,192.170,214.63,192.35,982.34,36690.0,6093.0,6093.0
10,214.280,192.170,214.63,192.35,982.34,35025.0,4856.0,4856.0
11,214.280,192.170,214.63,192.35,982.34,37812.0,7154.0,7154.0
12,214.280,192.170,214.63,192.35,982.34,33418.0,4387.0,4387.0
13,214.280,192.170,214.63,192.35,982.34,35563.0,4977.0,4977.0
14,214.280,192.170,214.63,192.35,982.34,37672.0,8001.0,8001.0
15,214.280,192.170,214.63,192.35,982.34,35435.0,6103.0,6103.0
16,214.280,192.170,214.63,192.35,982.34,38343.0,8948.0,8948.0
17,214.280,192.170,214.63,192.35,982.34,37391.0,7747.0,7747.0
18,214.280,192.170,214.63,192.35,982.34,38187.0,8810.0,8810.0
19,214.280,192.170,214.63,192.35,982.34,37971.0,8025.0,8025.0
20,214.280,192.170,214.63,192.35,982.34,39603.0,10036.0,10036.0
21,214.280,192.170,214.63,192.35,982.34,35980.0,6117.0,6117.0
22,214.280,192.170,214.63,192.35,982.34,37672.0,7963.0,7963.0
23,214.280,192.170,214.63,192.35,982.34,36614.0,6730.0,6730.0
24,214.280,192.170,214.63,192.35,982.34,35885.0,6759.0,6759.0
25,214.280,192.170,214.63,192.35,982.34,40402.0,10739.0,10739.0
26,214.280,192.170,214.63,192.35,982.34,37858.0,7161.0,7161.0
27,214.280,192.170,214.63,192.35,982.34,37556.0,8009.0,8009.0
28,214.280,192.170,214.63,192.35,982.34,35850.0,6690.0,6690.0
29,214.280,192.170,214.63,192.35,982.34,37323.0,7580.0,7580.0
30,214.280,192.170,214.63,192.35,982.34,36872.0,7442.0,7442.0
31,214.280,192.170,214.63,192.35,982.34,37387.0,8155.0,8155.0
32,214.280,192.170,214.63,192.35,982.34,35945.0,6261.0,6261.0
33,214.280,192.170,214.63,192.35,982.34,37893.0,8391.0,8391.0
34,214.280,192.170,214.63,192.35,982.34,36847.0,7611.0,7611.0
35,214.280,192.170,214.63,192.35,982.34,36226.0,6584.0,6584.0
36,214.280,192.170,214.63,192.35,982.34,36242.0,7086.0,7086.0
37,214.280,192.170,214.63,192.35,982.34,36166.0,7240.0,7240.0
38,214.280,192.170,214.63,192.35,982.34,38827.0,10087.0,10087.0
39,214.280,192.170,214.63,192.35,982.34,37737.0,8709.0,8709.0
40,214.280,192.170,214.63,192.35,982.34,37256.0,8895.0,8895.0
41,214.280,192.170,214.63,192.35,982.34,34018.0,5275.0,5275.0
42,214.280,192.170,214.63,192.35,982.34,36779.0,7652.0,7652.0
43,214.280,192.170,214.63,192.35,982.34,34736.0,6389.0,6389.0
44,214.280,192.170,214.63,192.35,982.34,38612.0,9330.0,9330.0
45,214.280,192.170,214.63,192.35,982.34,37829.0,8589.0,8589.0
46,214.280,192.170,214.63,192.35,982.34,36772.0,8148.0,8148.0
47,214.280,192.170,214.63,192.35,982.34,33784.0,6055.0,6055.0
48,214.280,192.170,214.63,192.35,982.34,34719.0,5918.0,5918.0
49,214.280,192.170,214.63,192.35,982.34,36877.0,7496.0,7496.0
50,214.280,192.170,214.63,192.35,982.34,33278.0,5427.0,5427.0
51,214.280,192.170,214.63,192.35,982.34,34884.0,6211.0,6211.0
52,214.280,192.170,214.63,192.35,982.34,33099.0,4217.0,4217.0
53,214.280,192.170,214.63,192.35,982.34,34910.0,6487.0,6487.0
54,214.280,192.170,214.63,192.35,982.34,35590.0,6609.0,6609.0
55,214.280,192.170,214.63,192.35,982.34,37398.0,7862.0,7862.0
56,214.280,192.170,214.63,192.35,982.34,35690.0,7489.0,7489.0
57,214.280,192.170,214.63,192.35,982.34,34341.0,5807.0,5807.0
58,214.280,192.170,214.63,192.35,982.34,31974.0,4232.0,4232.0
59,214.280,192.170,214.63,192.35,982.34,33830.0,6011.0,6011.0
60,214.280,192.170,214.63,192.35,982.34,34135.0,6672.0,6672.0
61,214.280,192.170,214.63,192.35,982.34,36621.0,8819.0,8819.0
62,214.280,192.170,214.63,192.35,982.34,35613.0,7114.0,7114.0
63,214.280,192.170,214.63,192.35,982.34,35238.0,6367.0,6367.0
64,214.280,192.170,214.63,192.35,982.34,35641.0,7057.0,7057.0
65,214.280,192.170,214.63,192.35,982.34,37429.0,9019.0,9019.0
66,214.280,192.170,214.63,192.35,982.34,34820.0,7422.0,7422.0
67,214.280,192.170,214.63,192.35,982.34,33659.0,5705.0,5705.0
68,214.280,192.170,214.63,192.35,982.34,33410.0,5412.0,5412.0
69,214.280,192.170,214.63,192.35,982.34,36024.0,6899.0,6899.0
70,214.280,192.170,214.63,192.35,982.34,34548.0,6730.0,6730.0
71,214.280,192.170,214.63,192.35,982.34,34265.0,7645.0,7645.0
72,214.280,192.170,214.63,192.35,982.34,35443.0,8020.0,8020.0
73,214.280,192.170,214.63,192.35,982.34,33374.0,5965.0,5965.0
74,214.280,192.170,214.63,192.35,982.34,34116.0,7163.0,7163.0
75,214.280,192.170,214.63,192.35,982.34,36433.0,7685.0,7685.0
76,214.280,192.170,214.63,192.35,982.34,34148.0,6156.0,6156.0
77,214.280,192.170,214.63,192.35,982.34,33334.0,4648.0,4648.0
78,214.280,192.170,214.63,192.35,982.34,35499.0,8107.0,8107.0
79,214.280,192.170,214.63,192.35,982.34,32076.0,5619.0,5619.0
80,214.280,192.170,214.63,192.35,982.34,32821.0,5867.0,5867.0
81,214.280,192.170,214.63,192.35,982.34,33309.0,5790.0,5790.0
82,214.280,192.170,214.63,192.35,982.34,32782.0,5765.0,5765.0
83,214.280,192.170,214.63,192.35,982.34,35037.0,7911.0,7911.0
84,214.280,192.170,214.63,192.35,982.34,33226.0,5855.0,5855.0
85,214.280,192.170,214.63,192.35,982.34,33740.0,5984.0,5984.0
86,214.280,192.170,214.63,192.35,982.34,32729.0,5741.0,5741.0
87,214.280,192.170,214.63,192.35,982.34,33702.0,6402.0,6402.0
88,214.280,192.170,214.63,192.35,982.34,36171.0,7624.0,7624.0
89,214.280,192.170,214.63,192.35,982.34,34674.0,7953.0,7953.0
90,214.280,192.170,214.63,192.35,982.34,35859.0,8526.0,8526.0
91,214.280,192.170,214.63,192.35,982.34,34874.0,7112.0,7112.0
92,214.280,192.170,214.63,192.35,982.34,32146.0,4884.0,4884.0
93,214.280,192.170,214.63,192.35,982.34,32220.0,5563.0,5563.0
94,214.280,192.170,214.63,192.35,982.34,33594.0,5244.0,5244.0
95,214.280,192.170,214.63,192.35,982.34,33147.0,5248.0,5248.0
96,214.280,192.170,214.63,192.35,982.34,33556.0,5752.0,5752.0
97,214.280,192.170,214.63,192.35,982.34,31030.0,3541.0,3541.0
98,214.280,192.170,214.63,192.35,982.34,33979.0,7882.0,7882.0
99,214.280,192.170,214.63,192.35,982.34,34985.0,7662.0,7662.0
100,214.280,192.170,214.63,192.35,982.34,34805.0,6965.0,6965.0
101,214.280,192.170,214.63,192.35,982.34,34794.0,6811.0,6811.0
102,214.280,192.170,214.39,192.61,982.34,34213.0,7328.0,7328.0
103,214.280,192.170,214.36,192.36,982.34,34903.0,7443.0,7443.0
104,214.280,192.170,214.63,192.35,982.34,34816.0,7187.0,7187.0
105,214.280,192.170,214.43,192.42,982.34,34666.0,7603.0,7603.0
106,214.280,192.170,214.28,192.58,982.34,35327.0,7667.0,7667.0
107,214.280,192.170,214.63,192.35,982.34,34266.0,6485.0,6485.0
108,214.280,192.170,214.2,192.7,982.34,36522.0,9099.0,9099.0
109,214.280,192.170,214.57,192.6,982.34,35473.0,7754.0,7754.0
110,214.280,192.170,214.28,192.44,982.34,36908.0,9348.0,9348.0
111,214.280,192.170,214.37,192.19,982.34,38466.0,10351.0,10351.0
112,214.280,192.170,214.57,192.41,982.34,36124.0,8294.0,8294.0
113,214.280,192.170,214.63,192.35,982.34,36160.0,8524.0,8524.0
114,214.280,192.170,214.42,192.61,982.34,34707.0,8438.0,8438.0
115,214.280,192.170,214.31,192.37,982.34,34838.0,7162.0,7162.0
116,214.280,192.170,214.71,192.29,982.34,35575.0,8088.0,8088.0
117,214.280,192.170,214.63,192.35,982.34,34463.0,6576.0,6576.0
118,214.280,192.170,214.63,192.35,982.34,34129.0,6434.0,6434.0
119,214.280,192.170,214.13,192.72,982.34,35372.0,7918.0,7918.0
120,214.280,192.170,214.37,192.5,982.34,32992.0,6614.0,6614.0
121,214.280,192.170,214.63,192.35,982.34,33438.0,6150.0,6150.0
122,214.280,192.170,214.12,192.78,982.34,32816.0,6036.0,6036.0
123,214.280,192.170,214.58,192.47,982.34,35618.0,8511.0,8511.0
124,214.280,192.170,214.63,192.35,982.34,34222.0,6106.0,6106.0
125,214.280,192.170,214.63,192.35,982.34,33842.0,6309.0,6309.0
126,214.280,192.170,214.3,192.59,982.34,34665.0,7382.0,7382.0
127,214.280,192.170,214.63,192.35,982.34,34481.0,7122.0,7122.0
128,214.280,192.170,214.57,192.42,982.34,36893.0,9419.0,9419.0
129,214.280,192.170,214.38,192.41,982.34,35728.0,9364.0,9364.0
130,214.280,192.170,214.36,192.4,982.34,35495.0,8288.0,8288.0
131,214.280,192.170,214.23,192.35,982.34,33574.0,7218.0,7218.0
132,214.280,192.170,214.27,192.61,982.34,35577.0,8160.0,8160.0
133,214.280,192.170,214.4,192.53,982.34,35950.0,8948.0,8948.0
134,214.280,192.170,214.33,192.36,982.34,35773.0,9631.0,9631.0
135,214.280,192.170,214.12,192.6,982.34,33938.0,7376.0,7376.0
136,214.280,192.170,214.36,192.68,982.34,34623.0,7651.0,7651.0
137,214.280,192.170,214.29,192.34,982.34,34482.0,8218.0,8218.0
138,214.280,192.170,214.63,192.35,982.34,31935.0,4806.0,4806.0
139,214.280,192.170,214.37,192.26,982.34,33808.0,6573.0,6573.0
140,214.280,192.170,214.63,192.35,982.34,33855.0,6781.0,6781.0
141,214.280,192.170,214.04,192.47,982.34,36451.0,9367.0,9367.0
142,214.280,192.170,214.38,192.29,982.34,37085.0,10248.0,10248.0
143,214.280,192.170,214.07,192.07,982.34,33867.0,6435.0,6435.0
144,214.280,192.170,214.34,192.27,982.34,35828.0,8841.0,8841.0
145,214.280,192.170,214.41,192.53,982.34,37525.0,10445.0,10445.0
146,214.280,192.170,214.47,192.41,982.34,34802.0,8261.0,8261.0
147,214.280,192.170,214.31,192.31,982.34,35798.0,8151.0,8151.0
148,214.280,192.170,214.4,192.69,982.34,36082.0,9302.0,9302.0
149,214.280,192.170,214.56,192.48,982.34,35803.0,9305.0,9305.0
150,214.280,192.170,214.63,192.35,982.34,34097.0,4342.0,4342.0
151,214.280,192.170,214.38,192.47,982.34,35731.0,6669.0,6669.0
152,214.280,192.170,214.17,192.31,982.34,37572.0,6636.0,6636.0
153,214.280,192.170,214.58,192.56,982.34,35488.0,5891.0,5891.0
154,214.280,192.170,214.63,192.35,982.34,34087.0,5050.0,5050.0
155,214.280,192.170,214.57,192.29,982.34,34495.0,5720.0,5720.0
156,214.280,192.170,214.63,192.35,982.34,34099.0,5620.0,5620.0
157,214.280,192.170,214.63,192.35,982.34,36872.0,6554.0,6554.0
158,214.280,192.170,214.34,192.12,982.34,36025.0,6331.0,6331.0
159,214.280,192.170,214.63,192.35,982.34,35052.0,5213.0,5213.0
160,214.280,192.170,214.56,192.43,982.34,36902.0,6204.0,6204.0
161,214.280,192.170,214.27,192.29,982.34,35351.0,5708.0,5708.0
162,214.280,192.170,214.63,192.35,982.34,35951.0,6585.0,6585.0
163,214.280,192.170,214.63,192.35,982.34,37479.0,7673.0,7673.0
164,214.280,192.170,214.2,192.41,982.34,37186.0,7580.0,7580.0
165,214.280,192.170,214.35,192.42,982.34,36631.0,6166.0,6166.0
166,214.280,192.170,213.93,192.33,982.34,36034.0,5925.0,5925.0
167,214.280,192.170,214.63,192.35,982.34,35187.0,5769.0,5769.0
168,214.280,192.170,214.63,192.35,982.34,35029.0,5944.0,5944.0
169,214.280,192.170,214.47,192.58,982.34,35342.0,6560.0,6560.0
170,214.280,192.170,214.63,192.35,982.34,35589.0,5458.0,5458.0
171,214.280,192.170,214.5,192.44,982.34,38045.0,8689.0,8689.0
172,214.280,192.170,214.63,192.35,982.34,35142.0,5382.0,5382.0
173,214.280,192.170,214.63,192.35,982.34,35868.0,5754.0,5754.0
174,214.280,192.170,214.58,192.17,982.34,36810.0,6878.0,6878.0
175,214.280,192.170,214.5,192.7,982.34,35577.0,6349.0,6349.0
176,214.280,192.170,214.63,192.35,982.34,35241.0,5483.0,5483.0
177,214.280,192.170,214.63,192.35,982.34,35677.0,6913.0,6913.0
178,214.280,192.170,214.21,192.42,982.34,34974.0,6489.0,6489.0
179,214.280,192.170,214.34,192.53,982.34,36782.0,8051.0,8051.0
180,214.280,192.170,214.17,192.42,982.34,34588.0,5096.0,5096.0
181,214.280,192.170,214.63,192.35,982.34,34673.0,6433.0,6433.0
182,214.280,192.170,214.63,192.35,982.34,35006.0,6202.0,6202.0
183,214.280,192.170,214.42,192.57,982.34,35481.0,6907.0,6907.0
184,214.280,192.170,214.13,192.31,982.34,38274.0,7308.0,7308.0
185,214.280,192.170,214.29,192.27,982.34,36406.0,6283.0,6283.0
186,214.280,192.170,215.47,192.45,982.34,36206.0,7562.0,7562.0
187,214.280,192.170,214.39,192.34,982.34,35512.0,5979.0,5979.0
188,214.280,192.170,214.22,192.54,982.34,37836.0,7724.0,7724.0
189,214.280,192.170,214.34,192.51,982.34,36584.0,7447.0,7447.0
190,214.280,192.170,214.63,192.35,982.34,37409.0,7811.0,7811.0
191,214.280,192.170,214.28,192.12,982.34,35923.0,6802.0,6802.0
192,214.280,192.170,214.63,192.35,982.34,36114.0,6915.0,6915.0
193,214.280,192.170,214.63,192.35,982.34,35165.0,6110.0,6110.0
194,214.280,192.170,214.63,192.35,982.34,35517.0,6853.0,6853.0
195,214.280,192.170,214.22,192.36,982.34,34115.0,4801.0,4801.0
196,214.280,192.170,214.21,192.52,982.34,34692.0,5475.0,5475.0
197,214.280,192.170,214.55,192.35,982.34,34459.0,5701.0,5701.0
198,214.280,192.170,213.62,192.57,982.34,37274.0,6271.0,6271.0
199,214.280,192.170,214.63,192.35,982.34,34588.0,5760.0,5760.0
200,214.280,192.170,214.58,192.38,982.34,38441.0,7874.0,7874.0
201,214.280,192.170,214.03,192.17,982.34,36051.0,6343.0,6343.0
202,214.280,192.170,214.03,192.39,982.34,38242.0,7126.0,7126.0
203,214.280,192.170,214.38,192.55,982.34,36627.0,6601.0,6601.0
204,214.280,192.170,214.53,192.31,982.34,35380.0,6904.0,6904.0
205,214.280,192.170,214.02,192.63,982.34,39944.0,9233.0,9233.0
206,214.280,192.170,214.13,192.21,982.34,36201.0,6376.0,6376.0
207,214.280,192.170,214.25,192.42,982.34,36915.0,7064.0,7064.0
208,214.280,192.170,214.05,192.26,982.34,34854.0,5858.0,5858.0
209,214.280,192.170,214.63,192.35,982.34,35900.0,6249.0,6249.0
210,214.280,192.170,214.18,192.27,982.34,36758.0,7069.0,7069.0
211,214.280,192.170,214.1,192.21,982.34,36871.0,7614.0,7614.0
212,214.280,192.170,214.35,192.29,982.34,34917.0,5533.0,5533.0
213,214.280,192.170,213.89,192.22,982.34,37093.0,6862.0,6862.0
214,214.280,192.170,214.63,192.35,982.34,35284.0,6482.0,6482.0
215,214.280,192.170,214.17,192.38,982.34,36976.0,7342.0,7342.0
216,214.280,192.170,214.3,192.47,982.34,35138.0,5603.0,5603.0
217,214.280,192.170,214.16,192.28,982.34,37382.0,8212.0,8212.0
218,214.280,192.170,214.16,192.12,982.34,37294.0,6834.0,6834.0
219,214.280,192.170,214.63,192.35,982.34,35475.0,5586.0,5586.0
220,214.280,192.170,214.4,192.39,982.34,37758.0,8528.0,8528.0
221,214.280,192.170,213.55,191.8,982.34,37401.0,6128.0,6128.0
222,214.280,192.170,214.26,192.41,982.34,37723.0,7024.0,7024.0
223,214.280,192.170,214.28,192.12,982.34,36531.0,7063.0,7063.0
224,214.280,192.170,214.41,192.35,982.34,36759.0,6890.0,6890.0
225,214.280,192.170,214.37,192.4,982.34,37558.0,7036.0,7036.0
226,214.280,192.170,214.63,192.35,982.34,35220.0,6138.0,6138.0
227,214.280,192.170,214.31,192.5,982.34,36670.0,7389.0,7389.0
228,214.280,192.170,214.19,192.42,982.34,36505.0,6033.0,6033.0
229,214.280,192.170,214.48,192.44,982.34,39983.0,11064.0,11064.0
230,214.280,192.170,214.28,192.68,982.34,37676.0,8896.0,8896.0
231,214.280,192.170,214.1,192.32,982.34,37809.0,7410.0,7410.0
232,214.280,192.170,214.15,192.45,982.34,35778.0,6132.0,6132.0
233,214.280,192.170,214.18,192.59,982.34,38427.0,7534.0,7534.0
234,214.280,192.170,214.19,192.27,982.34,38133.0,8346.0,8346.0
235,214.280,192.170,214.19,192.72,982.34,37871.0,8678.0,8678.0
236,214.280,192.170,214.07,192.24,982.34,38305.0,7623.0,7623.0
237,214.280,192.170,214.45,192.34,982.34,36513.0,7216.0,7216.0
238,214.280,192.170,214.06,192.42,982.34,38103.0,7997.0,7997.0
239,214.280,192.170,214.17,192.3,982.34,39488.0,8881.0,8881.0
240,214.280,192.170,214.19,192.31,982.34,39199.0,9876.0,9876.0
241,214.280,192.170,214.18,192.22,982.34,37454.0,7583.0,7583.0
242,214.280,192.170,214.31,192.42,982.34,36707.0,5345.0,5345.0
243,214.280,192.170,214,192.29,982.34,40332.0,8942.0,8942.0
244,214.280,192.170,214.26,192.33,982.34,36958.0,5149.0,5149.0
245,214.280,192.170,214.23,192.3,982.34,40237.0,10169.0,10169.0
246,214.280,192.170,214.17,192.64,982.34,36812.0,7596.0,7596.0
247,214.280,192.170,214.17,192.5,982.34,37036.0,7369.0,7369.0
248,214.280,192.170,214.23,192.21,982.34,38390.0,8983.0,8983.0
249,214.280,192.170,214.19,192.32,982.34,40048.0,9592.0,9592.0
250,214.280,192.170,214.16,192.27,982.34,40485.0,10497.0,10497.0
251,214.280,192.170,214.05,192.04,982.34,35581.0,6957.0,6957.0
252,214.280,192.170,214.22,192.41,982.34,38013.0,9026.0,9026.0
253,214.280,192.170,214.54,192.32,982.34,38554.0,8140.0,8140.0
254,214.280,192.170,214.1,192.22,982.34,38472.0,7790.0,7790.0
255,214.280,192.170,214.14,192.25,982.34,39383.0,10084.0,10084.0
256,214.280,192.170,214.18,192.12,982.34,36865.0,6502.0,6502.0
257,214.280,192.170,214.44,192.57,982.34,39038.0,9214.0,9214.0
258,214.280,192.170,214.18,192.24,982.34,37595.0,7472.0,7472.0
259,214.280,192.170,214.33,192.45,982.34,37775.0,7358.0,7358.0
260,214.280,192.170,214.13,192.64,982.34,38055.0,7655.0,7655.0
261,214.280,192.170,214.37,192.29,982.34,36603.0,6962.0,6962.0
262,214.280,192.170,214.4,192.21,982.34,38933.0,8023.0,8023.0
263,214.280,192.170,214.2,192.48,982.34,36355.0,6473.0,6473.0
264,214.280,192.170,214.01,192.27,982.34,38857.0,8032.0,8032.0
265,214.280,192.170,214.23,192.32,982.34,37223.0,6796.0,6796.0
266,214.280,192.170,214.15,192.27,982.34,39746.0,9064.0,9064.0
267,214.280,192.170,214.16,192.3,982.34,38293.0,8478.0,8478.0
268,214.280,192.170,214.31,192.43,982.34,38702.0,9243.0,9243.0
269,214.280,192.170,214.39,192.45,982.34,40418.0,10902.0,10902.0
270,214.280,192.170,214.33,192.42,982.34,36954.0,7249.0,7249.0
271,214.280,192.170,214.12,192.26,982.34,38567.0,7903.0,7903.0
272,214.280,192.170,214.04,192.38,982.34,38343.0,7821.0,7821.0
273,214.280,192.170,214.63,192.35,982.34,35769.0,5961.0,5961.0
274,214.280,192.170,214.37,192.38,982.34,40119.0,9518.0,9518.0
275,214.280,192.170,214.19,192.21,982.34,39513.0,9551.0,9551.0
276,214.280,192.170,214.14,192.34,982.34,40955.0,10764.0,10764.0
277,214.280,192.170,214.13,192.16,982.34,39953.0,9617.0,9617.0
278,214.280,192.170,214.23,192.33,982.34,37429.0,7517.0,7517.0
279,214.280,192.170,214.45,192.38,982.34,43400.0,12968.0,12968.0
280,214.280,192.170,214.07,192.26,982.34,38274.0,7393.0,7393.0
281,214.280,192.170,214.26,192.63,982.34,39495.0,10175.0,10175.0
282,214.280,192.170,214.16,192.45,982.34,36829.0,6907.0,6907.0
283,214.280,192.170,214.14,192.54,982.34,39128.0,8848.0,8848.0
284,214.280,192.170,214.2,192.59,982.34,37106.0,6898.0,6898.0
285,214.280,192.170,214.4,192.35,982.34,40371.0,10420.0,10420.0
286,214.280,192.170,214.11,192.75,982.34,37595.0,8445.0,8445.0
287,214.280,192.170,214.3,192.39,982.34,37782.0,7489.0,7489.0
288,214.280,192.170,214.21,192.34,982.34,36462.0,6037.0,6037.0
289,214.280,192.170,214.16,192.16,982.34,38787.0,10068.0,10068.0
290,214.280,192.170,214.4,192.47,982.34,40369.0,11024.0,11024.0
291,214.280,192.170,214.09,192.29,982.34,38050.0,8196.0,8196.0
292,214.280,192.170,214.15,192.32,982.34,37416.0,7921.0,7921.0
293,214.280,192.170,213.96,192.37,982.34,40802.0,10236.0,10236.0
294,214.280,192.170,214.09,192.34,982.34,39620.0,9202.0,9202.0
295,214.280,192.170,214.19,192.37,982.34,38500.0,8557.0,8557.0
296,214.280,192.170,214.22,192.16,982.34,38186.0,9068.0,9068.0
297,214.280,192.170,214.27,192.17,982.34,37617.0,7327.0,7327.0
298,214.280,192.170,214.09,192.55,982.34,35892.0,5340.0,5340.0
299,214.280,192.170,214.52,192.51,982.34,39535.0,10382.0,10382.0
300,214.280,192.170,214.17,192.35,982.34,40647.0,10543.0,10543.0
301,214.280,192.170,214.28,192.33,982.34,38527.0,8952.0,8952.0
302,214.280,192.170,214.47,192.43,982.34,40302.0,9642.0,9642.0
303,214.280,192.170,214.29,192.39,982.34,38931.0,8268.0,8268.0
304,214.280,192.170,214.18,192.16,982.34,39454.0,10190.0,10190.0
305,214.280,192.170,214.35,192.25,982.34,36938.0,7441.0,7441.0
306,214.280,192.170,214.2,192.33,982.34,37468.0,9450.0,9450.0
307,214.280,192.170,214.11,192.28,982.34,39371.0,9309.0,9309.0
308,214.280,192.170,214.55,192.31,982.34,38361.0,8974.0,8974.0
309,214.280,192.170,214.05,192.36,982.34,40238.0,10250.0,10250.0
310,214.280,192.170,214.28,192.52,982.34,36250.0,7257.0,7257.0
311,214.280,192.170,214.18,192.29,982.34,36693.0,6137.0,6137.0
312,214.280,192.170,214.32,192.32,982.34,37077.0,8198.0,8198.0
313,214.280,192.170,213.9,192.45,982.34,35362.0,6832.0,6832.0
314,214.280,192.170,214.19,192.57,982.34,36584.0,7920.0,7920.0
315,214.280,192.170,214.12,192.19,982.34,38354.0,8840.0,8840.0
316,214.280,192.170,214.22,192.24,982.34,37022.0,7257.0,7257.0
317,214.280,192.170,214.63,192.35,982.34,33665.0,6169.0,6169.0
318,214.280,192.170,214.14,192.36,982.34,34455.0,4947.0,4947.0
319,214.280,192.170,214.36,192.35,982.34,38097.0,8575.0,8575.0
320,214.280,192.170,214.63,192.35,982.34,35551.0,6432.0,6432.0
321,214.280,192.170,214.59,192.34,982.34,34318.0,6107.0,6107.0
322,214.280,192.170,214.34,192.4,982.34,34472.0,6350.0,6350.0
323,214.280,192.170,214.13,192.07,982.34,36200.0,7169.0,7169.0
324,214.280,192.170,214.14,192.27,982.34,36113.0,7046.0,7046.0
325,214.280,192.170,214.01,192.19,982.34,38633.0,9301.0,9301.0
326,214.280,192.170,213.77,192.51,982.34,35439.0,6720.0,6720.0
327,214.280,192.170,214.54,192.53,982.34,36000.0,7685.0,7685.0
328,214.280,192.170,214.21,192.29,982.34,37492.0,8139.0,8139.0
329,214.280,192.170,214.27,192.63,982.34,35059.0,7116.0,7116.0
330,214.280,192.170,214.13,192.22,982.34,36872.0,7040.0,7040.0
331,214.280,192.170,214.1,192.53,982.34,37244.0,8644.0,8644.0
332,214.280,192.170,214.33,192.57,982.34,37240.0,8842.0,8842.0
333,214.280,192.170,214.1,192.28,982.34,34754.0,6219.0,6219.0
334,214.280,192.170,214.29,192.46,982.34,37442.0,7899.0,7899.0
335,214.280,192.170,214.25,192.45,982.34,38415.0,8841.0,8841.0
336,214.280,192.170,214.1,192.2,982.34,34584.0,5449.0,5449.0
337,214.280,192.170,214.63,192.35,982.34,33626.0,6488.0,6488.0
338,214.280,192.170,213.97,192.25,982.34,36605.0,8738.0,8738.0
339,214.280,192.170,214.22,192.18,982.34,37503.0,7487.0,7487.0
340,214.280,192.170,214.43,192.44,982.34,38072.0,9039.0,9039.0
341,214.280,192.170,213.87,192.13,982.34,36321.0,6896.0,6896.0
342,214.280,192.170,214.43,192.5,982.34,36491.0,7831.0,7831.0
343,214.280,192.170,213.89,192.33,982.34,35205.0,6463.0,6463.0
344,214.280,192.170,213.96,192,982.34,35671.0,5684.0,5684.0
345,214.280,192.170,214.38,192.41,982.34,34221.0,4284.0,4284.0
346,214.280,192.170,214.07,192.41,982.34,34637.0,5292.0,5292.0
347,214.280,192.170,214.3,192.42,982.34,34449.0,6455.0,6455.0
348,214.280,192.170,214.3,192.42,982.34,36248.0,5872.0,5872.0
349,214.280,192.170,214.63,192.35,982.34,33913.0,6274.0,6274.0
350,214.280,192.170,214.2,192.09,982.34,37714.0,6959.0,6959.0
351,214.280,192.170,213.89,192.32,982.34,37997.0,8504.0,8504.0
352,214.280,192.170,214.38,191.79,982.34,36672.0,7018.0,7018.0
353,214.280,192.170,214.43,192.09,982.34,35028.0,5751.0,5751.0
354,214.280,192.170,213.92,192.51,982.34,37640.0,9202.0,9202.0
355,214.280,192.170,214.43,192.43,982.34,36954.0,8808.0,8808.0
356,214.280,192.170,214.2,192.56,982.34,33903.0,5238.0,5238.0
357,214.280,192.170,213.89,192.04,982.34,33636.0,3805.0,3805.0
358,214.280,192.170,214.63,192.35,982.34,33610.0,5141.0,5141.0
359,214.280,192.170,214.63,192.35,982.34,32307.0,4071.0,4071.0
360,214.280,192.170,214.29,192.34,982.34,35945.0,6187.0,6187.0
361,214.280,192.170,214.38,192.53,982.34,35401.0,7142.0,7142.0
362,214.280,192.170,214.63,192.35,982.34,33830.0,5472.0,5472.0
363,214.280,192.170,214.21,192.34,982.34,36510.0,7445.0,7445.0
364,214.280,192.170,214.46,192.46,982.34,37174.0,7669.0,7669.0
365,214.280,192.170,214.63,192.35,982.34,34180.0,5911.0,5911.0
366,214.280,192.170,214.08,192.18,982.34,38660.0,7601.0,7601.0
367,214.280,192.170,214.14,192.54,982.34,37996.0,8249.0,8249.0
368,214.280,192.170,214.12,192.49,982.34,37142.0,7761.0,7761.0
369,214.280,192.170,213.91,192.64,982.34,34797.0,6200.0,6200.0
370,214.280,192.170,214,192.29,982.34,36301.0,6166.0,6166.0
371,214.280,192.170,214.31,192.23,982.34,36064.0,7114.0,7114.0
372,214.280,192.170,214.63,192.35,982.34,32603.0,3754.0,3754.0
373,214.280,192.170,214.1,192.09,982.34,34404.0,5811.0,5811.0
374,214.280,192.170,214.36,192.45,982.34,34633.0,5666.0,5666.0
375,214.280,192.170,214.63,192.35,982.34,35753.0,6716.0,6716.0
376,214.280,192.170,214.18,192.23,982.34,35838.0,7584.0,7584.0
377,214.280,192.170,214.19,192.2,982.34,35958.0,6425.0,6425.0
378,214.280,192.170,214.15,191.93,982.34,33883.0,5634.0,5634.0
379,214.280,192.170,214.63,192.35,982.34,34776.0,5756.0,5756.0
380,214.280,192.170,214.03,192.41,982.34,35380.0,5877.0,5877.0
381,214.280,192.170,214.17,192.15,982.34,36473.0,6015.0,6015.0
382,214.280,192.170,214.01,192.24,982.34,35567.0,5578.0,5578.0
383,214.280,192.170,214.17,192.53,982.34,34925.0,6028.0,6028.0
384,214.280,192.170,214.21,192.48,982.34,33863.0,5024.0,5024.0
385,214.280,192.170,214.24,192.39,982.34,37874.0,6448.0,6448.0
386,214.280,192.170,214.63,192.35,982.34,36838.0,6614.0,6614.0
387,214.280,192.170,214.04,192.44,982.34,38395.0,8322.0,8322.0
388,214.280,192.170,214.63,192.35,982.34,33444.0,5470.0,5470.0
389,214.280,192.170,214.35,192.24,982.34,36688.0,8001.0,8001.0
390,214.280,192.170,214.14,192.39,982.34,35727.0,7504.0,7504.0
391,214.280,192.170,214.1,192.44,982.34,38156.0,8038.0,8038.0
392,214.280,192.170,214.18,192.38,982.34,35791.0,6296.0,6296.0
393,214.280,192.170,214.16,192.02,982.34,35749.0,6006.0,6006.0
394,214.280,192.170,214.24,192.44,982.34,35879.0,5772.0,5772.0
395,214.280,192.170,214.45,192.3,982.34,39002.0,9041.0,9041.0
396,214.280,192.170,214.33,192.41,982.34,39219.0,8733.0,8733.0
397,214.280,192.170,214.46,192.49,982.34,37457.0,8086.0,8086.0
398,214.280,192.170,214.29,192.35,982.34,37157.0,7802.0,7802.0
399,214.280,192.170,214.11,192.25,982.34,37283.0,7083.0,7083.0
400,214.280,192.170,214.63,192.35,982.34,34318.0,5848.0,5848.0
401,214.280,192.170,214.2,192.34,982.34,37692.0,7398.0,7398.0
402,214.280,192.170,214.19,192.13,982.34,36001.0,7235.0,7235.0
403,214.280,192.170,214.01,192.41,982.34,35535.0,6917.0,6917.0
404,214.280,192.170,214.38,192.4,982.34,38315.0,8637.0,8637.0
405,214.280,192.170,214.09,192.13,982.34,36593.0,7163.0,7163.0
406,214.280,192.170,214.16,192.34,982.34,37089.0,8037.0,8037.0
407,214.280,192.170,213.78,192.37,982.34,37096.0,7725.0,7725.0
408,214.280,192.170,214.4,192.29,982.34,35942.0,5635.0,5635.0
409,214.280,192.170,213.85,192.44,982.34,37340.0,8811.0,8811.0
410,214.280,192.170,213.99,192.57,982.34,36434.0,8551.0,8551.0
411,214.280,192.170,213.99,192.25,982.34,36821.0,7225.0,7225.0
412,214.280,192.170,214.3,192.2,982.34,36419.0,6514.0,6514.0
413,214.280,192.170,214.11,192.06,982.34,36590.0,7240.0,7240.0
414,214.280,192.170,214.22,192.32,982.34,36058.0,6043.0,6043.0
415,214.280,192.170,213.76,191.88,982.34,34625.0,5158.0,5158.0
416,214.280,192.170,214.05,192.16,982.34,37137.0,7024.0,7024.0
417,214.280,192.170,214.37,192.33,982.34,35941.0,6701.0,6701.0
418,214.280,192.170,214.38,192.48,982.34,37088.0,6774.0,6774.0
419,214.280,192.170,214.36,192.38,982.34,35725.0,6251.0,6251.0
420,214.280,192.170,214.39,192.48,982.34,36774.0,8292.0,8292.0
421,214.280,192.170,214.39,192.23,982.34,35839.0,6215.0,6215.0
422,214.280,192.170,214.29,192.23,982.34,36799.0,8295.0,8295.0
423,214.280,192.170,214.15,192.64,982.34,34399.0,6298.0,6298.0
424,214.280,192.170,214.11,192.23,982.34,36332.0,7837.0,7837.0
425,214.280,192.170,214.49,192.54,982.34,33742.0,6268.0,6268.0
426,214.280,192.170,214.63,192.35,982.34,33393.0,5578.0,5578.0
427,214.280,192.170,214.35,192.52,982.34,35946.0,8065.0,8065.0
428,214.280,192.170,214.63,192.35,982.34,33980.0,6601.0,6601.0
429,214.280,192.170,214.17,192.37,982.34,34974.0,6210.0,6210.0
430,214.280,192.170,214.63,192.35,982.34,34267.0,5532.0,5532.0
431,214.280,192.170,214.32,192.39,982.34,34132.0,5085.0,5085.0
432,214.280,192.170,214.41,192.33,982.34,33726.0,5278.0,5278.0
433,214.280,192.170,214.63,192.35,982.34,34038.0,5963.0,5963.0
434,214.280,192.170,214.63,192.35,982.34,32466.0,5134.0,5134.0
435,214.280,192.170,214.2,192.34,982.34,34444.0,5402.0,5402.0
436,214.280,192.170,214.36,192.34,982.34,36524.0,7517.0,7517.0
437,214.280,192.170,214.63,192.35,982.34,33838.0,4616.0,4616.0
438,214.280,192.170,214.14,192.21,982.34,35346.0,6871.0,6871.0
439,214.280,192.170,214.63,192.35,982.34,34508.0,6143.0,6143.0
440,214.280,192.170,214.07,192.34,982.34,36764.0,6738.0,6738.0
441,214.280,192.170,213.92,192.21,982.34,37689.0,8349.0,8349.0
442,214.280,192.170,214.14,192.05,982.34,34938.0,6877.0,6877.0
443,214.280,192.170,214.18,192.35,982.34,37663.0,8141.0,8141.0
444,214.280,192.170,214.37,192.24,982.34,36517.0,7341.0,7341.0
445,214.280,192.170,214.39,192.43,982.34,36229.0,6055.0,6055.0
446,214.280,192.170,214.52,192.18,982.34,35682.0,7567.0,7567.0
447,214.280,192.170,214.2,192.14,982.34,34997.0,6172.0,6172.0
448,214.280,192.170,214.63,192.35,982.34,34023.0,5201.0,5201.0
449,214.280,192.170,214.28,192.55,982.34,35876.0,8000.0,8000.0
450,214.280,192.170,214.44,192.22,982.34,36896.0,7132.0,7132.0
451,214.280,192.170,214.63,192.35,982.34,35140.0,6508.0,6508.0
452,214.280,192.170,214.06,193.11,982.34,35802.0,7324.0,7324.0
453,214.280,192.170,214,192.19,982.34,37670.0,8009.0,8009.0
454,214.280,192.170,214.12,192.22,982.34,34398.0,5103.0,5103.0
455,214.280,192.170,214.3,192.24,982.34,34452.0,5639.0,5639.0
456,214.280,192.170,214.32,192.07,982.34,34342.0,5161.0,5161.0
457,214.280,192.170,214.46,192.16,982.34,34875.0,6405.0,6405.0
458,214.280,192.170,214.32,192.06,982.34,36589.0,6589.0,6589.0
459,214.280,192.170,214.34,192.43,982.34,37673.0,8790.0,8790.0
460,214.280,192.170,214.42,192.1,982.34,34924.0,6480.0,6480.0
461,214.280,192.170,214.09,192.61,982.34,34928.0,7528.0,7528.0
462,214.280,192.170,214.26,192.32,982.34,35276.0,6370.0,6370.0
463,214.280,192.170,214.38,192.49,982.34,36319.0,7318.0,7318.0
464,214.280,192.170,214.06,192.31,982.34,36776.0,7843.0,7843.0
465,214.280,192.170,214.11,192.21,982.34,36661.0,8105.0,8105.0
466,214.280,192.170,214.31,192.15,982.34,36765.0,7565.0,7565.0
467,214.280,192.170,214.1,192.03,982.34,37017.0,7949.0,7949.0
468,214.280,192.170,214.41,192.48,982.34,39065.0,9516.0,9516.0
469,214.280,192.170,214,192.2,982.34,34732.0,6736.0,6736.0
470,214.280,192.170,214.43,192.41,982.34,36587.0,8264.0,8264.0
471,214.280,192.170,214.19,192.26,982.34,38169.0,9504.0,9504.0
472,214.280,192.170,214.38,192.28,982.34,38117.0,8897.0,8897.0
473,214.280,192.170,214.41,192.36,982.34,38033.0,8681.0,8681.0
474,214.280,192.170,214.42,192.52,982.34,35668.0,7957.0,7957.0
475,214.280,192.170,214.72,192.36,982.34,34671.0,7234.0,7234.0
476,214.280,192.170,214.33,192.43,982.34,39771.0,10369.0,10369.0
477,214.280,192.170,214.29,192.38,982.34,37166.0,8291.0,8291.0
478,214.280,192.170,214.04,192.2,982.34,35560.0,7594.0,7594.0
479,214.280,192.170,214.08,192.13,982.34,39056.0,9725.0,9725.0
480,214.280,192.170,214.35,192.38,982.34,35979.0,7893.0,7893.0
481,214.280,192.170,214.08,192.02,982.34,35690.0,8066.0,8066.0
482,214.280,192.170,214.29,192.31,982.34,37382.0,7791.0,7791.0
483,214.280,192.170,214.29,192.12,982.34,35823.0,7693.0,7693.0
484,214.280,192.170,214.29,192.19,982.34,39109.0,9801.0,9801.0
485,214.280,192.170,214.09,192.3,982.34,36730.0,8065.0,8065.0
486,214.280,192.170,214.05,192.73,982.34,38137.0,7750.0,7750.0
487,214.280,192.170,214.18,192.3,982.34,38503.0,9394.0,9394.0
488,214.280,192.170,214.25,192.16,982.34,36321.0,6797.0,6797.0
489,214.280,192.170,214.1,192.45,982.34,36080.0,7478.0,7478.0
490,214.280,192.170,214.42,192.34,982.34,37793.0,9848.0,9848.0
491,214.280,192.170,214.51,192.24,982.34,37475.0,8715.0,8715.0
492,214.280,192.170,214.43,192.47,982.34,36619.0,7700.0,7700.0
493,214.280,192.170,214.18,192.35,982.34,35860.0,6429.0,6429.0
494,214.280,192.170,214.14,192.05,982.34,37345.0,8352.0,8352.0
495,214.280,192.170,214.4,192.41,982.34,34423.0,6337.0,6337.0
496,214.280,192.170,214.3,192.48,982.34,38454.0,9000.0,9000.0
497,214.280,192.170,214.27,192.32,982.34,37816.0,8616.0,8616.0
498,214.280,192.170,214.4,192.4,982.34,38865.0,10589.0,10589.0
499,214.280,192.170,214.23,192.5,982.34,36413.0,6969.0,6969.0
500,214.280,192.170,214.08,192.24,982.34,39394.0,8273.0,8273.0
501,214.280,192.170,214.18,192.14,982.34,37178.0,7076.0,7076.0
502,214.280,192.170,214.16,192.15,982.34,37052.0,7736.0,7736.0
503,214.280,192.170,214.23,192.15,982.34,35534.0,6630.0,6630.0
504,214.280,192.170,214.44,192.13,982.34,35582.0,6051.0,6051.0
505,214.280,192.170,214.18,192.09,982.34,37055.0,7890.0,7890.0
506,214.280,192.170,214.26,192.09,982.34,37121.0,7400.0,7400.0
507,214.280,192.170,214.44,192.3,982.34,37826.0,8219.0,8219.0
508,214.280,192.170,214.36,192.41,982.34,39504.0,9702.0,9702.0
509,214.280,192.170,214.23,192.49,982.34,37991.0,8599.0,8599.0
510,214.280,192.170,214.38,192.45,982.34,37641.0,9461.0,9461.0
511,214.280,192.170,214.25,192.2,982.34,36716.0,8409.0,8409.0
512,214.280,192.170,214.62,192.24,982.34,35495.0,7483.0,7483.0
513,214.280,192.170,214.5,192.1,982.34,36891.0,7454.0,7454.0
514,214.280,192.170,214.16,191.87,982.34,36812.0,8434.0,8434.0
515,214.280,192.170,214.38,192.33,982.34,37771.0,8040.0,8040.0
516,214.280,192.170,214.19,192.54,982.34,37885.0,9290.0,9290.0
517,214.280,192.170,214.19,192.09,982.34,37659.0,8363.0,8363.0
518,214.280,192.170,214.36,192.44,982.34,37124.0,7941.0,7941.0
519,214.280,192.170,214.55,192.28,982.34,40193.0,11868.0,11868.0
520,214.280,192.170,214.18,192.2,982.34,37764.0,8396.0,8396.0
521,214.280,192.170,214.59,192.22,982.34,38062.0,9597.0,9597.0
522,214.280,192.170,214.09,192.24,982.34,36083.0,7378.0,7378.0
523,214.280,192.170,214.47,192.41,982.34,41133.0,11939.0,11939.0
524,214.280,192.170,214.22,192.16,982.34,37192.0,7870.0,7870.0
525,214.280,192.170,214.43,192.5,982.34,39653.0,11627.0,11627.0
526,214.280,192.170,214.08,192.26,982.34,38366.0,9918.0,9918.0
527,214.280,192.170,214.06,192.23,982.34,39329.0,9684.0,9684.0
528,214.280,192.170,214.3,192.24,982.34,38828.0,9346.0,9346.0
529,214.280,192.170,214.06,192.18,982.34,35278.0,7246.0,7246.0
530,214.280,192.170,214.13,192.07,982.34,37837.0,9120.0,9120.0
531,214.280,192.170,214.3,192.29,982.34,37175.0,8336.0,8336.0
532,214.280,192.170,214.1,192.36,982.34,36090.0,7875.0,7875.0
533,214.280,192.170,214.25,192.41,982.34,38667.0,9993.0,9993.0
534,214.280,192.170,214.06,192.26,982.34,38861.0,9637.0,9637.0
535,214.280,192.170,214.26,192.13,982.34,38388.0,8881.0,8881.0
536,214.280,192.170,214.12,192.16,982.34,39228.0,9431.0,9431.0
537,214.280,192.170,214,192.35,982.34,37285.0,9718.0,9718.0
538,214.280,192.170,214.14,192.07,982.34,34700.0,8298.0,8298.0
539,214.280,192.170,214.28,192.38,982.34,37400.0,11429.0,11429.0
540,214.280,192.170,214.27,192.39,982.34,34302.0,8546.0,8546.0
541,214.280,192.170,214.22,192.18,982.34,37211.0,11074.0,11074.0
542,214.280,192.170,214.24,192.34,982.34,36637.0,11015.0,11015.0
543,214.280,192.170,214.32,192.15,982.34,35471.0,9836.0,9836.0
544,214.280,192.170,214.26,192.25,982.34,36001.0,9747.0,9747.0
545,214.280,192.170,214.21,192.31,982.34,37891.0,11346.0,11346.0
546,214.280,192.170,214.16,192.24,982.34,34975.0,10092.0,10092.0
547,214.280,192.170,214.45,192.17,982.34,37455.0,11204.0,11204.0
548,214.280,192.170,214.28,192.17,982.34,36401.0,9844.0,9844.0
549,214.280,192.170,214.28,192.17,982.34,26652.0,2645.0,2645.0
550,214.280,192.170,214.28,192.17,982.34,24552.0,687.0,687.0
551,214.280,192.170,214.28,192.17,982.34,24953.0,1540.0,1540.0
552,214.280,192.170,214.28,192.17,982.34,24507.0,652.0,652.0
553,214.280,192.170,214.28,192.17,982.34,23853.0,0.0,0.0
554,214.280,192.170,214.28,192.17,982.34,24658.0,426.0,426.0
555,214.280,192.170,214.28,192.17,982.34,25057.0,0.0,0.0
556,214.280,192.170,214.28,192.17,982.34,23426.0,0.0,0.0
557,214.280,192.170,214.28,192.17,982.34,23544.0,0.0,0.0
558,214.280,192.170,214.28,192.17,982.34,24145.0,0.0,0.0
559,214.280,192.170,214.28,192.17,982.34,24499.0,369.0,369.0
560,214.280,192.170,214.28,192.17,982.34,25069.0,715.0,715.0
561,214.280,192.170,214.28,192.17,982.34,24638.0,271.0,271.0
562,214.280,192.170,214.28,192.17,982.34,23216.0,0.0,0.0
563,214.280,192.170,214.28,192.17,982.34,25809.0,1480.0,1480.0
564,214.280,192.170,214.28,192.17,982.34,24017.0,125.0,125.0
565,214.280,192.170,214.28,192.17,982.34,23370.0,505.0,505.0
566,214.280,192.170,214.28,192.17,982.34,24504.0,236.0,236.0
567,214.280,192.170,214.28,192.17,982.34,23597.0,0.0,0.0
568,214.280,192.170,214.28,192.17,982.34,23224.0,0.0,0.0
569,214.280,192.170,214.28,192.17,982.34,23215.0,0.0,0.0
570,214.280,192.170,214.28,192.17,982.34,24069.0,207.0,207.0
571,214.280,192.170,214.28,192.17,982.34,23434.0,0.0,0.0
572,214.280,192.170,214.28,192.17,982.34,23532.0,0.0,0.0
573,214.280,192.170,214.28,192.17,982.34,23576.0,0.0,0.0
574,214.280,192.170,214.28,192.17,982.34,23956.0,173.0,173.0
575,214.280,192.170,214.28,192.17,982.34,22019.0,0.0,0.0
576,214.280,192.170,214.28,192.17,982.34,26223.0,1668.0,1668.0
577,214.280,192.170,214.28,192.17,982.34,23403.0,0.0,0.0
578,214.280,192.170,214.28,192.17,982.34,24870.0,1071.0,1071.0
579,214.280,192.170,214.28,192.17,982.34,24489.0,152.0,152.0
580,214.280,192.170,214.28,192.17,982.34,24887.0,1854.0,1854.0
581,214.280,192.170,214.28,192.17,982.34,23948.0,322.0,322.0
582,214.280,192.170,214.28,192.17,982.34,23817.0,0.0,0.0
583,214.280,192.170,214.28,192.17,982.34,25920.0,1087.0,1087.0
584,214.280,192.170,214.28,192.17,982.34,23813.0,0.0,0.0
585,214.280,192.170,214.28,192.17,982.34,23584.0,0.0,0.0
586,214.280,192.170,214.28,192.17,982.34,25833.0,589.0,589.0
587,214.280,192.170,214.28,192.17,982.34,23955.0,0.0,0.0
588,214.280,192.170,214.28,192.17,982.34,23562.0,0.0,0.0
589,214.280,192.170,214.28,192.17,982.34,23398.0,293.0,293.0
590,214.280,192.170,214.28,192.17,982.34,24122.0,0.0,0.0
591,214.280,192.170,214.28,192.17,982.34,24961.0,567.0,567.0
592,214.280,192.170,214.28,192.17,982.34,23735.0,0.0,0.0
593,214.280,192.170,214.28,192.17,982.34,23656.0,336.0,336.0
594,214.280,192.170,214.28,192.17,982.34,22912.0,0.0,0.0
595,214.280,192.170,214.28,192.17,982.34,23772.0,0.0,0.0
596,214.280,192.170,214.28,192.17,982.34,23231.0,0.0,0.0
597,214.280,192.170,214.28,192.17,982.34,23711.0,1217.0,1217.0
598,214.280,192.170,214.28,192.17,982.34,23970.0,47.0,47.0
599,214.280,192.170,214.28,192.17,982.34,23793.0,0.0,0.0
600,214.280,192.170,214.28,192.17,982.34,24130.0,0.0,0.0
601,214.280,192.170,214.28,192.17,982.34,23824.0,491.0,491.0
602,214.280,192.170,214.28,192.17,982.34,23908.0,0.0,0.0
603,214.280,192.170,214.28,192.17,982.34,24503.0,0.0,0.0
604,214.280,192.170,214.28,192.17,982.34,24062.0,664.0,664.0
605,214.280,192.170,214.28,192.17,982.34,24732.0,1246.0,1246.0
606,214.280,192.170,214.28,192.17,982.34,24634.0,1080.0,1080.0
607,214.280,192.170,214.28,192.17,982.34,23457.0,0.0,0.0
608,214.280,192.170,214.28,192.17,982.34,24159.0,125.0,125.0
609,214.280,192.170,214.28,192.17,982.34,24114.0,179.0,179.0
610,214.280,192.170,214.28,192.17,982.34,24428.0,401.0,401.0
611,214.280,192.170,214.28,192.17,982.34,24593.0,545.0,545.0
612,214.280,192.170,214.28,192.17,982.34,22547.0,0.0,0.0
613,214.280,192.170,214.28,192.17,982.34,24151.0,207.0,207.0
614,214.280,192.170,214.28,192.17,982.34,24382.0,160.0,160.0
615,214.280,192.170,214.28,192.17,982.34,23184.0,32.0,32.0
616,214.280,192.170,214.28,192.17,982.34,23945.0,96.0,96.0
617,214.280,192.170,214.28,192.17,982.34,23407.0,0.0,0.0
618,214.280,192.170,214.28,192.17,982.34,25774.0,993.0,993.0
619,214.280,192.170,214.28,192.17,982.34,23103.0,0.0,0.0
620,214.280,192.170,214.28,192.17,982.34,24262.0,16.0,16.0
621,214.280,192.170,214.28,192.17,982.34,22739.0,0.0,0.0
622,214.280,192.170,214.28,192.17,982.34,24346.0,439.0,439.0
623,214.280,192.170,214.28,192.17,982.34,22991.0,0.0,0.0
624,214.280,192.170,214.28,192.17,982.34,21958.0,0.0,0.0
625,214.280,192.170,214.28,192.17,982.34,23185.0,0.0,0.0
626,214.280,192.170,214.28,192.17,982.34,22130.0,0.0,0.0
627,214.280,192.170,214.28,192.17,982.34,24731.0,266.0,266.0
628,214.280,192.170,214.28,192.17,982.34,25000.0,1270.0,1270.0
629,214.280,192.170,214.28,192.17,982.34,24719.0,172.0,172.0
630,214.280,192.170,214.28,192.17,982.34,24772.0,41.0,41.0
631,214.280,192.170,214.28,192.17,982.34,23650.0,524.0,524.0
632,214.280,192.170,214.28,192.17,982.34,24224.0,231.0,231.0
633,214.280,192.170,214.28,192.17,982.34,24688.0,1116.0,1116.0
634,214.280,192.170,214.28,192.17,982.34,25431.0,1285.0,1285.0
635,214.280,192.170,214.28,192.17,982.34,23845.0,313.0,313.0
636,214.280,192.170,214.28,192.17,982.34,23915.0,231.0,231.0
637,214.280,192.170,214.28,192.17,982.34,24133.0,287.0,287.0
638,214.280,192.170,214.28,192.17,982.34,22970.0,0.0,0.0
639,214.280,192.170,214.28,192.17,982.34,23305.0,0.0,0.0
640,214.280,192.170,214.28,192.17,982.34,25738.0,1473.0,1473.0
641,214.280,192.170,214.28,192.17,982.34,24063.0,779.0,779.0
642,214.280,192.170,214.28,192.17,982.34,23732.0,0.0,0.0
643,214.280,192.170,214.28,192.17,982.34,24693.0,862.0,862.0
644,214.280,192.170,214.28,192.17,982.34,23745.0,0.0,0.0
645,214.280,192.170,214.28,192.17,982.34,22799.0,0.0,0.0
646,214.280,192.170,214.28,192.17,982.34,26457.0,2068.0,2068.0
647,214.280,192.170,214.28,192.17,982.34,22872.0,0.0,0.0
648,214.280,192.170,214.28,192.17,982.34,23648.0,0.0,0.0
649,214.280,192.170,214.28,192.17,982.34,24626.0,777.0,777.0
650,214.280,192.170,214.28,192.17,982.34,22923.0,0.0,0.0
651,214.280,192.170,214.28,192.17,982.34,24525.0,920.0,920.0
652,214.280,192.170,214.28,192.17,982.34,24139.0,989.0,989.0
653,214.280,192.170,214.28,192.17,982.34,22524.0,0.0,0.0
654,214.280,192.170,214.28,192.17,982.34,23323.0,0.0,0.0
655,214.280,192.170,214.28,192.17,982.34,23364.0,453.0,453.0
656,214.280,192.170,214.28,192.17,982.34,23229.0,0.0,0.0
657,214.280,192.170,214.28,192.17,982.34,23988.0,31.0,31.0
658,214.280,192.170,214.28,192.17,982.34,23977.0,321.0,321.0
659,214.280,192.170,214.28,192.17,982.34,23597.0,0.0,0.0
660,214.280,192.170,214.28,192.17,982.34,23157.0,0.0,0.0
661,214.280,192.170,214.28,192.17,982.34,23258.0,0.0,0.0
662,214.280,192.170,214.28,192.17,982.34,24920.0,334.0,334.0
663,214.280,192.170,214.28,192.17,982.34,23292.0,0.0,0.0
664,214.280,192.170,214.28,192.17,982.34,24481.0,168.0,168.0
665,214.280,192.170,214.28,192.17,982.34,23551.0,0.0,0.0
666,214.280,192.170,214.28,192.17,982.34,23856.0,0.0,0.0
667,214.280,192.170,214.28,192.17,982.34,22618.0,0.0,0.0
668,214.280,192.170,214.28,192.17,982.34,23654.0,0.0,0.0
669,214.280,192.170,214.28,192.17,982.34,25983.0,1244.0,1244.0
670,214.280,192.170,214.28,192.17,982.34,24935.0,988.0,988.0
671,214.280,192.170,214.28,192.17,982.34,26021.0,2173.0,2173.0
672,214.280,192.170,214.28,192.17,982.34,24924.0,1021.0,1021.0
673,214.280,192.170,214.28,192.17,982.34,23047.0,0.0,0.0
674,214.280,192.170,214.28,192.17,982.34,24190.0,642.0,642.0
675,214.280,192.170,214.28,192.17,982.34,24288.0,853.0,853.0
676,214.280,192.170,214.28,192.17,982.34,24056.0,696.0,696.0
677,214.280,192.170,214.28,192.17,982.34,23093.0,0.0,0.0
678,214.280,192.170,214.28,192.17,982.34,23314.0,0.0,0.0
679,214.280,192.170,214.28,192.17,982.34,23952.0,0.0,0.0
680,214.280,192.170,214.28,192.17,982.34,23784.0,190.0,190.0
681,214.280,192.170,214.28,192.17,982.34,26182.0,2269.0,2269.0
682,214.280,192.170,214.28,192.17,982.34,24432.0,968.0,968.0
683,214.280,192.170,214.28,192.17,982.34,24501.0,611.0,611.0
684,214.280,192.170,214.28,192.17,982.34,22962.0,0.0,0.0
685,214.280,192.170,214.28,192.17,982.34,23874.0,0.0,0.0
686,214.280,192.170,214.28,192.17,982.34,23947.0,648.0,648.0
687,214.280,192.170,214.28,192.17,982.34,25836.0,1029.0,1029.0
688,214.280,192.170,214.28,192.17,982.34,24847.0,499.0,499.0
689,214.280,192.170,214.28,192.17,982.34,23218.0,0.0,0.0
690,214.280,192.170,214.28,192.17,982.34,23791.0,784.0,784.0
691,214.280,192.170,214.28,192.17,982.34,24424.0,446.0,446.0
692,214.280,192.170,214.28,192.17,982.34,23173.0,0.0,0.0
693,214.280,192.170,214.28,192.17,982.34,22482.0,0.0,0.0
694,214.280,192.170,214.28,192.17,982.34,23021.0,0.0,0.0
695,214.280,192.170,214.28,192.17,982.34,23238.0,0.0,0.0
696,214.280,192.170,214.28,192.17,982.34,22493.0,0.0,0.0
697,214.280,192.170,214.28,192.17,982.34,23598.0,0.0,0.0
698,214.280,192.170,214.28,192.17,982.34,23642.0,58.0,58.0
699,214.280,192.170,214.28,192.17,982.34,23364.0,0.0,0.0
700,214.280,192.170,214.28,192.17,982.34,22620.0,0.0,0.0
701,214.280,192.170,214.28,192.17,982.34,23659.0,0.0,0.0
702,214.280,192.170,214.28,192.17,982.34,22672.0,0.0,0.0
703,214.280,192.170,214.28,192.17,982.34,23326.0,0.0,0.0
704,214.280,192.170,214.28,192.17,982.34,23719.0,182.0,182.0
705,214.280,192.170,214.28,192.17,982.34,24559.0,687.0,687.0
706,214.280,192.170,214.28,192.17,982.34,22412.0,0.0,0.0
707,214.280,192.170,214.28,192.17,982.34,23974.0,486.0,486.0
708,214.280,192.170,214.28,192.17,982.34,22822.0,0.0,0.0
709,214.280,192.170,214.28,192.17,982.34,23315.0,0.0,0.0
710,214.280,192.170,214.28,192.17,982.34,23632.0,744.0,744.0
711,214.280,192.170,214.28,192.17,982.34,23944.0,0.0,0.0
712,214.280,192.170,214.28,192.17,982.34,23436.0,0.0,0.0
713,214.280,192.170,214.28,192.17,982.34,23602.0,0.0,0.0
714,214.280,192.170,214.28,192.17,982.34,23151.0,0.0,0.0
715,214.280,192.170,214.28,192.17,982.34,22740.0,0.0,0.0
716,214.280,192.170,214.28,192.17,982.34,23300.0,0.0,0.0
717,214.280,192.170,214.28,192.17,982.34,23339.0,0.0,0.0
718,214.280,192.170,214.28,192.17,982.34,23954.0,0.0,0.0
719,214.280,192.170,214.28,192.17,982.34,24818.0,94.0,94.0
720,214.280,192.170,214.28,192.17,982.34,25343.0,378.0,378.0
721,214.280,192.170,214.28,192.17,982.34,24211.0,0.0,0.0
722,214.280,192.170,214.28,192.17,982.34,24695.0,1241.0,1241.0
723,214.280,192.170,214.28,192.17,982.34,25528.0,774.0,774.0
724,214.280,192.170,214.28,192.17,982.34,24785.0,0.0,0.0
725,214.280,192.170,214.28,192.17,982.34,25297.0,1252.0,1252.0
726,214.280,192.170,214.28,192.17,982.34,22261.0,0.0,0.0
727,214.280,192.170,214.28,192.17,982.34,22958.0,0.0,0.0
728,214.280,192.170,214.28,192.17,982.34,23500.0,0.0,0.0
729,214.280,192.170,214.28,192.17,982.34,24964.0,777.0,777.0
730,214.280,192.170,214.28,192.17,982.34,22903.0,0.0,0.0
731,214.280,192.170,214.28,192.17,982.34,25294.0,164.0,164.0
732,214.280,192.170,214.28,192.17,982.34,24156.0,0.0,0.0
733,214.280,192.170,214.28,192.17,982.34,24180.0,0.0,0.0
734,214.280,192.170,214.28,192.17,982.34,25634.0,965.0,965.0
735,214.280,192.170,214.28,192.17,982.34,25370.0,410.0,410.0
736,214.280,192.170,214.28,192.17,982.34,23092.0,0.0,0.0
737,214.280,192.170,214.28,192.17,982.34,23006.0,0.0,0.0
738,214.280,192.170,214.28,192.17,982.34,24185.0,0.0,0.0
739,214.280,192.170,214.28,192.17,982.34,25258.0,625.0,625.0
740,214.280,192.170,214.28,192.17,982.34,25392.0,771.0,771.0
741,214.280,192.170,214.28,192.17,982.34,23299.0,0.0,0.0
742,214.280,192.170,214.28,192.17,982.34,23860.0,0.0,0.0
743,214.280,192.170,214.28,192.17,982.34,22481.0,0.0,0.0
744,214.280,192.170,214.28,192.17,982.34,24134.0,932.0,932.0
745,214.280,192.170,214.28,192.17,982.34,22869.0,0.0,0.0
746,214.280,192.170,214.28,192.17,982.34,24196.0,644.0,644.0
747,214.280,192.170,214.28,192.17,982.34,24674.0,226.0,226.0
748,214.280,192.170,214.28,192.17,982.34,25499.0,959.0,959.0
