id,avg_x,avg_y,x,y,bg,Square_intensity,circular_intensity,Gaussian_intensity
408,85.200,197.610,85.18,198.29,1124.22,25557.0,482.0,482.0
409,85.200,197.610,85.18,198.29,1124.22,24909.0,0.0,0.0
410,85.200,197.610,85.18,198.29,1124.22,26043.0,1219.0,1219.0
411,85.200,197.610,85.18,198.29,1124.22,25342.0,181.0,181.0
412,85.200,197.610,85.18,198.29,1124.22,26182.0,294.0,294.0
413,85.200,197.610,85.18,198.29,1124.22,25296.0,411.0,411.0
414,85.200,197.610,85.18,198.29,1124.22,24390.0,0.0,0.0
415,85.200,197.610,85.18,198.29,1124.22,23656.0,0.0,0.0
416,85.200,197.610,85.18,198.29,1124.22,25897.0,389.0,389.0
417,85.200,197.610,85.18,198.29,1124.22,25864.0,597.0,597.0
418,85.200,197.610,85.18,198.29,1124.22,25645.0,291.0,291.0
419,85.200,197.610,85.18,198.29,1124.22,26316.0,1097.0,1097.0
420,85.200,197.610,85.18,198.29,1124.22,25295.0,180.0,180.0
421,85.200,197.610,85.18,198.29,1124.22,25910.0,516.0,516.0
422,85.200,197.610,85.18,198.29,1124.22,25310.0,0.0,0.0
423,85.200,197.610,85.18,198.29,1124.22,25382.0,178.0,178.0
424,85.200,197.610,85.18,198.29,1124.22,25286.0,414.0,414.0
425,85.200,197.610,85.18,198.29,1124.22,26301.0,1088.0,1088.0
426,85.200,197.610,85.18,198.29,1124.22,24604.0,0.0,0.0
427,85.200,197.610,85.18,198.29,1124.22,25361.0,756.0,756.0
428,85.200,197.610,85.18,198.29,1124.22,26973.0,1712.0,1712.0
429,85.200,197.610,85.18,198.29,1124.22,24447.0,0.0,0.0
430,85.200,197.610,85.18,198.29,1124.22,26265.0,1169.0,1169.0
431,85.200,197.610,85.18,198.29,1124.22,26765.0,1396.0,1396.0
432,85.200,197.610,85.18,198.29,1124.22,26308.0,582.0,582.0
433,85.200,197.610,85.18,198.29,1124.22,25062.0,156.0,156.0
434,85.200,197.610,85.18,198.29,1124.22,24316.0,0.0,0.0
435,85.200,197.610,85.18,198.29,1124.22,24683.0,797.0,797.0
436,85.200,197.610,85.18,198.29,1124.22,24767.0,0.0,0.0
437,85.200,197.610,85.18,198.29,1124.22,25496.0,88.0,88.0
438,85.200,197.610,85.18,198.29,1124.22,25362.0,434.0,434.0
439,85.200,197.610,85.18,198.29,1124.22,23277.0,0.0,0.0
440,85.200,197.610,85.18,198.29,1124.22,27712.0,1602.0,1602.0
441,85.200,197.610,85.18,198.29,1124.22,24595.0,0.0,0.0
442,85.200,197.610,85.18,198.29,1124.22,26620.0,286.0,286.0
443,85.200,197.610,85.18,198.29,1124.22,25132.0,0.0,0.0
444,85.200,197.610,85.18,198.29,1124.22,26107.0,245.0,245.0
445,85.200,197.610,85.18,198.29,1124.22,24053.0,0.0,0.0
446,85.200,197.610,85.18,198.29,1124.22,23644.0,0.0,0.0
447,85.200,197.610,85.18,198.29,1124.22,25560.0,511.0,511.0
448,85.200,197.610,85.18,198.29,1124.22,24709.0,0.0,0.0
449,85.200,197.610,85.18,198.29,1124.22,26615.0,1829.0,1829.0
450,85.200,197.610,85.18,198.29,1124.22,26679.0,638.0,638.0
451,85.200,197.610,85.18,198.29,1124.22,25839.0,1155.0,1155.0
452,85.200,197.610,85.18,198.29,1124.22,25430.0,0.0,0.0
453,85.200,197.610,85.18,198.29,1124.22,25564.0,0.0,0.0
454,85.200,197.610,85.18,198.29,1124.22,26441.0,1090.0,1090.0
455,85.200,197.610,85.18,198.29,1124.22,24870.0,240.0,240.0
456,85.200,197.610,85.18,198.29,1124.22,25831.0,0.0,0.0
457,85.200,197.610,85.18,198.29,1124.22,25179.0,0.0,0.0
458,85.200,197.610,85.18,198.29,1124.22,25293.0,243.0,243.0
459,85.200,197.610,85.18,198.29,1124.22,23659.0,0.0,0.0
460,85.200,197.610,85.18,198.29,1124.22,24027.0,0.0,0.0
461,85.200,197.610,85.18,198.29,1124.22,26752.0,2404.0,2404.0
462,85.200,197.610,85.18,198.29,1124.22,26414.0,833.0,833.0
463,85.200,197.610,85.18,198.29,1124.22,23911.0,0.0,0.0
464,85.200,197.610,85.18,198.29,1124.22,24922.0,0.0,0.0
465,85.200,197.610,85.18,198.29,1124.22,23531.0,0.0,0.0
466,85.200,197.610,85.18,198.29,1124.22,25437.0,0.0,0.0
467,85.200,197.610,85.18,198.29,1124.22,25734.0,82.0,82.0
468,85.200,197.610,85.18,198.29,1124.22,25080.0,0.0,0.0
469,85.200,197.610,85.18,198.29,1124.22,25334.0,0.0,0.0
470,85.200,197.610,85.18,198.29,1124.22,25557.0,11.0,11.0
471,85.200,197.610,85.18,198.29,1124.22,25359.0,1269.0,1269.0
472,85.200,197.610,85.18,198.29,1124.22,25293.0,425.0,425.0
473,85.200,197.610,85.18,198.29,1124.22,26348.0,587.0,587.0
474,85.200,197.610,85.18,198.29,1124.22,25647.0,0.0,0.0
475,85.200,197.610,85.18,198.29,1124.22,24092.0,0.0,0.0
476,85.200,197.610,85.18,198.29,1124.22,25490.0,159.0,159.0
477,85.200,197.610,85.18,198.29,1124.22,24744.0,83.0,83.0
478,85.200,197.610,85.18,198.29,1124.22,24052.0,0.0,0.0
479,85.200,197.610,85.18,198.29,1124.22,24029.0,0.0,0.0
480,85.200,197.610,85.18,198.29,1124.22,26494.0,514.0,514.0
481,85.200,197.610,85.18,198.29,1124.22,22736.0,0.0,0.0
482,85.200,197.610,85.18,198.29,1124.22,23655.0,0.0,0.0
483,85.200,197.610,85.18,198.29,1124.22,24950.0,0.0,0.0
484,85.200,197.610,85.18,198.29,1124.22,27528.0,2160.0,2160.0
485,85.200,197.610,85.18,198.29,1124.22,26083.0,934.0,934.0
486,85.200,197.610,85.18,198.29,1124.22,25924.0,441.0,441.0
487,85.200,197.610,85.18,198.29,1124.22,24346.0,0.0,0.0
488,85.200,197.610,85.18,198.29,1124.22,25234.0,313.0,313.0
489,85.200,197.610,85.18,198.29,1124.22,25240.0,108.0,108.0
490,85.200,197.610,85.18,198.29,1124.22,25590.0,763.0,763.0
491,85.200,197.610,85.18,198.29,1124.22,24633.0,0.0,0.0
492,85.200,197.610,85.18,198.29,1124.22,25098.0,0.0,0.0
493,85.200,197.610,85.18,198.29,1124.22,24633.0,420.0,420.0
494,85.200,197.610,85.18,198.29,1124.22,25454.0,499.0,499.0
495,85.200,197.610,85.18,198.29,1124.22,25548.0,0.0,0.0
496,85.200,197.610,85.18,198.29,1124.22,25404.0,66.0,66.0
497,85.200,197.610,85.18,198.29,1124.22,23591.0,0.0,0.0
498,85.200,197.610,85.18,198.29,1124.22,26683.0,794.0,794.0
499,85.200,197.610,85.18,198.29,1124.22,23494.0,0.0,0.0
500,85.200,197.610,85.18,198.29,1124.22,24894.0,0.0,0.0
501,85.200,197.610,85.18,198.29,1124.22,24750.0,0.0,0.0
502,85.200,197.610,85.18,198.29,1124.22,25993.0,410.0,410.0
503,85.200,197.610,85.18,198.29,1124.22,23710.0,0.0,0.0
504,85.200,197.610,85.18,198.29,1124.22,25355.0,458.0,458.0
505,85.200,197.610,85.18,198.29,1124.22,24233.0,0.0,0.0
506,85.200,197.610,85.18,198.29,1124.22,23948.0,0.0,0.0
507,85.200,197.610,85.18,198.29,1124.22,26179.0,633.0,633.0
508,85.200,197.610,85.18,198.29,1124.22,23084.0,0.0,0.0
509,85.200,197.610,85.18,198.29,1124.22,26423.0,741.0,741.0
510,85.200,197.610,85.18,198.29,1124.22,25013.0,75.0,75.0
511,85.200,197.610,85.18,198.29,1124.22,25384.0,435.0,435.0
512,85.200,197.610,85.18,198.29,1124.22,26335.0,664.0,664.0
513,85.200,197.610,85.18,198.29,1124.22,26638.0,926.0,926.0
514,85.200,197.610,85.18,198.29,1124.22,25982.0,535.0,535.0
515,85.200,197.610,85.18,198.29,1124.22,25822.0,0.0,0.0
516,85.200,197.610,85.18,198.29,1124.22,24321.0,0.0,0.0
517,85.200,197.610,85.18,198.29,1124.22,23331.0,0.0,0.0
518,85.200,197.610,85.18,198.29,1124.22,25498.0,288.0,288.0
519,85.200,197.610,85.18,198.29,1124.22,24973.0,0.0,0.0
520,85.200,197.610,85.18,198.29,1124.22,26419.0,694.0,694.0
521,85.200,197.610,85.18,198.29,1124.22,24962.0,0.0,0.0
522,85.200,197.610,85.18,198.29,1124.22,25969.0,1194.0,1194.0
523,85.200,197.610,85.18,198.29,1124.22,23894.0,0.0,0.0
524,85.200,197.610,85.18,198.29,1124.22,24666.0,0.0,0.0
525,85.200,197.610,85.18,198.29,1124.22,25400.0,483.0,483.0
526,85.200,197.610,85.18,198.29,1124.22,24804.0,637.0,637.0
527,85.200,197.610,85.18,198.29,1124.22,25608.0,261.0,261.0
528,85.200,197.610,85.18,198.29,1124.22,23018.0,0.0,0.0
529,85.200,197.610,85.18,198.29,1124.22,23956.0,0.0,0.0
530,85.200,197.610,85.18,198.29,1124.22,26991.0,2024.0,2024.0
531,85.200,197.610,85.18,198.29,1124.22,23253.0,0.0,0.0
532,85.200,197.610,85.18,198.29,1124.22,25080.0,0.0,0.0
533,85.200,197.610,85.18,198.29,1124.22,23651.0,0.0,0.0
534,85.200,197.610,85.18,198.29,1124.22,24652.0,0.0,0.0
535,85.200,197.610,85.18,198.29,1124.22,26222.0,398.0,398.0
536,85.200,197.610,85.18,198.29,1124.22,25003.0,957.0,957.0
537,85.200,197.610,85.18,198.29,1124.22,26186.0,227.0,227.0
538,85.200,197.610,85.18,198.29,1124.22,23896.0,0.0,0.0
539,85.200,197.610,85.18,198.29,1124.22,24930.0,0.0,0.0
540,85.200,197.610,85.18,198.29,1124.22,26997.0,1237.0,1237.0
541,85.200,197.610,85.18,198.29,1124.22,25769.0,1731.0,1731.0
542,85.200,197.610,85.18,198.29,1124.22,23225.0,0.0,0.0
543,85.200,197.610,85.18,198.29,1124.22,25287.0,1507.0,1507.0
544,85.200,197.610,85.18,198.29,1124.22,24074.0,0.0,0.0
545,85.200,197.610,85.18,198.29,1124.22,26583.0,1895.0,1895.0
546,85.200,197.610,85.18,198.29,1124.22,26035.0,702.0,702.0
547,85.200,197.610,85.18,198.29,1124.22,25102.0,0.0,0.0
548,85.200,197.610,85.18,198.29,1124.22,23554.0,0.0,0.0
549,85.200,197.610,85.18,198.29,1124.22,25605.0,256.0,256.0
550,85.200,197.610,85.18,198.29,1124.22,23884.0,0.0,0.0
551,85.200,197.610,85.18,198.29,1124.22,24940.0,159.0,159.0
552,85.200,197.610,85.18,198.29,1124.22,25461.0,224.0,224.0
553,85.200,197.610,85.18,198.29,1124.22,24559.0,0.0,0.0
554,85.200,197.610,85.18,198.29,1124.22,24198.0,0.0,0.0
555,85.200,197.610,85.18,198.29,1124.22,24749.0,0.0,0.0
556,85.200,197.610,85.18,198.29,1124.22,26187.0,1228.0,1228.0
557,85.200,197.610,85.18,198.29,1124.22,24390.0,0.0,0.0
558,85.200,197.610,85.18,198.29,1124.22,24793.0,506.0,506.0
559,85.200,197.610,85.18,198.29,1124.22,24648.0,0.0,0.0
560,85.200,197.610,85.18,198.29,1124.22,24818.0,0.0,0.0
561,85.200,197.610,85.18,198.29,1124.22,26034.0,0.0,0.0
562,85.200,197.610,85.18,198.29,1124.22,24863.0,0.0,0.0
563,85.200,197.610,85.18,198.29,1124.22,24712.0,359.0,359.0
564,85.200,197.610,85.18,198.29,1124.22,23746.0,0.0,0.0
565,85.200,197.610,85.18,198.29,1124.22,25588.0,77.0,77.0
566,85.200,197.610,85.18,198.29,1124.22,25176.0,0.0,0.0
567,85.200,197.610,85.18,198.29,1124.22,23613.0,0.0,0.0
568,85.200,197.610,85.18,198.29,1124.22,24555.0,252.0,252.0
569,85.200,197.610,85.18,198.29,1124.22,25056.0,0.0,0.0
570,85.200,197.610,85.18,198.29,1124.22,23526.0,0.0,0.0
571,85.200,197.610,85.18,198.29,1124.22,26233.0,1415.0,1415.0
572,85.200,197.610,85.18,198.29,1124.22,24654.0,0.0,0.0
573,85.200,197.610,85.18,198.29,1124.22,25478.0,169.0,169.0
574,85.200,197.610,85.18,198.29,1124.22,26240.0,622.0,622.0
575,85.200,197.610,85.18,198.29,1124.22,24666.0,0.0,0.0
576,85.200,197.610,85.18,198.29,1124.22,24771.0,118.0,118.0
577,85.200,197.610,85.18,198.29,1124.22,24407.0,0.0,0.0
578,85.200,197.610,85.18,198.29,1124.22,25937.0,1146.0,1146.0
579,85.200,197.610,85.18,198.29,1124.22,26106.0,255.0,255.0
580,85.200,197.610,85.18,198.29,1124.22,26488.0,1616.0,1616.0
581,85.200,197.610,85.18,198.29,1124.22,25411.0,0.0,0.0
582,85.200,197.610,85.18,198.29,1124.22,23892.0,0.0,0.0
583,85.200,197.610,85.18,198.29,1124.22,26136.0,329.0,329.0
584,85.200,197.610,85.18,198.29,1124.22,26196.0,989.0,989.0
585,85.200,197.610,85.18,198.29,1124.22,24776.0,70.0,70.0
586,85.200,197.610,85.18,198.29,1124.22,23521.0,0.0,0.0
587,85.200,197.610,85.18,198.29,1124.22,25061.0,402.0,402.0
588,85.200,197.610,85.18,198.29,1124.22,26336.0,1081.0,1081.0
589,85.200,197.610,85.18,198.29,1124.22,24478.0,165.0,165.0
590,85.200,197.610,85.18,198.29,1124.22,23772.0,0.0,0.0
591,85.200,197.610,85.18,198.29,1124.22,24928.0,0.0,0.0
592,85.200,197.610,85.18,198.29,1124.22,25149.0,819.0,819.0
593,85.200,197.610,85.18,198.29,1124.22,25944.0,681.0,681.0
594,85.200,197.610,85.18,198.29,1124.22,25693.0,831.0,831.0
595,85.200,197.610,85.18,198.29,1124.22,24461.0,0.0,0.0
596,85.200,197.610,85.18,198.29,1124.22,26151.0,948.0,948.0
597,85.200,197.610,85.18,198.29,1124.22,24886.0,0.0,0.0
598,85.200,197.610,85.18,198.29,1124.22,26041.0,967.0,967.0
599,85.200,197.610,85.18,198.29,1124.22,24281.0,0.0,0.0
600,85.200,197.610,85.18,198.29,1124.22,25257.0,691.0,691.0
601,85.200,197.610,85.18,198.29,1124.22,24117.0,0.0,0.0
602,85.200,197.610,85.18,198.29,1124.22,24676.0,323.0,323.0
603,85.200,197.610,85.18,198.29,1124.22,25844.0,754.0,754.0
604,85.200,197.610,85.18,198.29,1124.22,25199.0,581.0,581.0
605,85.200,197.610,85.18,198.29,1124.22,25293.0,936.0,936.0
606,85.200,197.610,85.18,198.29,1124.22,24623.0,0.0,0.0
607,85.200,197.610,85.18,198.29,1124.22,24562.0,0.0,0.0
608,85.200,197.610,85.18,198.29,1124.22,25609.0,625.0,625.0
609,85.200,197.610,85.18,198.29,1124.22,25458.0,906.0,906.0
610,85.200,197.610,85.18,198.29,1124.22,25307.0,58.0,58.0
611,85.200,197.610,85.18,198.29,1124.22,25815.0,561.0,561.0
612,85.200,197.610,85.18,198.29,1124.22,25544.0,383.0,383.0
613,85.200,197.610,85.18,198.29,1124.22,25228.0,916.0,916.0
614,85.200,197.610,85.18,198.29,1124.22,23802.0,0.0,0.0
615,85.200,197.610,85.18,198.29,1124.22,24362.0,0.0,0.0
616,85.200,197.610,85.18,198.29,1124.22,25905.0,51.0,51.0
617,85.200,197.610,85.18,198.29,1124.22,24279.0,0.0,0.0
618,85.200,197.610,85.18,198.29,1124.22,26458.0,1634.0,1634.0
619,85.200,197.610,85.18,198.29,1124.22,24259.0,0.0,0.0
620,85.200,197.610,85.18,198.29,1124.22,24913.0,345.0,345.0
621,85.200,197.610,85.18,198.29,1124.22,25941.0,315.0,315.0
622,85.200,197.610,85.18,198.29,1124.22,25151.0,0.0,0.0
623,85.200,197.610,85.18,198.29,1124.22,25713.0,135.0,135.0
624,85.200,197.610,85.18,198.29,1124.22,25746.0,1236.0,1236.0
625,85.200,197.610,85.18,198.29,1124.22,25559.0,919.0,919.0
626,85.200,197.610,85.18,198.29,1124.22,24891.0,0.0,0.0
627,85.200,197.610,85.18,198.29,1124.22,24943.0,0.0,0.0
628,85.200,197.610,85.18,198.29,1124.22,27768.0,2827.0,2827.0
629,85.200,197.610,85.18,198.29,1124.22,25415.0,1062.0,1062.0
630,85.200,197.610,85.18,198.29,1124.22,24623.0,0.0,0.0
631,85.200,197.610,85.18,198.29,1124.22,25078.0,484.0,484.0
632,85.200,197.610,85.18,198.29,1124.22,25091.0,0.0,0.0
633,85.200,197.610,85.18,198.29,1124.22,25103.0,1069.0,1069.0
634,85.200,197.610,85.18,198.29,1124.22,26068.0,1022.0,1022.0
635,85.200,197.610,85.18,198.29,1124.22,24104.0,0.0,0.0
636,85.200,197.610,85.18,198.29,1124.22,26356.0,1769.0,1769.0
637,85.200,197.610,85.18,198.29,1124.22,24335.0,0.0,0.0
638,85.200,197.610,85.18,198.29,1124.22,24640.0,0.0,0.0
639,85.200,197.610,85.18,198.29,1124.22,24711.0,119.0,119.0
640,85.200,197.610,85.18,198.29,1124.22,26205.0,1657.0,1657.0
641,85.200,197.610,85.18,198.29,1124.22,25323.0,500.0,500.0
642,85.200,197.610,85.18,198.29,1124.22,25163.0,937.0,937.0
643,85.200,197.610,85.18,198.29,1124.22,22359.0,0.0,0.0
644,85.200,197.610,85.18,198.29,1124.22,24664.0,0.0,0.0
645,85.200,197.610,85.18,198.29,1124.22,25804.0,829.0,829.0
646,85.200,197.610,85.18,198.29,1124.22,23784.0,0.0,0.0
647,85.200,197.610,85.18,198.29,1124.22,25241.0,358.0,358.0
648,85.200,197.610,85.18,198.29,1124.22,25773.0,664.0,664.0
649,85.200,197.610,85.18,198.29,1124.22,26713.0,2442.0,2442.0
650,85.200,197.610,85.18,198.29,1124.22,24639.0,805.0,805.0
651,85.200,197.610,85.18,198.29,1124.22,24587.0,0.0,0.0
652,85.200,197.610,85.18,198.29,1124.22,24906.0,1100.0,1100.0
653,85.200,197.610,85.18,198.29,1124.22,24190.0,0.0,0.0
654,85.200,197.610,85.18,198.29,1124.22,25831.0,1234.0,1234.0
655,85.200,197.610,85.18,198.29,1124.22,25779.0,1628.0,1628.0
656,85.200,197.610,85.18,198.29,1124.22,25348.0,1056.0,1056.0
657,85.200,197.610,85.18,198.29,1124.22,25336.0,720.0,720.0
658,85.200,197.610,85.18,198.29,1124.22,24189.0,300.0,300.0
659,85.200,197.610,85.18,198.29,1124.22,23563.0,0.0,0.0
660,85.200,197.610,85.18,198.29,1124.22,25000.0,1348.0,1348.0
661,85.200,197.610,85.18,198.29,1124.22,24013.0,0.0,0.0
662,85.200,197.610,85.18,198.29,1124.22,24440.0,674.0,674.0
663,85.200,197.610,85.18,198.29,1124.22,25194.0,714.0,714.0
664,85.200,197.610,85.18,198.29,1124.22,24034.0,0.0,0.0
665,85.200,197.610,85.18,198.29,1124.22,23244.0,6.0,6.0
666,85.200,197.610,85.18,198.29,1124.22,24981.0,996.0,996.0
667,85.200,197.610,85.18,198.29,1124.22,25517.0,437.0,437.0
668,85.200,197.610,85.18,198.29,1124.22,25009.0,61.0,61.0
669,85.200,197.610,85.18,198.29,1124.22,25064.0,576.0,576.0
670,85.200,197.610,85.18,198.29,1124.22,24283.0,0.0,0.0
671,85.200,197.610,85.18,198.29,1124.22,24318.0,348.0,348.0
672,85.200,197.610,85.18,198.29,1124.22,22461.0,0.0,0.0
673,85.200,197.610,85.18,198.29,1124.22,25019.0,1012.0,1012.0
674,85.200,197.610,85.18,198.29,1124.22,23846.0,0.0,0.0
675,85.200,197.610,85.18,198.29,1124.22,24064.0,406.0,406.0
676,85.200,197.610,85.18,198.29,1124.22,23823.0,0.0,0.0
677,85.200,197.610,85.18,198.29,1124.22,23867.0,0.0,0.0
678,85.200,197.610,85.18,198.29,1124.22,26174.0,1543.0,1543.0
679,85.200,197.610,85.18,198.29,1124.22,25209.0,443.0,443.0
680,85.200,197.610,85.18,198.29,1124.22,23722.0,0.0,0.0
681,85.200,197.610,85.18,198.29,1124.22,24187.0,0.0,0.0
682,85.200,197.610,85.18,198.29,1124.22,23471.0,0.0,0.0
683,85.200,197.610,85.18,198.29,1124.22,23908.0,240.0,240.0
684,85.200,197.610,85.18,198.29,1124.22,24021.0,0.0,0.0
685,85.200,197.610,85.18,198.29,1124.22,23954.0,0.0,0.0
686,85.200,197.610,85.18,198.29,1124.22,23841.0,57.0,57.0
687,85.200,197.610,85.18,198.29,1124.22,23273.0,0.0,0.0
688,85.200,197.610,85.18,198.29,1124.22,24090.0,0.0,0.0
689,85.200,197.610,85.18,198.29,1124.22,24755.0,341.0,341.0
690,85.200,197.610,85.18,198.29,1124.22,22919.0,0.0,0.0
691,85.200,197.610,85.18,198.29,1124.22,23960.0,0.0,0.0
692,85.200,197.610,85.18,198.29,1124.22,23627.0,0.0,0.0
693,85.200,197.610,85.18,198.29,1124.22,24963.0,249.0,249.0
694,85.200,197.610,85.18,198.29,1124.22,26020.0,2095.0,2095.0
695,85.200,197.610,85.18,198.29,1124.22,22623.0,0.0,0.0
696,85.200,197.610,85.18,198.29,1124.22,25132.0,459.0,459.0
697,85.200,197.610,85.18,198.29,1124.22,22701.0,0.0,0.0
698,85.200,197.610,85.18,198.29,1124.22,24461.0,703.0,703.0
699,85.200,197.610,85.18,198.29,1124.22,24743.0,422.0,422.0
700,85.200,197.610,85.18,198.29,1124.22,23518.0,0.0,0.0
701,85.200,197.610,85.18,198.29,1124.22,24768.0,160.0,160.0
702,85.200,197.610,85.18,198.29,1124.22,24938.0,0.0,0.0
703,85.200,197.610,85.18,198.29,1124.22,25128.0,372.0,372.0
704,85.200,197.610,85.18,198.29,1124.22,23300.0,0.0,0.0
705,85.200,197.610,85.18,198.29,1124.22,22683.0,0.0,0.0
706,85.200,197.610,85.18,198.29,1124.22,24105.0,146.0,146.0
707,85.200,197.610,85.18,198.29,1124.22,32388.0,5971.0,5971.0
708,85.200,197.610,85.18,198.29,1124.22,40987.0,14085.0,14085.0
709,85.200,197.610,85.03,197.88,1124.22,37454.0,10091.0,10091.0
710,85.200,197.610,85.02,197.78,1124.22,41026.0,13925.0,13925.0
711,85.200,197.610,85.11,198.28,1124.22,40111.0,13828.0,13828.0
712,85.200,197.610,84.94,197.92,1124.22,38697.0,11798.0,11798.0
713,85.200,197.610,85.07,198.08,1124.22,39483.0,12325.0,12325.0
714,85.200,197.610,85.12,197.84,1124.22,38137.0,10973.0,10973.0
715,85.200,197.610,85.13,198.05,1124.22,37602.0,10409.0,10409.0
716,85.200,197.610,85.24,198.12,1124.22,36329.0,10562.0,10562.0
717,85.200,197.610,84.92,197.93,1124.22,39091.0,12357.0,12357.0
718,85.200,197.610,85.17,198.09,1124.22,42755.0,15353.0,15353.0
719,85.200,197.610,85.15,198.06,1124.22,41733.0,14187.0,14187.0
720,85.200,197.610,85.15,198.02,1124.22,37873.0,11001.0,11001.0
721,85.200,197.610,85.02,198.03,1124.22,43210.0,16833.0,16833.0
722,85.200,197.610,85.08,198.04,1124.22,42428.0,13481.0,13481.0
723,85.200,197.610,85.15,197.95,1124.22,40988.0,13623.0,13623.0
724,85.200,197.610,85.1,198.09,1124.22,38962.0,12543.0,12543.0
725,85.200,197.610,85.19,197.93,1124.22,39118.0,11706.0,11706.0
726,85.200,197.610,85.32,198.29,1124.22,38413.0,12464.0,12464.0
727,85.200,197.610,85.07,197.95,1124.22,37374.0,10093.0,10093.0
728,85.200,197.610,85.1,197.87,1124.22,39147.0,12220.0,12220.0
729,85.200,197.610,85.03,197.9,1124.22,41966.0,14805.0,14805.0
730,85.200,197.610,84.94,197.97,1124.22,41328.0,13541.0,13541.0
731,85.200,197.610,84.91,198.17,1124.22,39496.0,12652.0,12652.0
732,85.200,197.610,85.28,197.95,1124.22,38854.0,12771.0,12771.0
733,85.200,197.610,85.23,198.22,1124.22,41439.0,15487.0,15487.0
734,85.200,197.610,84.95,198.19,1124.22,40562.0,13148.0,13148.0
735,85.200,197.610,85.24,198.05,1124.22,39377.0,12217.0,12217.0
736,85.200,197.610,85.48,197.75,1124.22,39198.0,12063.0,12063.0
737,85.200,197.610,84.94,198.42,1124.22,40130.0,12507.0,12507.0
738,85.200,197.610,85.21,197.98,1124.22,38850.0,11853.0,11853.0
739,85.200,197.610,85.29,197.53,1124.22,35755.0,9400.0,9400.0
740,85.200,197.610,85.41,197.86,1124.22,38925.0,11187.0,11187.0
741,85.200,197.610,85.05,197.97,1124.22,39010.0,11563.0,11563.0
742,85.200,197.610,85.22,197.97,1124.22,39544.0,11802.0,11802.0
743,85.200,197.610,85.16,197.94,1124.22,38815.0,11887.0,11887.0
744,85.200,197.610,85.15,198.14,1124.22,39951.0,12579.0,12579.0
745,85.200,197.610,85.25,197.93,1124.22,40404.0,13089.0,13089.0
746,85.200,197.610,85.17,197.79,1124.22,39940.0,12579.0,12579.0
747,85.200,197.610,85.21,197.88,1124.22,40541.0,13185.0,13185.0
748,85.200,197.610,85.1,197.91,1124.22,39653.0,12901.0,12901.0
749,85.200,197.610,85.14,197.58,1124.22,41573.0,13800.0,13800.0
750,85.200,197.610,85.35,197.84,1124.22,40218.0,12896.0,12896.0
751,85.200,197.610,85.36,198.06,1124.22,40244.0,13046.0,13046.0
752,85.200,197.610,85.14,197.75,1124.22,41524.0,14433.0,14433.0
753,85.200,197.610,85.14,198.01,1124.22,39835.0,12103.0,12103.0
754,85.200,197.610,85.05,198.02,1124.22,39805.0,13280.0,13280.0
755,85.200,197.610,85.14,197.88,1124.22,40357.0,12235.0,12235.0
756,85.200,197.610,85.07,197.78,1124.22,38393.0,11319.0,11319.0
757,85.200,197.610,84.95,197.9,1124.22,39302.0,11943.0,11943.0
758,85.200,197.610,85.17,197.92,1124.22,39223.0,12538.0,12538.0
759,85.200,197.610,85.13,197.9,1124.22,40021.0,12930.0,12930.0
760,85.200,197.610,85.22,197.6,1124.22,39288.0,13145.0,13145.0
761,85.200,197.610,85.08,198,1124.22,38764.0,11179.0,11179.0
762,85.200,197.610,85.02,197.94,1124.22,36721.0,10775.0,10775.0
763,85.200,197.610,85.31,197.78,1124.22,41602.0,14181.0,14181.0
764,85.200,197.610,85.05,197.79,1124.22,39507.0,12753.0,12753.0
765,85.200,197.610,85.14,197.84,1124.22,39758.0,12562.0,12562.0
766,85.200,197.610,85.31,197.74,1124.22,39828.0,11863.0,11863.0
767,85.200,197.610,85.12,197.91,1124.22,37183.0,10667.0,10667.0
768,85.200,197.610,84.88,197.76,1124.22,37379.0,10160.0,10160.0
769,85.200,197.610,85.16,198.09,1124.22,40948.0,13564.0,13564.0
770,85.200,197.610,85.26,198.09,1124.22,42434.0,14666.0,14666.0
771,85.200,197.610,85.14,197.95,1124.22,36457.0,9526.0,9526.0
772,85.200,197.610,85.15,198.03,1124.22,41452.0,14733.0,14733.0
773,85.200,197.610,85.23,198.07,1124.22,39279.0,12315.0,12315.0
774,85.200,197.610,85.25,197.9,1124.22,40173.0,13436.0,13436.0
775,85.200,197.610,85.17,197.91,1124.22,39473.0,11756.0,11756.0
776,85.200,197.610,85.09,197.96,1124.22,39340.0,12545.0,12545.0
777,85.200,197.610,85.31,198.08,1124.22,40250.0,12293.0,12293.0
778,85.200,197.610,85.13,197.98,1124.22,41021.0,13290.0,13290.0
779,85.200,197.610,85.15,197.98,1124.22,39965.0,13105.0,13105.0
780,85.200,197.610,84.89,197.73,1124.22,40376.0,12306.0,12306.0
781,85.200,197.610,84.64,197.72,1124.22,41413.0,14296.0,14296.0
782,85.200,197.610,85.14,197.95,1124.22,41702.0,14288.0,14288.0
783,85.200,197.610,85.45,197.96,1124.22,41865.0,14116.0,14116.0
784,85.200,197.610,85.43,198.17,1124.22,39773.0,11878.0,11878.0
785,85.200,197.610,84.98,197.6,1124.22,41054.0,13494.0,13494.0
786,85.200,197.610,85.13,197.99,1124.22,44743.0,16382.0,16382.0
787,85.200,197.610,85.29,197.62,1124.22,40626.0,13156.0,13156.0
788,85.200,197.610,85.12,197.89,1124.22,41206.0,13538.0,13538.0
789,85.200,197.610,84.94,197.91,1124.22,40654.0,13409.0,13409.0
790,85.200,197.610,85.03,198,1124.22,40562.0,12701.0,12701.0
791,85.200,197.610,85.33,197.53,1124.22,40058.0,13310.0,13310.0
792,85.200,197.610,85.37,198.18,1124.22,43345.0,15356.0,15356.0
793,85.200,197.610,85.15,198.01,1124.22,42648.0,14609.0,14609.0
794,85.200,197.610,84.94,197.7,1124.22,38674.0,11581.0,11581.0
795,85.200,197.610,85.14,197.96,1124.22,45558.0,16671.0,16671.0
796,85.200,197.610,85.05,197.7,1124.22,40127.0,12968.0,12968.0
797,85.200,197.610,85.01,197.95,1124.22,40316.0,13230.0,13230.0
798,85.200,197.610,85.05,197.96,1124.22,42151.0,13589.0,13589.0
799,85.200,197.610,85.45,197.99,1124.22,39205.0,11424.0,11424.0
800,85.200,197.610,85.04,197.8,1124.22,41774.0,14075.0,14075.0
801,85.200,197.610,85.33,197.97,1124.22,39639.0,12943.0,12943.0
802,85.200,197.610,85.18,198.02,1124.22,42426.0,14844.0,14844.0
803,85.200,197.610,85.11,198.14,1124.22,39742.0,12799.0,12799.0
804,85.200,197.610,85.08,198.19,1124.22,38527.0,11539.0,11539.0
805,85.200,197.610,85.15,197.76,1124.22,38900.0,12828.0,12828.0
806,85.200,197.610,85.12,198.02,1124.22,42468.0,14242.0,14242.0
807,85.200,197.610,85.02,197.85,1124.22,39406.0,11806.0,11806.0
808,85.200,197.610,85.31,198.13,1124.22,40022.0,12878.0,12878.0
809,85.200,197.610,85,197.78,1124.22,42911.0,14383.0,14383.0
810,85.200,197.610,85.23,198.01,1124.22,40622.0,12791.0,12791.0
811,85.200,197.610,85.24,197.88,1124.22,40013.0,12869.0,12869.0
812,85.200,197.610,85.18,197.87,1124.22,39998.0,12997.0,12997.0
813,85.200,197.610,85.08,197.96,1124.22,41778.0,13734.0,13734.0
814,85.200,197.610,85.35,197.99,1124.22,38069.0,10458.0,10458.0
815,85.200,197.610,85.27,197.78,1124.22,38338.0,11081.0,11081.0
816,85.200,197.610,85.26,198.04,1124.22,38541.0,12722.0,12722.0
817,85.200,197.610,84.65,197.51,1124.22,39872.0,12814.0,12814.0
818,85.200,197.610,85.12,197.79,1124.22,42301.0,14646.0,14646.0
819,85.200,197.610,85.15,197.92,1124.22,38925.0,11784.0,11784.0
820,85.200,197.610,85.12,197.96,1124.22,38599.0,12055.0,12055.0
821,85.200,197.610,85.17,197.84,1124.22,39910.0,13935.0,13935.0
822,85.200,197.610,85.03,197.96,1124.22,39892.0,11428.0,11428.0
823,85.200,197.610,85.28,198.16,1124.22,42709.0,16013.0,16013.0
824,85.200,197.610,85.2,197.83,1124.22,42783.0,14549.0,14549.0
825,85.200,197.610,85.1,198.07,1124.22,38601.0,9880.0,9880.0
826,85.200,197.610,85.34,197.92,1124.22,41095.0,13190.0,13190.0
827,85.200,197.610,85.26,197.72,1124.22,42362.0,14949.0,14949.0
828,85.200,197.610,85.01,198.06,1124.22,41356.0,13725.0,13725.0
829,85.200,197.610,85.08,197.76,1124.22,40885.0,13801.0,13801.0
830,85.200,197.610,85.21,198.05,1124.22,38487.0,12086.0,12086.0
831,85.200,197.610,85.17,197.98,1124.22,40863.0,13256.0,13256.0
832,85.200,197.610,85.38,197.64,1124.22,42035.0,14900.0,14900.0
833,85.200,197.610,85.18,197.89,1124.22,42653.0,14543.0,14543.0
834,85.200,197.610,84.98,197.96,1124.22,40434.0,13386.0,13386.0
835,85.200,197.610,85.17,197.84,1124.22,39833.0,11674.0,11674.0
836,85.200,197.610,85.25,197.92,1124.22,40815.0,12530.0,12530.0
837,85.200,197.610,85.17,197.99,1124.22,42130.0,13786.0,13786.0
838,85.200,197.610,84.75,197.62,1124.22,40936.0,13654.0,13654.0
839,85.200,197.610,85.29,197.77,1124.22,40953.0,13961.0,13961.0
840,85.200,197.610,85.24,197.87,1124.22,43069.0,16357.0,16357.0
841,85.200,197.610,85.38,198.33,1124.22,42758.0,15470.0,15470.0
842,85.200,197.610,85.08,197.92,1124.22,41109.0,13605.0,13605.0
843,85.200,197.610,85.1,197.96,1124.22,40556.0,13355.0,13355.0
844,85.200,197.610,85.08,197.95,1124.22,39318.0,12192.0,12192.0
845,85.200,197.610,85.21,197.78,1124.22,41387.0,13759.0,13759.0
846,85.200,197.610,85.27,197.96,1124.22,41820.0,15143.0,15143.0
847,85.200,197.610,85.26,197.96,1124.22,40365.0,14304.0,14304.0
848,85.200,197.610,85.27,197.92,1124.22,41741.0,15024.0,15024.0
849,85.200,197.610,84.97,197.87,1124.22,42182.0,13861.0,13861.0
850,85.200,197.610,85.21,198,1124.22,40247.0,13375.0,13375.0
851,85.200,197.610,84.84,197.88,1124.22,39891.0,12817.0,12817.0
852,85.200,197.610,85.04,197.85,1124.22,41291.0,13804.0,13804.0
853,85.200,197.610,84.71,197.63,1124.22,41471.0,14225.0,14225.0
854,85.200,197.610,84.65,197.56,1124.22,42646.0,15293.0,15293.0
855,85.200,197.610,85.08,198.05,1124.22,38599.0,11590.0,11590.0
856,85.200,197.610,85.02,197.84,1124.22,43660.0,16539.0,16539.0
857,85.200,197.610,85.22,197.92,1124.22,41307.0,13821.0,13821.0
858,85.200,197.610,85.2,197.75,1124.22,41507.0,14841.0,14841.0
859,85.200,197.610,85.05,197.87,1124.22,39430.0,12108.0,12108.0
860,85.200,197.610,85.31,198.16,1124.22,40983.0,13040.0,13040.0
861,85.200,197.610,85.11,197.93,1124.22,43157.0,14999.0,14999.0
862,85.200,197.610,85.12,198.04,1124.22,42307.0,14720.0,14720.0
863,85.200,197.610,85.5,197.84,1124.22,41242.0,14395.0,14395.0
864,85.200,197.610,85.21,197.9,1124.22,40161.0,14226.0,14226.0
865,85.200,197.610,85.05,198.02,1124.22,42237.0,14607.0,14607.0
866,85.200,197.610,85.22,197.71,1124.22,39814.0,12927.0,12927.0
867,85.200,197.610,85.17,198.09,1124.22,38964.0,11798.0,11798.0
868,85.200,197.610,85.16,197.88,1124.22,38697.0,11205.0,11205.0
869,85.200,197.610,85.16,197.65,1124.22,43234.0,16261.0,16261.0
870,85.200,197.610,85.34,197.67,1124.22,39615.0,12793.0,12793.0
871,85.200,197.610,85.21,197.67,1124.22,41425.0,14179.0,14179.0
872,85.200,197.610,85.2,197.76,1124.22,40466.0,13320.0,13320.0
873,85.200,197.610,85.19,197.9,1124.22,42442.0,14092.0,14092.0
874,85.200,197.610,85.03,197.62,1124.22,39734.0,12438.0,12438.0
875,85.200,197.610,85.14,197.82,1124.22,44426.0,16660.0,16660.0
876,85.200,197.610,85.1,197.74,1124.22,43521.0,16027.0,16027.0
877,85.200,197.610,85.11,198.09,1124.22,43021.0,15489.0,15489.0
878,85.200,197.610,85.1,197.88,1124.22,40217.0,13471.0,13471.0
879,85.200,197.610,85.23,197.71,1124.22,41215.0,14605.0,14605.0
880,85.200,197.610,85.31,197.81,1124.22,41314.0,13922.0,13922.0
881,85.200,197.610,84.96,197.85,1124.22,41348.0,14400.0,14400.0
882,85.200,197.610,85.24,197.98,1124.22,41406.0,14076.0,14076.0
883,85.200,197.610,85.02,198.14,1124.22,41453.0,14580.0,14580.0
884,85.200,197.610,85.13,197.74,1124.22,42510.0,15575.0,15575.0
885,85.200,197.610,85.13,197.71,1124.22,41240.0,14384.0,14384.0
886,85.200,197.610,85.29,197.87,1124.22,44222.0,17208.0,17208.0
887,85.200,197.610,85.05,197.97,1124.22,41533.0,13267.0,13267.0
888,85.200,197.610,85.1,197.94,1124.22,39286.0,12319.0,12319.0
889,85.200,197.610,85.11,197.88,1124.22,41822.0,14595.0,14595.0
890,85.200,197.610,85.1,197.93,1124.22,40856.0,13721.0,13721.0
891,85.200,197.610,85.29,197.79,1124.22,41014.0,13936.0,13936.0
892,85.200,197.610,85.19,197.89,1124.22,39599.0,12396.0,12396.0
893,85.200,197.610,85.2,197.9,1124.22,41939.0,13896.0,13896.0
894,85.200,197.610,85.26,197.97,1124.22,42984.0,15156.0,15156.0
895,85.200,197.610,84.99,198.08,1124.22,41573.0,13575.0,13575.0
896,85.200,197.610,85.13,197.69,1124.22,40182.0,13569.0,13569.0
897,85.200,197.610,85.23,197.9,1124.22,41126.0,13149.0,13149.0
898,85.200,197.610,85.04,197.73,1124.22,42584.0,14530.0,14530.0
899,85.200,197.610,85.29,197.96,1124.22,42337.0,14985.0,14985.0
900,85.200,197.610,85.16,197.87,1124.22,40633.0,13827.0,13827.0
901,85.200,197.610,85.08,197.96,1124.22,43521.0,15976.0,15976.0
902,85.200,197.610,85,197.78,1124.22,42732.0,14502.0,14502.0
903,85.200,197.610,85.15,197.82,1124.22,44636.0,16869.0,16869.0
904,85.200,197.610,85.5,197.99,1124.22,39852.0,13220.0,13220.0
905,85.200,197.610,84.98,197.81,1124.22,43078.0,16807.0,16807.0
906,85.200,197.610,85.07,197.75,1124.22,44252.0,15259.0,15259.0
907,85.200,197.610,85.27,197.51,1124.22,42148.0,16049.0,16049.0
908,85.200,197.610,85.24,197.86,1124.22,43434.0,15506.0,15506.0
909,85.200,197.610,85.34,197.57,1124.22,43179.0,16003.0,16003.0
910,85.200,197.610,85,197.96,1124.22,43062.0,15546.0,15546.0
911,85.200,197.610,85.25,197.9,1124.22,42443.0,15377.0,15377.0
912,85.200,197.610,85.12,197.9,1124.22,43550.0,15355.0,15355.0
913,85.200,197.610,85.03,197.96,1124.22,40304.0,13008.0,13008.0
914,85.200,197.610,85.06,197.63,1124.22,43475.0,14871.0,14871.0
915,85.200,197.610,85.18,198.08,1124.22,40102.0,13318.0,13318.0
916,85.200,197.610,85.24,197.75,1124.22,40203.0,13498.0,13498.0
917,85.200,197.610,85.15,198.03,1124.22,42024.0,14523.0,14523.0
918,85.200,197.610,85.04,197.95,1124.22,42287.0,14138.0,14138.0
919,85.200,197.610,85.17,197.91,1124.22,44535.0,15087.0,15087.0
920,85.200,197.610,85.11,197.98,1124.22,42656.0,16297.0,16297.0
921,85.200,197.610,84.99,197.8,1124.22,37580.0,10501.0,10501.0
922,85.200,197.610,85.13,197.93,1124.22,43190.0,14659.0,14659.0
923,85.200,197.610,84.96,197.69,1124.22,39609.0,12717.0,12717.0
924,85.200,197.610,85.42,197.92,1124.22,40956.0,13958.0,13958.0
925,85.200,197.610,85.06,197.89,1124.22,39781.0,11861.0,11861.0
926,85.200,197.610,85.11,198.01,1124.22,43372.0,15835.0,15835.0
927,85.200,197.610,85.25,197.87,1124.22,42430.0,14590.0,14590.0
928,85.200,197.610,85.31,197.72,1124.22,41070.0,13951.0,13951.0
929,85.200,197.610,85.11,197.87,1124.22,38839.0,12075.0,12075.0
930,85.200,197.610,84.99,197.9,1124.22,43642.0,15565.0,15565.0
931,85.200,197.610,84.83,197.81,1124.22,42246.0,15431.0,15431.0
932,85.200,197.610,85.14,197.65,1124.22,40641.0,13740.0,13740.0
933,85.200,197.610,85.52,198,1124.22,42829.0,14774.0,14774.0
934,85.200,197.610,85.13,197.79,1124.22,42662.0,15391.0,15391.0
935,85.200,197.610,85.12,197.77,1124.22,40743.0,12921.0,12921.0
936,85.200,197.610,85.17,197.93,1124.22,45500.0,16503.0,16503.0
937,85.200,197.610,85.14,197.96,1124.22,46898.0,18019.0,18019.0
938,85.200,197.610,85.12,197.91,1124.22,43298.0,14772.0,14772.0
939,85.200,197.610,85.54,197.91,1124.22,44513.0,17419.0,17419.0
940,85.200,197.610,85.1,197.88,1124.22,43244.0,16209.0,16209.0
941,85.200,197.610,85.39,197.57,1124.22,41480.0,14363.0,14363.0
942,85.200,197.610,85.39,197.83,1124.22,42784.0,15658.0,15658.0
943,85.200,197.610,85.24,197.85,1124.22,43304.0,15397.0,15397.0
944,85.200,197.610,85.12,197.78,1124.22,45860.0,17729.0,17729.0
945,85.200,197.610,85.24,198.05,1124.22,43571.0,16434.0,16434.0
946,85.200,197.610,85.02,197.8,1124.22,42889.0,15922.0,15922.0
947,85.200,197.610,85.1,197.78,1124.22,41617.0,14405.0,14405.0
948,85.200,197.610,85.17,197.86,1124.22,44159.0,16480.0,16480.0
949,85.200,197.610,85.46,197.75,1124.22,41042.0,13099.0,13099.0
950,85.200,197.610,85.11,197.54,1124.22,42240.0,14045.0,14045.0
951,85.200,197.610,85.28,198.06,1124.22,45306.0,18271.0,18271.0
952,85.200,197.610,85.4,197.69,1124.22,38529.0,11845.0,11845.0
953,85.200,197.610,85.02,197.94,1124.22,43613.0,17017.0,17017.0
954,85.200,197.610,85.13,197.79,1124.22,42701.0,16265.0,16265.0
955,85.200,197.610,85.28,197.77,1124.22,43765.0,15432.0,15432.0
956,85.200,197.610,85.27,197.71,1124.22,44844.0,17416.0,17416.0
957,85.200,197.610,85.14,197.95,1124.22,43518.0,15949.0,15949.0
958,85.200,197.610,85.33,197.81,1124.22,42675.0,15055.0,15055.0
959,85.200,197.610,85.2,197.89,1124.22,44308.0,16614.0,16614.0
960,85.200,197.610,85.12,197.94,1124.22,40109.0,13493.0,13493.0
961,85.200,197.610,85.12,197.83,1124.22,40345.0,13599.0,13599.0
962,85.200,197.610,85.35,198.3,1124.22,43476.0,15962.0,15962.0
963,85.200,197.610,85.06,197.88,1124.22,44383.0,16667.0,16667.0
964,85.200,197.610,85.07,197.62,1124.22,40837.0,14680.0,14680.0
965,85.200,197.610,85.42,197.93,1124.22,44466.0,16386.0,16386.0
966,85.200,197.610,85.35,197.67,1124.22,41091.0,14478.0,14478.0
967,85.200,197.610,85.1,197.82,1124.22,43527.0,16035.0,16035.0
968,85.200,197.610,85.13,198.06,1124.22,40115.0,12661.0,12661.0
969,85.200,197.610,85.16,197.83,1124.22,43613.0,16324.0,16324.0
970,85.200,197.610,85.2,197.7,1124.22,44439.0,17051.0,17051.0
971,85.200,197.610,85.27,197.98,1124.22,40499.0,13147.0,13147.0
972,85.200,197.610,85.31,197.85,1124.22,42752.0,14908.0,14908.0
973,85.200,197.610,85.36,197.73,1124.22,42307.0,15537.0,15537.0
974,85.200,197.610,85.2,197.72,1124.22,41764.0,14534.0,14534.0
975,85.200,197.610,85.44,197.7,1124.22,42167.0,15131.0,15131.0
976,85.200,197.610,85.05,197.9,1124.22,43059.0,14931.0,14931.0
977,85.200,197.610,85.26,197.89,1124.22,43539.0,15821.0,15821.0
978,85.200,197.610,85.1,197.83,1124.22,41859.0,15197.0,15197.0
979,85.200,197.610,85.37,197.65,1124.22,40800.0,13611.0,13611.0
980,85.200,197.610,85.11,197.7,1124.22,41875.0,14623.0,14623.0
981,85.200,197.610,85.05,197.83,1124.22,42851.0,15656.0,15656.0
982,85.200,197.610,85.38,197.63,1124.22,41736.0,14764.0,14764.0
983,85.200,197.610,85.16,197.91,1124.22,41267.0,13674.0,13674.0
984,85.200,197.610,85.4,197.69,1124.22,46792.0,18879.0,18879.0
985,85.200,197.610,85.16,197.83,1124.22,44508.0,17564.0,17564.0
986,85.200,197.610,85.35,197.65,1124.22,40676.0,13732.0,13732.0
987,85.200,197.610,85.11,197.82,1124.22,40865.0,13487.0,13487.0
988,85.200,197.610,85.14,197.7,1124.22,42201.0,15638.0,15638.0
989,85.200,197.610,85.46,197.56,1124.22,43542.0,16170.0,16170.0
990,85.200,197.610,85.19,197.79,1124.22,42548.0,15430.0,15430.0
991,85.200,197.610,85.33,197.89,1124.22,42454.0,15289.0,15289.0
992,85.200,197.610,85.26,197.77,1124.22,42234.0,15154.0,15154.0
993,85.200,197.610,85.14,197.91,1124.22,39728.0,13672.0,13672.0
994,85.200,197.610,85.53,197.54,1124.22,41605.0,14504.0,14504.0
995,85.200,197.610,85.39,197.59,1124.22,40832.0,14153.0,14153.0
996,85.200,197.610,85.17,197.77,1124.22,39555.0,13152.0,13152.0
997,85.200,197.610,85.44,197.73,1124.22,39938.0,13732.0,13732.0
998,85.200,197.610,85.09,197.88,1124.22,39389.0,11935.0,11935.0
999,85.200,197.610,85.17,197.72,1124.22,40417.0,14021.0,14021.0
1000,85.200,197.610,85.12,197.8,1124.22,44139.0,10451.0,10451.0
1001,85.200,197.610,85.24,197.8,1124.22,45177.0,13605.0,13605.0
1002,85.200,197.610,85.12,197.89,1124.22,44058.0,11705.0,11705.0
1003,85.200,197.610,85.02,197.81,1124.22,43842.0,10174.0,10174.0
1004,85.200,197.610,85.17,197.51,1124.22,45769.0,13883.0,13883.0
1005,85.200,197.610,85.4,197.64,1124.22,43381.0,11466.0,11466.0
1006,85.200,197.610,85.15,197.82,1124.22,40197.0,9214.0,9214.0
1007,85.200,197.610,85.3,197.53,1124.22,43650.0,12177.0,12177.0
1008,85.200,197.610,85.31,197.86,1124.22,41325.0,8211.0,8211.0
1009,85.200,197.610,85.21,197.72,1124.22,43913.0,10645.0,10645.0
1010,85.200,197.610,85.2,197.79,1124.22,42121.0,9678.0,9678.0
1011,85.200,197.610,85.27,197.88,1124.22,45163.0,11581.0,11581.0
1012,85.200,197.610,85.07,197.69,1124.22,43310.0,11279.0,11279.0
1013,85.200,197.610,85.17,197.82,1124.22,44002.0,11582.0,11582.0
1014,85.200,197.610,85.12,197.77,1124.22,42711.0,9447.0,9447.0
1015,85.200,197.610,85.45,197.81,1124.22,42515.0,10031.0,10031.0
1016,85.200,197.610,85.13,197.79,1124.22,42836.0,11030.0,11030.0
1017,85.200,197.610,84.95,197.73,1124.22,47605.0,14421.0,14421.0
1018,85.200,197.610,85.23,198.06,1124.22,43129.0,9908.0,9908.0
1019,85.200,197.610,85.11,197.57,1124.22,42002.0,10828.0,10828.0
1020,85.200,197.610,85.41,197.59,1124.22,44673.0,11499.0,11499.0
1021,85.200,197.610,85.12,197.63,1124.22,40734.0,8630.0,8630.0
1022,85.200,197.610,85.19,197.84,1124.22,44809.0,12676.0,12676.0
1023,85.200,197.610,85.07,197.79,1124.22,46189.0,13075.0,13075.0
1024,85.200,197.610,84.92,197.77,1124.22,44549.0,12986.0,12986.0
1025,85.200,197.610,85.12,197.71,1124.22,43497.0,10511.0,10511.0
1026,85.200,197.610,85.07,197.64,1124.22,43003.0,10889.0,10889.0
1027,85.200,197.610,84.98,197.51,1124.22,46183.0,14803.0,14803.0
1028,85.200,197.610,85.14,197.94,1124.22,44249.0,11209.0,11209.0
1029,85.200,197.610,85.19,197.9,1124.22,44582.0,12843.0,12843.0
1030,85.200,197.610,85.1,197.79,1124.22,45289.0,12536.0,12536.0
1031,85.200,197.610,85.03,197.77,1124.22,44325.0,10258.0,10258.0
1032,85.200,197.610,85.46,197.97,1124.22,46093.0,14493.0,14493.0
1033,85.200,197.610,85.1,197.81,1124.22,43430.0,10962.0,10962.0
1034,85.200,197.610,85.21,197.78,1124.22,42529.0,10619.0,10619.0
1035,85.200,197.610,85.13,197.84,1124.22,44810.0,12266.0,12266.0
1036,85.200,197.610,84.96,197.84,1124.22,42615.0,11249.0,11249.0
1037,85.200,197.610,85.1,197.87,1124.22,45047.0,13105.0,13105.0
1038,85.200,197.610,85.43,197.65,1124.22,43181.0,10543.0,10543.0
1039,85.200,197.610,85.14,198,1124.22,42594.0,10748.0,10748.0
1040,85.200,197.610,85.23,197.77,1124.22,43951.0,12626.0,12626.0
1041,85.200,197.610,85.17,198.06,1124.22,44181.0,10967.0,10967.0
1042,85.200,197.610,85.15,197.81,1124.22,45925.0,13012.0,13012.0
1043,85.200,197.610,85.25,197.91,1124.22,40287.0,7203.0,7203.0
1044,85.200,197.610,85.32,197.7,1124.22,42379.0,11125.0,11125.0
1045,85.200,197.610,85.1,197.89,1124.22,42467.0,10234.0,10234.0
1046,85.200,197.610,85.32,197.79,1124.22,42639.0,10677.0,10677.0
1047,85.200,197.610,85.18,198.29,1124.22,31807.0,0.0,0.0
1048,85.200,197.610,85.18,198.29,1124.22,36001.0,2941.0,2941.0
1049,85.200,197.610,85.02,197.61,1124.22,46214.0,14183.0,14183.0
1050,85.200,197.610,85.25,197.87,1124.22,44145.0,11560.0,11560.0
1051,85.200,197.610,85.14,197.94,1124.22,45964.0,13863.0,13863.0
1052,85.200,197.610,85.24,197.76,1124.22,45849.0,13730.0,13730.0
1053,85.200,197.610,85.21,197.62,1124.22,46074.0,13788.0,13788.0
1054,85.200,197.610,85.14,197.92,1124.22,44159.0,12370.0,12370.0
1055,85.200,197.610,85.26,197.65,1124.22,41512.0,10059.0,10059.0
1056,85.200,197.610,85.04,197.73,1124.22,42743.0,9720.0,9720.0
1057,85.200,197.610,85.23,197.82,1124.22,43328.0,10844.0,10844.0
1058,85.200,197.610,85.38,197.62,1124.22,44761.0,13053.0,13053.0
1059,85.200,197.610,85.55,197.91,1124.22,43118.0,11080.0,11080.0
1060,85.200,197.610,85.16,197.73,1124.22,46724.0,15093.0,15093.0
1061,85.200,197.610,85.26,197.83,1124.22,43350.0,12135.0,12135.0
1062,85.200,197.610,85.1,197.61,1124.22,43139.0,16211.0,16211.0
1063,85.200,197.610,85.07,197.95,1124.22,42312.0,14992.0,14992.0
1064,85.200,197.610,85.16,197.87,1124.22,43340.0,15750.0,15750.0
1065,85.200,197.610,85.21,197.59,1124.22,42651.0,14920.0,14920.0
1066,85.200,197.610,85.18,197.89,1124.22,41378.0,14591.0,14591.0
1067,85.200,197.610,85.35,197.72,1124.22,41159.0,13465.0,13465.0
1068,85.200,197.610,85.22,197.77,1124.22,42333.0,14661.0,14661.0
1069,85.200,197.610,85.1,197.83,1124.22,45196.0,16481.0,16481.0
1070,85.200,197.610,85.13,197.85,1124.22,44993.0,16634.0,16634.0
1071,85.200,197.610,85.17,197.69,1124.22,43056.0,16346.0,16346.0
1072,85.200,197.610,85.27,197.83,1124.22,43393.0,16428.0,16428.0
1073,85.200,197.610,85.13,197.95,1124.22,42994.0,14264.0,14264.0
1074,85.200,197.610,85.16,197.92,1124.22,43578.0,14964.0,14964.0
1075,85.200,197.610,85.3,197.77,1124.22,41009.0,14034.0,14034.0
1076,85.200,197.610,85.31,197.78,1124.22,42192.0,15374.0,15374.0
1077,85.200,197.610,85.18,197.81,1124.22,39396.0,12067.0,12067.0
1078,85.200,197.610,85.24,197.59,1124.22,42358.0,15206.0,15206.0
1079,85.200,197.610,85.26,197.98,1124.22,41202.0,13380.0,13380.0
1080,85.200,197.610,85.22,197.8,1124.22,44181.0,15993.0,15993.0
1081,85.200,197.610,84.98,197.78,1124.22,45136.0,16989.0,16989.0
1082,85.200,197.610,85.19,197.93,1124.22,44040.0,15481.0,15481.0
1083,85.200,197.610,85.29,197.8,1124.22,44517.0,16983.0,16983.0
1084,85.200,197.610,85.34,197.78,1124.22,43543.0,16681.0,16681.0
1085,85.200,197.610,85.33,197.78,1124.22,40197.0,12790.0,12790.0
1086,85.200,197.610,85.13,197.72,1124.22,41063.0,13946.0,13946.0
1087,85.200,197.610,85.17,197.79,1124.22,44152.0,16040.0,16040.0
1088,85.200,197.610,85.24,197.63,1124.22,42893.0,14491.0,14491.0
1089,85.200,197.610,85.24,197.73,1124.22,38261.0,11497.0,11497.0
1090,85.200,197.610,85.14,197.69,1124.22,42424.0,15336.0,15336.0
1091,85.200,197.610,85.08,197.81,1124.22,41111.0,14312.0,14312.0
1092,85.200,197.610,85.27,197.92,1124.22,41453.0,14371.0,14371.0
1093,85.200,197.610,85.07,197.88,1124.22,39435.0,12527.0,12527.0
1094,85.200,197.610,85.17,197.77,1124.22,42057.0,14185.0,14185.0
1095,85.200,197.610,85.15,197.7,1124.22,40022.0,13201.0,13201.0
1096,85.200,197.610,85.11,197.79,1124.22,40677.0,13946.0,13946.0
1097,85.200,197.610,85.2,197.92,1124.22,41396.0,14667.0,14667.0
1098,85.200,197.610,85.23,197.73,1124.22,41572.0,14412.0,14412.0
1099,85.200,197.610,85.16,197.61,1124.22,42000.0,15564.0,15564.0
1100,85.200,197.610,85.3,197.5,1124.22,40583.0,13741.0,13741.0
1101,85.200,197.610,85.19,197.98,1124.22,41325.0,13904.0,13904.0
1102,85.200,197.610,85.2,197.82,1124.22,40445.0,13440.0,13440.0
1103,85.200,197.610,85.49,197.62,1124.22,43799.0,15798.0,15798.0
1104,85.200,197.610,85.43,197.81,1124.22,41291.0,14065.0,14065.0
1105,85.200,197.610,85.07,197.77,1124.22,42514.0,16432.0,16432.0
1106,85.200,197.610,85.21,197.71,1124.22,41884.0,14838.0,14838.0
1107,85.200,197.610,85.36,197.61,1124.22,43765.0,16133.0,16133.0
1108,85.200,197.610,85.09,197.53,1124.22,43094.0,16418.0,16418.0
1109,85.200,197.610,85.17,197.71,1124.22,41059.0,13790.0,13790.0
1110,85.200,197.610,85.36,197.74,1124.22,39095.0,11851.0,11851.0
1111,85.200,197.610,85.11,197.69,1124.22,43075.0,15544.0,15544.0
1112,85.200,197.610,85.09,197.96,1124.22,43048.0,15086.0,15086.0
1113,85.200,197.610,85.19,197.44,1124.22,41713.0,15001.0,15001.0
1114,85.200,197.610,85.02,197.68,1124.22,41010.0,14049.0,14049.0
1115,85.200,197.610,85.09,197.77,1124.22,40586.0,13410.0,13410.0
1116,85.200,197.610,84.97,197.62,1124.22,41132.0,13810.0,13810.0
1117,85.200,197.610,85.4,197.79,1124.22,42985.0,15961.0,15961.0
1118,85.200,197.610,85.23,197.92,1124.22,42187.0,14265.0,14265.0
1119,85.200,197.610,85.26,197.6,1124.22,44449.0,17543.0,17543.0
1120,85.200,197.610,85.17,197.67,1124.22,40719.0,13548.0,13548.0
1121,85.200,197.610,85.06,197.64,1124.22,39674.0,12792.0,12792.0
1122,85.200,197.610,85.03,197.77,1124.22,42941.0,15398.0,15398.0
1123,85.200,197.610,85.27,197.87,1124.22,41771.0,14797.0,14797.0
1124,85.200,197.610,85.29,197.64,1124.22,40588.0,13777.0,13777.0
1125,85.200,197.610,85.29,197.84,1124.22,39802.0,14255.0,14255.0
1126,85.200,197.610,85.26,197.7,1124.22,42204.0,15848.0,15848.0
1127,85.200,197.610,85.26,198.08,1124.22,43166.0,15681.0,15681.0
1128,85.200,197.610,85.19,197.63,1124.22,40681.0,13460.0,13460.0
1129,85.200,197.610,85.32,197.64,1124.22,40701.0,13667.0,13667.0
1130,85.200,197.610,85.33,197.88,1124.22,42448.0,14793.0,14793.0
1131,85.200,197.610,85.22,197.76,1124.22,40845.0,14311.0,14311.0
1132,85.200,197.610,85.29,197.73,1124.22,39553.0,13245.0,13245.0
1133,85.200,197.610,85,197.81,1124.22,41974.0,15050.0,15050.0
1134,85.200,197.610,85.32,197.79,1124.22,40029.0,13605.0,13605.0
1135,85.200,197.610,85.13,197.87,1124.22,41435.0,14463.0,14463.0
1136,85.200,197.610,85.24,197.59,1124.22,42823.0,16422.0,16422.0
1137,85.200,197.610,85.36,197.69,1124.22,42898.0,16690.0,16690.0
1138,85.200,197.610,85.43,197.62,1124.22,42839.0,15954.0,15954.0
1139,85.200,197.610,85.21,197.8,1124.22,43469.0,15260.0,15260.0
1140,85.200,197.610,85.24,197.76,1124.22,39430.0,13386.0,13386.0
1141,85.200,197.610,85.16,197.6,1124.22,42565.0,14571.0,14571.0
1142,85.200,197.610,85.31,197.88,1124.22,38653.0,12766.0,12766.0
1143,85.200,197.610,85.58,197.7,1124.22,41954.0,15076.0,15076.0
1144,85.200,197.610,85.14,197.66,1124.22,40220.0,13451.0,13451.0
1145,85.200,197.610,85.19,197.59,1124.22,43607.0,16561.0,16561.0
1146,85.200,197.610,85.44,197.46,1124.22,40955.0,14019.0,14019.0
1147,85.200,197.610,85.34,197.45,1124.22,44114.0,17502.0,17502.0
1148,85.200,197.610,85.16,197.84,1124.22,47775.0,20026.0,20026.0
1149,85.200,197.610,85.22,197.78,1124.22,44389.0,16689.0,16689.0
1150,85.200,197.610,85.29,197.75,1124.22,43338.0,15986.0,15986.0
1151,85.200,197.610,85.28,197.7,1124.22,42128.0,15223.0,15223.0
1152,85.200,197.610,85.18,197.62,1124.22,41416.0,14613.0,14613.0
1153,85.200,197.610,85.2,197.74,1124.22,42103.0,15294.0,15294.0
1154,85.200,197.610,85.16,197.84,1124.22,41607.0,14545.0,14545.0
1155,85.200,197.610,85.36,197.61,1124.22,44476.0,16926.0,16926.0
1156,85.200,197.610,85.23,197.69,1124.22,41551.0,14439.0,14439.0
1157,85.200,197.610,85.13,197.79,1124.22,40406.0,13876.0,13876.0
1158,85.200,197.610,85.33,197.79,1124.22,44848.0,17898.0,17898.0
1159,85.200,197.610,85.3,197.7,1124.22,40720.0,14130.0,14130.0
1160,85.200,197.610,84.99,197.65,1124.22,42029.0,14233.0,14233.0
1161,85.200,197.610,85.14,197.79,1124.22,40775.0,13102.0,13102.0
1162,85.200,197.610,85.21,197.72,1124.22,44056.0,16172.0,16172.0
1163,85.200,197.610,85.2,197.75,1124.22,42091.0,13161.0,13161.0
1164,85.200,197.610,85.2,197.71,1124.22,44431.0,16619.0,16619.0
1165,85.200,197.610,85.1,197.88,1124.22,41152.0,14106.0,14106.0
1166,85.200,197.610,85.16,197.65,1124.22,41788.0,15061.0,15061.0
1167,85.200,197.610,85.03,197.43,1124.22,42290.0,15510.0,15510.0
1168,85.200,197.610,85.35,197.63,1124.22,41709.0,14922.0,14922.0
1169,85.200,197.610,84.96,197.67,1124.22,43330.0,15695.0,15695.0
1170,85.200,197.610,85.44,197.57,1124.22,43309.0,16386.0,16386.0
1171,85.200,197.610,85.15,197.81,1124.22,44039.0,15622.0,15622.0
1172,85.200,197.610,85.04,197.68,1124.22,39284.0,12731.0,12731.0
1173,85.200,197.610,85.16,197.54,1124.22,43334.0,16869.0,16869.0
1174,85.200,197.610,85.15,197.76,1124.22,43801.0,16884.0,16884.0
1175,85.200,197.610,84.76,197.58,1124.22,39998.0,13124.0,13124.0
1176,85.200,197.610,85.11,197.84,1124.22,41431.0,14224.0,14224.0
1177,85.200,197.610,85.03,197.83,1124.22,43298.0,16059.0,16059.0
1178,85.200,197.610,85.16,197.71,1124.22,42295.0,15513.0,15513.0
1179,85.200,197.610,85.21,197.77,1124.22,41227.0,14961.0,14961.0
1180,85.200,197.610,85.2,197.59,1124.22,41254.0,14628.0,14628.0
1181,85.200,197.610,84.96,197.72,1124.22,40552.0,12641.0,12641.0
1182,85.200,197.610,85.33,197.7,1124.22,43865.0,17151.0,17151.0
1183,85.200,197.610,85.2,197.72,1124.22,42668.0,15723.0,15723.0
1184,85.200,197.610,85.27,197.77,1124.22,43160.0,15358.0,15358.0
1185,85.200,197.610,85.2,197.86,1124.22,42503.0,15326.0,15326.0
1186,85.200,197.610,85.18,197.79,1124.22,43765.0,16661.0,16661.0
1187,85.200,197.610,85.11,197.87,1124.22,42806.0,15120.0,15120.0
1188,85.200,197.610,85.21,197.73,1124.22,41844.0,15896.0,15896.0
1189,85.200,197.610,85.2,197.72,1124.22,41646.0,15621.0,15621.0
1190,85.200,197.610,85.21,197.62,1124.22,42032.0,15012.0,15012.0
1191,85.200,197.610,85.14,197.85,1124.22,39139.0,13097.0,13097.0
1192,85.200,197.610,85.37,197.49,1124.22,40684.0,13889.0,13889.0
1193,85.200,197.610,85.17,197.62,1124.22,43710.0,16055.0,16055.0
1194,85.200,197.610,85.19,197.86,1124.22,40096.0,13134.0,13134.0
1195,85.200,197.610,85.22,197.83,1124.22,44047.0,16907.0,16907.0
1196,85.200,197.610,85.27,197.98,1124.22,39821.0,12745.0,12745.0
1197,85.200,197.610,85.46,197.65,1124.22,43138.0,15837.0,15837.0
1198,85.200,197.610,85.22,197.69,1124.22,41005.0,14098.0,14098.0
1199,85.200,197.610,85.1,197.59,1124.22,42117.0,15554.0,15554.0
1200,85.200,197.610,84.8,197.51,1124.22,43038.0,15234.0,15234.0
1201,85.200,197.610,85.5,197.6,1124.22,41390.0,14074.0,14074.0
1202,85.200,197.610,85.43,197.59,1124.22,43169.0,15751.0,15751.0
1203,85.200,197.610,85.29,197.71,1124.22,42754.0,15744.0,15744.0
1204,85.200,197.610,85.2,197.61,1124.22,41317.0,13765.0,13765.0
1205,85.200,197.610,85.2,197.61,1124.22,25667.0,1357.0,1357.0
1206,85.200,197.610,85.2,197.61,1124.22,23336.0,0.0,0.0
1207,85.200,197.610,85.2,197.61,1124.22,23610.0,0.0,0.0
1208,85.200,197.610,85.2,197.61,1124.22,24942.0,27.0,27.0
1209,85.200,197.610,85.2,197.61,1124.22,25551.0,814.0,814.0
1210,85.200,197.610,85.2,197.61,1124.22,24894.0,32.0,32.0
1211,85.200,197.610,85.2,197.61,1124.22,25183.0,1245.0,1245.0
1212,85.200,197.610,85.2,197.61,1124.22,24499.0,548.0,548.0
1213,85.200,197.610,85.2,197.61,1124.22,25174.0,999.0,999.0
1214,85.200,197.610,85.2,197.61,1124.22,22510.0,0.0,0.0
1215,85.200,197.610,85.2,197.61,1124.22,23117.0,0.0,0.0
1216,85.200,197.610,85.2,197.61,1124.22,24525.0,324.0,324.0
1217,85.200,197.610,85.2,197.61,1124.22,24840.0,544.0,544.0
1218,85.200,197.610,85.2,197.61,1124.22,23875.0,0.0,0.0
1219,85.200,197.610,85.2,197.61,1124.22,24191.0,0.0,0.0
1220,85.200,197.610,85.2,197.61,1124.22,23545.0,0.0,0.0
1221,85.200,197.610,85.2,197.61,1124.22,24573.0,0.0,0.0
1222,85.200,197.610,85.2,197.61,1124.22,22817.0,0.0,0.0
1223,85.200,197.610,85.2,197.61,1124.22,25109.0,878.0,878.0
1224,85.200,197.610,85.2,197.61,1124.22,24239.0,130.0,130.0
1225,85.200,197.610,85.2,197.61,1124.22,23646.0,0.0,0.0
1226,85.200,197.610,85.2,197.61,1124.22,24049.0,370.0,370.0
1227,85.200,197.610,85.2,197.61,1124.22,23944.0,111.0,111.0
1228,85.200,197.610,85.2,197.61,1124.22,24733.0,1209.0,1209.0
1229,85.200,197.610,85.2,197.61,1124.22,22501.0,0.0,0.0
1230,85.200,197.610,85.2,197.61,1124.22,25770.0,1674.0,1674.0
1231,85.200,197.610,85.2,197.61,1124.22,23462.0,0.0,0.0
1232,85.200,197.610,85.2,197.61,1124.22,24416.0,544.0,544.0
1233,85.200,197.610,85.2,197.61,1124.22,24166.0,455.0,455.0
1234,85.200,197.610,85.2,197.61,1124.22,25237.0,1425.0,1425.0
1235,85.200,197.610,85.2,197.61,1124.22,24738.0,871.0,871.0
1236,85.200,197.610,85.2,197.61,1124.22,25071.0,388.0,388.0
1237,85.200,197.610,85.2,197.61,1124.22,23759.0,0.0,0.0
1238,85.200,197.610,85.2,197.61,1124.22,23009.0,0.0,0.0
1239,85.200,197.610,85.2,197.61,1124.22,25004.0,617.0,617.0
1240,85.200,197.610,85.2,197.61,1124.22,24441.0,0.0,0.0
1241,85.200,197.610,85.2,197.61,1124.22,24212.0,0.0,0.0
1242,85.200,197.610,85.2,197.61,1124.22,24597.0,15.0,15.0
1243,85.200,197.610,85.2,197.61,1124.22,25108.0,311.0,311.0
1244,85.200,197.610,85.2,197.61,1124.22,23169.0,0.0,0.0
1245,85.200,197.610,85.2,197.61,1124.22,24033.0,336.0,336.0
1246,85.200,197.610,85.2,197.61,1124.22,24334.0,356.0,356.0
1247,85.200,197.610,85.2,197.61,1124.22,25342.0,685.0,685.0
1248,85.200,197.610,85.2,197.61,1124.22,27276.0,2494.0,2494.0
1249,85.200,197.610,85.2,197.61,1124.22,25302.0,914.0,914.0
1250,85.200,197.610,85.2,197.61,1124.22,25914.0,1014.0,1014.0
1251,85.200,197.610,85.2,197.61,1124.22,23669.0,0.0,0.0
1252,85.200,197.610,85.2,197.61,1124.22,23671.0,0.0,0.0
1253,85.200,197.610,85.2,197.61,1124.22,24779.0,0.0,0.0
1254,85.200,197.610,85.2,197.61,1124.22,23578.0,0.0,0.0
1255,85.200,197.610,85.2,197.61,1124.22,25411.0,438.0,438.0
1256,85.200,197.610,85.2,197.61,1124.22,25435.0,589.0,589.0
1257,85.200,197.610,85.2,197.61,1124.22,24927.0,1049.0,1049.0
1258,85.200,197.610,85.2,197.61,1124.22,24789.0,310.0,310.0
1259,85.200,197.610,85.2,197.61,1124.22,24253.0,0.0,0.0
1260,85.200,197.610,85.2,197.61,1124.22,24922.0,142.0,142.0
1261,85.200,197.610,85.2,197.61,1124.22,24817.0,581.0,581.0
1262,85.200,197.610,85.2,197.61,1124.22,25106.0,935.0,935.0
1263,85.200,197.610,85.2,197.61,1124.22,24323.0,117.0,117.0
1264,85.200,197.610,85.2,197.61,1124.22,23258.0,0.0,0.0
1265,85.200,197.610,85.2,197.61,1124.22,24538.0,760.0,760.0
1266,85.200,197.610,85.2,197.61,1124.22,24819.0,332.0,332.0
1267,85.200,197.610,85.2,197.61,1124.22,25160.0,0.0,0.0
1268,85.200,197.610,85.2,197.61,1124.22,25961.0,1605.0,1605.0
1269,85.200,197.610,85.2,197.61,1124.22,25335.0,642.0,642.0
1270,85.200,197.610,85.2,197.61,1124.22,24689.0,608.0,608.0
1271,85.200,197.610,85.2,197.61,1124.22,23760.0,0.0,0.0
1272,85.200,197.610,85.2,197.61,1124.22,23888.0,0.0,0.0
1273,85.200,197.610,85.2,197.61,1124.22,24086.0,0.0,0.0
1274,85.200,197.610,85.2,197.61,1124.22,24801.0,718.0,718.0
1275,85.200,197.610,85.2,197.61,1124.22,23703.0,0.0,0.0
1276,85.200,197.610,85.2,197.61,1124.22,24628.0,797.0,797.0
1277,85.200,197.610,85.2,197.61,1124.22,24015.0,1069.0,1069.0
1278,85.200,197.610,85.2,197.61,1124.22,25046.0,914.0,914.0
1279,85.200,197.610,85.2,197.61,1124.22,23771.0,0.0,0.0
1280,85.200,197.610,85.2,197.61,1124.22,24048.0,477.0,477.0
1281,85.200,197.610,85.2,197.61,1124.22,23832.0,0.0,0.0
1282,85.200,197.610,85.2,197.61,1124.22,23991.0,0.0,0.0
1283,85.200,197.610,85.2,197.61,1124.22,23634.0,0.0,0.0
1284,85.200,197.610,85.2,197.61,1124.22,24097.0,86.0,86.0
1285,85.200,197.610,85.2,197.61,1124.22,23377.0,0.0,0.0
1286,85.200,197.610,85.2,197.61,1124.22,23556.0,0.0,0.0
1287,85.200,197.610,85.2,197.61,1124.22,26394.0,1934.0,1934.0
1288,85.200,197.610,85.2,197.61,1124.22,22725.0,0.0,0.0
1289,85.200,197.610,85.2,197.61,1124.22,24066.0,329.0,329.0
1290,85.200,197.610,85.2,197.61,1124.22,22672.0,0.0,0.0
1291,85.200,197.610,85.2,197.61,1124.22,23786.0,95.0,95.0
1292,85.200,197.610,85.2,197.61,1124.22,23381.0,0.0,0.0
1293,85.200,197.610,85.2,197.61,1124.22,24353.0,775.0,775.0
1294,85.200,197.610,85.2,197.61,1124.22,24954.0,404.0,404.0
1295,85.200,197.610,85.2,197.61,1124.22,23633.0,309.0,309.0
1296,85.200,197.610,85.2,197.61,1124.22,23318.0,0.0,0.0
1297,85.200,197.610,85.2,197.61,1124.22,24472.0,299.0,299.0
1298,85.200,197.610,85.2,197.61,1124.22,23467.0,0.0,0.0
1299,85.200,197.610,85.2,197.61,1124.22,24429.0,782.0,782.0
1300,85.200,197.610,85.2,197.61,1124.22,25902.0,1085.0,1085.0
1301,85.200,197.610,85.2,197.61,1124.22,23528.0,0.0,0.0
1302,85.200,197.610,85.2,197.61,1124.22,24376.0,422.0,422.0
1303,85.200,197.610,85.2,197.61,1124.22,24335.0,0.0,0.0
1304,85.200,197.610,85.2,197.61,1124.22,23663.0,0.0,0.0
1305,85.200,197.610,85.2,197.61,1124.22,24735.0,1009.0,1009.0
1306,85.200,197.610,85.2,197.61,1124.22,23664.0,642.0,642.0
1307,85.200,197.610,85.2,197.61,1124.22,25125.0,1289.0,1289.0
1308,85.200,197.610,85.2,197.61,1124.22,23519.0,0.0,0.0
1309,85.200,197.610,85.2,197.61,1124.22,24368.0,42.0,42.0
1310,85.200,197.610,85.2,197.61,1124.22,25263.0,1743.0,1743.0
1311,85.200,197.610,85.2,197.61,1124.22,24857.0,297.0,297.0
1312,85.200,197.610,85.2,197.61,1124.22,24227.0,52.0,52.0
1313,85.200,197.610,85.2,197.61,1124.22,24123.0,0.0,0.0
1314,85.200,197.610,85.2,197.61,1124.22,23470.0,0.0,0.0
1315,85.200,197.610,85.2,197.61,1124.22,25687.0,1391.0,1391.0
1316,85.200,197.610,85.2,197.61,1124.22,24836.0,700.0,700.0
1317,85.200,197.610,85.2,197.61,1124.22,23564.0,205.0,205.0
1318,85.200,197.610,85.2,197.61,1124.22,23848.0,0.0,0.0
1319,85.200,197.610,85.2,197.61,1124.22,25974.0,1295.0,1295.0
1320,85.200,197.610,85.2,197.61,1124.22,24063.0,330.0,330.0
1321,85.200,197.610,85.2,197.61,1124.22,23653.0,0.0,0.0
1322,85.200,197.610,85.2,197.61,1124.22,25400.0,647.0,647.0
1323,85.200,197.610,85.2,197.61,1124.22,23780.0,607.0,607.0
1324,85.200,197.610,85.2,197.61,1124.22,23655.0,0.0,0.0
1325,85.200,197.610,85.2,197.61,1124.22,23286.0,0.0,0.0
1326,85.200,197.610,85.2,197.61,1124.22,26296.0,1562.0,1562.0
1327,85.200,197.610,85.2,197.61,1124.22,24961.0,807.0,807.0
1328,85.200,197.610,85.2,197.61,1124.22,23401.0,0.0,0.0
1329,85.200,197.610,85.2,197.61,1124.22,23627.0,0.0,0.0
1330,85.200,197.610,85.2,197.61,1124.22,24139.0,153.0,153.0
1331,85.200,197.610,85.2,197.61,1124.22,22428.0,0.0,0.0
1332,85.200,197.610,85.2,197.61,1124.22,24358.0,1275.0,1275.0
1333,85.200,197.610,85.2,197.61,1124.22,24137.0,0.0,0.0
1334,85.200,197.610,85.2,197.61,1124.22,24588.0,479.0,479.0
1335,85.200,197.610,85.2,197.61,1124.22,25304.0,1901.0,1901.0
1336,85.200,197.610,85.2,197.61,1124.22,24020.0,336.0,336.0
1337,85.200,197.610,85.2,197.61,1124.22,23503.0,99.0,99.0
1338,85.200,197.610,85.2,197.61,1124.22,25240.0,1765.0,1765.0
1339,85.200,197.610,85.2,197.61,1124.22,24812.0,743.0,743.0
1340,85.200,197.610,85.2,197.61,1124.22,24881.0,38.0,38.0
1341,85.200,197.610,85.2,197.61,1124.22,23901.0,391.0,391.0
1342,85.200,197.610,85.2,197.61,1124.22,25500.0,1269.0,1269.0
1343,85.200,197.610,85.2,197.61,1124.22,24205.0,0.0,0.0
1344,85.200,197.610,85.2,197.61,1124.22,24228.0,780.0,780.0
1345,85.200,197.610,85.2,197.61,1124.22,24189.0,45.0,45.0
1346,85.200,197.610,85.2,197.61,1124.22,23790.0,0.0,0.0
1347,85.200,197.610,85.2,197.61,1124.22,23860.0,132.0,132.0
1348,85.200,197.610,85.2,197.61,1124.22,22257.0,0.0,0.0
1349,85.200,197.610,85.2,197.61,1124.22,24729.0,264.0,264.0
1350,85.200,197.610,85.2,197.61,1124.22,23652.0,748.0,748.0
1351,85.200,197.610,85.2,197.61,1124.22,23505.0,0.0,0.0
1352,85.200,197.610,85.2,197.61,1124.22,23881.0,23.0,23.0
1353,85.200,197.610,85.2,197.61,1124.22,25157.0,1608.0,1608.0
1354,85.200,197.610,85.2,197.61,1124.22,23796.0,0.0,0.0
1355,85.200,197.610,85.2,197.61,1124.22,22487.0,0.0,0.0
1356,85.200,197.610,85.2,197.61,1124.22,24043.0,0.0,0.0
1357,85.200,197.610,85.2,197.61,1124.22,25426.0,583.0,583.0
1358,85.200,197.610,85.2,197.61,1124.22,24083.0,376.0,376.0
1359,85.200,197.610,85.2,197.61,1124.22,25189.0,634.0,634.0
1360,85.200,197.610,85.2,197.61,1124.22,24298.0,0.0,0.0
1361,85.200,197.610,85.2,197.61,1124.22,24663.0,911.0,911.0
1362,85.200,197.610,85.2,197.61,1124.22,23144.0,216.0,216.0
1363,85.200,197.610,85.2,197.61,1124.22,23657.0,0.0,0.0
1364,85.200,197.610,85.2,197.61,1124.22,23405.0,55.0,55.0
1365,85.200,197.610,85.2,197.61,1124.22,24444.0,225.0,225.0
1366,85.200,197.610,85.2,197.61,1124.22,24433.0,456.0,456.0
1367,85.200,197.610,85.2,197.61,1124.22,24889.0,506.0,506.0
1368,85.200,197.610,85.2,197.61,1124.22,25582.0,1214.0,1214.0
1369,85.200,197.610,85.2,197.61,1124.22,25048.0,540.0,540.0
1370,85.200,197.610,85.2,197.61,1124.22,26548.0,2107.0,2107.0
1371,85.200,197.610,85.2,197.61,1124.22,23563.0,67.0,67.0
1372,85.200,197.610,85.2,197.61,1124.22,24915.0,609.0,609.0
1373,85.200,197.610,85.2,197.61,1124.22,24117.0,367.0,367.0
1374,85.200,197.610,85.2,197.61,1124.22,24041.0,0.0,0.0
1375,85.200,197.610,85.2,197.61,1124.22,24480.0,1161.0,1161.0
1376,85.200,197.610,85.2,197.61,1124.22,23823.0,0.0,0.0
1377,85.200,197.610,85.2,197.61,1124.22,24824.0,282.0,282.0
1378,85.200,197.610,85.2,197.61,1124.22,22929.0,0.0,0.0
1379,85.200,197.610,85.2,197.61,1124.22,25133.0,1219.0,1219.0
1380,85.200,197.610,85.2,197.61,1124.22,24135.0,417.0,417.0
1381,85.200,197.610,85.2,197.61,1124.22,24577.0,0.0,0.0
1382,85.200,197.610,85.2,197.61,1124.22,23702.0,0.0,0.0
1383,85.200,197.610,85.2,197.61,1124.22,24284.0,0.0,0.0
1384,85.200,197.610,85.2,197.61,1124.22,24162.0,21.0,21.0
1385,85.200,197.610,85.2,197.61,1124.22,24433.0,487.0,487.0
1386,85.200,197.610,85.2,197.61,1124.22,24605.0,185.0,185.0
1387,85.200,197.610,85.2,197.61,1124.22,23583.0,0.0,0.0
1388,85.200,197.610,85.2,197.61,1124.22,24506.0,1026.0,1026.0
1389,85.200,197.610,85.2,197.61,1124.22,23352.0,204.0,204.0
1390,85.200,197.610,85.2,197.61,1124.22,23807.0,0.0,0.0
1391,85.200,197.610,85.2,197.61,1124.22,23727.0,132.0,132.0
1392,85.200,197.610,85.2,197.61,1124.22,25658.0,869.0,869.0
1393,85.200,197.610,85.2,197.61,1124.22,24924.0,0.0,0.0
1394,85.200,197.610,85.2,197.61,1124.22,22908.0,0.0,0.0
1395,85.200,197.610,85.2,197.61,1124.22,24381.0,0.0,0.0
1396,85.200,197.610,85.2,197.61,1124.22,24740.0,604.0,604.0
1397,85.200,197.610,85.2,197.61,1124.22,24932.0,1182.0,1182.0
1398,85.200,197.610,85.2,197.61,1124.22,25122.0,1071.0,1071.0
1399,85.200,197.610,85.2,197.61,1124.22,25595.0,1658.0,1658.0
1400,85.200,197.610,85.2,197.61,1124.22,24040.0,325.0,325.0
1401,85.200,197.610,85.2,197.61,1124.22,24291.0,0.0,0.0
1402,85.200,197.610,85.2,197.61,1124.22,24244.0,0.0,0.0
1403,85.200,197.610,85.2,197.61,1124.22,23369.0,0.0,0.0
1404,85.200,197.610,85.2,197.61,1124.22,24636.0,455.0,455.0
