id,avg_x,avg_y,x,y,bg,Square_intensity,circular_intensity,Gaussian_intensity
936,246.180,231.440,245.6,231.74,850.54,22888.0,0.0,0.0
937,246.180,231.440,245.6,231.74,850.54,21651.0,0.0,0.0
938,246.180,231.440,245.6,231.74,850.54,23228.0,0.0,0.0
939,246.180,231.440,245.6,231.74,850.54,23449.0,0.0,0.0
940,246.180,231.440,245.6,231.74,850.54,22645.0,0.0,0.0
941,246.180,231.440,245.6,231.74,850.54,22003.0,0.0,0.0
942,246.180,231.440,245.6,231.74,850.54,23674.0,0.0,0.0
943,246.180,231.440,245.6,231.74,850.54,22955.0,116.0,116.0
944,246.180,231.440,245.6,231.74,850.54,21834.0,0.0,0.0
945,246.180,231.440,245.6,231.74,850.54,22663.0,130.0,130.0
946,246.180,231.440,245.6,231.74,850.54,22277.0,0.0,0.0
947,246.180,231.440,245.6,231.74,850.54,24902.0,617.0,617.0
948,246.180,231.440,245.6,231.74,850.54,22868.0,0.0,0.0
949,246.180,231.440,245.6,231.74,850.54,23204.0,629.0,629.0
950,246.180,231.440,245.6,231.74,850.54,23212.0,244.0,244.0
951,246.180,231.440,245.6,231.74,850.54,22883.0,109.0,109.0
952,246.180,231.440,245.6,231.74,850.54,23261.0,196.0,196.0
953,246.180,231.440,245.6,231.74,850.54,22129.0,0.0,0.0
954,246.180,231.440,245.6,231.74,850.54,22679.0,0.0,0.0
955,246.180,231.440,245.6,231.74,850.54,23384.0,31.0,31.0
956,246.180,231.440,245.6,231.74,850.54,24218.0,0.0,0.0
957,246.180,231.440,245.6,231.74,850.54,23216.0,49.0,49.0
958,246.180,231.440,245.6,231.74,850.54,23589.0,553.0,553.0
959,246.180,231.440,245.6,231.74,850.54,22604.0,0.0,0.0
960,246.180,231.440,245.6,231.74,850.54,21245.0,0.0,0.0
961,246.180,231.440,245.6,231.74,850.54,21314.0,0.0,0.0
962,246.180,231.440,245.6,231.74,850.54,23469.0,539.0,539.0
963,246.180,231.440,245.6,231.74,850.54,23868.0,854.0,854.0
964,246.180,231.440,245.6,231.74,850.54,22005.0,0.0,0.0
965,246.180,231.440,245.6,231.74,850.54,21360.0,0.0,0.0
966,246.180,231.440,245.6,231.74,850.54,22228.0,0.0,0.0
967,246.180,231.440,245.6,231.74,850.54,22634.0,0.0,0.0
968,246.180,231.440,245.6,231.74,850.54,23101.0,0.0,0.0
969,246.180,231.440,245.6,231.74,850.54,20985.0,0.0,0.0
970,246.180,231.440,245.6,231.74,850.54,22917.0,282.0,282.0
971,246.180,231.440,245.6,231.74,850.54,22282.0,0.0,0.0
972,246.180,231.440,245.6,231.74,850.54,24273.0,1011.0,1011.0
973,246.180,231.440,245.6,231.74,850.54,21625.0,0.0,0.0
974,246.180,231.440,245.6,231.74,850.54,23131.0,734.0,734.0
975,246.180,231.440,245.6,231.74,850.54,23190.0,8.0,8.0
976,246.180,231.440,245.6,231.74,850.54,23145.0,920.0,920.0
977,246.180,231.440,245.6,231.74,850.54,22112.0,0.0,0.0
978,246.180,231.440,245.6,231.74,850.54,23259.0,274.0,274.0
979,246.180,231.440,245.6,231.74,850.54,22469.0,0.0,0.0
980,246.180,231.440,245.6,231.74,850.54,23237.0,0.0,0.0
981,246.180,231.440,245.6,231.74,850.54,22714.0,134.0,134.0
982,246.180,231.440,245.6,231.74,850.54,22299.0,0.0,0.0
983,246.180,231.440,245.6,231.74,850.54,22248.0,0.0,0.0
984,246.180,231.440,245.6,231.74,850.54,21981.0,0.0,0.0
985,246.180,231.440,245.6,231.74,850.54,23323.0,0.0,0.0
986,246.180,231.440,245.6,231.74,850.54,23901.0,1338.0,1338.0
987,246.180,231.440,245.6,231.74,850.54,21293.0,0.0,0.0
988,246.180,231.440,245.6,231.74,850.54,23980.0,586.0,586.0
989,246.180,231.440,245.6,231.74,850.54,23452.0,398.0,398.0
990,246.180,231.440,245.6,231.74,850.54,20954.0,0.0,0.0
991,246.180,231.440,245.6,231.74,850.54,21587.0,0.0,0.0
992,246.180,231.440,245.6,231.74,850.54,21092.0,0.0,0.0
993,246.180,231.440,245.6,231.74,850.54,22503.0,0.0,0.0
994,246.180,231.440,245.6,231.74,850.54,22873.0,0.0,0.0
995,246.180,231.440,245.6,231.74,850.54,20922.0,0.0,0.0
996,246.180,231.440,245.6,231.74,850.54,21746.0,0.0,0.0
997,246.180,231.440,245.6,231.74,850.54,23844.0,481.0,481.0
998,246.180,231.440,245.6,231.74,850.54,22951.0,208.0,208.0
999,246.180,231.440,245.6,231.74,850.54,22349.0,0.0,0.0
1000,246.180,231.440,245.6,231.74,850.54,22986.0,455.0,455.0
1001,246.180,231.440,245.6,231.74,850.54,22384.0,427.0,427.0
1002,246.180,231.440,245.6,231.74,850.54,23682.0,896.0,896.0
1003,246.180,231.440,245.6,231.74,850.54,22608.0,0.0,0.0
1004,246.180,231.440,245.6,231.74,850.54,24756.0,1304.0,1304.0
1005,246.180,231.440,245.6,231.74,850.54,22843.0,0.0,0.0
1006,246.180,231.440,245.6,231.74,850.54,21653.0,0.0,0.0
1007,246.180,231.440,245.6,231.74,850.54,23830.0,727.0,727.0
1008,246.180,231.440,245.6,231.74,850.54,23410.0,504.0,504.0
1009,246.180,231.440,245.6,231.74,850.54,21506.0,0.0,0.0
1010,246.180,231.440,245.6,231.74,850.54,22100.0,0.0,0.0
1011,246.180,231.440,245.6,231.74,850.54,22284.0,0.0,0.0
1012,246.180,231.440,245.6,231.74,850.54,22920.0,0.0,0.0
1013,246.180,231.440,245.6,231.74,850.54,22703.0,452.0,452.0
1014,246.180,231.440,245.6,231.74,850.54,22998.0,233.0,233.0
1015,246.180,231.440,245.6,231.74,850.54,22706.0,0.0,0.0
1016,246.180,231.440,245.6,231.74,850.54,22111.0,0.0,0.0
1017,246.180,231.440,245.6,231.74,850.54,22298.0,0.0,0.0
1018,246.180,231.440,245.6,231.74,850.54,24427.0,724.0,724.0
1019,246.180,231.440,245.6,231.74,850.54,21469.0,0.0,0.0
1020,246.180,231.440,245.6,231.74,850.54,22769.0,543.0,543.0
1021,246.180,231.440,245.6,231.74,850.54,22772.0,0.0,0.0
1022,246.180,231.440,245.6,231.74,850.54,21971.0,0.0,0.0
1023,246.180,231.440,245.6,231.74,850.54,21904.0,0.0,0.0
1024,246.180,231.440,245.6,231.74,850.54,23369.0,281.0,281.0
1025,246.180,231.440,245.6,231.74,850.54,23070.0,0.0,0.0
1026,246.180,231.440,245.6,231.74,850.54,22974.0,250.0,250.0
1027,246.180,231.440,245.6,231.74,850.54,23317.0,247.0,247.0
1028,246.180,231.440,245.6,231.74,850.54,23302.0,71.0,71.0
1029,246.180,231.440,245.6,231.74,850.54,22793.0,182.0,182.0
1030,246.180,231.440,245.6,231.74,850.54,22473.0,0.0,0.0
1031,246.180,231.440,245.6,231.74,850.54,23909.0,1015.0,1015.0
1032,246.180,231.440,245.6,231.74,850.54,21905.0,0.0,0.0
1033,246.180,231.440,245.6,231.74,850.54,22513.0,245.0,245.0
1034,246.180,231.440,245.6,231.74,850.54,23298.0,188.0,188.0
1035,246.180,231.440,245.6,231.74,850.54,22888.0,106.0,106.0
1036,246.180,231.440,245.6,231.74,850.54,21237.0,0.0,0.0
1037,246.180,231.440,245.6,231.74,850.54,23065.0,225.0,225.0
1038,246.180,231.440,245.6,231.74,850.54,21849.0,0.0,0.0
1039,246.180,231.440,245.6,231.74,850.54,23000.0,83.0,83.0
1040,246.180,231.440,245.6,231.74,850.54,23934.0,856.0,856.0
1041,246.180,231.440,245.6,231.74,850.54,23227.0,0.0,0.0
1042,246.180,231.440,245.6,231.74,850.54,22011.0,0.0,0.0
1043,246.180,231.440,245.6,231.74,850.54,22614.0,0.0,0.0
1044,246.180,231.440,245.6,231.74,850.54,23223.0,603.0,603.0
1045,246.180,231.440,245.6,231.74,850.54,22242.0,0.0,0.0
1046,246.180,231.440,245.6,231.74,850.54,23297.0,865.0,865.0
1047,246.180,231.440,245.6,231.74,850.54,22439.0,0.0,0.0
1048,246.180,231.440,245.6,231.74,850.54,24571.0,1383.0,1383.0
1049,246.180,231.440,245.6,231.74,850.54,21215.0,0.0,0.0
1050,246.180,231.440,245.6,231.74,850.54,21662.0,0.0,0.0
1051,246.180,231.440,245.6,231.74,850.54,21426.0,0.0,0.0
1052,246.180,231.440,245.6,231.74,850.54,22914.0,77.0,77.0
1053,246.180,231.440,245.6,231.74,850.54,23864.0,461.0,461.0
1054,246.180,231.440,245.6,231.74,850.54,22266.0,0.0,0.0
1055,246.180,231.440,245.6,231.74,850.54,22701.0,473.0,473.0
1056,246.180,231.440,245.6,231.74,850.54,21739.0,0.0,0.0
1057,246.180,231.440,245.6,231.74,850.54,23395.0,136.0,136.0
1058,246.180,231.440,245.6,231.74,850.54,22908.0,35.0,35.0
1059,246.180,231.440,245.6,231.74,850.54,23135.0,380.0,380.0
1060,246.180,231.440,245.6,231.74,850.54,22971.0,0.0,0.0
1061,246.180,231.440,245.6,231.74,850.54,23271.0,298.0,298.0
1062,246.180,231.440,245.6,231.74,850.54,24839.0,1052.0,1052.0
1063,246.180,231.440,245.6,231.74,850.54,22482.0,0.0,0.0
1064,246.180,231.440,245.6,231.74,850.54,23766.0,1121.0,1121.0
1065,246.180,231.440,245.6,231.74,850.54,22922.0,387.0,387.0
1066,246.180,231.440,245.6,231.74,850.54,23227.0,699.0,699.0
1067,246.180,231.440,245.6,231.74,850.54,21842.0,0.0,0.0
1068,246.180,231.440,245.6,231.74,850.54,21625.0,0.0,0.0
1069,246.180,231.440,245.6,231.74,850.54,22957.0,0.0,0.0
1070,246.180,231.440,245.6,231.74,850.54,22207.0,25.0,25.0
1071,246.180,231.440,245.6,231.74,850.54,21404.0,0.0,0.0
1072,246.180,231.440,245.6,231.74,850.54,22620.0,519.0,519.0
1073,246.180,231.440,245.6,231.74,850.54,20913.0,0.0,0.0
1074,246.180,231.440,245.6,231.74,850.54,22709.0,243.0,243.0
1075,246.180,231.440,245.6,231.74,850.54,22069.0,0.0,0.0
1076,246.180,231.440,245.6,231.74,850.54,22912.0,231.0,231.0
1077,246.180,231.440,245.6,231.74,850.54,23563.0,430.0,430.0
1078,246.180,231.440,245.6,231.74,850.54,23384.0,645.0,645.0
1079,246.180,231.440,245.6,231.74,850.54,24986.0,1768.0,1768.0
1080,246.180,231.440,245.6,231.74,850.54,22731.0,686.0,686.0
1081,246.180,231.440,245.6,231.74,850.54,22904.0,476.0,476.0
1082,246.180,231.440,245.6,231.74,850.54,21946.0,0.0,0.0
1083,246.180,231.440,245.6,231.74,850.54,24637.0,2281.0,2281.0
1084,246.180,231.440,245.6,231.74,850.54,22517.0,2.0,2.0
1085,246.180,231.440,245.6,231.74,850.54,23529.0,626.0,626.0
1086,246.180,231.440,245.6,231.74,850.54,23947.0,703.0,703.0
1087,246.180,231.440,245.6,231.74,850.54,21249.0,0.0,0.0
1088,246.180,231.440,245.6,231.74,850.54,23360.0,645.0,645.0
1089,246.180,231.440,245.6,231.74,850.54,21209.0,0.0,0.0
1090,246.180,231.440,245.6,231.74,850.54,21146.0,0.0,0.0
1091,246.180,231.440,245.6,231.74,850.54,22466.0,244.0,244.0
1092,246.180,231.440,245.6,231.74,850.54,23017.0,0.0,0.0
1093,246.180,231.440,245.6,231.74,850.54,22635.0,0.0,0.0
1094,246.180,231.440,245.6,231.74,850.54,21843.0,0.0,0.0
1095,246.180,231.440,245.6,231.74,850.54,21659.0,0.0,0.0
1096,246.180,231.440,245.6,231.74,850.54,22493.0,0.0,0.0
1097,246.180,231.440,245.6,231.74,850.54,21811.0,0.0,0.0
1098,246.180,231.440,245.6,231.74,850.54,21928.0,0.0,0.0
1099,246.180,231.440,245.6,231.74,850.54,24482.0,1399.0,1399.0
1100,246.180,231.440,245.6,231.74,850.54,21079.0,0.0,0.0
1101,246.180,231.440,245.6,231.74,850.54,22459.0,0.0,0.0
1102,246.180,231.440,245.6,231.74,850.54,24313.0,1091.0,1091.0
1103,246.180,231.440,245.6,231.74,850.54,23335.0,576.0,576.0
1104,246.180,231.440,245.6,231.74,850.54,22287.0,0.0,0.0
1105,246.180,231.440,245.6,231.74,850.54,23376.0,0.0,0.0
1106,246.180,231.440,245.6,231.74,850.54,22804.0,277.0,277.0
1107,246.180,231.440,245.6,231.74,850.54,21438.0,0.0,0.0
1108,246.180,231.440,245.6,231.74,850.54,23170.0,0.0,0.0
1109,246.180,231.440,245.6,231.74,850.54,22809.0,0.0,0.0
1110,246.180,231.440,245.6,231.74,850.54,24520.0,918.0,918.0
1111,246.180,231.440,245.6,231.74,850.54,22754.0,234.0,234.0
1112,246.180,231.440,245.6,231.74,850.54,22026.0,0.0,0.0
1113,246.180,231.440,245.6,231.74,850.54,22066.0,0.0,0.0
1114,246.180,231.440,245.6,231.74,850.54,23215.0,0.0,0.0
1115,246.180,231.440,245.6,231.74,850.54,23557.0,0.0,0.0
1116,246.180,231.440,245.6,231.74,850.54,23718.0,953.0,953.0
1117,246.180,231.440,245.6,231.74,850.54,24635.0,1819.0,1819.0
1118,246.180,231.440,245.6,231.74,850.54,24003.0,552.0,552.0
1119,246.180,231.440,245.6,231.74,850.54,22069.0,0.0,0.0
1120,246.180,231.440,245.6,231.74,850.54,23220.0,0.0,0.0
1121,246.180,231.440,245.6,231.74,850.54,21710.0,0.0,0.0
1122,246.180,231.440,245.6,231.74,850.54,23137.0,0.0,0.0
1123,246.180,231.440,245.6,231.74,850.54,23058.0,505.0,505.0
1124,246.180,231.440,245.6,231.74,850.54,23708.0,912.0,912.0
1125,246.180,231.440,245.6,231.74,850.54,23802.0,0.0,0.0
1126,246.180,231.440,245.6,231.74,850.54,23127.0,0.0,0.0
1127,246.180,231.440,245.6,231.74,850.54,22662.0,0.0,0.0
1128,246.180,231.440,245.6,231.74,850.54,22222.0,0.0,0.0
1129,246.180,231.440,245.6,231.74,850.54,22854.0,572.0,572.0
1130,246.180,231.440,245.6,231.74,850.54,22120.0,160.0,160.0
1131,246.180,231.440,245.6,231.74,850.54,22095.0,0.0,0.0
1132,246.180,231.440,245.6,231.74,850.54,21832.0,0.0,0.0
1133,246.180,231.440,245.6,231.74,850.54,22115.0,239.0,239.0
1134,246.180,231.440,245.6,231.74,850.54,23010.0,0.0,0.0
1135,246.180,231.440,245.6,231.74,850.54,22367.0,346.0,346.0
1136,246.180,231.440,245.6,231.74,850.54,22858.0,267.0,267.0
1137,246.180,231.440,245.6,231.74,850.54,22273.0,0.0,0.0
1138,246.180,231.440,245.6,231.74,850.54,23347.0,446.0,446.0
1139,246.180,231.440,245.6,231.74,850.54,23320.0,0.0,0.0
1140,246.180,231.440,245.6,231.74,850.54,21996.0,0.0,0.0
1141,246.180,231.440,245.6,231.74,850.54,24127.0,1436.0,1436.0
1142,246.180,231.440,245.6,231.74,850.54,21939.0,0.0,0.0
1143,246.180,231.440,245.6,231.74,850.54,23235.0,0.0,0.0
1144,246.180,231.440,245.6,231.74,850.54,22486.0,0.0,0.0
1145,246.180,231.440,245.6,231.74,850.54,22085.0,334.0,334.0
1146,246.180,231.440,245.6,231.74,850.54,22486.0,0.0,0.0
1147,246.180,231.440,245.6,231.74,850.54,24110.0,0.0,0.0
1148,246.180,231.440,245.6,231.74,850.54,23539.0,0.0,0.0
1149,246.180,231.440,245.6,231.74,850.54,23918.0,1120.0,1120.0
1150,246.180,231.440,245.6,231.74,850.54,23790.0,381.0,381.0
1151,246.180,231.440,245.6,231.74,850.54,22358.0,0.0,0.0
1152,246.180,231.440,245.6,231.74,850.54,24471.0,1183.0,1183.0
1153,246.180,231.440,245.6,231.74,850.54,22419.0,0.0,0.0
1154,246.180,231.440,245.6,231.74,850.54,23424.0,180.0,180.0
1155,246.180,231.440,245.6,231.74,850.54,22533.0,102.0,102.0
1156,246.180,231.440,245.6,231.74,850.54,22033.0,0.0,0.0
1157,246.180,231.440,245.6,231.74,850.54,22789.0,0.0,0.0
1158,246.180,231.440,245.6,231.74,850.54,25172.0,1574.0,1574.0
1159,246.180,231.440,245.6,231.74,850.54,20818.0,0.0,0.0
1160,246.180,231.440,245.6,231.74,850.54,23655.0,922.0,922.0
1161,246.180,231.440,245.6,231.74,850.54,22929.0,436.0,436.0
1162,246.180,231.440,245.6,231.74,850.54,22453.0,0.0,0.0
1163,246.180,231.440,245.6,231.74,850.54,22971.0,330.0,330.0
1164,246.180,231.440,245.6,231.74,850.54,24105.0,1067.0,1067.0
1165,246.180,231.440,245.6,231.74,850.54,20916.0,0.0,0.0
1166,246.180,231.440,245.6,231.74,850.54,22146.0,0.0,0.0
1167,246.180,231.440,245.6,231.74,850.54,22085.0,0.0,0.0
1168,246.180,231.440,245.6,231.74,850.54,23594.0,941.0,941.0
1169,246.180,231.440,245.6,231.74,850.54,23802.0,0.0,0.0
1170,246.180,231.440,245.6,231.74,850.54,22177.0,0.0,0.0
1171,246.180,231.440,245.6,231.74,850.54,22223.0,0.0,0.0
1172,246.180,231.440,245.6,231.74,850.54,23091.0,223.0,223.0
1173,246.180,231.440,245.6,231.74,850.54,23266.0,692.0,692.0
1174,246.180,231.440,245.6,231.74,850.54,23302.0,0.0,0.0
1175,246.180,231.440,245.6,231.74,850.54,22974.0,0.0,0.0
1176,246.180,231.440,245.6,231.74,850.54,21203.0,0.0,0.0
1177,246.180,231.440,245.6,231.74,850.54,22935.0,304.0,304.0
1178,246.180,231.440,245.6,231.74,850.54,23567.0,340.0,340.0
1179,246.180,231.440,245.6,231.74,850.54,23751.0,0.0,0.0
1180,246.180,231.440,245.6,231.74,850.54,23393.0,586.0,586.0
1181,246.180,231.440,245.6,231.74,850.54,22374.0,0.0,0.0
1182,246.180,231.440,245.6,231.74,850.54,20724.0,0.0,0.0
1183,246.180,231.440,245.6,231.74,850.54,23014.0,0.0,0.0
1184,246.180,231.440,245.6,231.74,850.54,23180.0,0.0,0.0
1185,246.180,231.440,245.6,231.74,850.54,22545.0,312.0,312.0
1186,246.180,231.440,245.6,231.74,850.54,21510.0,0.0,0.0
1187,246.180,231.440,245.6,231.74,850.54,21558.0,0.0,0.0
1188,246.180,231.440,245.6,231.74,850.54,22562.0,0.0,0.0
1189,246.180,231.440,245.6,231.74,850.54,21711.0,0.0,0.0
1190,246.180,231.440,245.6,231.74,850.54,24891.0,1964.0,1964.0
1191,246.180,231.440,245.6,231.74,850.54,22132.0,0.0,0.0
1192,246.180,231.440,245.6,231.74,850.54,21457.0,0.0,0.0
1193,246.180,231.440,245.6,231.74,850.54,22087.0,0.0,0.0
1194,246.180,231.440,245.6,231.74,850.54,22198.0,77.0,77.0
1195,246.180,231.440,245.6,231.74,850.54,23014.0,0.0,0.0
1196,246.180,231.440,245.6,231.74,850.54,22922.0,0.0,0.0
1197,246.180,231.440,245.6,231.74,850.54,22329.0,0.0,0.0
1198,246.180,231.440,245.6,231.74,850.54,22510.0,0.0,0.0
1199,246.180,231.440,245.6,231.74,850.54,23870.0,601.0,601.0
1200,246.180,231.440,245.6,231.74,850.54,23855.0,287.0,287.0
1201,246.180,231.440,245.6,231.74,850.54,21886.0,0.0,0.0
1202,246.180,231.440,245.6,231.74,850.54,22709.0,0.0,0.0
1203,246.180,231.440,245.6,231.74,850.54,23200.0,0.0,0.0
1204,246.180,231.440,245.6,231.74,850.54,23136.0,317.0,317.0
1205,246.180,231.440,245.6,231.74,850.54,23077.0,0.0,0.0
1206,246.180,231.440,245.6,231.74,850.54,24012.0,562.0,562.0
1207,246.180,231.440,245.6,231.74,850.54,22550.0,0.0,0.0
1208,246.180,231.440,245.6,231.74,850.54,22701.0,98.0,98.0
1209,246.180,231.440,245.6,231.74,850.54,22710.0,390.0,390.0
1210,246.180,231.440,245.6,231.74,850.54,21847.0,0.0,0.0
1211,246.180,231.440,245.6,231.74,850.54,24011.0,1161.0,1161.0
1212,246.180,231.440,245.6,231.74,850.54,22012.0,0.0,0.0
1213,246.180,231.440,245.6,231.74,850.54,22160.0,0.0,0.0
1214,246.180,231.440,245.6,231.74,850.54,25117.0,1713.0,1713.0
1215,246.180,231.440,245.6,231.74,850.54,23002.0,600.0,600.0
1216,246.180,231.440,245.6,231.74,850.54,23846.0,318.0,318.0
1217,246.180,231.440,245.6,231.74,850.54,22797.0,0.0,0.0
1218,246.180,231.440,245.6,231.74,850.54,22518.0,0.0,0.0
1219,246.180,231.440,245.6,231.74,850.54,21639.0,0.0,0.0
1220,246.180,231.440,245.6,231.74,850.54,22059.0,0.0,0.0
1221,246.180,231.440,245.6,231.74,850.54,21686.0,17.0,17.0
1222,246.180,231.440,245.6,231.74,850.54,24276.0,1130.0,1130.0
1223,246.180,231.440,245.6,231.74,850.54,23454.0,390.0,390.0
1224,246.180,231.440,245.6,231.74,850.54,24001.0,693.0,693.0
1225,246.180,231.440,245.6,231.74,850.54,22351.0,0.0,0.0
1226,246.180,231.440,245.6,231.74,850.54,21909.0,0.0,0.0
1227,246.180,231.440,245.6,231.74,850.54,23277.0,505.0,505.0
1228,246.180,231.440,245.6,231.74,850.54,22359.0,0.0,0.0
1229,246.180,231.440,245.6,231.74,850.54,22736.0,0.0,0.0
1230,246.180,231.440,245.6,231.74,850.54,22026.0,0.0,0.0
1231,246.180,231.440,245.6,231.74,850.54,22114.0,0.0,0.0
1232,246.180,231.440,245.6,231.74,850.54,22021.0,0.0,0.0
1233,246.180,231.440,245.6,231.74,850.54,22253.0,0.0,0.0
1234,246.180,231.440,245.6,231.74,850.54,22925.0,0.0,0.0
1235,246.180,231.440,245.6,231.74,850.54,22336.0,0.0,0.0
1236,246.180,231.440,245.6,231.74,850.54,23095.0,31.0,31.0
1237,246.180,231.440,245.6,231.74,850.54,23121.0,427.0,427.0
1238,246.180,231.440,245.6,231.74,850.54,23383.0,530.0,530.0
1239,246.180,231.440,245.6,231.74,850.54,22365.0,0.0,0.0
1240,246.180,231.440,245.6,231.74,850.54,22599.0,98.0,98.0
1241,246.180,231.440,245.6,231.74,850.54,22392.0,0.0,0.0
1242,246.180,231.440,245.6,231.74,850.54,24139.0,298.0,298.0
1243,246.180,231.440,245.6,231.74,850.54,23367.0,859.0,859.0
1244,246.180,231.440,245.6,231.74,850.54,22410.0,0.0,0.0
1245,246.180,231.440,245.6,231.74,850.54,20882.0,0.0,0.0
1246,246.180,231.440,245.6,231.74,850.54,23247.0,667.0,667.0
1247,246.180,231.440,245.6,231.74,850.54,24224.0,146.0,146.0
1248,246.180,231.440,245.6,231.74,850.54,21445.0,0.0,0.0
1249,246.180,231.440,245.6,231.74,850.54,21389.0,0.0,0.0
1250,246.180,231.440,245.6,231.74,850.54,24290.0,1117.0,1117.0
1251,246.180,231.440,245.6,231.74,850.54,21107.0,0.0,0.0
1252,246.180,231.440,245.6,231.74,850.54,22882.0,44.0,44.0
1253,246.180,231.440,245.6,231.74,850.54,30288.0,5322.0,5322.0
1254,246.180,231.440,245.6,231.74,850.54,30147.0,5846.0,5846.0
1255,246.180,231.440,245.6,231.74,850.54,28466.0,5006.0,5006.0
1256,246.180,231.440,245.6,231.74,850.54,28123.0,4982.0,4982.0
1257,246.180,231.440,245.6,231.74,850.54,28109.0,4539.0,4539.0
1258,246.180,231.440,245.6,231.74,850.54,28335.0,4677.0,4677.0
1259,246.180,231.440,245.6,231.74,850.54,28372.0,4525.0,4525.0
1260,246.180,231.440,245.6,231.74,850.54,26292.0,2723.0,2723.0
1261,246.180,231.440,245.6,231.74,850.54,26610.0,2895.0,2895.0
1262,246.180,231.440,245.6,231.74,850.54,29727.0,6215.0,6215.0
1263,246.180,231.440,245.6,231.74,850.54,27238.0,3197.0,3197.0
1264,246.180,231.440,245.6,231.74,850.54,28877.0,5050.0,5050.0
1265,246.180,231.440,245.6,231.74,850.54,28562.0,5093.0,5093.0
1266,246.180,231.440,245.6,231.74,850.54,27982.0,5200.0,5200.0
1267,246.180,231.440,245.6,231.74,850.54,26643.0,3350.0,3350.0
1268,246.180,231.440,245.6,231.74,850.54,27917.0,3411.0,3411.0
1269,246.180,231.440,245.6,231.74,850.54,26986.0,3109.0,3109.0
1270,246.180,231.440,245.6,231.74,850.54,26831.0,3426.0,3426.0
1271,246.180,231.440,245.6,231.74,850.54,30490.0,6502.0,6502.0
1272,246.180,231.440,245.6,231.74,850.54,28739.0,4659.0,4659.0
1273,246.180,231.440,245.6,231.74,850.54,30399.0,7125.0,7125.0
1274,246.180,231.440,245.6,231.74,850.54,28522.0,4905.0,4905.0
1275,246.180,231.440,245.6,231.74,850.54,26820.0,3308.0,3308.0
1276,246.180,231.440,245.6,231.74,850.54,26225.0,2483.0,2483.0
1277,246.180,231.440,245.6,231.74,850.54,27797.0,4827.0,4827.0
1278,246.180,231.440,245.6,231.74,850.54,30147.0,5252.0,5252.0
1279,246.180,231.440,245.6,231.74,850.54,28385.0,4775.0,4775.0
1280,246.180,231.440,245.6,231.74,850.54,29129.0,5468.0,5468.0
1281,246.180,231.440,245.6,231.74,850.54,28090.0,3906.0,3906.0
1282,246.180,231.440,245.6,231.74,850.54,27703.0,3687.0,3687.0
1283,246.180,231.440,245.6,231.74,850.54,27848.0,4521.0,4521.0
1284,246.180,231.440,245.6,231.74,850.54,27002.0,2941.0,2941.0
1285,246.180,231.440,245.6,231.74,850.54,29629.0,5328.0,5328.0
1286,246.180,231.440,245.6,231.74,850.54,33216.0,7961.0,7961.0
1287,246.180,231.440,245.6,231.74,850.54,30154.0,6982.0,6982.0
1288,246.180,231.440,245.6,231.74,850.54,30035.0,6469.0,6469.0
1289,246.180,231.440,245.6,231.74,850.54,28424.0,4206.0,4206.0
1290,246.180,231.440,245.6,231.74,850.54,30076.0,6484.0,6484.0
1291,246.180,231.440,245.6,231.74,850.54,27112.0,3790.0,3790.0
1292,246.180,231.440,245.6,231.74,850.54,29527.0,5082.0,5082.0
1293,246.180,231.440,245.6,231.74,850.54,29286.0,5716.0,5716.0
1294,246.180,231.440,245.6,231.74,850.54,30000.0,5548.0,5548.0
1295,246.180,231.440,245.6,231.74,850.54,31284.0,6328.0,6328.0
1296,246.180,231.440,245.6,231.74,850.54,31263.0,6648.0,6648.0
1297,246.180,231.440,245.6,231.74,850.54,31485.0,6948.0,6948.0
1298,246.180,231.440,245.6,231.74,850.54,29741.0,6663.0,6663.0
1299,246.180,231.440,245.6,231.74,850.54,28254.0,3629.0,3629.0
1300,246.180,231.440,245.6,231.74,850.54,29198.0,5995.0,5995.0
1301,246.180,231.440,245.6,231.74,850.54,26481.0,3376.0,3376.0
1302,246.180,231.440,245.6,231.74,850.54,29306.0,5819.0,5819.0
1303,246.180,231.440,245.6,231.74,850.54,28010.0,3976.0,3976.0
1304,246.180,231.440,245.6,231.74,850.54,27319.0,3501.0,3501.0
1305,246.180,231.440,245.6,231.74,850.54,27322.0,4356.0,4356.0
1306,246.180,231.440,245.6,231.74,850.54,29330.0,5729.0,5729.0
1307,246.180,231.440,245.6,231.74,850.54,29496.0,5604.0,5604.0
1308,246.180,231.440,245.6,231.74,850.54,31780.0,6752.0,6752.0
1309,246.180,231.440,245.6,231.74,850.54,30925.0,7091.0,7091.0
1310,246.180,231.440,245.6,231.74,850.54,28806.0,4835.0,4835.0
1311,246.180,231.440,245.6,231.74,850.54,31354.0,6603.0,6603.0
1312,246.180,231.440,245.6,231.74,850.54,27615.0,3662.0,3662.0
1313,246.180,231.440,245.6,231.74,850.54,30137.0,5932.0,5932.0
1314,246.180,231.440,245.6,231.74,850.54,29224.0,5198.0,5198.0
1315,246.180,231.440,245.6,231.74,850.54,29238.0,6091.0,6091.0
1316,246.180,231.440,245.6,231.74,850.54,29086.0,5399.0,5399.0
1317,246.180,231.440,245.6,231.74,850.54,31461.0,6458.0,6458.0
1318,246.180,231.440,245.6,231.74,850.54,28418.0,4715.0,4715.0
1319,246.180,231.440,245.6,231.74,850.54,27866.0,4322.0,4322.0
1320,246.180,231.440,245.6,231.74,850.54,34592.0,9565.0,9565.0
1321,246.180,231.440,245.6,231.74,850.54,28460.0,4883.0,4883.0
1322,246.180,231.440,245.6,231.74,850.54,31193.0,6864.0,6864.0
1323,246.180,231.440,245.6,231.74,850.54,32725.0,8967.0,8967.0
1324,246.180,231.440,245.6,231.74,850.54,32522.0,7228.0,7228.0
1325,246.180,231.440,245.6,231.74,850.54,30524.0,6536.0,6536.0
1326,246.180,231.440,245.6,231.74,850.54,30744.0,6087.0,6087.0
1327,246.180,231.440,245.6,231.74,850.54,31326.0,8082.0,8082.0
1328,246.180,231.440,245.6,231.74,850.54,29839.0,5740.0,5740.0
1329,246.180,231.440,245.6,231.74,850.54,33639.0,9670.0,9670.0
1330,246.180,231.440,245.6,231.74,850.54,33201.0,9012.0,9012.0
1331,246.180,231.440,245.6,231.74,850.54,30903.0,6956.0,6956.0
1332,246.180,231.440,245.6,231.74,850.54,31661.0,7677.0,7677.0
1333,246.180,231.440,245.6,231.74,850.54,32811.0,8134.0,8134.0
1334,246.180,231.440,245.6,231.74,850.54,30979.0,6569.0,6569.0
1335,246.180,231.440,245.6,231.74,850.54,32506.0,8188.0,8188.0
1336,246.180,231.440,245.6,231.74,850.54,34516.0,9647.0,9647.0
1337,246.180,231.440,245.6,231.74,850.54,32322.0,7302.0,7302.0
1338,246.180,231.440,245.6,231.74,850.54,32494.0,7785.0,7785.0
1339,246.180,231.440,245.6,231.74,850.54,33268.0,8798.0,8798.0
1340,246.180,231.440,245.6,231.74,850.54,29784.0,5349.0,5349.0
1341,246.180,231.440,245.6,231.74,850.54,31342.0,6987.0,6987.0
1342,246.180,231.440,245.6,231.74,850.54,32250.0,7047.0,7047.0
1343,246.180,231.440,245.6,231.74,850.54,31436.0,7861.0,7861.0
1344,246.180,231.440,245.6,231.74,850.54,33851.0,8692.0,8692.0
1345,246.180,231.440,245.6,231.74,850.54,31353.0,7137.0,7137.0
1346,246.180,231.440,245.6,231.74,850.54,29373.0,4453.0,4453.0
1347,246.180,231.440,245.6,231.74,850.54,27034.0,3303.0,3303.0
1348,246.180,231.440,245.6,231.74,850.54,37042.0,12468.0,12468.0
1349,246.180,231.440,245.6,231.74,850.54,33469.0,10074.0,10074.0
1350,246.180,231.440,245.6,231.74,850.54,31830.0,6852.0,6852.0
1351,246.180,231.440,245.6,231.74,850.54,27821.0,3718.0,3718.0
1352,246.180,231.440,245.6,231.74,850.54,33873.0,9603.0,9603.0
1353,246.180,231.440,245.6,231.74,850.54,32716.0,8236.0,8236.0
1354,246.180,231.440,245.6,231.74,850.54,33322.0,9448.0,9448.0
1355,246.180,231.440,245.6,231.74,850.54,31194.0,6435.0,6435.0
1356,246.180,231.440,245.6,231.74,850.54,30316.0,6497.0,6497.0
1357,246.180,231.440,245.6,231.74,850.54,33540.0,9282.0,9282.0
1358,246.180,231.440,245.6,231.74,850.54,33836.0,10178.0,10178.0
1359,246.180,231.440,245.6,231.74,850.54,32596.0,8378.0,8378.0
1360,246.180,231.440,245.6,231.74,850.54,30795.0,6639.0,6639.0
1361,246.180,231.440,245.6,231.74,850.54,28366.0,4110.0,4110.0
1362,246.180,231.440,245.6,231.74,850.54,31368.0,6724.0,6724.0
1363,246.180,231.440,245.6,231.74,850.54,30113.0,6694.0,6694.0
1364,246.180,231.440,245.6,231.74,850.54,30766.0,6332.0,6332.0
1365,246.180,231.440,245.6,231.74,850.54,30552.0,5926.0,5926.0
1366,246.180,231.440,245.6,231.74,850.54,31549.0,6861.0,6861.0
1367,246.180,231.440,245.6,231.74,850.54,32914.0,8507.0,8507.0
1368,246.180,231.440,245.6,231.74,850.54,30408.0,6687.0,6687.0
1369,246.180,231.440,245.6,231.74,850.54,28233.0,4801.0,4801.0
1370,246.180,231.440,245.6,231.74,850.54,29711.0,5000.0,5000.0
1371,246.180,231.440,245.6,231.74,850.54,29793.0,7189.0,7189.0
1372,246.180,231.440,245.6,231.74,850.54,29432.0,5249.0,5249.0
1373,246.180,231.440,245.6,231.74,850.54,31747.0,7109.0,7109.0
1374,246.180,231.440,245.6,231.74,850.54,32026.0,7918.0,7918.0
1375,246.180,231.440,245.6,231.74,850.54,28591.0,4986.0,4986.0
1376,246.180,231.440,245.6,231.74,850.54,30099.0,6428.0,6428.0
1377,246.180,231.440,245.6,231.74,850.54,30710.0,6352.0,6352.0
1378,246.180,231.440,245.6,231.74,850.54,32207.0,7427.0,7427.0
1379,246.180,231.440,245.6,231.74,850.54,31230.0,7126.0,7126.0
1380,246.180,231.440,245.6,231.74,850.54,31438.0,7181.0,7181.0
1381,246.180,231.440,245.6,231.74,850.54,27454.0,3301.0,3301.0
1382,246.180,231.440,245.6,231.74,850.54,30746.0,6806.0,6806.0
1383,246.180,231.440,245.6,231.74,850.54,31345.0,6982.0,6982.0
1384,246.180,231.440,245.6,231.74,850.54,29820.0,6252.0,6252.0
1385,246.180,231.440,245.6,231.74,850.54,27931.0,3900.0,3900.0
1386,246.180,231.440,245.6,231.74,850.54,28799.0,4521.0,4521.0
1387,246.180,231.440,245.6,231.74,850.54,30968.0,6140.0,6140.0
1388,246.180,231.440,245.6,231.74,850.54,29995.0,6309.0,6309.0
1389,246.180,231.440,245.6,231.74,850.54,28575.0,5703.0,5703.0
1390,246.180,231.440,245.6,231.74,850.54,28559.0,5044.0,5044.0
1391,246.180,231.440,245.6,231.74,850.54,31743.0,7854.0,7854.0
1392,246.180,231.440,245.6,231.74,850.54,34308.0,8937.0,8937.0
1393,246.180,231.440,245.6,231.74,850.54,29341.0,5621.0,5621.0
1394,246.180,231.440,245.6,231.74,850.54,30202.0,5552.0,5552.0
1395,246.180,231.440,245.6,231.74,850.54,33131.0,8850.0,8850.0
1396,246.180,231.440,245.6,231.74,850.54,30995.0,7679.0,7679.0
1397,246.180,231.440,245.6,231.74,850.54,31855.0,6841.0,6841.0
1398,246.180,231.440,245.6,231.74,850.54,30607.0,6511.0,6511.0
1399,246.180,231.440,245.6,231.74,850.54,33448.0,9496.0,9496.0
1400,246.180,231.440,245.6,231.74,850.54,32145.0,7300.0,7300.0
1401,246.180,231.440,245.6,231.74,850.54,33106.0,8414.0,8414.0
1402,246.180,231.440,245.6,231.74,850.54,29423.0,5307.0,5307.0
1403,246.180,231.440,245.6,231.74,850.54,30085.0,6045.0,6045.0
1404,246.180,231.440,245.6,231.74,850.54,30673.0,6559.0,6559.0
1405,246.180,231.440,245.6,231.74,850.54,32235.0,7408.0,7408.0
1406,246.180,231.440,245.6,231.74,850.54,35196.0,10678.0,10678.0
1407,246.180,231.440,245.6,231.74,850.54,31075.0,6840.0,6840.0
1408,246.180,231.440,245.6,231.74,850.54,33044.0,8330.0,8330.0
1409,246.180,231.440,245.6,231.74,850.54,30411.0,6409.0,6409.0
1410,246.180,231.440,245.6,231.74,850.54,33086.0,8675.0,8675.0
1411,246.180,231.440,245.6,231.74,850.54,30841.0,5782.0,5782.0
1412,246.180,231.440,245.6,231.74,850.54,29640.0,4708.0,4708.0
1413,246.180,231.440,245.6,231.74,850.54,29668.0,5523.0,5523.0
1414,246.180,231.440,245.6,231.74,850.54,28374.0,4867.0,4867.0
1415,246.180,231.440,245.6,231.74,850.54,27869.0,4413.0,4413.0
1416,246.180,231.440,245.6,231.74,850.54,29228.0,5467.0,5467.0
1417,246.180,231.440,245.6,231.74,850.54,31450.0,7461.0,7461.0
1418,246.180,231.440,245.6,231.74,850.54,34020.0,8087.0,8087.0
1419,246.180,231.440,245.6,231.74,850.54,29750.0,5889.0,5889.0
1420,246.180,231.440,245.6,231.74,850.54,28997.0,5990.0,5990.0
1421,246.180,231.440,245.6,231.74,850.54,30169.0,5786.0,5786.0
1422,246.180,231.440,245.6,231.74,850.54,31690.0,7388.0,7388.0
1423,246.180,231.440,245.6,231.74,850.54,29213.0,5052.0,5052.0
1424,246.180,231.440,245.6,231.74,850.54,27934.0,4649.0,4649.0
1425,246.180,231.440,245.6,231.74,850.54,31429.0,7731.0,7731.0
1426,246.180,231.440,245.6,231.74,850.54,30520.0,5854.0,5854.0
1427,246.180,231.440,245.6,231.74,850.54,31281.0,8072.0,8072.0
1428,246.180,231.440,245.6,231.74,850.54,31901.0,8082.0,8082.0
1429,246.180,231.440,245.6,231.74,850.54,31534.0,8081.0,8081.0
1430,246.180,231.440,245.6,231.74,850.54,29570.0,5091.0,5091.0
1431,246.180,231.440,245.6,231.74,850.54,31619.0,7327.0,7327.0
1432,246.180,231.440,245.6,231.74,850.54,30802.0,6735.0,6735.0
1433,246.180,231.440,245.6,231.74,850.54,30585.0,5859.0,5859.0
1434,246.180,231.440,245.6,231.74,850.54,31031.0,6789.0,6789.0
1435,246.180,231.440,245.6,231.74,850.54,30105.0,6207.0,6207.0
1436,246.180,231.440,245.6,231.74,850.54,30714.0,6404.0,6404.0
1437,246.180,231.440,245.57,231.73,850.54,30375.0,7372.0,7372.0
1438,246.180,231.440,245.6,231.74,850.54,29352.0,5014.0,5014.0
1439,246.180,231.440,245.6,231.74,850.54,30474.0,6555.0,6555.0
1440,246.180,231.440,245.84,231.85,850.54,32453.0,8166.0,8166.0
1441,246.180,231.440,245.6,231.74,850.54,30090.0,5944.0,5944.0
1442,246.180,231.440,245.61,231.47,850.54,32566.0,8159.0,8159.0
1443,246.180,231.440,245.41,231.48,850.54,31496.0,7719.0,7719.0
1444,246.180,231.440,245.6,231.74,850.54,29926.0,6230.0,6230.0
1445,246.180,231.440,246.28,231.81,850.54,29956.0,6066.0,6066.0
1446,246.180,231.440,245.53,231.72,850.54,33246.0,8511.0,8511.0
1447,246.180,231.440,245.6,231.74,850.54,31693.0,6996.0,6996.0
1448,246.180,231.440,245.6,231.74,850.54,30137.0,6229.0,6229.0
1449,246.180,231.440,245.67,231.91,850.54,34945.0,10485.0,10485.0
1450,246.180,231.440,245.6,231.74,850.54,29046.0,5294.0,5294.0
1451,246.180,231.440,245.51,231.7,850.54,32617.0,8035.0,8035.0
1452,246.180,231.440,245.85,232.1,850.54,33561.0,8937.0,8937.0
1453,246.180,231.440,245.6,231.74,850.54,28760.0,4996.0,4996.0
1454,246.180,231.440,246.43,232.04,850.54,34279.0,9042.0,9042.0
1455,246.180,231.440,245.67,231.89,850.54,30096.0,6353.0,6353.0
1456,246.180,231.440,245.6,231.74,850.54,27393.0,3399.0,3399.0
1457,246.180,231.440,245.94,231.79,850.54,29346.0,6238.0,6238.0
1458,246.180,231.440,245.52,231.67,850.54,33897.0,9415.0,9415.0
1459,246.180,231.440,245.81,231.98,850.54,32690.0,8577.0,8577.0
1460,246.180,231.440,245.6,231.74,850.54,28931.0,5028.0,5028.0
1461,246.180,231.440,245.6,231.74,850.54,29352.0,5217.0,5217.0
1462,246.180,231.440,245.87,231.91,850.54,31290.0,7194.0,7194.0
1463,246.180,231.440,245.6,231.74,850.54,29978.0,6892.0,6892.0
1464,246.180,231.440,245.6,231.74,850.54,30122.0,5687.0,5687.0
1465,246.180,231.440,245.6,231.74,850.54,30259.0,5937.0,5937.0
1466,246.180,231.440,245.67,232.07,850.54,33172.0,7954.0,7954.0
1467,246.180,231.440,245.6,231.74,850.54,29166.0,5304.0,5304.0
1468,246.180,231.440,245.6,231.74,850.54,31624.0,7399.0,7399.0
1469,246.180,231.440,245.88,231.78,850.54,31832.0,7836.0,7836.0
1470,246.180,231.440,245.6,231.74,850.54,30320.0,6411.0,6411.0
1471,246.180,231.440,245.6,231.74,850.54,31260.0,6050.0,6050.0
1472,246.180,231.440,246.05,231.74,850.54,32626.0,8248.0,8248.0
1473,246.180,231.440,245.47,231.67,850.54,32784.0,8439.0,8439.0
1474,246.180,231.440,245.52,231.62,850.54,33568.0,8856.0,8856.0
1475,246.180,231.440,245.72,231.9,850.54,32033.0,8417.0,8417.0
1476,246.180,231.440,245.81,231.83,850.54,32149.0,8070.0,8070.0
1477,246.180,231.440,245.6,231.74,850.54,28344.0,5774.0,5774.0
1478,246.180,231.440,245.87,231.85,850.54,33516.0,9106.0,9106.0
1479,246.180,231.440,245.6,231.74,850.54,29512.0,5993.0,5993.0
1480,246.180,231.440,245.57,231.83,850.54,31681.0,6982.0,6982.0
1481,246.180,231.440,245.67,231.97,850.54,30438.0,6152.0,6152.0
1482,246.180,231.440,245.73,231.81,850.54,32846.0,8398.0,8398.0
1483,246.180,231.440,245.6,231.74,850.54,30992.0,7234.0,7234.0
1484,246.180,231.440,245.92,231.8,850.54,31239.0,7027.0,7027.0
1485,246.180,231.440,245.57,231.57,850.54,32933.0,8866.0,8866.0
1486,246.180,231.440,245.83,231.95,850.54,32689.0,7906.0,7906.0
1487,246.180,231.440,245.6,231.74,850.54,29195.0,5841.0,5841.0
1488,246.180,231.440,245.66,232.4,850.54,31090.0,7214.0,7214.0
1489,246.180,231.440,245.91,231.56,850.54,29874.0,6664.0,6664.0
1490,246.180,231.440,245.6,231.74,850.54,28485.0,4755.0,4755.0
1491,246.180,231.440,245.6,231.74,850.54,29375.0,6038.0,6038.0
1492,246.180,231.440,245.89,231.95,850.54,30467.0,6170.0,6170.0
1493,246.180,231.440,245.6,231.74,850.54,28637.0,5157.0,5157.0
1494,246.180,231.440,245.6,231.74,850.54,29472.0,6052.0,6052.0
1495,246.180,231.440,245.52,231.79,850.54,31657.0,8559.0,8559.0
1496,246.180,231.440,245.6,231.74,850.54,28408.0,4559.0,4559.0
1497,246.180,231.440,246.18,231.44,850.54,30726.0,6771.0,6771.0
1498,246.180,231.440,246.18,231.44,850.54,27965.0,3747.0,3747.0
1499,246.180,231.440,246.18,231.44,850.54,29323.0,5720.0,5720.0
1500,246.180,231.440,246.18,231.44,850.54,28892.0,5275.0,5275.0
