id,avg_x,avg_y,x,y,bg,Square_intensity,circular_intensity,Gaussian_intensity
1,12.470,175.250,12.96,175.52,1172.84,52225.0,19680.0,19680.0
2,12.470,175.250,13,175.5,1172.84,52673.0,19417.0,19417.0
3,12.470,175.250,12.8,175.28,1172.84,50250.0,16912.0,16912.0
4,12.470,175.250,12.91,175.77,1172.84,51616.0,16990.0,16990.0
5,12.470,175.250,12.91,175.83,1172.84,48940.0,15694.0,15694.0
6,12.470,175.250,12.86,175.42,1172.84,49890.0,17002.0,17002.0
7,12.470,175.250,12.92,175.88,1172.84,51070.0,16354.0,16354.0
8,12.470,175.250,12.62,175.56,1172.84,49228.0,15172.0,15172.0
9,12.470,175.250,12.87,175.37,1172.84,49861.0,17576.0,17576.0
10,12.470,175.250,13.05,175.44,1172.84,48228.0,16287.0,16287.0
11,12.470,175.250,12.67,175.54,1172.84,48459.0,14891.0,14891.0
12,12.470,175.250,12.79,175.44,1172.84,49491.0,16460.0,16460.0
13,12.470,175.250,12.39,175.49,1172.84,48222.0,15538.0,15538.0
14,12.470,175.250,12.69,175.58,1172.84,47541.0,15354.0,15354.0
15,12.470,175.250,12.86,175.49,1172.84,47264.0,15063.0,15063.0
16,12.470,175.250,12.82,175.62,1172.84,47865.0,15472.0,15472.0
17,12.470,175.250,12.72,175.37,1172.84,47880.0,15356.0,15356.0
18,12.470,175.250,12.99,175.35,1172.84,46091.0,13630.0,13630.0
19,12.470,175.250,12.68,175.37,1172.84,47979.0,16211.0,16211.0
20,12.470,175.250,12.54,175.33,1172.84,48378.0,15762.0,15762.0
21,12.470,175.250,12.43,175.48,1172.84,47492.0,15962.0,15962.0
22,12.470,175.250,12.85,175.39,1172.84,48795.0,15472.0,15472.0
23,12.470,175.250,12.86,175.78,1172.84,49180.0,16298.0,16298.0
24,12.470,175.250,12.76,175.66,1172.84,45332.0,12205.0,12205.0
25,12.470,175.250,13.38,175.43,1172.84,44492.0,12827.0,12827.0
26,12.470,175.250,13.12,175.4,1172.84,48055.0,14981.0,14981.0
27,12.470,175.250,12.64,175.56,1172.84,46842.0,14513.0,14513.0
28,12.470,175.250,12.94,175.64,1172.84,44580.0,13083.0,13083.0
29,12.470,175.250,12.82,175.8,1172.84,46298.0,14095.0,14095.0
30,12.470,175.250,12.57,175.53,1172.84,46739.0,15310.0,15310.0
31,12.470,175.250,12.87,175.45,1172.84,46621.0,15115.0,15115.0
32,12.470,175.250,12.83,175.63,1172.84,48042.0,15269.0,15269.0
33,12.470,175.250,12.9,175.36,1172.84,46021.0,15271.0,15271.0
34,12.470,175.250,12.82,175.33,1172.84,48719.0,16622.0,16622.0
35,12.470,175.250,12.64,175.68,1172.84,46486.0,15671.0,15671.0
36,12.470,175.250,12.55,175.59,1172.84,44382.0,13081.0,13081.0
37,12.470,175.250,12.91,175.73,1172.84,44851.0,14387.0,14387.0
38,12.470,175.250,12.8,175.35,1172.84,46268.0,14902.0,14902.0
39,12.470,175.250,12.81,175.34,1172.84,46412.0,16180.0,16180.0
40,12.470,175.250,12.93,175.35,1172.84,44500.0,13187.0,13187.0
41,12.470,175.250,12.68,175.58,1172.84,45274.0,15312.0,15312.0
42,12.470,175.250,12.96,175.2,1172.84,42465.0,10820.0,10820.0
43,12.470,175.250,12.9,175.23,1172.84,46713.0,15760.0,15760.0
44,12.470,175.250,12.86,175.31,1172.84,45907.0,15747.0,15747.0
45,12.470,175.250,12.72,175.64,1172.84,45326.0,14723.0,14723.0
46,12.470,175.250,12.67,175.49,1172.84,46999.0,16849.0,16849.0
47,12.470,175.250,12.72,175.36,1172.84,44392.0,14074.0,14074.0
48,12.470,175.250,12.88,175.2,1172.84,41507.0,11471.0,11471.0
49,12.470,175.250,12.88,175.52,1172.84,44432.0,13579.0,13579.0
50,12.470,175.250,12.94,175.46,1172.84,45144.0,13963.0,13963.0
51,12.470,175.250,12.64,175.47,1172.84,46275.0,15523.0,15523.0
52,12.470,175.250,12.63,175.49,1172.84,44824.0,15091.0,15091.0
53,12.470,175.250,12.56,175.45,1172.84,44272.0,14821.0,14821.0
54,12.470,175.250,12.84,175.26,1172.84,47548.0,17331.0,17331.0
55,12.470,175.250,12.51,175.54,1172.84,44832.0,14321.0,14321.0
56,12.470,175.250,12.84,175.26,1172.84,44566.0,14458.0,14458.0
57,12.470,175.250,12.95,175.36,1172.84,44267.0,14088.0,14088.0
58,12.470,175.250,12.77,175.38,1172.84,45472.0,15295.0,15295.0
59,12.470,175.250,12.81,175.43,1172.84,44376.0,13752.0,13752.0
60,12.470,175.250,12.66,175.41,1172.84,44272.0,13513.0,13513.0
61,12.470,175.250,12.77,175.24,1172.84,45878.0,15993.0,15993.0
62,12.470,175.250,12.88,175.28,1172.84,42687.0,13177.0,13177.0
63,12.470,175.250,12.57,175.48,1172.84,43862.0,14478.0,14478.0
64,12.470,175.250,12.71,175.29,1172.84,41399.0,11122.0,11122.0
65,12.470,175.250,12.57,175.28,1172.84,44202.0,14068.0,14068.0
66,12.470,175.250,12.24,175.71,1172.84,43952.0,13496.0,13496.0
67,12.470,175.250,12.76,175.42,1172.84,42718.0,13508.0,13508.0
68,12.470,175.250,12.83,175.27,1172.84,44671.0,14546.0,14546.0
69,12.470,175.250,12.73,175.41,1172.84,41933.0,12208.0,12208.0
70,12.470,175.250,12.83,175.64,1172.84,40083.0,11326.0,11326.0
71,12.470,175.250,12.58,175.46,1172.84,46072.0,15243.0,15243.0
72,12.470,175.250,12.53,175.38,1172.84,43350.0,13740.0,13740.0
73,12.470,175.250,12.62,175.42,1172.84,43265.0,13911.0,13911.0
74,12.470,175.250,12.97,175.61,1172.84,44740.0,14128.0,14128.0
75,12.470,175.250,12.84,175.37,1172.84,42688.0,11647.0,11647.0
76,12.470,175.250,12.82,175.49,1172.84,44257.0,15214.0,15214.0
77,12.470,175.250,12.93,175.25,1172.84,46459.0,15094.0,15094.0
78,12.470,175.250,12.68,175.29,1172.84,44232.0,14846.0,14846.0
79,12.470,175.250,12.87,175.5,1172.84,45682.0,15418.0,15418.0
80,12.470,175.250,12.87,175.31,1172.84,42564.0,12731.0,12731.0
81,12.470,175.250,12.69,175.43,1172.84,43236.0,14352.0,14352.0
82,12.470,175.250,12.94,175.41,1172.84,42304.0,13099.0,13099.0
83,12.470,175.250,12.81,175.43,1172.84,43177.0,12718.0,12718.0
84,12.470,175.250,12.74,175.22,1172.84,42595.0,14535.0,14535.0
85,12.470,175.250,12.56,175.44,1172.84,44292.0,15147.0,15147.0
86,12.470,175.250,12.94,175.2,1172.84,45694.0,16051.0,16051.0
87,12.470,175.250,12.66,175.41,1172.84,42447.0,13948.0,13948.0
88,12.470,175.250,12.69,175.48,1172.84,39812.0,11464.0,11464.0
89,12.470,175.250,12.86,175.41,1172.84,42285.0,13611.0,13611.0
90,12.470,175.250,12.57,175.44,1172.84,43927.0,13891.0,13891.0
91,12.470,175.250,12.59,175.33,1172.84,41387.0,11648.0,11648.0
92,12.470,175.250,12.58,175.41,1172.84,44539.0,14574.0,14574.0
93,12.470,175.250,13.07,175.37,1172.84,43249.0,14551.0,14551.0
94,12.470,175.250,12.82,175.4,1172.84,41984.0,14356.0,14356.0
95,12.470,175.250,12.8,175.39,1172.84,45561.0,16151.0,16151.0
96,12.470,175.250,12.83,175.23,1172.84,44908.0,15234.0,15234.0
97,12.470,175.250,12.55,175.44,1172.84,45059.0,15498.0,15498.0
98,12.470,175.250,12.91,175.28,1172.84,42291.0,13601.0,13601.0
99,12.470,175.250,12.89,175.31,1172.84,41277.0,12695.0,12695.0
100,12.470,175.250,12.88,175.34,1172.84,42200.0,12824.0,12824.0
101,12.470,175.250,13.11,175.65,1172.84,42332.0,12559.0,12559.0
102,12.470,175.250,12.8,175.33,1172.84,42623.0,14628.0,14628.0
103,12.470,175.250,12.61,175.46,1172.84,43856.0,14175.0,14175.0
104,12.470,175.250,12.85,175.35,1172.84,42735.0,13040.0,13040.0
105,12.470,175.250,12.73,175.38,1172.84,42131.0,13929.0,13929.0
106,12.470,175.250,12.63,175.5,1172.84,44010.0,15690.0,15690.0
107,12.470,175.250,12.76,175.28,1172.84,46150.0,16548.0,16548.0
108,12.470,175.250,12.98,175.29,1172.84,46614.0,15709.0,15709.0
109,12.470,175.250,12.75,175.46,1172.84,43496.0,13132.0,13132.0
110,12.470,175.250,12.62,175.42,1172.84,43406.0,14042.0,14042.0
111,12.470,175.250,12.82,175.31,1172.84,43260.0,14214.0,14214.0
112,12.470,175.250,12.82,175.22,1172.84,41323.0,12586.0,12586.0
113,12.470,175.250,12.92,175.29,1172.84,38369.0,9373.0,9373.0
114,12.470,175.250,12.8,175.5,1172.84,43305.0,13982.0,13982.0
115,12.470,175.250,12.92,175.61,1172.84,43945.0,15380.0,15380.0
116,12.470,175.250,12.76,175.36,1172.84,41706.0,13253.0,13253.0
117,12.470,175.250,12.75,175.31,1172.84,42802.0,14642.0,14642.0
118,12.470,175.250,12.51,175.29,1172.84,42385.0,13507.0,13507.0
119,12.470,175.250,12.53,175.37,1172.84,42974.0,14243.0,14243.0
120,12.470,175.250,12.66,175.52,1172.84,40160.0,11746.0,11746.0
121,12.470,175.250,12.73,175.43,1172.84,43578.0,14761.0,14761.0
122,12.470,175.250,12.81,175.48,1172.84,44378.0,15252.0,15252.0
123,12.470,175.250,12.93,175.39,1172.84,44548.0,16222.0,16222.0
124,12.470,175.250,12.65,175.32,1172.84,42795.0,12925.0,12925.0
125,12.470,175.250,12.77,175.49,1172.84,44276.0,14875.0,14875.0
126,12.470,175.250,12.79,175.37,1172.84,41807.0,14328.0,14328.0
127,12.470,175.250,12.82,175.25,1172.84,46040.0,17617.0,17617.0
128,12.470,175.250,12.61,175.39,1172.84,44018.0,15388.0,15388.0
129,12.470,175.250,12.73,175.16,1172.84,41013.0,12197.0,12197.0
130,12.470,175.250,12.83,175.26,1172.84,40040.0,13601.0,13601.0
131,12.470,175.250,12.77,175.42,1172.84,43694.0,16046.0,16046.0
132,12.470,175.250,12.83,175.36,1172.84,44377.0,15846.0,15846.0
133,12.470,175.250,12.71,175.37,1172.84,43500.0,14820.0,14820.0
134,12.470,175.250,12.83,175.68,1172.84,43050.0,14981.0,14981.0
135,12.470,175.250,12.83,175.31,1172.84,42624.0,14143.0,14143.0
136,12.470,175.250,12.63,175.51,1172.84,44346.0,15240.0,15240.0
137,12.470,175.250,12.58,175.42,1172.84,40159.0,11688.0,11688.0
138,12.470,175.250,12.8,175.48,1172.84,41841.0,13193.0,13193.0
139,12.470,175.250,12.88,175.35,1172.84,39495.0,11724.0,11724.0
140,12.470,175.250,12.83,175.31,1172.84,42100.0,13480.0,13480.0
141,12.470,175.250,12.7,175.29,1172.84,43418.0,14171.0,14171.0
142,12.470,175.250,12.75,175.1,1172.84,43218.0,14875.0,14875.0
143,12.470,175.250,12.49,175.39,1172.84,43162.0,15055.0,15055.0
144,12.470,175.250,12.76,175.23,1172.84,41942.0,13524.0,13524.0
145,12.470,175.250,12.68,175.34,1172.84,42031.0,13158.0,13158.0
146,12.470,175.250,12.75,175.43,1172.84,43582.0,15441.0,15441.0
147,12.470,175.250,12.64,175.47,1172.84,43526.0,14773.0,14773.0
148,12.470,175.250,12.75,175.36,1172.84,42245.0,13476.0,13476.0
149,12.470,175.250,12.82,175.41,1172.84,40873.0,12252.0,12252.0
150,12.470,175.250,12.89,175.63,1172.84,41054.0,12869.0,12869.0
151,12.470,175.250,12.78,175.39,1172.84,42706.0,14724.0,14724.0
152,12.470,175.250,12.58,175.3,1172.84,42438.0,13396.0,13396.0
153,12.470,175.250,12.78,175.3,1172.84,45482.0,16277.0,16277.0
154,12.470,175.250,12.8,175.41,1172.84,43074.0,15015.0,15015.0
155,12.470,175.250,12.73,175.35,1172.84,41181.0,12473.0,12473.0
156,12.470,175.250,12.56,175.46,1172.84,40701.0,12666.0,12666.0
157,12.470,175.250,12.64,175.08,1172.84,41026.0,14120.0,14120.0
158,12.470,175.250,12.98,175.45,1172.84,43190.0,13986.0,13986.0
159,12.470,175.250,12.7,175.44,1172.84,43990.0,15040.0,15040.0
160,12.470,175.250,12.66,175.37,1172.84,41702.0,13816.0,13816.0
161,12.470,175.250,12.72,175.24,1172.84,43427.0,14769.0,14769.0
162,12.470,175.250,12.72,175.09,1172.84,40743.0,13546.0,13546.0
163,12.470,175.250,12.54,175.4,1172.84,40344.0,12106.0,12106.0
164,12.470,175.250,12.6,175.45,1172.84,42403.0,14840.0,14840.0
165,12.470,175.250,12.58,175.46,1172.84,40587.0,12891.0,12891.0
166,12.470,175.250,12.74,175.54,1172.84,41388.0,13897.0,13897.0
167,12.470,175.250,12.58,175.35,1172.84,44745.0,17300.0,17300.0
168,12.470,175.250,12.63,175.22,1172.84,40797.0,11677.0,11677.0
169,12.470,175.250,12.75,175.38,1172.84,42072.0,14148.0,14148.0
170,12.470,175.250,12.81,175.29,1172.84,41035.0,12561.0,12561.0
171,12.470,175.250,12.66,175.45,1172.84,42769.0,14314.0,14314.0
172,12.470,175.250,12.7,175.38,1172.84,42342.0,13183.0,13183.0
173,12.470,175.250,12.33,175.42,1172.84,38831.0,11224.0,11224.0
174,12.470,175.250,12.66,175.18,1172.84,43144.0,13391.0,13391.0
175,12.470,175.250,12.91,175.18,1172.84,40463.0,13211.0,13211.0
176,12.470,175.250,12.65,175.54,1172.84,43196.0,15019.0,15019.0
177,12.470,175.250,12.59,175.62,1172.84,40533.0,12926.0,12926.0
178,12.470,175.250,12.58,175.29,1172.84,42521.0,14588.0,14588.0
179,12.470,175.250,12.49,175.32,1172.84,42281.0,12934.0,12934.0
180,12.470,175.250,12.82,175.21,1172.84,43772.0,14560.0,14560.0
181,12.470,175.250,12.71,175.25,1172.84,42950.0,13806.0,13806.0
182,12.470,175.250,12.62,175.49,1172.84,42878.0,14952.0,14952.0
183,12.470,175.250,12.74,175.28,1172.84,43203.0,13671.0,13671.0
184,12.470,175.250,12.8,175.15,1172.84,40667.0,12312.0,12312.0
185,12.470,175.250,12.75,175.28,1172.84,42534.0,13648.0,13648.0
186,12.470,175.250,12.8,175.25,1172.84,42172.0,14052.0,14052.0
187,12.470,175.250,12.66,175.28,1172.84,42014.0,14315.0,14315.0
188,12.470,175.250,12.82,175.12,1172.84,39251.0,11476.0,11476.0
189,12.470,175.250,12.78,175.23,1172.84,40956.0,13210.0,13210.0
190,12.470,175.250,12.63,175.31,1172.84,41285.0,13388.0,13388.0
191,12.470,175.250,12.66,175.16,1172.84,40708.0,13091.0,13091.0
192,12.470,175.250,12.64,175.31,1172.84,41147.0,12638.0,12638.0
193,12.470,175.250,12.97,175.22,1172.84,42463.0,14820.0,14820.0
194,12.470,175.250,12.66,175.31,1172.84,39170.0,11004.0,11004.0
195,12.470,175.250,12.61,175.31,1172.84,44136.0,16626.0,16626.0
196,12.470,175.250,12.98,175.1,1172.84,42710.0,14062.0,14062.0
197,12.470,175.250,12.66,175.47,1172.84,40317.0,13116.0,13116.0
198,12.470,175.250,12.66,175.24,1172.84,42927.0,15254.0,15254.0
199,12.470,175.250,12.72,175.37,1172.84,40643.0,12885.0,12885.0
200,12.470,175.250,12.89,175.14,1172.84,41379.0,12907.0,12907.0
201,12.470,175.250,12.89,175.33,1172.84,42700.0,14579.0,14579.0
202,12.470,175.250,12.65,175.4,1172.84,40053.0,12569.0,12569.0
203,12.470,175.250,12.63,175.42,1172.84,41291.0,13720.0,13720.0
204,12.470,175.250,12.75,175.3,1172.84,43735.0,15518.0,15518.0
205,12.470,175.250,12.7,175.45,1172.84,40987.0,12070.0,12070.0
206,12.470,175.250,12.74,175.24,1172.84,40039.0,13251.0,13251.0
207,12.470,175.250,12.58,175.43,1172.84,43017.0,14542.0,14542.0
208,12.470,175.250,12.68,175.64,1172.84,40613.0,12867.0,12867.0
209,12.470,175.250,12.82,175.33,1172.84,39660.0,12903.0,12903.0
210,12.470,175.250,12.72,175.39,1172.84,41317.0,13541.0,13541.0
211,12.470,175.250,12.75,175.37,1172.84,41935.0,14867.0,14867.0
212,12.470,175.250,12.7,175.33,1172.84,42043.0,14849.0,14849.0
213,12.470,175.250,12.64,175.17,1172.84,42087.0,14092.0,14092.0
214,12.470,175.250,12.65,175.44,1172.84,41213.0,13179.0,13179.0
215,12.470,175.250,12.65,175.33,1172.84,40557.0,13865.0,13865.0
216,12.470,175.250,12.64,175.25,1172.84,39261.0,11692.0,11692.0
217,12.470,175.250,12.59,175.32,1172.84,40449.0,12124.0,12124.0
218,12.470,175.250,12.9,175.56,1172.84,40315.0,12619.0,12619.0
219,12.470,175.250,12.71,175.35,1172.84,38666.0,11890.0,11890.0
220,12.470,175.250,12.63,175.14,1172.84,42768.0,14454.0,14454.0
221,12.470,175.250,12.81,175.15,1172.84,39673.0,11876.0,11876.0
222,12.470,175.250,12.73,175.52,1172.84,38554.0,12117.0,12117.0
223,12.470,175.250,12.64,175.36,1172.84,41323.0,13801.0,13801.0
224,12.470,175.250,12.78,175.29,1172.84,38453.0,11410.0,11410.0
225,12.470,175.250,12.53,175.38,1172.84,41335.0,13406.0,13406.0
226,12.470,175.250,12.82,175.1,1172.84,42401.0,13882.0,13882.0
227,12.470,175.250,12.63,175.35,1172.84,40451.0,13345.0,13345.0
228,12.470,175.250,12.63,175.36,1172.84,41417.0,15217.0,15217.0
229,12.470,175.250,12.47,174.96,1172.84,43785.0,15449.0,15449.0
230,12.470,175.250,12.56,175.37,1172.84,46885.0,17213.0,17213.0
231,12.470,175.250,12.4,175.49,1172.84,47754.0,19853.0,19853.0
232,12.470,175.250,12.64,175.03,1172.84,44739.0,15969.0,15969.0
233,12.470,175.250,12.41,175.02,1172.84,45567.0,15713.0,15713.0
234,12.470,175.250,12.53,175.42,1172.84,47678.0,19329.0,19329.0
235,12.470,175.250,12.74,175.25,1172.84,43730.0,15441.0,15441.0
236,12.470,175.250,12.72,175.2,1172.84,44684.0,17124.0,17124.0
237,12.470,175.250,12.62,175.29,1172.84,46070.0,16752.0,16752.0
238,12.470,175.250,12.52,175.36,1172.84,49987.0,20296.0,20296.0
239,12.470,175.250,12.75,175.13,1172.84,45364.0,16820.0,16820.0
240,12.470,175.250,12.08,175.16,1172.84,47870.0,17577.0,17577.0
241,12.470,175.250,12.51,175.37,1172.84,46655.0,17795.0,17795.0
242,12.470,175.250,12.65,175.24,1172.84,46194.0,17162.0,17162.0
243,12.470,175.250,12.55,175.41,1172.84,49004.0,19184.0,19184.0
244,12.470,175.250,12.82,175.4,1172.84,40176.0,11479.0,11479.0
245,12.470,175.250,12.71,175.4,1172.84,40460.0,12680.0,12680.0
246,12.470,175.250,12.93,175.06,1172.84,39813.0,12150.0,12150.0
247,12.470,175.250,12.63,175.3,1172.84,37829.0,10243.0,10243.0
248,12.470,175.250,12.54,175.19,1172.84,40804.0,12924.0,12924.0
249,12.470,175.250,12.55,175.34,1172.84,41819.0,13483.0,13483.0
250,12.470,175.250,12.54,175.25,1172.84,43977.0,16669.0,16669.0
251,12.470,175.250,12.66,175.26,1172.84,40952.0,13210.0,13210.0
252,12.470,175.250,12.75,175.18,1172.84,44259.0,16359.0,16359.0
253,12.470,175.250,12.79,175.12,1172.84,41508.0,14562.0,14562.0
254,12.470,175.250,12.82,175.2,1172.84,43301.0,16217.0,16217.0
255,12.470,175.250,12.97,175.24,1172.84,39255.0,10834.0,10834.0
256,12.470,175.250,12.49,175.48,1172.84,40572.0,13491.0,13491.0
257,12.470,175.250,12.64,175.11,1172.84,44198.0,16326.0,16326.0
258,12.470,175.250,12.64,175.53,1172.84,40693.0,13251.0,13251.0
259,12.470,175.250,12.78,175.06,1172.84,39993.0,12874.0,12874.0
260,12.470,175.250,12.74,175.37,1172.84,39715.0,12577.0,12577.0
261,12.470,175.250,12.7,175.14,1172.84,40705.0,13545.0,13545.0
262,12.470,175.250,12.64,175.33,1172.84,40782.0,12371.0,12371.0
263,12.470,175.250,12.72,175.16,1172.84,40631.0,12522.0,12522.0
264,12.470,175.250,12.74,175.28,1172.84,38496.0,11726.0,11726.0
265,12.470,175.250,12.87,175.24,1172.84,38961.0,11755.0,11755.0
266,12.470,175.250,12.74,175.31,1172.84,39627.0,12082.0,12082.0
267,12.470,175.250,12.64,175.35,1172.84,38485.0,11491.0,11491.0
268,12.470,175.250,12.74,175.16,1172.84,41746.0,14342.0,14342.0
269,12.470,175.250,12.73,175.21,1172.84,41300.0,13451.0,13451.0
270,12.470,175.250,12.55,175.35,1172.84,39980.0,12943.0,12943.0
271,12.470,175.250,12.77,175.07,1172.84,39053.0,11385.0,11385.0
272,12.470,175.250,12.63,175.36,1172.84,41502.0,15036.0,15036.0
273,12.470,175.250,12.66,175.17,1172.84,41347.0,14150.0,14150.0
274,12.470,175.250,12.67,175.11,1172.84,42410.0,13743.0,13743.0
275,12.470,175.250,12.86,175.09,1172.84,44415.0,16789.0,16789.0
276,12.470,175.250,12.58,175.43,1172.84,38977.0,11603.0,11603.0
277,12.470,175.250,12.52,175.06,1172.84,40741.0,13276.0,13276.0
278,12.470,175.250,12.81,175.05,1172.84,37359.0,10989.0,10989.0
279,12.470,175.250,12.47,175.1,1172.84,40338.0,12128.0,12128.0
280,12.470,175.250,12.94,175.17,1172.84,40891.0,14127.0,14127.0
281,12.470,175.250,12.4,175.38,1172.84,44306.0,15400.0,15400.0
282,12.470,175.250,12.72,175.41,1172.84,42452.0,14519.0,14519.0
283,12.470,175.250,12.85,175.21,1172.84,41554.0,13162.0,13162.0
284,12.470,175.250,12.86,175.34,1172.84,43793.0,16627.0,16627.0
285,12.470,175.250,12.55,175.19,1172.84,39387.0,12017.0,12017.0
286,12.470,175.250,12.5,175.2,1172.84,42189.0,13824.0,13824.0
287,12.470,175.250,12.55,175.36,1172.84,39171.0,12064.0,12064.0
288,12.470,175.250,12.47,175.25,1172.84,42765.0,15555.0,15555.0
289,12.470,175.250,12.47,175.25,1172.84,32022.0,6503.0,6503.0
290,12.470,175.250,12.47,175.25,1172.84,28098.0,2496.0,2496.0
291,12.470,175.250,12.47,175.25,1172.84,28074.0,3076.0,3076.0
292,12.470,175.250,12.47,175.25,1172.84,25431.0,1056.0,1056.0
293,12.470,175.250,12.47,175.25,1172.84,26223.0,1253.0,1253.0
294,12.470,175.250,12.47,175.25,1172.84,26411.0,1101.0,1101.0
295,12.470,175.250,12.47,175.25,1172.84,24999.0,769.0,769.0
296,12.470,175.250,12.47,175.25,1172.84,26875.0,2151.0,2151.0
297,12.470,175.250,12.47,175.25,1172.84,25136.0,0.0,0.0
298,12.470,175.250,12.47,175.25,1172.84,23510.0,0.0,0.0
299,12.470,175.250,12.47,175.25,1172.84,25528.0,438.0,438.0
300,12.470,175.250,12.47,175.25,1172.84,24237.0,0.0,0.0
301,12.470,175.250,12.47,175.25,1172.84,25355.0,778.0,778.0
302,12.470,175.250,12.47,175.25,1172.84,25498.0,679.0,679.0
303,12.470,175.250,12.47,175.25,1172.84,25720.0,0.0,0.0
304,12.470,175.250,12.47,175.25,1172.84,25809.0,357.0,357.0
305,12.470,175.250,12.47,175.25,1172.84,25486.0,0.0,0.0
306,12.470,175.250,12.47,175.25,1172.84,26744.0,363.0,363.0
307,12.470,175.250,12.47,175.25,1172.84,25431.0,558.0,558.0
308,12.470,175.250,12.47,175.25,1172.84,24804.0,172.0,172.0
309,12.470,175.250,12.47,175.25,1172.84,26015.0,1802.0,1802.0
310,12.470,175.250,12.47,175.25,1172.84,25456.0,825.0,825.0
311,12.470,175.250,12.47,175.25,1172.84,24815.0,150.0,150.0
312,12.470,175.250,12.47,175.25,1172.84,23687.0,0.0,0.0
313,12.470,175.250,12.47,175.25,1172.84,24760.0,469.0,469.0
314,12.470,175.250,12.47,175.25,1172.84,24844.0,0.0,0.0
315,12.470,175.250,12.47,175.25,1172.84,25372.0,0.0,0.0
316,12.470,175.250,12.47,175.25,1172.84,23778.0,0.0,0.0
317,12.470,175.250,12.47,175.25,1172.84,25860.0,1797.0,1797.0
318,12.470,175.250,12.47,175.25,1172.84,27290.0,2488.0,2488.0
319,12.470,175.250,12.47,175.25,1172.84,25806.0,0.0,0.0
320,12.470,175.250,12.47,175.25,1172.84,26186.0,748.0,748.0
321,12.470,175.250,12.47,175.25,1172.84,27427.0,1912.0,1912.0
322,12.470,175.250,12.47,175.25,1172.84,24819.0,471.0,471.0
323,12.470,175.250,12.47,175.25,1172.84,26742.0,1855.0,1855.0
324,12.470,175.250,12.47,175.25,1172.84,26175.0,1374.0,1374.0
325,12.470,175.250,12.47,175.25,1172.84,25006.0,20.0,20.0
326,12.470,175.250,12.47,175.25,1172.84,24558.0,0.0,0.0
327,12.470,175.250,12.47,175.25,1172.84,25818.0,1253.0,1253.0
328,12.470,175.250,12.47,175.25,1172.84,27781.0,1891.0,1891.0
329,12.470,175.250,12.47,175.25,1172.84,26712.0,1275.0,1275.0
330,12.470,175.250,12.47,175.25,1172.84,24545.0,0.0,0.0
331,12.470,175.250,12.47,175.25,1172.84,25015.0,208.0,208.0
332,12.470,175.250,12.47,175.25,1172.84,24798.0,307.0,307.0
333,12.470,175.250,12.47,175.25,1172.84,25829.0,268.0,268.0
334,12.470,175.250,12.47,175.25,1172.84,24550.0,372.0,372.0
335,12.470,175.250,12.47,175.25,1172.84,25201.0,359.0,359.0
336,12.470,175.250,12.47,175.25,1172.84,25422.0,1056.0,1056.0
337,12.470,175.250,12.47,175.25,1172.84,24996.0,188.0,188.0
338,12.470,175.250,12.47,175.25,1172.84,24616.0,0.0,0.0
339,12.470,175.250,12.47,175.25,1172.84,25384.0,761.0,761.0
340,12.470,175.250,12.47,175.25,1172.84,25442.0,535.0,535.0
341,12.470,175.250,12.47,175.25,1172.84,25515.0,466.0,466.0
342,12.470,175.250,12.47,175.25,1172.84,24392.0,0.0,0.0
343,12.470,175.250,12.47,175.25,1172.84,26125.0,273.0,273.0
344,12.470,175.250,12.47,175.25,1172.84,25701.0,645.0,645.0
345,12.470,175.250,12.47,175.25,1172.84,25843.0,1047.0,1047.0
346,12.470,175.250,12.47,175.25,1172.84,26633.0,1467.0,1467.0
347,12.470,175.250,12.47,175.25,1172.84,25377.0,473.0,473.0
348,12.470,175.250,12.47,175.25,1172.84,25474.0,96.0,96.0
349,12.470,175.250,12.47,175.25,1172.84,24732.0,928.0,928.0
350,12.470,175.250,12.47,175.25,1172.84,24017.0,0.0,0.0
351,12.470,175.250,12.47,175.25,1172.84,24296.0,0.0,0.0
352,12.470,175.250,12.47,175.25,1172.84,25601.0,944.0,944.0
353,12.470,175.250,12.47,175.25,1172.84,26217.0,1843.0,1843.0
354,12.470,175.250,12.47,175.25,1172.84,23701.0,0.0,0.0
355,12.470,175.250,12.47,175.25,1172.84,25572.0,267.0,267.0
356,12.470,175.250,12.47,175.25,1172.84,24804.0,626.0,626.0
357,12.470,175.250,12.47,175.25,1172.84,27015.0,2790.0,2790.0
358,12.470,175.250,12.47,175.25,1172.84,26552.0,1495.0,1495.0
359,12.470,175.250,12.47,175.25,1172.84,25041.0,1268.0,1268.0
360,12.470,175.250,12.47,175.25,1172.84,24989.0,0.0,0.0
361,12.470,175.250,12.47,175.25,1172.84,26536.0,1075.0,1075.0
362,12.470,175.250,12.47,175.25,1172.84,24260.0,0.0,0.0
363,12.470,175.250,12.47,175.25,1172.84,25236.0,848.0,848.0
364,12.470,175.250,12.47,175.25,1172.84,25373.0,0.0,0.0
365,12.470,175.250,12.47,175.25,1172.84,25610.0,1290.0,1290.0
366,12.470,175.250,12.47,175.25,1172.84,25315.0,343.0,343.0
367,12.470,175.250,12.47,175.25,1172.84,24209.0,535.0,535.0
368,12.470,175.250,12.47,175.25,1172.84,25173.0,601.0,601.0
369,12.470,175.250,12.47,175.25,1172.84,26166.0,833.0,833.0
370,12.470,175.250,12.47,175.25,1172.84,28161.0,3055.0,3055.0
371,12.470,175.250,12.47,175.25,1172.84,26000.0,910.0,910.0
372,12.470,175.250,12.47,175.25,1172.84,24424.0,169.0,169.0
373,12.470,175.250,12.47,175.25,1172.84,26261.0,1201.0,1201.0
374,12.470,175.250,12.47,175.25,1172.84,25509.0,0.0,0.0
375,12.470,175.250,12.47,175.25,1172.84,25682.0,553.0,553.0
376,12.470,175.250,12.47,175.25,1172.84,23247.0,0.0,0.0
377,12.470,175.250,12.47,175.25,1172.84,24225.0,0.0,0.0
378,12.470,175.250,12.47,175.25,1172.84,24350.0,0.0,0.0
379,12.470,175.250,12.47,175.25,1172.84,24278.0,435.0,435.0
380,12.470,175.250,12.47,175.25,1172.84,24803.0,787.0,787.0
381,12.470,175.250,12.47,175.25,1172.84,25348.0,730.0,730.0
382,12.470,175.250,12.47,175.25,1172.84,24905.0,559.0,559.0
383,12.470,175.250,12.47,175.25,1172.84,24719.0,94.0,94.0
384,12.470,175.250,12.47,175.25,1172.84,24509.0,281.0,281.0
385,12.470,175.250,12.47,175.25,1172.84,26828.0,1909.0,1909.0
386,12.470,175.250,12.47,175.25,1172.84,24329.0,272.0,272.0
387,12.470,175.250,12.47,175.25,1172.84,24806.0,447.0,447.0
388,12.470,175.250,12.47,175.25,1172.84,25937.0,1567.0,1567.0
389,12.470,175.250,12.47,175.25,1172.84,23879.0,0.0,0.0
390,12.470,175.250,12.47,175.25,1172.84,24705.0,470.0,470.0
391,12.470,175.250,12.47,175.25,1172.84,24728.0,0.0,0.0
392,12.470,175.250,12.47,175.25,1172.84,25280.0,489.0,489.0
393,12.470,175.250,12.47,175.25,1172.84,26201.0,1197.0,1197.0
394,12.470,175.250,12.47,175.25,1172.84,26710.0,1665.0,1665.0
395,12.470,175.250,12.47,175.25,1172.84,24748.0,0.0,0.0
396,12.470,175.250,12.47,175.25,1172.84,23678.0,0.0,0.0
397,12.470,175.250,12.47,175.25,1172.84,24409.0,276.0,276.0
398,12.470,175.250,12.47,175.25,1172.84,23746.0,0.0,0.0
399,12.470,175.250,12.47,175.25,1172.84,26921.0,1921.0,1921.0
400,12.470,175.250,12.47,175.25,1172.84,23801.0,48.0,48.0
401,12.470,175.250,12.47,175.25,1172.84,24312.0,119.0,119.0
402,12.470,175.250,12.47,175.25,1172.84,23877.0,196.0,196.0
403,12.470,175.250,12.47,175.25,1172.84,24890.0,993.0,993.0
404,12.470,175.250,12.47,175.25,1172.84,24554.0,166.0,166.0
405,12.470,175.250,12.47,175.25,1172.84,24831.0,602.0,602.0
406,12.470,175.250,12.47,175.25,1172.84,24578.0,996.0,996.0
407,12.470,175.250,12.47,175.25,1172.84,24989.0,0.0,0.0
408,12.470,175.250,12.47,175.25,1172.84,26300.0,1751.0,1751.0
409,12.470,175.250,12.47,175.25,1172.84,23943.0,0.0,0.0
410,12.470,175.250,12.47,175.25,1172.84,26201.0,1435.0,1435.0
411,12.470,175.250,12.47,175.25,1172.84,26043.0,1079.0,1079.0
412,12.470,175.250,12.47,175.25,1172.84,24068.0,0.0,0.0
413,12.470,175.250,12.47,175.25,1172.84,24642.0,773.0,773.0
414,12.470,175.250,12.47,175.25,1172.84,24641.0,439.0,439.0
415,12.470,175.250,12.47,175.25,1172.84,25753.0,1044.0,1044.0
416,12.470,175.250,12.47,175.25,1172.84,23342.0,137.0,137.0
417,12.470,175.250,12.47,175.25,1172.84,25412.0,433.0,433.0
418,12.470,175.250,12.47,175.25,1172.84,24166.0,104.0,104.0
419,12.470,175.250,12.47,175.25,1172.84,24074.0,183.0,183.0
420,12.470,175.250,12.47,175.25,1172.84,25210.0,544.0,544.0
421,12.470,175.250,12.47,175.25,1172.84,24797.0,365.0,365.0
422,12.470,175.250,12.47,175.25,1172.84,25808.0,617.0,617.0
423,12.470,175.250,12.47,175.25,1172.84,23811.0,0.0,0.0
424,12.470,175.250,12.47,175.25,1172.84,23841.0,0.0,0.0
425,12.470,175.250,12.47,175.25,1172.84,25147.0,874.0,874.0
426,12.470,175.250,12.47,175.25,1172.84,23412.0,0.0,0.0
427,12.470,175.250,12.47,175.25,1172.84,24148.0,0.0,0.0
428,12.470,175.250,12.47,175.25,1172.84,25923.0,1739.0,1739.0
429,12.470,175.250,12.47,175.25,1172.84,26177.0,2687.0,2687.0
430,12.470,175.250,12.47,175.25,1172.84,24397.0,113.0,113.0
431,12.470,175.250,12.47,175.25,1172.84,25319.0,1478.0,1478.0
432,12.470,175.250,12.47,175.25,1172.84,25915.0,2122.0,2122.0
433,12.470,175.250,12.47,175.25,1172.84,25398.0,1562.0,1562.0
434,12.470,175.250,12.47,175.25,1172.84,24636.0,673.0,673.0
435,12.470,175.250,12.47,175.25,1172.84,23539.0,0.0,0.0
436,12.470,175.250,12.47,175.25,1172.84,25404.0,1325.0,1325.0
437,12.470,175.250,12.47,175.25,1172.84,25041.0,1695.0,1695.0
438,12.470,175.250,12.47,175.25,1172.84,23781.0,0.0,0.0
439,12.470,175.250,12.47,175.25,1172.84,24801.0,764.0,764.0
440,12.470,175.250,12.47,175.25,1172.84,24694.0,371.0,371.0
441,12.470,175.250,12.47,175.25,1172.84,24179.0,0.0,0.0
442,12.470,175.250,12.47,175.25,1172.84,25246.0,1882.0,1882.0
443,12.470,175.250,12.47,175.25,1172.84,24785.0,461.0,461.0
444,12.470,175.250,12.47,175.25,1172.84,26241.0,2209.0,2209.0
445,12.470,175.250,12.47,175.25,1172.84,24928.0,1309.0,1309.0
446,12.470,175.250,12.47,175.25,1172.84,26241.0,1721.0,1721.0
447,12.470,175.250,12.47,175.25,1172.84,24022.0,0.0,0.0
448,12.470,175.250,12.47,175.25,1172.84,26458.0,2142.0,2142.0
449,12.470,175.250,12.47,175.25,1172.84,25192.0,908.0,908.0
450,12.470,175.250,12.47,175.25,1172.84,26041.0,626.0,626.0
451,12.470,175.250,12.47,175.25,1172.84,23615.0,0.0,0.0
452,12.470,175.250,12.47,175.25,1172.84,26039.0,1688.0,1688.0
453,12.470,175.250,12.47,175.25,1172.84,25071.0,1130.0,1130.0
454,12.470,175.250,12.47,175.25,1172.84,23007.0,0.0,0.0
455,12.470,175.250,12.47,175.25,1172.84,25823.0,1328.0,1328.0
456,12.470,175.250,12.47,175.25,1172.84,25597.0,1336.0,1336.0
457,12.470,175.250,12.47,175.25,1172.84,24257.0,0.0,0.0
458,12.470,175.250,12.47,175.25,1172.84,25226.0,877.0,877.0
459,12.470,175.250,12.47,175.25,1172.84,24971.0,1145.0,1145.0
460,12.470,175.250,12.47,175.25,1172.84,25041.0,653.0,653.0
461,12.470,175.250,12.47,175.25,1172.84,24219.0,111.0,111.0
462,12.470,175.250,12.47,175.25,1172.84,25709.0,1873.0,1873.0
463,12.470,175.250,12.47,175.25,1172.84,24314.0,290.0,290.0
464,12.470,175.250,12.47,175.25,1172.84,26325.0,1648.0,1648.0
465,12.470,175.250,12.47,175.25,1172.84,24423.0,0.0,0.0
466,12.470,175.250,12.47,175.25,1172.84,24529.0,0.0,0.0
467,12.470,175.250,12.47,175.25,1172.84,24411.0,0.0,0.0
468,12.470,175.250,12.47,175.25,1172.84,25603.0,1793.0,1793.0
469,12.470,175.250,12.47,175.25,1172.84,23648.0,0.0,0.0
470,12.470,175.250,12.47,175.25,1172.84,26347.0,1614.0,1614.0
471,12.470,175.250,12.47,175.25,1172.84,24199.0,0.0,0.0
472,12.470,175.250,12.47,175.25,1172.84,25046.0,1016.0,1016.0
473,12.470,175.250,12.47,175.25,1172.84,23579.0,0.0,0.0
474,12.470,175.250,12.47,175.25,1172.84,25225.0,288.0,288.0
475,12.470,175.250,12.47,175.25,1172.84,26266.0,1031.0,1031.0
476,12.470,175.250,12.47,175.25,1172.84,24190.0,0.0,0.0
477,12.470,175.250,12.47,175.25,1172.84,25989.0,508.0,508.0
478,12.470,175.250,12.47,175.25,1172.84,24922.0,0.0,0.0
479,12.470,175.250,12.47,175.25,1172.84,24399.0,0.0,0.0
480,12.470,175.250,12.47,175.25,1172.84,25493.0,358.0,358.0
481,12.470,175.250,12.47,175.25,1172.84,23968.0,0.0,0.0
482,12.470,175.250,12.47,175.25,1172.84,25702.0,339.0,339.0
483,12.470,175.250,12.47,175.25,1172.84,26516.0,1612.0,1612.0
484,12.470,175.250,12.47,175.25,1172.84,28268.0,3479.0,3479.0
485,12.470,175.250,12.47,175.25,1172.84,24462.0,0.0,0.0
486,12.470,175.250,12.47,175.25,1172.84,26182.0,1243.0,1243.0
487,12.470,175.250,12.47,175.25,1172.84,25889.0,972.0,972.0
488,12.470,175.250,12.47,175.25,1172.84,25332.0,519.0,519.0
