id,avg_x,avg_y,x,y,bg,Square_intensity,circular_intensity,Gaussian_intensity
19,122.560,143.600,122.35,143.56,1039.39,36699.0,4301.0,4301.0
20,122.560,143.600,122.35,143.56,1039.39,35138.0,3882.0,3882.0
21,122.560,143.600,122.35,143.56,1039.39,36309.0,4525.0,4525.0
22,122.560,143.600,122.35,143.56,1039.39,34769.0,4368.0,4368.0
23,122.560,143.600,122.35,143.56,1039.39,32583.0,147.0,147.0
24,122.560,143.600,122.35,143.56,1039.39,36518.0,4532.0,4532.0
25,122.560,143.600,122.35,143.56,1039.39,36716.0,5237.0,5237.0
26,122.560,143.600,122.35,143.56,1039.39,34299.0,3242.0,3242.0
27,122.560,143.600,122.35,143.56,1039.39,35931.0,4665.0,4665.0
28,122.560,143.600,122.35,143.56,1039.39,33908.0,2055.0,2055.0
29,122.560,143.600,122.35,143.56,1039.39,36528.0,3671.0,3671.0
30,122.560,143.600,122.35,143.56,1039.39,36025.0,3839.0,3839.0
31,122.560,143.600,122.35,143.56,1039.39,34357.0,2307.0,2307.0
32,122.560,143.600,122.35,143.56,1039.39,33928.0,2332.0,2332.0
33,122.560,143.600,122.35,143.56,1039.39,35108.0,5235.0,5235.0
34,122.560,143.600,122.35,143.56,1039.39,36962.0,5969.0,5969.0
35,122.560,143.600,122.35,143.56,1039.39,35012.0,4152.0,4152.0
36,122.560,143.600,122.35,143.56,1039.39,33885.0,3213.0,3213.0
37,122.560,143.600,122.35,143.56,1039.39,34260.0,3488.0,3488.0
38,122.560,143.600,122.35,143.56,1039.39,33242.0,2698.0,2698.0
39,122.560,143.600,122.35,143.56,1039.39,33905.0,3734.0,3734.0
40,122.560,143.600,122.35,143.56,1039.39,32073.0,1197.0,1197.0
41,122.560,143.600,122.35,143.56,1039.39,33043.0,2537.0,2537.0
42,122.560,143.600,122.35,143.56,1039.39,36275.0,5322.0,5322.0
43,122.560,143.600,122.35,143.56,1039.39,32144.0,2082.0,2082.0
44,122.560,143.600,122.35,143.56,1039.39,35169.0,4586.0,4586.0
45,122.560,143.600,122.35,143.56,1039.39,33074.0,1805.0,1805.0
46,122.560,143.600,122.35,143.56,1039.39,34848.0,3025.0,3025.0
47,122.560,143.600,122.35,143.56,1039.39,36281.0,5757.0,5757.0
48,122.560,143.600,122.35,143.56,1039.39,34278.0,3267.0,3267.0
49,122.560,143.600,122.35,143.56,1039.39,32820.0,3389.0,3389.0
50,122.560,143.600,122.35,143.56,1039.39,31370.0,1049.0,1049.0
51,122.560,143.600,122.35,143.56,1039.39,31662.0,1959.0,1959.0
52,122.560,143.600,122.35,143.56,1039.39,30346.0,555.0,555.0
53,122.560,143.600,122.35,143.56,1039.39,33604.0,4287.0,4287.0
54,122.560,143.600,122.35,143.56,1039.39,33842.0,2551.0,2551.0
55,122.560,143.600,122.35,143.56,1039.39,32138.0,2606.0,2606.0
56,122.560,143.600,122.35,143.56,1039.39,31720.0,1956.0,1956.0
57,122.560,143.600,122.35,143.56,1039.39,32123.0,2492.0,2492.0
58,122.560,143.600,122.35,143.56,1039.39,33595.0,3445.0,3445.0
59,122.560,143.600,122.35,143.56,1039.39,31873.0,1835.0,1835.0
60,122.560,143.600,122.35,143.56,1039.39,31556.0,2069.0,2069.0
61,122.560,143.600,122.35,143.56,1039.39,33508.0,3609.0,3609.0
62,122.560,143.600,122.35,143.56,1039.39,32457.0,4179.0,4179.0
63,122.560,143.600,122.35,143.56,1039.39,32517.0,3458.0,3458.0
64,122.560,143.600,122.35,143.56,1039.39,31709.0,2570.0,2570.0
65,122.560,143.600,122.35,143.56,1039.39,33391.0,3615.0,3615.0
66,122.560,143.600,122.35,143.56,1039.39,32003.0,3043.0,3043.0
67,122.560,143.600,122.35,143.56,1039.39,30062.0,970.0,970.0
68,122.560,143.600,122.35,143.56,1039.39,31561.0,2161.0,2161.0
69,122.560,143.600,122.35,143.56,1039.39,31177.0,3046.0,3046.0
70,122.560,143.600,122.35,143.56,1039.39,31987.0,3410.0,3410.0
71,122.560,143.600,122.35,143.56,1039.39,31425.0,2034.0,2034.0
72,122.560,143.600,122.35,143.56,1039.39,32532.0,3490.0,3490.0
73,122.560,143.600,122.35,143.56,1039.39,31744.0,1951.0,1951.0
74,122.560,143.600,122.35,143.56,1039.39,31993.0,1860.0,1860.0
75,122.560,143.600,122.35,143.56,1039.39,33651.0,3315.0,3315.0
76,122.560,143.600,122.35,143.56,1039.39,31263.0,2306.0,2306.0
77,122.560,143.600,122.35,143.56,1039.39,32485.0,3153.0,3153.0
78,122.560,143.600,122.35,143.56,1039.39,31840.0,3410.0,3410.0
79,122.560,143.600,122.35,143.56,1039.39,30639.0,1358.0,1358.0
80,122.560,143.600,122.35,143.56,1039.39,32816.0,3829.0,3829.0
81,122.560,143.600,122.35,143.56,1039.39,33588.0,4400.0,4400.0
82,122.560,143.600,122.35,143.56,1039.39,31057.0,2469.0,2469.0
83,122.560,143.600,122.35,143.56,1039.39,31829.0,2165.0,2165.0
84,122.560,143.600,122.35,143.56,1039.39,30222.0,848.0,848.0
85,122.560,143.600,122.35,143.56,1039.39,30005.0,1916.0,1916.0
86,122.560,143.600,122.35,143.56,1039.39,30266.0,1221.0,1221.0
87,122.560,143.600,122.35,143.56,1039.39,30467.0,3527.0,3527.0
88,122.560,143.600,122.35,143.56,1039.39,31453.0,2824.0,2824.0
89,122.560,143.600,122.35,143.56,1039.39,30978.0,2420.0,2420.0
90,122.560,143.600,122.35,143.56,1039.39,30436.0,2297.0,2297.0
91,122.560,143.600,122.35,143.56,1039.39,30524.0,1915.0,1915.0
92,122.560,143.600,122.35,143.56,1039.39,30393.0,1710.0,1710.0
93,122.560,143.600,122.35,143.56,1039.39,29795.0,721.0,721.0
94,122.560,143.600,122.35,143.56,1039.39,30337.0,2049.0,2049.0
95,122.560,143.600,122.35,143.56,1039.39,29791.0,1683.0,1683.0
96,122.560,143.600,122.35,143.56,1039.39,31353.0,1899.0,1899.0
97,122.560,143.600,122.35,143.56,1039.39,31582.0,3177.0,3177.0
98,122.560,143.600,122.35,143.56,1039.39,31648.0,3155.0,3155.0
99,122.560,143.600,122.35,143.56,1039.39,31863.0,3652.0,3652.0
100,122.560,143.600,122.35,143.56,1039.39,30592.0,1906.0,1906.0
101,122.560,143.600,122.35,143.56,1039.39,31033.0,2650.0,2650.0
102,122.560,143.600,122.35,143.56,1039.39,29950.0,2361.0,2361.0
103,122.560,143.600,122.35,143.56,1039.39,29684.0,2249.0,2249.0
104,122.560,143.600,122.35,143.56,1039.39,28090.0,582.0,582.0
105,122.560,143.600,122.35,143.56,1039.39,31844.0,3231.0,3231.0
106,122.560,143.600,122.35,143.56,1039.39,30953.0,2763.0,2763.0
107,122.560,143.600,122.35,143.56,1039.39,30614.0,2049.0,2049.0
108,122.560,143.600,122.35,143.56,1039.39,29826.0,1495.0,1495.0
109,122.560,143.600,122.35,143.56,1039.39,29359.0,2092.0,2092.0
110,122.560,143.600,122.35,143.56,1039.39,31212.0,2274.0,2274.0
111,122.560,143.600,122.35,143.56,1039.39,31677.0,3103.0,3103.0
112,122.560,143.600,122.35,143.56,1039.39,29768.0,1701.0,1701.0
113,122.560,143.600,122.35,143.56,1039.39,30428.0,2242.0,2242.0
114,122.560,143.600,122.35,143.56,1039.39,29932.0,2139.0,2139.0
115,122.560,143.600,122.35,143.56,1039.39,31511.0,3924.0,3924.0
116,122.560,143.600,122.35,143.56,1039.39,29119.0,897.0,897.0
117,122.560,143.600,122.35,143.56,1039.39,30861.0,2618.0,2618.0
118,122.560,143.600,122.35,143.56,1039.39,31539.0,3064.0,3064.0
119,122.560,143.600,122.35,143.56,1039.39,30553.0,2472.0,2472.0
120,122.560,143.600,122.35,143.56,1039.39,28778.0,1385.0,1385.0
121,122.560,143.600,122.35,143.56,1039.39,29959.0,2246.0,2246.0
122,122.560,143.600,122.35,143.56,1039.39,28529.0,1982.0,1982.0
123,122.560,143.600,122.35,143.56,1039.39,30658.0,2439.0,2439.0
124,122.560,143.600,122.35,143.56,1039.39,28830.0,1995.0,1995.0
125,122.560,143.600,122.35,143.56,1039.39,29184.0,1682.0,1682.0
126,122.560,143.600,122.35,143.56,1039.39,31592.0,3175.0,3175.0
127,122.560,143.600,122.35,143.56,1039.39,30038.0,2092.0,2092.0
128,122.560,143.600,122.35,143.56,1039.39,29879.0,1684.0,1684.0
129,122.560,143.600,122.35,143.56,1039.39,29913.0,1519.0,1519.0
130,122.560,143.600,122.35,143.56,1039.39,29683.0,1348.0,1348.0
131,122.560,143.600,122.35,143.56,1039.39,29813.0,1396.0,1396.0
132,122.560,143.600,122.35,143.56,1039.39,32143.0,3943.0,3943.0
133,122.560,143.600,122.35,143.56,1039.39,27082.0,0.0,0.0
134,122.560,143.600,122.35,143.56,1039.39,28952.0,917.0,917.0
135,122.560,143.600,122.35,143.56,1039.39,28170.0,386.0,386.0
136,122.560,143.600,122.35,143.56,1039.39,29535.0,1492.0,1492.0
137,122.560,143.600,122.35,143.56,1039.39,28573.0,1086.0,1086.0
138,122.560,143.600,122.35,143.56,1039.39,29682.0,1754.0,1754.0
139,122.560,143.600,122.35,143.56,1039.39,30049.0,1998.0,1998.0
140,122.560,143.600,122.35,143.56,1039.39,29429.0,2105.0,2105.0
141,122.560,143.600,122.35,143.56,1039.39,29197.0,1609.0,1609.0
142,122.560,143.600,122.35,143.56,1039.39,31153.0,2016.0,2016.0
143,122.560,143.600,122.35,143.56,1039.39,29258.0,2089.0,2089.0
144,122.560,143.600,122.35,143.56,1039.39,29122.0,1494.0,1494.0
145,122.560,143.600,122.35,143.56,1039.39,27937.0,218.0,218.0
146,122.560,143.600,122.35,143.56,1039.39,27496.0,0.0,0.0
147,122.560,143.600,122.35,143.56,1039.39,29897.0,2013.0,2013.0
148,122.560,143.600,122.35,143.56,1039.39,31243.0,2839.0,2839.0
149,122.560,143.600,122.35,143.56,1039.39,30444.0,3014.0,3014.0
150,122.560,143.600,122.35,143.56,1039.39,29761.0,1973.0,1973.0
151,122.560,143.600,122.35,143.56,1039.39,29340.0,1353.0,1353.0
152,122.560,143.600,122.35,143.56,1039.39,29121.0,2525.0,2525.0
153,122.560,143.600,122.35,143.56,1039.39,28976.0,1254.0,1254.0
154,122.560,143.600,122.35,143.56,1039.39,28945.0,1317.0,1317.0
155,122.560,143.600,122.35,143.56,1039.39,28665.0,329.0,329.0
156,122.560,143.600,122.35,143.56,1039.39,30181.0,2542.0,2542.0
157,122.560,143.600,122.35,143.56,1039.39,30208.0,3445.0,3445.0
158,122.560,143.600,122.35,143.56,1039.39,27571.0,0.0,0.0
159,122.560,143.600,122.35,143.56,1039.39,30162.0,2108.0,2108.0
160,122.560,143.600,122.35,143.56,1039.39,30465.0,1917.0,1917.0
161,122.560,143.600,122.35,143.56,1039.39,28613.0,847.0,847.0
162,122.560,143.600,122.35,143.56,1039.39,26929.0,0.0,0.0
163,122.560,143.600,122.35,143.56,1039.39,28224.0,1195.0,1195.0
164,122.560,143.600,122.35,143.56,1039.39,27777.0,1042.0,1042.0
165,122.560,143.600,122.35,143.56,1039.39,27223.0,905.0,905.0
166,122.560,143.600,122.35,143.56,1039.39,30371.0,2709.0,2709.0
167,122.560,143.600,122.35,143.56,1039.39,28328.0,0.0,0.0
168,122.560,143.600,122.35,143.56,1039.39,29854.0,1901.0,1901.0
169,122.560,143.600,122.35,143.56,1039.39,29856.0,3153.0,3153.0
170,122.560,143.600,122.35,143.56,1039.39,28215.0,1369.0,1369.0
171,122.560,143.600,122.35,143.56,1039.39,29504.0,1776.0,1776.0
172,122.560,143.600,122.35,143.56,1039.39,28266.0,0.0,0.0
173,122.560,143.600,122.35,143.56,1039.39,28644.0,1836.0,1836.0
174,122.560,143.600,122.35,143.56,1039.39,27457.0,673.0,673.0
175,122.560,143.600,122.35,143.56,1039.39,28518.0,1545.0,1545.0
176,122.560,143.600,122.35,143.56,1039.39,28765.0,1844.0,1844.0
177,122.560,143.600,122.35,143.56,1039.39,27806.0,1428.0,1428.0
178,122.560,143.600,122.35,143.56,1039.39,27655.0,1331.0,1331.0
179,122.560,143.600,122.35,143.56,1039.39,27286.0,1660.0,1660.0
180,122.560,143.600,122.35,143.56,1039.39,28829.0,2621.0,2621.0
181,122.560,143.600,122.35,143.56,1039.39,28760.0,2175.0,2175.0
182,122.560,143.600,122.35,143.56,1039.39,28891.0,1740.0,1740.0
183,122.560,143.600,122.35,143.56,1039.39,28261.0,2150.0,2150.0
184,122.560,143.600,122.35,143.56,1039.39,28916.0,3314.0,3314.0
185,122.560,143.600,122.35,143.56,1039.39,27922.0,499.0,499.0
186,122.560,143.600,122.35,143.56,1039.39,31471.0,4345.0,4345.0
187,122.560,143.600,122.35,143.56,1039.39,28925.0,1448.0,1448.0
188,122.560,143.600,122.35,143.56,1039.39,28116.0,1692.0,1692.0
189,122.560,143.600,122.35,143.56,1039.39,30102.0,3435.0,3435.0
190,122.560,143.600,122.35,143.56,1039.39,29516.0,2118.0,2118.0
191,122.560,143.600,122.35,143.56,1039.39,28891.0,1314.0,1314.0
192,122.560,143.600,122.35,143.56,1039.39,29302.0,1594.0,1594.0
193,122.560,143.600,122.35,143.56,1039.39,27337.0,180.0,180.0
194,122.560,143.600,122.35,143.56,1039.39,27000.0,500.0,500.0
195,122.560,143.600,122.35,143.56,1039.39,29085.0,2458.0,2458.0
196,122.560,143.600,122.35,143.56,1039.39,29207.0,1854.0,1854.0
197,122.560,143.600,122.35,143.56,1039.39,27748.0,1216.0,1216.0
198,122.560,143.600,122.35,143.56,1039.39,30039.0,2723.0,2723.0
199,122.560,143.600,122.35,143.56,1039.39,27292.0,326.0,326.0
200,122.560,143.600,122.35,143.56,1039.39,30520.0,2738.0,2738.0
201,122.560,143.600,122.35,143.56,1039.39,27267.0,1056.0,1056.0
202,122.560,143.600,122.35,143.56,1039.39,28855.0,1532.0,1532.0
203,122.560,143.600,122.35,143.56,1039.39,28446.0,978.0,978.0
204,122.560,143.600,122.35,143.56,1039.39,28892.0,2216.0,2216.0
205,122.560,143.600,122.35,143.56,1039.39,29654.0,2956.0,2956.0
206,122.560,143.600,122.35,143.56,1039.39,28453.0,1970.0,1970.0
207,122.560,143.600,122.35,143.56,1039.39,29211.0,3005.0,3005.0
208,122.560,143.600,122.35,143.56,1039.39,25399.0,0.0,0.0
209,122.560,143.600,122.35,143.56,1039.39,29745.0,2877.0,2877.0
210,122.560,143.600,122.35,143.56,1039.39,28888.0,927.0,927.0
211,122.560,143.600,122.35,143.56,1039.39,28436.0,2047.0,2047.0
212,122.560,143.600,122.35,143.56,1039.39,29290.0,2283.0,2283.0
213,122.560,143.600,122.35,143.56,1039.39,27237.0,475.0,475.0
214,122.560,143.600,122.35,143.56,1039.39,30420.0,3056.0,3056.0
215,122.560,143.600,122.35,143.56,1039.39,26239.0,815.0,815.0
216,122.560,143.600,122.35,143.56,1039.39,31189.0,4130.0,4130.0
217,122.560,143.600,122.35,143.56,1039.39,27245.0,212.0,212.0
218,122.560,143.600,122.35,143.56,1039.39,28604.0,2405.0,2405.0
219,122.560,143.600,122.35,143.56,1039.39,37318.0,8496.0,8496.0
220,122.560,143.600,122.19,143.37,1039.39,36480.0,8895.0,8895.0
221,122.560,143.600,122.18,143.77,1039.39,37987.0,9357.0,9357.0
222,122.560,143.600,122.15,143.72,1039.39,37503.0,9775.0,9775.0
223,122.560,143.600,121.97,143.58,1039.39,37544.0,8859.0,8859.0
224,122.560,143.600,122,143.61,1039.39,36108.0,9084.0,9084.0
225,122.560,143.600,122.18,143.73,1039.39,37699.0,10114.0,10114.0
226,122.560,143.600,122.15,143.69,1039.39,38559.0,9456.0,9456.0
227,122.560,143.600,122.13,143.53,1039.39,34645.0,7481.0,7481.0
228,122.560,143.600,122.02,143.51,1039.39,35787.0,8319.0,8319.0
229,122.560,143.600,122.36,143.56,1039.39,35919.0,7733.0,7733.0
230,122.560,143.600,121.92,143.53,1039.39,35042.0,7785.0,7785.0
231,122.560,143.600,122.44,143.6,1039.39,37910.0,9399.0,9399.0
232,122.560,143.600,122.06,143.62,1039.39,37265.0,9020.0,9020.0
233,122.560,143.600,121.53,143.69,1039.39,35831.0,7782.0,7782.0
234,122.560,143.600,122.07,143.47,1039.39,38224.0,9613.0,9613.0
235,122.560,143.600,122.23,143.46,1039.39,39311.0,11467.0,11467.0
236,122.560,143.600,122.45,143.53,1039.39,36057.0,8596.0,8596.0
237,122.560,143.600,122.22,143.47,1039.39,38169.0,10073.0,10073.0
238,122.560,143.600,121.95,143.76,1039.39,35014.0,7376.0,7376.0
239,122.560,143.600,122,143.57,1039.39,37203.0,8763.0,8763.0
240,122.560,143.600,122,143.33,1039.39,37628.0,9336.0,9336.0
241,122.560,143.600,121.77,143.27,1039.39,38221.0,8894.0,8894.0
242,122.560,143.600,122.24,143.74,1039.39,34709.0,7440.0,7440.0
243,122.560,143.600,122.05,143.71,1039.39,34377.0,7114.0,7114.0
244,122.560,143.600,122.47,143.46,1039.39,36373.0,8276.0,8276.0
245,122.560,143.600,122.25,143.53,1039.39,37513.0,9087.0,9087.0
246,122.560,143.600,122.19,143.55,1039.39,35023.0,6926.0,6926.0
247,122.560,143.600,122.25,143.84,1039.39,39490.0,10691.0,10691.0
248,122.560,143.600,122.12,143.52,1039.39,39588.0,10900.0,10900.0
249,122.560,143.600,122.29,143.52,1039.39,34722.0,7474.0,7474.0
250,122.560,143.600,122.18,143.63,1039.39,36377.0,9859.0,9859.0
251,122.560,143.600,122.09,143.39,1039.39,37332.0,8913.0,8913.0
252,122.560,143.600,122.14,143.45,1039.39,37792.0,10297.0,10297.0
253,122.560,143.600,121.88,143.63,1039.39,37285.0,9228.0,9228.0
254,122.560,143.600,121.94,143.44,1039.39,39031.0,10239.0,10239.0
255,122.560,143.600,121.98,143.58,1039.39,36139.0,8700.0,8700.0
256,122.560,143.600,122.21,143.56,1039.39,34851.0,6866.0,6866.0
257,122.560,143.600,122.07,143.64,1039.39,37734.0,10298.0,10298.0
258,122.560,143.600,121.93,143.57,1039.39,36539.0,8492.0,8492.0
259,122.560,143.600,121.88,143.45,1039.39,36731.0,8641.0,8641.0
260,122.560,143.600,122.16,143.88,1039.39,36028.0,7686.0,7686.0
261,122.560,143.600,122.09,143.28,1039.39,38630.0,10876.0,10876.0
262,122.560,143.600,122.28,143.59,1039.39,37074.0,8963.0,8963.0
263,122.560,143.600,122.12,143.53,1039.39,36670.0,9041.0,9041.0
264,122.560,143.600,122.31,143.56,1039.39,37466.0,9475.0,9475.0
265,122.560,143.600,121.96,143.51,1039.39,37888.0,8194.0,8194.0
266,122.560,143.600,121.9,143.49,1039.39,38144.0,10152.0,10152.0
267,122.560,143.600,122.35,143.56,1039.39,33800.0,6109.0,6109.0
268,122.560,143.600,122.07,143.74,1039.39,37019.0,9857.0,9857.0
269,122.560,143.600,122.17,143.68,1039.39,40926.0,12638.0,12638.0
270,122.560,143.600,122.43,143.46,1039.39,39599.0,11417.0,11417.0
271,122.560,143.600,122.34,143.78,1039.39,39013.0,10023.0,10023.0
272,122.560,143.600,121.99,143.35,1039.39,36688.0,8181.0,8181.0
273,122.560,143.600,121.97,143.63,1039.39,38452.0,9444.0,9444.0
274,122.560,143.600,122.02,143.37,1039.39,38500.0,9978.0,9978.0
275,122.560,143.600,122.06,143.81,1039.39,36310.0,7840.0,7840.0
276,122.560,143.600,122.01,143.65,1039.39,35518.0,7692.0,7692.0
277,122.560,143.600,122.49,143.61,1039.39,37196.0,9499.0,9499.0
278,122.560,143.600,121.84,143.55,1039.39,35414.0,9129.0,9129.0
279,122.560,143.600,122.12,143.88,1039.39,37493.0,9270.0,9270.0
280,122.560,143.600,122.18,143.78,1039.39,37452.0,9589.0,9589.0
281,122.560,143.600,122.22,143.54,1039.39,35839.0,7392.0,7392.0
282,122.560,143.600,121.76,143.86,1039.39,36430.0,8483.0,8483.0
283,122.560,143.600,122.44,143.44,1039.39,34609.0,7765.0,7765.0
284,122.560,143.600,121.9,143.46,1039.39,39049.0,9689.0,9689.0
285,122.560,143.600,122.04,143.51,1039.39,34969.0,7593.0,7593.0
286,122.560,143.600,122.39,143.55,1039.39,39349.0,10287.0,10287.0
287,122.560,143.600,121.99,143.5,1039.39,35449.0,7928.0,7928.0
288,122.560,143.600,122.22,143.54,1039.39,36840.0,8962.0,8962.0
289,122.560,143.600,122.09,143.72,1039.39,37113.0,9408.0,9408.0
290,122.560,143.600,122.1,143.58,1039.39,35997.0,8168.0,8168.0
291,122.560,143.600,122.49,143.43,1039.39,36155.0,8942.0,8942.0
292,122.560,143.600,122.11,143.7,1039.39,35799.0,8074.0,8074.0
293,122.560,143.600,121.92,143.4,1039.39,36809.0,8194.0,8194.0
294,122.560,143.600,121.85,143.51,1039.39,35509.0,8060.0,8060.0
295,122.560,143.600,122.14,143.74,1039.39,36905.0,8648.0,8648.0
296,122.560,143.600,122.15,143.56,1039.39,35724.0,8594.0,8594.0
297,122.560,143.600,122.28,143.16,1039.39,36766.0,8453.0,8453.0
298,122.560,143.600,122.36,143.51,1039.39,37119.0,9752.0,9752.0
299,122.560,143.600,121.94,143.6,1039.39,35861.0,8889.0,8889.0
300,122.560,143.600,121.86,143.46,1039.39,37874.0,10803.0,10803.0
301,122.560,143.600,122.1,143.61,1039.39,38768.0,10806.0,10806.0
302,122.560,143.600,122.38,142.67,1039.39,34763.0,7317.0,7317.0
303,122.560,143.600,122.03,143.82,1039.39,37528.0,10091.0,10091.0
304,122.560,143.600,121.85,143.54,1039.39,35452.0,7978.0,7978.0
305,122.560,143.600,122.3,143.39,1039.39,36822.0,9509.0,9509.0
306,122.560,143.600,121.96,143.76,1039.39,33726.0,6779.0,6779.0
307,122.560,143.600,122.14,143.63,1039.39,35663.0,7908.0,7908.0
308,122.560,143.600,122.41,143.54,1039.39,36682.0,10285.0,10285.0
309,122.560,143.600,122.13,143.47,1039.39,35698.0,8339.0,8339.0
310,122.560,143.600,122.01,143.49,1039.39,37296.0,10691.0,10691.0
311,122.560,143.600,122.13,143.51,1039.39,37002.0,9524.0,9524.0
312,122.560,143.600,122.3,143.69,1039.39,35506.0,6792.0,6792.0
313,122.560,143.600,122.14,143.68,1039.39,36249.0,9077.0,9077.0
314,122.560,143.600,122.03,143.47,1039.39,38014.0,9847.0,9847.0
315,122.560,143.600,122.11,143.53,1039.39,36268.0,9226.0,9226.0
316,122.560,143.600,121.94,143.51,1039.39,35338.0,7845.0,7845.0
317,122.560,143.600,122.09,143.29,1039.39,36669.0,9372.0,9372.0
318,122.560,143.600,122.28,143.49,1039.39,35797.0,8170.0,8170.0
319,122.560,143.600,122.03,143.58,1039.39,36472.0,9056.0,9056.0
320,122.560,143.600,122.12,143.73,1039.39,37922.0,9931.0,9931.0
321,122.560,143.600,121.9,143.57,1039.39,37302.0,9281.0,9281.0
322,122.560,143.600,122.21,144.04,1039.39,36594.0,7646.0,7646.0
323,122.560,143.600,123.14,143.28,1039.39,34820.0,7320.0,7320.0
324,122.560,143.600,122.09,143.6,1039.39,39881.0,12380.0,12380.0
325,122.560,143.600,122.09,143.59,1039.39,36301.0,9786.0,9786.0
326,122.560,143.600,121.81,143.41,1039.39,36610.0,9154.0,9154.0
327,122.560,143.600,122.06,143.49,1039.39,37431.0,9919.0,9919.0
328,122.560,143.600,122.21,143.62,1039.39,35009.0,7442.0,7442.0
329,122.560,143.600,121.91,143.54,1039.39,36999.0,9310.0,9310.0
330,122.560,143.600,122.06,143.41,1039.39,36374.0,9892.0,9892.0
331,122.560,143.600,121.74,143.58,1039.39,36568.0,9360.0,9360.0
332,122.560,143.600,122.23,143.59,1039.39,33806.0,6978.0,6978.0
333,122.560,143.600,122.07,143.29,1039.39,35632.0,7716.0,7716.0
334,122.560,143.600,122.08,143.43,1039.39,37793.0,10185.0,10185.0
335,122.560,143.600,121.98,143.32,1039.39,37172.0,9716.0,9716.0
336,122.560,143.600,122.53,143.63,1039.39,35619.0,8501.0,8501.0
337,122.560,143.600,122.08,143.48,1039.39,36965.0,9620.0,9620.0
338,122.560,143.600,121.98,143.68,1039.39,37278.0,9048.0,9048.0
339,122.560,143.600,122.15,143.51,1039.39,36245.0,8688.0,8688.0
340,122.560,143.600,121.93,143.32,1039.39,35787.0,8823.0,8823.0
341,122.560,143.600,122.4,143.38,1039.39,35038.0,7758.0,7758.0
342,122.560,143.600,121.98,143.48,1039.39,34183.0,7132.0,7132.0
343,122.560,143.600,121.96,143.65,1039.39,34912.0,8315.0,8315.0
344,122.560,143.600,121.99,143.4,1039.39,36264.0,7175.0,7175.0
345,122.560,143.600,121.61,143.57,1039.39,37119.0,9126.0,9126.0
346,122.560,143.600,121.98,143.68,1039.39,37995.0,9282.0,9282.0
347,122.560,143.600,122.03,143.43,1039.39,32951.0,6684.0,6684.0
348,122.560,143.600,122.22,143.69,1039.39,37985.0,9720.0,9720.0
349,122.560,143.600,121.94,143.44,1039.39,35104.0,7813.0,7813.0
350,122.560,143.600,122.29,143.62,1039.39,37118.0,9718.0,9718.0
351,122.560,143.600,121.87,143.46,1039.39,36729.0,9171.0,9171.0
352,122.560,143.600,122.24,143.42,1039.39,37370.0,9467.0,9467.0
353,122.560,143.600,122.43,143.44,1039.39,36949.0,8782.0,8782.0
354,122.560,143.600,121.89,143.39,1039.39,35792.0,9467.0,9467.0
355,122.560,143.600,122.28,143.64,1039.39,34660.0,6841.0,6841.0
356,122.560,143.600,122.03,143.59,1039.39,36648.0,9611.0,9611.0
357,122.560,143.600,122.11,143.4,1039.39,35378.0,8343.0,8343.0
358,122.560,143.600,121.87,143.32,1039.39,35145.0,8940.0,8940.0
359,122.560,143.600,121.96,143.46,1039.39,36810.0,10374.0,10374.0
360,122.560,143.600,122,143.51,1039.39,36212.0,8530.0,8530.0
361,122.560,143.600,122.15,143.8,1039.39,35561.0,7701.0,7701.0
362,122.560,143.600,122.06,143.82,1039.39,36440.0,9347.0,9347.0
363,122.560,143.600,122.44,142.08,1039.39,35927.0,8190.0,8190.0
364,122.560,143.600,122.19,143.52,1039.39,35677.0,8867.0,8867.0
365,122.560,143.600,122.14,143.64,1039.39,35593.0,8389.0,8389.0
366,122.560,143.600,122.39,143.39,1039.39,35886.0,7575.0,7575.0
367,122.560,143.600,121.95,143.5,1039.39,34832.0,7789.0,7789.0
368,122.560,143.600,122.01,143.25,1039.39,36261.0,8855.0,8855.0
369,122.560,143.600,122.41,143.44,1039.39,34418.0,7980.0,7980.0
370,122.560,143.600,121.93,143.21,1039.39,34317.0,7318.0,7318.0
371,122.560,143.600,122.04,143.67,1039.39,35744.0,7923.0,7923.0
372,122.560,143.600,122.22,143.39,1039.39,36117.0,8989.0,8989.0
373,122.560,143.600,122.07,143.5,1039.39,35680.0,8402.0,8402.0
374,122.560,143.600,122.4,143.34,1039.39,35229.0,8679.0,8679.0
375,122.560,143.600,122.35,143.56,1039.39,33788.0,6395.0,6395.0
376,122.560,143.600,121.87,143.5,1039.39,35225.0,7364.0,7364.0
377,122.560,143.600,122.35,143.56,1039.39,34621.0,6677.0,6677.0
378,122.560,143.600,122.32,143.7,1039.39,37141.0,10023.0,10023.0
379,122.560,143.600,121.96,143.56,1039.39,36281.0,9662.0,9662.0
380,122.560,143.600,122,143.87,1039.39,38273.0,10551.0,10551.0
381,122.560,143.600,121.58,143.34,1039.39,38761.0,10749.0,10749.0
382,122.560,143.600,122,143.35,1039.39,37078.0,9235.0,9235.0
383,122.560,143.600,122.25,143.53,1039.39,33770.0,7407.0,7407.0
384,122.560,143.600,122.19,143.5,1039.39,37041.0,10339.0,10339.0
385,122.560,143.600,122.08,143.46,1039.39,37411.0,10037.0,10037.0
386,122.560,143.600,122.15,143.4,1039.39,37815.0,11361.0,11361.0
387,122.560,143.600,121.88,143.6,1039.39,37422.0,10360.0,10360.0
388,122.560,143.600,122.35,143.56,1039.39,32629.0,5766.0,5766.0
389,122.560,143.600,121.99,143.45,1039.39,35058.0,8965.0,8965.0
390,122.560,143.600,121.93,143.44,1039.39,35218.0,7812.0,7812.0
391,122.560,143.600,122.16,143.52,1039.39,37764.0,11340.0,11340.0
392,122.560,143.600,121.97,143.34,1039.39,36789.0,9666.0,9666.0
393,122.560,143.600,122.04,143.42,1039.39,35646.0,8166.0,8166.0
394,122.560,143.600,122.12,143.8,1039.39,36275.0,7062.0,7062.0
395,122.560,143.600,122.36,143.42,1039.39,34987.0,8577.0,8577.0
396,122.560,143.600,122.12,143.39,1039.39,38065.0,10510.0,10510.0
397,122.560,143.600,122.1,143.54,1039.39,35541.0,7474.0,7474.0
398,122.560,143.600,122.13,143.28,1039.39,37441.0,9801.0,9801.0
399,122.560,143.600,122.02,143.46,1039.39,37803.0,10154.0,10154.0
400,122.560,143.600,122.14,143.66,1039.39,35311.0,8396.0,8396.0
401,122.560,143.600,122.15,143.71,1039.39,37207.0,10065.0,10065.0
402,122.560,143.600,122.22,143.5,1039.39,38119.0,11392.0,11392.0
403,122.560,143.600,122.17,143.52,1039.39,35095.0,7613.0,7613.0
404,122.560,143.600,121.68,143.55,1039.39,35000.0,7854.0,7854.0
405,122.560,143.600,121.84,143.64,1039.39,36216.0,10024.0,10024.0
406,122.560,143.600,122.08,143.27,1039.39,35274.0,8301.0,8301.0
407,122.560,143.600,122.43,143.63,1039.39,34862.0,7506.0,7506.0
408,122.560,143.600,121.99,143.36,1039.39,34904.0,7768.0,7768.0
409,122.560,143.600,122.41,143.54,1039.39,34901.0,8809.0,8809.0
410,122.560,143.600,122.35,143.56,1039.39,32826.0,5590.0,5590.0
411,122.560,143.600,122.13,143.17,1039.39,36717.0,8898.0,8898.0
412,122.560,143.600,122.05,143.44,1039.39,37873.0,10265.0,10265.0
413,122.560,143.600,122.24,143.59,1039.39,36721.0,10063.0,10063.0
414,122.560,143.600,122.1,143.3,1039.39,36598.0,9652.0,9652.0
415,122.560,143.600,122.02,143.4,1039.39,36276.0,9015.0,9015.0
416,122.560,143.600,122.26,143.59,1039.39,35831.0,9048.0,9048.0
417,122.560,143.600,122.31,143.4,1039.39,35138.0,8054.0,8054.0
418,122.560,143.600,122.44,143.51,1039.39,34785.0,7347.0,7347.0
419,122.560,143.600,122.35,143.55,1039.39,34231.0,6934.0,6934.0
420,122.560,143.600,122.12,142.87,1039.39,34965.0,7579.0,7579.0
421,122.560,143.600,122.14,143.16,1039.39,36468.0,8461.0,8461.0
422,122.560,143.600,122.29,143.54,1039.39,33388.0,6879.0,6879.0
423,122.560,143.600,122.32,143.66,1039.39,38618.0,11658.0,11658.0
424,122.560,143.600,122.12,143.7,1039.39,34998.0,8529.0,8529.0
425,122.560,143.600,121.93,143.33,1039.39,38361.0,10443.0,10443.0
426,122.560,143.600,122.07,143.43,1039.39,33278.0,7119.0,7119.0
427,122.560,143.600,122.18,143.46,1039.39,38664.0,11193.0,11193.0
428,122.560,143.600,122.1,143.28,1039.39,33597.0,7145.0,7145.0
429,122.560,143.600,121.85,143.44,1039.39,35708.0,8593.0,8593.0
430,122.560,143.600,122.2,143.45,1039.39,37258.0,10119.0,10119.0
431,122.560,143.600,122.67,143.3,1039.39,33645.0,7316.0,7316.0
432,122.560,143.600,122.19,143.33,1039.39,37377.0,10074.0,10074.0
433,122.560,143.600,122.2,143.42,1039.39,34879.0,8549.0,8549.0
434,122.560,143.600,122.22,143.69,1039.39,37121.0,9969.0,9969.0
435,122.560,143.600,122.07,143.31,1039.39,37329.0,9956.0,9956.0
436,122.560,143.600,122,143.27,1039.39,37242.0,9824.0,9824.0
437,122.560,143.600,122.35,143.56,1039.39,34223.0,6718.0,6718.0
438,122.560,143.600,122.1,143.23,1039.39,34426.0,7442.0,7442.0
439,122.560,143.600,121.94,143.19,1039.39,37191.0,10321.0,10321.0
440,122.560,143.600,121.6,143.59,1039.39,35507.0,8118.0,8118.0
441,122.560,143.600,121.98,143.46,1039.39,35963.0,8614.0,8614.0
442,122.560,143.600,122.12,143.54,1039.39,35220.0,7858.0,7858.0
443,122.560,143.600,122.27,143.4,1039.39,35983.0,8312.0,8312.0
444,122.560,143.600,122.15,143.4,1039.39,34771.0,8012.0,8012.0
445,122.560,143.600,122.15,143.45,1039.39,35477.0,8690.0,8690.0
446,122.560,143.600,122.2,143.6,1039.39,36719.0,8996.0,8996.0
447,122.560,143.600,122.25,143.42,1039.39,37820.0,9808.0,9808.0
448,122.560,143.600,121.54,143.64,1039.39,35510.0,8327.0,8327.0
449,122.560,143.600,122.14,143.41,1039.39,35135.0,8542.0,8542.0
450,122.560,143.600,122.04,143.42,1039.39,34857.0,9183.0,9183.0
451,122.560,143.600,122.07,143.46,1039.39,34534.0,7340.0,7340.0
452,122.560,143.600,122.4,143.39,1039.39,35316.0,8127.0,8127.0
453,122.560,143.600,122.48,143.4,1039.39,36649.0,9056.0,9056.0
454,122.560,143.600,121.96,143.24,1039.39,34950.0,7811.0,7811.0
455,122.560,143.600,122.25,143.76,1039.39,35682.0,8758.0,8758.0
456,122.560,143.600,122.03,143.65,1039.39,35947.0,8435.0,8435.0
457,122.560,143.600,122.44,143.13,1039.39,35010.0,9055.0,9055.0
458,122.560,143.600,122.19,143.48,1039.39,38142.0,10470.0,10470.0
459,122.560,143.600,122.1,143.28,1039.39,36585.0,8913.0,8913.0
460,122.560,143.600,122.2,143.37,1039.39,37392.0,10313.0,10313.0
461,122.560,143.600,121.82,143.3,1039.39,39586.0,10672.0,10672.0
462,122.560,143.600,122.05,143.48,1039.39,38042.0,9578.0,9578.0
463,122.560,143.600,122.46,143.53,1039.39,37544.0,10016.0,10016.0
464,122.560,143.600,122.11,143.29,1039.39,35748.0,8081.0,8081.0
465,122.560,143.600,122.13,143.51,1039.39,35243.0,8398.0,8398.0
466,122.560,143.600,122.18,143.61,1039.39,38602.0,10877.0,10877.0
467,122.560,143.600,121.98,143.46,1039.39,37842.0,9203.0,9203.0
468,122.560,143.600,122.35,143.51,1039.39,36386.0,9450.0,9450.0
469,122.560,143.600,122.62,143.81,1039.39,34423.0,7386.0,7386.0
470,122.560,143.600,122.07,143.32,1039.39,37780.0,9990.0,9990.0
471,122.560,143.600,122.08,143.24,1039.39,35865.0,9223.0,9223.0
472,122.560,143.600,122.05,143.32,1039.39,36167.0,8841.0,8841.0
473,122.560,143.600,122.18,143.66,1039.39,39321.0,11822.0,11822.0
474,122.560,143.600,122.16,143.48,1039.39,35384.0,8241.0,8241.0
475,122.560,143.600,121.86,143.51,1039.39,36671.0,9209.0,9209.0
476,122.560,143.600,122.36,143.43,1039.39,37556.0,10124.0,10124.0
477,122.560,143.600,122.13,143.4,1039.39,35713.0,8152.0,8152.0
478,122.560,143.600,121.89,143.26,1039.39,36623.0,9384.0,9384.0
479,122.560,143.600,122.4,143.61,1039.39,35095.0,7824.0,7824.0
480,122.560,143.600,122.36,143.42,1039.39,38036.0,10648.0,10648.0
481,122.560,143.600,122.05,143.26,1039.39,34817.0,8297.0,8297.0
482,122.560,143.600,122.17,143.33,1039.39,35375.0,8377.0,8377.0
483,122.560,143.600,122.07,143.61,1039.39,37602.0,9894.0,9894.0
484,122.560,143.600,122.25,143.61,1039.39,36630.0,9326.0,9326.0
485,122.560,143.600,122.24,143.43,1039.39,36060.0,8613.0,8613.0
486,122.560,143.600,121.88,143.72,1039.39,36427.0,8765.0,8765.0
487,122.560,143.600,122.13,143.54,1039.39,36000.0,10019.0,10019.0
488,122.560,143.600,122.4,143.6,1039.39,37393.0,10113.0,10113.0
489,122.560,143.600,121.84,143.41,1039.39,34936.0,7489.0,7489.0
490,122.560,143.600,122.52,143.35,1039.39,36053.0,8493.0,8493.0
491,122.560,143.600,121.71,143.35,1039.39,33840.0,7369.0,7369.0
492,122.560,143.600,122.09,143.38,1039.39,35731.0,8862.0,8862.0
493,122.560,143.600,122.72,143.12,1039.39,36996.0,9683.0,9683.0
494,122.560,143.600,122.16,143.32,1039.39,38120.0,10154.0,10154.0
495,122.560,143.600,122.39,143.35,1039.39,35557.0,9044.0,9044.0
496,122.560,143.600,122.35,143.56,1039.39,33638.0,6620.0,6620.0
497,122.560,143.600,122.15,143.49,1039.39,37418.0,10291.0,10291.0
498,122.560,143.600,122.09,143,1039.39,33103.0,6457.0,6457.0
499,122.560,143.600,121.68,143.44,1039.39,36626.0,10065.0,10065.0
500,122.560,143.600,122.16,143.52,1039.39,35620.0,9065.0,9065.0
501,122.560,143.600,122.26,143.79,1039.39,35407.0,7893.0,7893.0
502,122.560,143.600,122.03,143.65,1039.39,36517.0,9216.0,9216.0
503,122.560,143.600,122.31,143.52,1039.39,34056.0,7263.0,7263.0
504,122.560,143.600,121.8,143.55,1039.39,34292.0,7134.0,7134.0
505,122.560,143.600,122.15,143.7,1039.39,36132.0,8788.0,8788.0
506,122.560,143.600,122.14,143.39,1039.39,38015.0,11470.0,11470.0
507,122.560,143.600,122.36,143.36,1039.39,35377.0,8696.0,8696.0
508,122.560,143.600,122.27,143.52,1039.39,36333.0,8235.0,8235.0
509,122.560,143.600,122.3,143.55,1039.39,35711.0,8934.0,8934.0
510,122.560,143.600,122.03,143.26,1039.39,36737.0,9721.0,9721.0
511,122.560,143.600,122.36,143.42,1039.39,36570.0,8679.0,8679.0
512,122.560,143.600,122.07,143.39,1039.39,35759.0,9350.0,9350.0
513,122.560,143.600,122.5,143.45,1039.39,34462.0,7020.0,7020.0
514,122.560,143.600,122.03,143.45,1039.39,37578.0,10355.0,10355.0
515,122.560,143.600,121.99,143.46,1039.39,35772.0,8988.0,8988.0
516,122.560,143.600,122.08,143.54,1039.39,34149.0,8477.0,8477.0
517,122.560,143.600,122.07,143.55,1039.39,35941.0,8623.0,8623.0
518,122.560,143.600,122.35,143.56,1039.39,34212.0,7662.0,7662.0
519,122.560,143.600,122.17,143.21,1039.39,33613.0,6794.0,6794.0
520,122.560,143.600,121.99,143.65,1039.39,36317.0,8649.0,8649.0
521,122.560,143.600,121.76,143.51,1039.39,35266.0,8156.0,8156.0
522,122.560,143.600,122.21,143.34,1039.39,36729.0,10318.0,10318.0
523,122.560,143.600,121.77,143.57,1039.39,34168.0,7438.0,7438.0
524,122.560,143.600,122.01,143.52,1039.39,34333.0,7488.0,7488.0
525,122.560,143.600,121.98,143.61,1039.39,36120.0,9329.0,9329.0
526,122.560,143.600,122.14,143.43,1039.39,35284.0,6720.0,6720.0
527,122.560,143.600,121.93,143.77,1039.39,35168.0,8928.0,8928.0
528,122.560,143.600,122.35,143.56,1039.39,33379.0,6352.0,6352.0
529,122.560,143.600,122.24,143.3,1039.39,35845.0,8572.0,8572.0
530,122.560,143.600,122.08,143.55,1039.39,35517.0,8265.0,8265.0
531,122.560,143.600,122.41,143.28,1039.39,37647.0,9949.0,9949.0
532,122.560,143.600,121.88,143.62,1039.39,35729.0,9176.0,9176.0
533,122.560,143.600,121.94,143.32,1039.39,37459.0,9792.0,9792.0
534,122.560,143.600,121.97,143.62,1039.39,35611.0,7962.0,7962.0
535,122.560,143.600,122.35,143.43,1039.39,35691.0,8424.0,8424.0
536,122.560,143.600,122.01,143.46,1039.39,35365.0,8900.0,8900.0
537,122.560,143.600,122.4,143.53,1039.39,34536.0,7168.0,7168.0
538,122.560,143.600,122.41,143.3,1039.39,34916.0,7400.0,7400.0
539,122.560,143.600,121.91,143.37,1039.39,37047.0,9352.0,9352.0
540,122.560,143.600,121.95,143.66,1039.39,36388.0,8152.0,8152.0
541,122.560,143.600,122.09,143.24,1039.39,42500.0,11173.0,11173.0
542,122.560,143.600,121.94,143.41,1039.39,36338.0,8361.0,8361.0
543,122.560,143.600,122.35,143.56,1039.39,32915.0,5984.0,5984.0
544,122.560,143.600,122.11,143.58,1039.39,34904.0,8002.0,8002.0
545,122.560,143.600,122.35,143.57,1039.39,34428.0,8123.0,8123.0
546,122.560,143.600,122.35,143.56,1039.39,34692.0,7133.0,7133.0
547,122.560,143.600,122.12,143.39,1039.39,37883.0,10269.0,10269.0
548,122.560,143.600,122.07,143.47,1039.39,36718.0,10180.0,10180.0
549,122.560,143.600,121.65,143.54,1039.39,35979.0,9267.0,9267.0
550,122.560,143.600,122.05,143.19,1039.39,36411.0,9527.0,9527.0
551,122.560,143.600,121.73,143.4,1039.39,36049.0,8237.0,8237.0
552,122.560,143.600,122.07,143.68,1039.39,38252.0,9576.0,9576.0
553,122.560,143.600,121.72,143.46,1039.39,35632.0,8237.0,8237.0
554,122.560,143.600,122,143.65,1039.39,34383.0,7486.0,7486.0
555,122.560,143.600,122.15,143.7,1039.39,33625.0,6747.0,6747.0
556,122.560,143.600,122.53,143.27,1039.39,34866.0,8249.0,8249.0
557,122.560,143.600,122.08,143.56,1039.39,35414.0,8925.0,8925.0
558,122.560,143.600,122.21,143.57,1039.39,35675.0,8493.0,8493.0
559,122.560,143.600,122.1,143.54,1039.39,38190.0,10499.0,10499.0
560,122.560,143.600,122.03,143.08,1039.39,37048.0,9624.0,9624.0
561,122.560,143.600,122.36,143.49,1039.39,35827.0,8579.0,8579.0
562,122.560,143.600,122.35,143.56,1039.39,32968.0,5882.0,5882.0
563,122.560,143.600,121.94,143.57,1039.39,35623.0,8936.0,8936.0
564,122.560,143.600,122.17,143.24,1039.39,36576.0,8551.0,8551.0
565,122.560,143.600,122.08,143.3,1039.39,37386.0,9935.0,9935.0
566,122.560,143.600,122.28,143.35,1039.39,35875.0,8845.0,8845.0
567,122.560,143.600,122.24,143.17,1039.39,36629.0,8915.0,8915.0
568,122.560,143.600,122.09,143.3,1039.39,35823.0,10156.0,10156.0
569,122.560,143.600,122.15,143.54,1039.39,35940.0,8797.0,8797.0
570,122.560,143.600,122.27,143.48,1039.39,36725.0,10516.0,10516.0
571,122.560,143.600,121.79,143.53,1039.39,36342.0,9665.0,9665.0
572,122.560,143.600,122.41,143.43,1039.39,34875.0,8390.0,8390.0
573,122.560,143.600,122.44,143.67,1039.39,37452.0,9385.0,9385.0
574,122.560,143.600,122.24,143.09,1039.39,35752.0,8355.0,8355.0
575,122.560,143.600,122.14,143.29,1039.39,35832.0,7995.0,7995.0
576,122.560,143.600,122.03,143.21,1039.39,39033.0,10987.0,10987.0
577,122.560,143.600,122.39,143.5,1039.39,37360.0,10278.0,10278.0
578,122.560,143.600,122.21,143.56,1039.39,35376.0,8200.0,8200.0
579,122.560,143.600,122.12,143.39,1039.39,37159.0,9207.0,9207.0
580,122.560,143.600,122.14,143.77,1039.39,37240.0,9641.0,9641.0
581,122.560,143.600,122.06,143.55,1039.39,37990.0,10866.0,10866.0
582,122.560,143.600,122.19,143.26,1039.39,35073.0,8216.0,8216.0
583,122.560,143.600,122.09,143.37,1039.39,35387.0,8106.0,8106.0
584,122.560,143.600,122.2,143.51,1039.39,37561.0,10057.0,10057.0
585,122.560,143.600,122.47,143.37,1039.39,36067.0,8836.0,8836.0
586,122.560,143.600,122.17,143.33,1039.39,35949.0,9425.0,9425.0
587,122.560,143.600,121.94,143.55,1039.39,36331.0,9000.0,9000.0
588,122.560,143.600,122.34,143.47,1039.39,37714.0,10104.0,10104.0
589,122.560,143.600,122.56,143.24,1039.39,37538.0,9887.0,9887.0
590,122.560,143.600,122.2,143.43,1039.39,36106.0,9514.0,9514.0
591,122.560,143.600,122.37,143.37,1039.39,34921.0,7878.0,7878.0
592,122.560,143.600,122.35,143.56,1039.39,33314.0,6751.0,6751.0
593,122.560,143.600,121.92,143.39,1039.39,37013.0,9592.0,9592.0
594,122.560,143.600,122,143.25,1039.39,37328.0,9469.0,9469.0
595,122.560,143.600,122.22,143.5,1039.39,37001.0,9769.0,9769.0
596,122.560,143.600,121.83,143.46,1039.39,35394.0,8876.0,8876.0
597,122.560,143.600,121.84,143.49,1039.39,35753.0,8170.0,8170.0
598,122.560,143.600,122.32,143.4,1039.39,36282.0,9221.0,9221.0
599,122.560,143.600,122.06,143.22,1039.39,34996.0,7561.0,7561.0
600,122.560,143.600,122.3,143.39,1039.39,36083.0,8633.0,8633.0
601,122.560,143.600,121.78,143.14,1039.39,35630.0,8387.0,8387.0
602,122.560,143.600,122.13,143.16,1039.39,37414.0,9777.0,9777.0
603,122.560,143.600,122.14,143.32,1039.39,36583.0,9200.0,9200.0
604,122.560,143.600,121.92,143.5,1039.39,37871.0,10705.0,10705.0
605,122.560,143.600,122.41,143.42,1039.39,34460.0,8201.0,8201.0
606,122.560,143.600,122.18,143.46,1039.39,36058.0,8491.0,8491.0
607,122.560,143.600,122.13,143.23,1039.39,37931.0,10528.0,10528.0
608,122.560,143.600,122.27,143.49,1039.39,34606.0,8268.0,8268.0
609,122.560,143.600,122.17,143.3,1039.39,34204.0,7313.0,7313.0
610,122.560,143.600,122.16,143.28,1039.39,35443.0,8953.0,8953.0
611,122.560,143.600,122.2,143.71,1039.39,39330.0,12036.0,12036.0
612,122.560,143.600,122.02,143.45,1039.39,38682.0,10639.0,10639.0
613,122.560,143.600,122.28,143.7,1039.39,35695.0,9050.0,9050.0
614,122.560,143.600,122.46,143.39,1039.39,35594.0,9085.0,9085.0
615,122.560,143.600,121.92,143.27,1039.39,37877.0,10228.0,10228.0
616,122.560,143.600,122.11,143.65,1039.39,36920.0,9566.0,9566.0
617,122.560,143.600,122.36,143.16,1039.39,35909.0,9779.0,9779.0
618,122.560,143.600,122.15,143.29,1039.39,35774.0,8735.0,8735.0
619,122.560,143.600,122.07,143.62,1039.39,34696.0,7041.0,7041.0
620,122.560,143.600,122.26,143.42,1039.39,37568.0,10041.0,10041.0
621,122.560,143.600,122.2,143.37,1039.39,37224.0,9917.0,9917.0
622,122.560,143.600,122.18,143.44,1039.39,36408.0,8803.0,8803.0
623,122.560,143.600,122.17,143.5,1039.39,35519.0,8504.0,8504.0
624,122.560,143.600,121.99,143.4,1039.39,36791.0,9414.0,9414.0
625,122.560,143.600,122.1,143.54,1039.39,37527.0,10010.0,10010.0
626,122.560,143.600,122.37,143.27,1039.39,35474.0,9244.0,9244.0
627,122.560,143.600,121.98,143.43,1039.39,35405.0,7913.0,7913.0
628,122.560,143.600,122.06,143.24,1039.39,34667.0,8903.0,8903.0
629,122.560,143.600,122.04,143.08,1039.39,34478.0,8107.0,8107.0
630,122.560,143.600,122.23,143.38,1039.39,38008.0,11035.0,11035.0
631,122.560,143.600,122.14,143.4,1039.39,35198.0,8642.0,8642.0
632,122.560,143.600,122.18,143.44,1039.39,36370.0,9309.0,9309.0
633,122.560,143.600,121.85,143.29,1039.39,37449.0,10440.0,10440.0
634,122.560,143.600,121.98,143.28,1039.39,35035.0,8254.0,8254.0
635,122.560,143.600,122.18,143.29,1039.39,36825.0,8751.0,8751.0
636,122.560,143.600,122.08,143.48,1039.39,35764.0,8471.0,8471.0
637,122.560,143.600,122.19,143.51,1039.39,35860.0,8149.0,8149.0
638,122.560,143.600,122.22,143.4,1039.39,34210.0,8121.0,8121.0
639,122.560,143.600,122.13,143.57,1039.39,37195.0,10022.0,10022.0
640,122.560,143.600,121.92,143.28,1039.39,34054.0,7622.0,7622.0
641,122.560,143.600,122.35,143.56,1039.39,34505.0,7458.0,7458.0
642,122.560,143.600,121.88,143.87,1039.39,35028.0,7150.0,7150.0
643,122.560,143.600,122.15,143.26,1039.39,34456.0,7442.0,7442.0
644,122.560,143.600,122.06,143.31,1039.39,35738.0,9296.0,9296.0
645,122.560,143.600,122.24,143.39,1039.39,36085.0,8791.0,8791.0
646,122.560,143.600,122.19,143.38,1039.39,36316.0,9524.0,9524.0
647,122.560,143.600,122.03,143.41,1039.39,35039.0,8070.0,8070.0
648,122.560,143.600,121.87,144.06,1039.39,37036.0,9553.0,9553.0
649,122.560,143.600,122.56,143.6,1039.39,36789.0,9964.0,9964.0
650,122.560,143.600,122.56,143.6,1039.39,30092.0,3868.0,3868.0
651,122.560,143.600,122.56,143.6,1039.39,27804.0,2991.0,2991.0
652,122.560,143.600,122.56,143.6,1039.39,26930.0,1433.0,1433.0
653,122.560,143.600,122.56,143.6,1039.39,25344.0,0.0,0.0
654,122.560,143.600,122.56,143.6,1039.39,23920.0,0.0,0.0
655,122.560,143.600,122.56,143.6,1039.39,25036.0,277.0,277.0
656,122.560,143.600,122.56,143.6,1039.39,27340.0,1921.0,1921.0
657,122.560,143.600,122.56,143.6,1039.39,26245.0,888.0,888.0
658,122.560,143.600,122.56,143.6,1039.39,26658.0,260.0,260.0
659,122.560,143.600,122.56,143.6,1039.39,26231.0,1979.0,1979.0
660,122.560,143.600,122.56,143.6,1039.39,27478.0,2106.0,2106.0
661,122.560,143.600,122.56,143.6,1039.39,24644.0,0.0,0.0
662,122.560,143.600,122.56,143.6,1039.39,26695.0,1249.0,1249.0
663,122.560,143.600,122.56,143.6,1039.39,26026.0,0.0,0.0
664,122.560,143.600,122.56,143.6,1039.39,26703.0,717.0,717.0
665,122.560,143.600,122.56,143.6,1039.39,25248.0,0.0,0.0
666,122.560,143.600,122.56,143.6,1039.39,26035.0,502.0,502.0
667,122.560,143.600,122.56,143.6,1039.39,25207.0,195.0,195.0
668,122.560,143.600,122.56,143.6,1039.39,27096.0,675.0,675.0
669,122.560,143.600,122.56,143.6,1039.39,25216.0,586.0,586.0
670,122.560,143.600,122.56,143.6,1039.39,26523.0,637.0,637.0
671,122.560,143.600,122.56,143.6,1039.39,26690.0,1382.0,1382.0
672,122.560,143.600,122.56,143.6,1039.39,27150.0,1055.0,1055.0
673,122.560,143.600,122.56,143.6,1039.39,24904.0,0.0,0.0
674,122.560,143.600,122.56,143.6,1039.39,25884.0,1158.0,1158.0
675,122.560,143.600,122.56,143.6,1039.39,24857.0,0.0,0.0
676,122.560,143.600,122.56,143.6,1039.39,25610.0,0.0,0.0
677,122.560,143.600,122.56,143.6,1039.39,25598.0,554.0,554.0
678,122.560,143.600,122.56,143.6,1039.39,25499.0,827.0,827.0
679,122.560,143.600,122.56,143.6,1039.39,27216.0,740.0,740.0
680,122.560,143.600,122.56,143.6,1039.39,24921.0,0.0,0.0
681,122.560,143.600,122.56,143.6,1039.39,25182.0,0.0,0.0
682,122.560,143.600,122.56,143.6,1039.39,25708.0,61.0,61.0
683,122.560,143.600,122.56,143.6,1039.39,27241.0,351.0,351.0
684,122.560,143.600,122.56,143.6,1039.39,25246.0,152.0,152.0
685,122.560,143.600,122.56,143.6,1039.39,27570.0,1418.0,1418.0
686,122.560,143.600,122.56,143.6,1039.39,26934.0,1120.0,1120.0
687,122.560,143.600,122.56,143.6,1039.39,25696.0,550.0,550.0
688,122.560,143.600,122.56,143.6,1039.39,25233.0,0.0,0.0
689,122.560,143.600,122.56,143.6,1039.39,27470.0,846.0,846.0
690,122.560,143.600,122.56,143.6,1039.39,27046.0,1268.0,1268.0
691,122.560,143.600,122.56,143.6,1039.39,25116.0,0.0,0.0
692,122.560,143.600,122.56,143.6,1039.39,27163.0,820.0,820.0
693,122.560,143.600,122.56,143.6,1039.39,26723.0,1628.0,1628.0
694,122.560,143.600,122.56,143.6,1039.39,26145.0,779.0,779.0
695,122.560,143.600,122.56,143.6,1039.39,24452.0,0.0,0.0
696,122.560,143.600,122.56,143.6,1039.39,26446.0,1074.0,1074.0
697,122.560,143.600,122.56,143.6,1039.39,26361.0,1135.0,1135.0
698,122.560,143.600,122.56,143.6,1039.39,26507.0,1600.0,1600.0
699,122.560,143.600,122.56,143.6,1039.39,26588.0,370.0,370.0
700,122.560,143.600,122.56,143.6,1039.39,25451.0,615.0,615.0
701,122.560,143.600,122.56,143.6,1039.39,27696.0,2792.0,2792.0
702,122.560,143.600,122.56,143.6,1039.39,26903.0,1508.0,1508.0
703,122.560,143.600,122.56,143.6,1039.39,26226.0,0.0,0.0
704,122.560,143.600,122.56,143.6,1039.39,26854.0,1050.0,1050.0
705,122.560,143.600,122.56,143.6,1039.39,24680.0,0.0,0.0
706,122.560,143.600,122.56,143.6,1039.39,25800.0,516.0,516.0
707,122.560,143.600,122.56,143.6,1039.39,26055.0,1123.0,1123.0
708,122.560,143.600,122.56,143.6,1039.39,25747.0,856.0,856.0
709,122.560,143.600,122.56,143.6,1039.39,26604.0,1350.0,1350.0
710,122.560,143.600,122.56,143.6,1039.39,26214.0,0.0,0.0
711,122.560,143.600,122.56,143.6,1039.39,26588.0,496.0,496.0
712,122.560,143.600,122.56,143.6,1039.39,27227.0,2158.0,2158.0
713,122.560,143.600,122.56,143.6,1039.39,23819.0,0.0,0.0
714,122.560,143.600,122.56,143.6,1039.39,27978.0,2947.0,2947.0
715,122.560,143.600,122.56,143.6,1039.39,26018.0,1313.0,1313.0
716,122.560,143.600,122.56,143.6,1039.39,26104.0,1695.0,1695.0
717,122.560,143.600,122.56,143.6,1039.39,27365.0,1979.0,1979.0
718,122.560,143.600,122.56,143.6,1039.39,26147.0,1307.0,1307.0
719,122.560,143.600,122.56,143.6,1039.39,25834.0,214.0,214.0
720,122.560,143.600,122.56,143.6,1039.39,27493.0,1434.0,1434.0
721,122.560,143.600,122.56,143.6,1039.39,27259.0,1851.0,1851.0
722,122.560,143.600,122.56,143.6,1039.39,24730.0,0.0,0.0
723,122.560,143.600,122.56,143.6,1039.39,27618.0,1368.0,1368.0
724,122.560,143.600,122.56,143.6,1039.39,25977.0,272.0,272.0
725,122.560,143.600,122.56,143.6,1039.39,26887.0,1879.0,1879.0
726,122.560,143.600,122.56,143.6,1039.39,25111.0,0.0,0.0
727,122.560,143.600,122.56,143.6,1039.39,25290.0,467.0,467.0
728,122.560,143.600,122.56,143.6,1039.39,26259.0,802.0,802.0
729,122.560,143.600,122.56,143.6,1039.39,26976.0,1865.0,1865.0
730,122.560,143.600,122.56,143.6,1039.39,26482.0,532.0,532.0
731,122.560,143.600,122.56,143.6,1039.39,26179.0,1152.0,1152.0
732,122.560,143.600,122.56,143.6,1039.39,27332.0,1825.0,1825.0
733,122.560,143.600,122.56,143.6,1039.39,23474.0,0.0,0.0
734,122.560,143.600,122.56,143.6,1039.39,25646.0,402.0,402.0
735,122.560,143.600,122.56,143.6,1039.39,26290.0,386.0,386.0
736,122.560,143.600,122.56,143.6,1039.39,26761.0,576.0,576.0
737,122.560,143.600,122.56,143.6,1039.39,26388.0,1206.0,1206.0
738,122.560,143.600,122.56,143.6,1039.39,24773.0,0.0,0.0
739,122.560,143.600,122.56,143.6,1039.39,26329.0,514.0,514.0
740,122.560,143.600,122.56,143.6,1039.39,26929.0,1609.0,1609.0
741,122.560,143.600,122.56,143.6,1039.39,25414.0,0.0,0.0
742,122.560,143.600,122.56,143.6,1039.39,26090.0,887.0,887.0
743,122.560,143.600,122.56,143.6,1039.39,26058.0,0.0,0.0
744,122.560,143.600,122.56,143.6,1039.39,26018.0,501.0,501.0
745,122.560,143.600,122.56,143.6,1039.39,27447.0,2009.0,2009.0
746,122.560,143.600,122.56,143.6,1039.39,25226.0,960.0,960.0
747,122.560,143.600,122.56,143.6,1039.39,25504.0,0.0,0.0
748,122.560,143.600,122.56,143.6,1039.39,24323.0,0.0,0.0
749,122.560,143.600,122.56,143.6,1039.39,25553.0,855.0,855.0
750,122.560,143.600,122.56,143.6,1039.39,25909.0,647.0,647.0
751,122.560,143.600,122.56,143.6,1039.39,26293.0,1007.0,1007.0
752,122.560,143.600,122.56,143.6,1039.39,25697.0,1387.0,1387.0
753,122.560,143.600,122.56,143.6,1039.39,25905.0,885.0,885.0
754,122.560,143.600,122.56,143.6,1039.39,26500.0,0.0,0.0
755,122.560,143.600,122.56,143.6,1039.39,26566.0,1516.0,1516.0
756,122.560,143.600,122.56,143.6,1039.39,26153.0,319.0,319.0
757,122.560,143.600,122.56,143.6,1039.39,26658.0,432.0,432.0
758,122.560,143.600,122.56,143.6,1039.39,26530.0,1397.0,1397.0
759,122.560,143.600,122.56,143.6,1039.39,27046.0,1505.0,1505.0
760,122.560,143.600,122.56,143.6,1039.39,24119.0,0.0,0.0
761,122.560,143.600,122.56,143.6,1039.39,26436.0,1399.0,1399.0
762,122.560,143.600,122.56,143.6,1039.39,27228.0,999.0,999.0
763,122.560,143.600,122.56,143.6,1039.39,27277.0,1247.0,1247.0
764,122.560,143.600,122.56,143.6,1039.39,26877.0,1265.0,1265.0
765,122.560,143.600,122.56,143.6,1039.39,24573.0,0.0,0.0
766,122.560,143.600,122.56,143.6,1039.39,26346.0,933.0,933.0
767,122.560,143.600,122.56,143.6,1039.39,26528.0,675.0,675.0
768,122.560,143.600,122.56,143.6,1039.39,26353.0,0.0,0.0
769,122.560,143.600,122.56,143.6,1039.39,26004.0,1045.0,1045.0
770,122.560,143.600,122.56,143.6,1039.39,26532.0,1502.0,1502.0
771,122.560,143.600,122.56,143.6,1039.39,25665.0,0.0,0.0
772,122.560,143.600,122.56,143.6,1039.39,24886.0,0.0,0.0
773,122.560,143.600,122.56,143.6,1039.39,26502.0,877.0,877.0
774,122.560,143.600,122.56,143.6,1039.39,28601.0,3685.0,3685.0
775,122.560,143.600,122.56,143.6,1039.39,24641.0,0.0,0.0
776,122.560,143.600,122.56,143.6,1039.39,26894.0,1445.0,1445.0
777,122.560,143.600,122.56,143.6,1039.39,26974.0,1591.0,1591.0
778,122.560,143.600,122.56,143.6,1039.39,25127.0,0.0,0.0
779,122.560,143.600,122.56,143.6,1039.39,26446.0,1612.0,1612.0
780,122.560,143.600,122.56,143.6,1039.39,25066.0,549.0,549.0
781,122.560,143.600,122.56,143.6,1039.39,25385.0,240.0,240.0
782,122.560,143.600,122.56,143.6,1039.39,26244.0,811.0,811.0
783,122.560,143.600,122.56,143.6,1039.39,26892.0,1865.0,1865.0
784,122.560,143.600,122.56,143.6,1039.39,25403.0,194.0,194.0
785,122.560,143.600,122.56,143.6,1039.39,26076.0,1363.0,1363.0
786,122.560,143.600,122.56,143.6,1039.39,26656.0,1009.0,1009.0
787,122.560,143.600,122.56,143.6,1039.39,27177.0,619.0,619.0
788,122.560,143.600,122.56,143.6,1039.39,25203.0,0.0,0.0
789,122.560,143.600,122.56,143.6,1039.39,26826.0,813.0,813.0
790,122.560,143.600,122.56,143.6,1039.39,24400.0,0.0,0.0
791,122.560,143.600,122.56,143.6,1039.39,25740.0,622.0,622.0
792,122.560,143.600,122.56,143.6,1039.39,26502.0,1310.0,1310.0
793,122.560,143.600,122.56,143.6,1039.39,26750.0,1214.0,1214.0
794,122.560,143.600,122.56,143.6,1039.39,27881.0,2281.0,2281.0
795,122.560,143.600,122.56,143.6,1039.39,25244.0,0.0,0.0
796,122.560,143.600,122.56,143.6,1039.39,26363.0,829.0,829.0
797,122.560,143.600,122.56,143.6,1039.39,25292.0,253.0,253.0
798,122.560,143.600,122.56,143.6,1039.39,25352.0,439.0,439.0
799,122.560,143.600,122.56,143.6,1039.39,24938.0,0.0,0.0
800,122.560,143.600,122.56,143.6,1039.39,25175.0,0.0,0.0
801,122.560,143.600,122.56,143.6,1039.39,25580.0,0.0,0.0
802,122.560,143.600,122.56,143.6,1039.39,29256.0,3167.0,3167.0
803,122.560,143.600,122.56,143.6,1039.39,25140.0,0.0,0.0
804,122.560,143.600,122.56,143.6,1039.39,27146.0,1681.0,1681.0
805,122.560,143.600,122.56,143.6,1039.39,26772.0,684.0,684.0
806,122.560,143.600,122.56,143.6,1039.39,26277.0,527.0,527.0
807,122.560,143.600,122.56,143.6,1039.39,25683.0,339.0,339.0
808,122.560,143.600,122.56,143.6,1039.39,26071.0,0.0,0.0
809,122.560,143.600,122.56,143.6,1039.39,28113.0,2208.0,2208.0
810,122.560,143.600,122.56,143.6,1039.39,27485.0,1437.0,1437.0
811,122.560,143.600,122.56,143.6,1039.39,25981.0,86.0,86.0
812,122.560,143.600,122.56,143.6,1039.39,27438.0,860.0,860.0
813,122.560,143.600,122.56,143.6,1039.39,26836.0,900.0,900.0
814,122.560,143.600,122.56,143.6,1039.39,27118.0,607.0,607.0
815,122.560,143.600,122.56,143.6,1039.39,26594.0,1011.0,1011.0
816,122.560,143.600,122.56,143.6,1039.39,27333.0,1041.0,1041.0
817,122.560,143.600,122.56,143.6,1039.39,25485.0,0.0,0.0
818,122.560,143.600,122.56,143.6,1039.39,26815.0,1233.0,1233.0
819,122.560,143.600,122.56,143.6,1039.39,27655.0,2518.0,2518.0
820,122.560,143.600,122.56,143.6,1039.39,27975.0,1617.0,1617.0
821,122.560,143.600,122.56,143.6,1039.39,24683.0,0.0,0.0
822,122.560,143.600,122.56,143.6,1039.39,24322.0,0.0,0.0
823,122.560,143.600,122.56,143.6,1039.39,28754.0,2588.0,2588.0
824,122.560,143.600,122.56,143.6,1039.39,26485.0,103.0,103.0
825,122.560,143.600,122.56,143.6,1039.39,24953.0,725.0,725.0
826,122.560,143.600,122.56,143.6,1039.39,24583.0,0.0,0.0
827,122.560,143.600,122.56,143.6,1039.39,26235.0,796.0,796.0
828,122.560,143.600,122.56,143.6,1039.39,27773.0,1302.0,1302.0
829,122.560,143.600,122.56,143.6,1039.39,26597.0,563.0,563.0
830,122.560,143.600,122.56,143.6,1039.39,27896.0,1365.0,1365.0
831,122.560,143.600,122.56,143.6,1039.39,27164.0,475.0,475.0
832,122.560,143.600,122.56,143.6,1039.39,27137.0,1042.0,1042.0
833,122.560,143.600,122.56,143.6,1039.39,26568.0,881.0,881.0
834,122.560,143.600,122.56,143.6,1039.39,26585.0,1145.0,1145.0
835,122.560,143.600,122.56,143.6,1039.39,25877.0,0.0,0.0
836,122.560,143.600,122.56,143.6,1039.39,26336.0,0.0,0.0
837,122.560,143.600,122.56,143.6,1039.39,26702.0,712.0,712.0
838,122.560,143.600,122.56,143.6,1039.39,25703.0,977.0,977.0
839,122.560,143.600,122.56,143.6,1039.39,25350.0,0.0,0.0
840,122.560,143.600,122.56,143.6,1039.39,25789.0,0.0,0.0
841,122.560,143.600,122.56,143.6,1039.39,27067.0,518.0,518.0
842,122.560,143.600,122.56,143.6,1039.39,27817.0,1735.0,1735.0
843,122.560,143.600,122.56,143.6,1039.39,25842.0,0.0,0.0
844,122.560,143.600,122.56,143.6,1039.39,27274.0,598.0,598.0
845,122.560,143.600,122.56,143.6,1039.39,26488.0,0.0,0.0
846,122.560,143.600,122.56,143.6,1039.39,25090.0,0.0,0.0
847,122.560,143.600,122.56,143.6,1039.39,27969.0,2178.0,2178.0
848,122.560,143.600,122.56,143.6,1039.39,28219.0,1596.0,1596.0
849,122.560,143.600,122.56,143.6,1039.39,27687.0,1269.0,1269.0
