id,avg_x,avg_y,x,y,bg,Square_intensity,circular_intensity,Gaussian_intensity
1,22.620,67.830,22.6,68.19,1105.0,39091.0,7343.0,7343.0
2,22.620,67.830,22.6,68.19,1105.0,39686.0,7255.0,7255.0
3,22.620,67.830,22.6,68.19,1105.0,38807.0,6568.0,6568.0
4,22.620,67.830,22.6,68.19,1105.0,37422.0,5648.0,5648.0
5,22.620,67.830,22.6,68.19,1105.0,38363.0,6594.0,6594.0
6,22.620,67.830,22.6,68.19,1105.0,40073.0,7762.0,7762.0
7,22.620,67.830,22.6,68.19,1105.0,39276.0,7089.0,7089.0
8,22.620,67.830,22.6,68.19,1105.0,40680.0,7251.0,7251.0
9,22.620,67.830,22.6,68.19,1105.0,37035.0,5346.0,5346.0
10,22.620,67.830,22.6,68.19,1105.0,39381.0,7327.0,7327.0
11,22.620,67.830,22.6,68.19,1105.0,37851.0,5755.0,5755.0
12,22.620,67.830,22.6,68.19,1105.0,36740.0,4966.0,4966.0
13,22.620,67.830,22.6,68.19,1105.0,36464.0,5658.0,5658.0
14,22.620,67.830,22.6,68.19,1105.0,37974.0,6849.0,6849.0
15,22.620,67.830,22.56,68.44,1105.0,37875.0,6548.0,6548.0
16,22.620,67.830,22.6,68.19,1105.0,39222.0,7789.0,7789.0
17,22.620,67.830,22.53,67.95,1105.0,39961.0,7671.0,7671.0
18,22.620,67.830,22.6,68.19,1105.0,36854.0,5517.0,5517.0
19,22.620,67.830,22.6,68.19,1105.0,37078.0,6276.0,6276.0
20,22.620,67.830,22.36,68.19,1105.0,40631.0,9857.0,9857.0
21,22.620,67.830,22.47,68.17,1105.0,38503.0,6931.0,6931.0
22,22.620,67.830,22.37,68.21,1105.0,41890.0,10438.0,10438.0
23,22.620,67.830,22.57,68.47,1105.0,39694.0,8855.0,8855.0
24,22.620,67.830,22.44,68.35,1105.0,40667.0,9787.0,9787.0
25,22.620,67.830,22.48,68.24,1105.0,37195.0,6294.0,6294.0
26,22.620,67.830,22.59,68.1,1105.0,40112.0,7804.0,7804.0
27,22.620,67.830,22.6,68.19,1105.0,37599.0,6701.0,6701.0
28,22.620,67.830,22.57,68.26,1105.0,38021.0,6782.0,6782.0
29,22.620,67.830,22.6,68.19,1105.0,38855.0,7808.0,7808.0
30,22.620,67.830,22.6,68.19,1105.0,37950.0,6938.0,6938.0
31,22.620,67.830,22.6,68.19,1105.0,37647.0,6954.0,6954.0
32,22.620,67.830,22.63,68.02,1105.0,41069.0,10656.0,10656.0
33,22.620,67.830,22.51,68.25,1105.0,38928.0,7158.0,7158.0
34,22.620,67.830,22.46,68.58,1105.0,39238.0,8640.0,8640.0
35,22.620,67.830,22.98,68.23,1105.0,40677.0,9010.0,9010.0
36,22.620,67.830,22.68,67.99,1105.0,40135.0,9233.0,9233.0
37,22.620,67.830,22.61,67.98,1105.0,42425.0,11697.0,11697.0
38,22.620,67.830,22.65,68.03,1105.0,40650.0,9533.0,9533.0
39,22.620,67.830,22.73,67.95,1105.0,37772.0,7707.0,7707.0
40,22.620,67.830,22.6,67.96,1105.0,39996.0,9235.0,9235.0
41,22.620,67.830,22.74,68.1,1105.0,37719.0,8251.0,8251.0
42,22.620,67.830,22.34,68.04,1105.0,38629.0,7836.0,7836.0
43,22.620,67.830,22.6,68.19,1105.0,37696.0,6610.0,6610.0
44,22.620,67.830,22.46,68.3,1105.0,39598.0,9230.0,9230.0
45,22.620,67.830,22.54,68.19,1105.0,38051.0,8181.0,8181.0
46,22.620,67.830,22.62,68.36,1105.0,37068.0,6659.0,6659.0
47,22.620,67.830,22.44,68.08,1105.0,39014.0,7012.0,7012.0
48,22.620,67.830,22.41,68.14,1105.0,39716.0,9452.0,9452.0
49,22.620,67.830,22.25,68.03,1105.0,38713.0,8682.0,8682.0
50,22.620,67.830,22.26,68.14,1105.0,39452.0,9250.0,9250.0
51,22.620,67.830,22.31,68.02,1105.0,38850.0,7507.0,7507.0
52,22.620,67.830,22.3,68.22,1105.0,39257.0,8442.0,8442.0
53,22.620,67.830,22.66,68.07,1105.0,37803.0,8096.0,8096.0
54,22.620,67.830,22.52,68.17,1105.0,38112.0,7886.0,7886.0
55,22.620,67.830,22.58,68.32,1105.0,39184.0,9238.0,9238.0
56,22.620,67.830,22.53,67.97,1105.0,36716.0,7989.0,7989.0
57,22.620,67.830,22.4,68.03,1105.0,37503.0,8172.0,8172.0
58,22.620,67.830,22.52,68.1,1105.0,38078.0,8065.0,8065.0
59,22.620,67.830,22.29,67.85,1105.0,38458.0,8060.0,8060.0
60,22.620,67.830,22.43,68.31,1105.0,39223.0,9064.0,9064.0
61,22.620,67.830,23.15,67.56,1105.0,35646.0,6308.0,6308.0
62,22.620,67.830,22.46,68.06,1105.0,38178.0,9720.0,9720.0
63,22.620,67.830,22.39,68.19,1105.0,37560.0,7350.0,7350.0
64,22.620,67.830,22.76,68,1105.0,38951.0,9808.0,9808.0
65,22.620,67.830,22.48,68.4,1105.0,38554.0,8765.0,8765.0
66,22.620,67.830,22.56,68.05,1105.0,38145.0,8587.0,8587.0
67,22.620,67.830,22.56,68.13,1105.0,38366.0,8249.0,8249.0
68,22.620,67.830,22.57,68.23,1105.0,40318.0,9714.0,9714.0
69,22.620,67.830,22.49,68.05,1105.0,38072.0,8253.0,8253.0
70,22.620,67.830,22.59,68.49,1105.0,38971.0,8747.0,8747.0
71,22.620,67.830,22.42,68.23,1105.0,37293.0,7850.0,7850.0
72,22.620,67.830,22.43,67.59,1105.0,39729.0,9190.0,9190.0
73,22.620,67.830,22.6,68.19,1105.0,36278.0,6647.0,6647.0
74,22.620,67.830,22.34,68.36,1105.0,37532.0,8672.0,8672.0
75,22.620,67.830,22.6,68.19,1105.0,35445.0,5939.0,5939.0
76,22.620,67.830,22.08,68.18,1105.0,38588.0,9199.0,9199.0
77,22.620,67.830,22.64,67.98,1105.0,38528.0,9258.0,9258.0
78,22.620,67.830,22.34,68.05,1105.0,38407.0,8902.0,8902.0
79,22.620,67.830,22.55,68.41,1105.0,41459.0,11588.0,11588.0
80,22.620,67.830,22.27,68.03,1105.0,36345.0,6853.0,6853.0
81,22.620,67.830,22.56,68.35,1105.0,39431.0,9814.0,9814.0
82,22.620,67.830,22.68,67.94,1105.0,37925.0,8269.0,8269.0
83,22.620,67.830,22.36,68.43,1105.0,36372.0,6979.0,6979.0
84,22.620,67.830,22.52,68.24,1105.0,39506.0,10275.0,10275.0
85,22.620,67.830,22.28,68.05,1105.0,37198.0,8679.0,8679.0
86,22.620,67.830,22.63,68.31,1105.0,37990.0,9127.0,9127.0
87,22.620,67.830,22.14,68.04,1105.0,37697.0,8363.0,8363.0
88,22.620,67.830,22.6,68.19,1105.0,35534.0,6488.0,6488.0
89,22.620,67.830,22.2,67.98,1105.0,36182.0,7457.0,7457.0
90,22.620,67.830,22.25,68.16,1105.0,37699.0,8289.0,8289.0
91,22.620,67.830,22.29,68.06,1105.0,34568.0,7039.0,7039.0
92,22.620,67.830,22.55,68.2,1105.0,38868.0,9132.0,9132.0
93,22.620,67.830,22.51,67.98,1105.0,36608.0,8158.0,8158.0
94,22.620,67.830,22.4,68.27,1105.0,36040.0,7377.0,7377.0
95,22.620,67.830,22.21,68.04,1105.0,37989.0,9213.0,9213.0
96,22.620,67.830,22.37,68.13,1105.0,37520.0,9766.0,9766.0
97,22.620,67.830,22.55,68.24,1105.0,37384.0,7884.0,7884.0
98,22.620,67.830,22.41,67.96,1105.0,39777.0,10107.0,10107.0
99,22.620,67.830,22.32,68.29,1105.0,37058.0,8283.0,8283.0
100,22.620,67.830,22.37,68.04,1105.0,36453.0,7900.0,7900.0
101,22.620,67.830,22.01,68.07,1105.0,37348.0,8044.0,8044.0
102,22.620,67.830,22.69,68.55,1105.0,38561.0,8939.0,8939.0
103,22.620,67.830,22.46,68.14,1105.0,36610.0,8426.0,8426.0
104,22.620,67.830,22.47,67.56,1105.0,38917.0,9983.0,9983.0
105,22.620,67.830,22.34,67.92,1105.0,34538.0,6301.0,6301.0
106,22.620,67.830,22.26,68.03,1105.0,35406.0,6917.0,6917.0
107,22.620,67.830,22.58,68.24,1105.0,39300.0,10741.0,10741.0
108,22.620,67.830,22.37,67.99,1105.0,37924.0,8472.0,8472.0
109,22.620,67.830,22.57,68.04,1105.0,40424.0,11544.0,11544.0
110,22.620,67.830,22.28,68.05,1105.0,39291.0,10495.0,10495.0
111,22.620,67.830,22.3,68.2,1105.0,37683.0,8466.0,8466.0
112,22.620,67.830,22.59,68.21,1105.0,38068.0,9351.0,9351.0
113,22.620,67.830,22.46,67.96,1105.0,37515.0,8261.0,8261.0
114,22.620,67.830,22.49,67.9,1105.0,38065.0,7899.0,7899.0
115,22.620,67.830,22.55,68.22,1105.0,37561.0,8808.0,8808.0
116,22.620,67.830,22.43,68.06,1105.0,36503.0,7462.0,7462.0
117,22.620,67.830,22.39,68.33,1105.0,35610.0,7681.0,7681.0
118,22.620,67.830,22.38,67.96,1105.0,37572.0,8443.0,8443.0
119,22.620,67.830,22.6,68.19,1105.0,36898.0,8375.0,8375.0
120,22.620,67.830,22.62,68.22,1105.0,36357.0,7894.0,7894.0
121,22.620,67.830,22.46,68.1,1105.0,37465.0,8805.0,8805.0
122,22.620,67.830,22.53,68.24,1105.0,34738.0,6931.0,6931.0
123,22.620,67.830,22.46,68.23,1105.0,37785.0,9419.0,9419.0
124,22.620,67.830,22.78,68.11,1105.0,37453.0,8564.0,8564.0
125,22.620,67.830,22.47,68.05,1105.0,38758.0,10603.0,10603.0
126,22.620,67.830,22.19,67.95,1105.0,37480.0,9467.0,9467.0
127,22.620,67.830,22.5,67.99,1105.0,36048.0,8116.0,8116.0
128,22.620,67.830,22.6,68.19,1105.0,33419.0,5133.0,5133.0
129,22.620,67.830,22.46,68.16,1105.0,38287.0,9140.0,9140.0
130,22.620,67.830,22.59,68.03,1105.0,36002.0,7640.0,7640.0
131,22.620,67.830,22.52,67.95,1105.0,40069.0,11920.0,11920.0
132,22.620,67.830,22.51,68,1105.0,37927.0,9129.0,9129.0
133,22.620,67.830,22.39,67.75,1105.0,38269.0,10627.0,10627.0
134,22.620,67.830,22.68,68.18,1105.0,35438.0,7601.0,7601.0
135,22.620,67.830,22.51,67.86,1105.0,37134.0,9048.0,9048.0
136,22.620,67.830,21.55,68.23,1105.0,38737.0,10906.0,10906.0
137,22.620,67.830,22.43,67.64,1105.0,34730.0,7651.0,7651.0
138,22.620,67.830,22.46,67.76,1105.0,36105.0,8303.0,8303.0
139,22.620,67.830,22.25,68.28,1105.0,36340.0,8408.0,8408.0
140,22.620,67.830,22.6,68.19,1105.0,36714.0,8183.0,8183.0
141,22.620,67.830,22.25,68.1,1105.0,38745.0,11181.0,11181.0
142,22.620,67.830,22.29,67.96,1105.0,39621.0,10619.0,10619.0
143,22.620,67.830,22.19,68.03,1105.0,35656.0,7577.0,7577.0
144,22.620,67.830,22.58,68.38,1105.0,40626.0,11736.0,11736.0
145,22.620,67.830,22.31,67.91,1105.0,38455.0,10393.0,10393.0
146,22.620,67.830,22.24,67.91,1105.0,37782.0,8841.0,8841.0
147,22.620,67.830,22.66,67.95,1105.0,37802.0,9089.0,9089.0
148,22.620,67.830,22.13,68.02,1105.0,36864.0,9217.0,9217.0
149,22.620,67.830,21.97,67.69,1105.0,39521.0,10470.0,10470.0
150,22.620,67.830,22.44,68.12,1105.0,40890.0,11751.0,11751.0
151,22.620,67.830,22.29,67.89,1105.0,39995.0,11060.0,11060.0
152,22.620,67.830,22.31,68,1105.0,36771.0,8708.0,8708.0
153,22.620,67.830,22.2,67.91,1105.0,40496.0,11354.0,11354.0
154,22.620,67.830,22.54,68.08,1105.0,40765.0,12878.0,12878.0
155,22.620,67.830,22.53,68.02,1105.0,39593.0,10727.0,10727.0
156,22.620,67.830,22.36,68.03,1105.0,39204.0,10363.0,10363.0
157,22.620,67.830,21.97,68.39,1105.0,38887.0,10068.0,10068.0
158,22.620,67.830,22.62,68.04,1105.0,39129.0,9725.0,9725.0
159,22.620,67.830,22.47,67.96,1105.0,36567.0,8568.0,8568.0
160,22.620,67.830,22.39,68.15,1105.0,41320.0,12959.0,12959.0
161,22.620,67.830,22.39,67.76,1105.0,36713.0,8719.0,8719.0
162,22.620,67.830,22.42,67.93,1105.0,38865.0,9649.0,9649.0
163,22.620,67.830,21.96,67.91,1105.0,38987.0,10021.0,10021.0
164,22.620,67.830,22.37,67.96,1105.0,38623.0,10239.0,10239.0
165,22.620,67.830,22.33,68.05,1105.0,40257.0,11106.0,11106.0
166,22.620,67.830,22.31,68.09,1105.0,37398.0,9017.0,9017.0
167,22.620,67.830,22.38,68.1,1105.0,38324.0,10480.0,10480.0
168,22.620,67.830,22.57,67.73,1105.0,38257.0,10704.0,10704.0
169,22.620,67.830,22.26,68.23,1105.0,38043.0,9635.0,9635.0
170,22.620,67.830,22.53,68.13,1105.0,40761.0,11649.0,11649.0
171,22.620,67.830,22.42,68.21,1105.0,37937.0,9450.0,9450.0
172,22.620,67.830,22.27,67.74,1105.0,39459.0,10378.0,10378.0
173,22.620,67.830,22.36,67.63,1105.0,38896.0,10504.0,10504.0
174,22.620,67.830,22.49,67.94,1105.0,37689.0,10022.0,10022.0
175,22.620,67.830,22.31,67.84,1105.0,39288.0,11657.0,11657.0
176,22.620,67.830,22.42,67.85,1105.0,41104.0,14078.0,14078.0
177,22.620,67.830,22.73,67.98,1105.0,41645.0,11327.0,11327.0
178,22.620,67.830,22.34,68.03,1105.0,40524.0,11087.0,11087.0
179,22.620,67.830,22.34,67.95,1105.0,40184.0,11780.0,11780.0
180,22.620,67.830,22.37,68.12,1105.0,39246.0,10516.0,10516.0
181,22.620,67.830,22.22,68.01,1105.0,42595.0,13998.0,13998.0
182,22.620,67.830,22.64,68.1,1105.0,39025.0,9891.0,9891.0
183,22.620,67.830,22.25,68.04,1105.0,38199.0,9939.0,9939.0
184,22.620,67.830,22.22,68.04,1105.0,38494.0,9208.0,9208.0
185,22.620,67.830,22.48,68.19,1105.0,40256.0,10437.0,10437.0
186,22.620,67.830,22.52,68.01,1105.0,38881.0,10583.0,10583.0
187,22.620,67.830,22.54,68.27,1105.0,42219.0,13113.0,13113.0
188,22.620,67.830,22.42,67.84,1105.0,38695.0,10209.0,10209.0
189,22.620,67.830,22.52,67.78,1105.0,36336.0,8574.0,8574.0
190,22.620,67.830,22.37,67.96,1105.0,41198.0,11928.0,11928.0
191,22.620,67.830,22.23,67.9,1105.0,37838.0,10754.0,10754.0
192,22.620,67.830,22.3,68.04,1105.0,38110.0,9727.0,9727.0
193,22.620,67.830,22.36,68.16,1105.0,40088.0,11719.0,11719.0
194,22.620,67.830,22.38,68.2,1105.0,38679.0,11269.0,11269.0
195,22.620,67.830,22.67,68.17,1105.0,38319.0,10659.0,10659.0
196,22.620,67.830,22.37,67.93,1105.0,40703.0,11826.0,11826.0
197,22.620,67.830,22.56,67.95,1105.0,35986.0,7980.0,7980.0
198,22.620,67.830,22.3,67.91,1105.0,37787.0,10735.0,10735.0
199,22.620,67.830,22.4,68.16,1105.0,39260.0,11817.0,11817.0
200,22.620,67.830,22.35,67.96,1105.0,37922.0,10126.0,10126.0
201,22.620,67.830,22.37,68.04,1105.0,37591.0,9473.0,9473.0
202,22.620,67.830,22.39,67.82,1105.0,38588.0,10426.0,10426.0
203,22.620,67.830,22.43,67.87,1105.0,38590.0,10250.0,10250.0
204,22.620,67.830,22.2,68.09,1105.0,40850.0,12324.0,12324.0
205,22.620,67.830,22.47,67.93,1105.0,38991.0,10122.0,10122.0
206,22.620,67.830,22.46,67.59,1105.0,39456.0,10515.0,10515.0
207,22.620,67.830,22.45,68.03,1105.0,40417.0,12391.0,12391.0
208,22.620,67.830,22.52,68.2,1105.0,39020.0,11349.0,11349.0
209,22.620,67.830,22.47,68.07,1105.0,41010.0,12099.0,12099.0
210,22.620,67.830,22.29,67.99,1105.0,40307.0,11461.0,11461.0
211,22.620,67.830,22.21,67.74,1105.0,40599.0,13020.0,13020.0
212,22.620,67.830,22.28,68.2,1105.0,41092.0,12675.0,12675.0
213,22.620,67.830,22.48,68.01,1105.0,41582.0,12693.0,12693.0
214,22.620,67.830,22.51,68.02,1105.0,40307.0,12200.0,12200.0
215,22.620,67.830,22.25,68,1105.0,41482.0,12720.0,12720.0
216,22.620,67.830,22.41,68.12,1105.0,41030.0,12460.0,12460.0
217,22.620,67.830,22.39,68.03,1105.0,40608.0,12409.0,12409.0
218,22.620,67.830,22.16,67.94,1105.0,40641.0,12979.0,12979.0
219,22.620,67.830,22.5,68.21,1105.0,39322.0,11937.0,11937.0
220,22.620,67.830,22.22,67.85,1105.0,42336.0,13816.0,13816.0
221,22.620,67.830,22.24,68.12,1105.0,39349.0,11395.0,11395.0
222,22.620,67.830,22.42,67.92,1105.0,37716.0,10426.0,10426.0
223,22.620,67.830,22.41,67.72,1105.0,39644.0,11865.0,11865.0
224,22.620,67.830,22.4,67.77,1105.0,41066.0,12882.0,12882.0
225,22.620,67.830,22.47,67.58,1105.0,38537.0,11089.0,11089.0
226,22.620,67.830,22.41,67.93,1105.0,39685.0,11445.0,11445.0
227,22.620,67.830,22.1,67.98,1105.0,42543.0,12531.0,12531.0
228,22.620,67.830,22.18,67.94,1105.0,38136.0,10821.0,10821.0
229,22.620,67.830,22.1,68.18,1105.0,38436.0,10625.0,10625.0
230,22.620,67.830,22.2,68.2,1105.0,39789.0,12124.0,12124.0
231,22.620,67.830,22.3,67.78,1105.0,38915.0,10348.0,10348.0
232,22.620,67.830,22.27,67.93,1105.0,38578.0,10774.0,10774.0
233,22.620,67.830,22.25,68.08,1105.0,39803.0,11287.0,11287.0
234,22.620,67.830,22.31,67.89,1105.0,40086.0,11790.0,11790.0
235,22.620,67.830,22.42,68.28,1105.0,41702.0,12896.0,12896.0
236,22.620,67.830,22.42,68.05,1105.0,37604.0,9446.0,9446.0
237,22.620,67.830,22.3,67.93,1105.0,38875.0,10548.0,10548.0
238,22.620,67.830,22.01,67.87,1105.0,41232.0,11845.0,11845.0
239,22.620,67.830,22.44,68.2,1105.0,40156.0,11830.0,11830.0
240,22.620,67.830,22.12,67.89,1105.0,41737.0,12962.0,12962.0
241,22.620,67.830,22.29,68.17,1105.0,40651.0,12008.0,12008.0
242,22.620,67.830,22.33,67.94,1105.0,41000.0,12322.0,12322.0
243,22.620,67.830,22.44,68.1,1105.0,37794.0,10291.0,10291.0
244,22.620,67.830,22.64,67.99,1105.0,39755.0,11951.0,11951.0
245,22.620,67.830,22.26,68.01,1105.0,37559.0,10730.0,10730.0
246,22.620,67.830,22.2,67.86,1105.0,37759.0,10175.0,10175.0
247,22.620,67.830,22.4,68.05,1105.0,41009.0,12332.0,12332.0
248,22.620,67.830,23.2,67.33,1105.0,37494.0,9610.0,9610.0
249,22.620,67.830,22.21,68.13,1105.0,37439.0,10052.0,10052.0
250,22.620,67.830,22.22,67.97,1105.0,40119.0,11082.0,11082.0
251,22.620,67.830,22.35,67.97,1105.0,37672.0,10829.0,10829.0
252,22.620,67.830,22.4,68.15,1105.0,38432.0,10471.0,10471.0
253,22.620,67.830,22.18,67.9,1105.0,41625.0,13884.0,13884.0
254,22.620,67.830,22.37,68.38,1105.0,37101.0,9669.0,9669.0
255,22.620,67.830,22.22,67.98,1105.0,37886.0,11076.0,11076.0
256,22.620,67.830,22.41,67.97,1105.0,41321.0,12741.0,12741.0
257,22.620,67.830,22.32,67.83,1105.0,41924.0,13603.0,13603.0
258,22.620,67.830,22.12,67.79,1105.0,37187.0,9182.0,9182.0
259,22.620,67.830,22.19,67.92,1105.0,39448.0,10633.0,10633.0
260,22.620,67.830,22.57,67.89,1105.0,40451.0,11272.0,11272.0
261,22.620,67.830,22.44,68.02,1105.0,40542.0,12305.0,12305.0
262,22.620,67.830,22.44,67.92,1105.0,41230.0,12321.0,12321.0
263,22.620,67.830,22.3,68.05,1105.0,41742.0,12850.0,12850.0
264,22.620,67.830,22.05,68.05,1105.0,39659.0,11881.0,11881.0
265,22.620,67.830,22.06,67.84,1105.0,37222.0,9263.0,9263.0
266,22.620,67.830,22.22,67.86,1105.0,38295.0,9624.0,9624.0
267,22.620,67.830,22.31,67.93,1105.0,37129.0,9079.0,9079.0
268,22.620,67.830,22.31,67.83,1105.0,36239.0,8603.0,8603.0
269,22.620,67.830,22.34,68.38,1105.0,39959.0,12193.0,12193.0
270,22.620,67.830,22.38,67.91,1105.0,37672.0,10015.0,10015.0
271,22.620,67.830,22.01,67.9,1105.0,38855.0,10881.0,10881.0
272,22.620,67.830,22.09,68.19,1105.0,38189.0,10263.0,10263.0
273,22.620,67.830,22.28,67.77,1105.0,39037.0,10292.0,10292.0
274,22.620,67.830,22.52,68.38,1105.0,37306.0,10140.0,10140.0
275,22.620,67.830,22.52,67.92,1105.0,37977.0,10433.0,10433.0
276,22.620,67.830,22.28,68.12,1105.0,39569.0,12401.0,12401.0
277,22.620,67.830,22.31,68.16,1105.0,36315.0,9174.0,9174.0
278,22.620,67.830,22.31,67.91,1105.0,36583.0,9505.0,9505.0
279,22.620,67.830,22.55,68.05,1105.0,37152.0,9121.0,9121.0
280,22.620,67.830,22.42,67.89,1105.0,37897.0,10340.0,10340.0
281,22.620,67.830,22.46,67.95,1105.0,37098.0,10234.0,10234.0
282,22.620,67.830,22.46,68.05,1105.0,37347.0,9079.0,9079.0
283,22.620,67.830,22.13,67.98,1105.0,38226.0,10865.0,10865.0
284,22.620,67.830,22.33,68.01,1105.0,41065.0,11846.0,11846.0
285,22.620,67.830,22.33,67.8,1105.0,41315.0,13700.0,13700.0
286,22.620,67.830,22.4,68.14,1105.0,39854.0,13102.0,13102.0
287,22.620,67.830,22.29,67.87,1105.0,40357.0,11902.0,11902.0
288,22.620,67.830,22.36,68.12,1105.0,39874.0,11406.0,11406.0
289,22.620,67.830,21.99,68.04,1105.0,38424.0,10672.0,10672.0
290,22.620,67.830,22.28,68.04,1105.0,39163.0,11678.0,11678.0
291,22.620,67.830,22.25,68.13,1105.0,39358.0,11972.0,11972.0
292,22.620,67.830,22.46,68.19,1105.0,38275.0,10699.0,10699.0
293,22.620,67.830,22.48,67.93,1105.0,40780.0,12777.0,12777.0
294,22.620,67.830,22.38,67.87,1105.0,41423.0,13101.0,13101.0
295,22.620,67.830,22.52,67.95,1105.0,39287.0,11222.0,11222.0
296,22.620,67.830,21.92,68.18,1105.0,39233.0,11835.0,11835.0
297,22.620,67.830,22.1,68.03,1105.0,40043.0,11310.0,11310.0
298,22.620,67.830,22.26,67.75,1105.0,38775.0,11126.0,11126.0
299,22.620,67.830,22.19,67.89,1105.0,40064.0,12205.0,12205.0
300,22.620,67.830,22.26,67.58,1105.0,39067.0,11525.0,11525.0
301,22.620,67.830,22.23,67.91,1105.0,40070.0,12178.0,12178.0
302,22.620,67.830,22.08,67.64,1105.0,40066.0,11815.0,11815.0
303,22.620,67.830,22.17,67.82,1105.0,37932.0,10058.0,10058.0
304,22.620,67.830,22.42,68.28,1105.0,36985.0,9840.0,9840.0
305,22.620,67.830,22.17,67.9,1105.0,37346.0,10252.0,10252.0
306,22.620,67.830,22.52,67.81,1105.0,37831.0,10096.0,10096.0
307,22.620,67.830,22.33,67.79,1105.0,36675.0,9599.0,9599.0
308,22.620,67.830,22.31,67.77,1105.0,37858.0,10166.0,10166.0
309,22.620,67.830,22.23,67.95,1105.0,37243.0,9542.0,9542.0
310,22.620,67.830,22.52,67.85,1105.0,37176.0,10216.0,10216.0
311,22.620,67.830,22.47,67.72,1105.0,40435.0,12483.0,12483.0
312,22.620,67.830,22.48,67.96,1105.0,40514.0,12095.0,12095.0
313,22.620,67.830,22.28,67.81,1105.0,36496.0,9587.0,9587.0
314,22.620,67.830,22.28,67.95,1105.0,37305.0,9301.0,9301.0
315,22.620,67.830,22.26,67.79,1105.0,39760.0,11824.0,11824.0
316,22.620,67.830,22.2,67.94,1105.0,40904.0,12504.0,12504.0
317,22.620,67.830,22.25,67.74,1105.0,38428.0,10907.0,10907.0
318,22.620,67.830,22.32,67.9,1105.0,41950.0,13178.0,13178.0
319,22.620,67.830,22.53,67.7,1105.0,40862.0,12976.0,12976.0
320,22.620,67.830,21.99,68.52,1105.0,40635.0,12804.0,12804.0
321,22.620,67.830,22.4,67.89,1105.0,39354.0,12327.0,12327.0
322,22.620,67.830,22.27,67.83,1105.0,42201.0,15191.0,15191.0
323,22.620,67.830,22.33,67.93,1105.0,40272.0,11934.0,11934.0
324,22.620,67.830,22.44,67.91,1105.0,38682.0,11177.0,11177.0
325,22.620,67.830,22.6,68.06,1105.0,38337.0,11548.0,11548.0
326,22.620,67.830,22.43,67.8,1105.0,39707.0,11741.0,11741.0
327,22.620,67.830,22.55,67.78,1105.0,39868.0,11200.0,11200.0
328,22.620,67.830,22.32,68.02,1105.0,41313.0,13962.0,13962.0
329,22.620,67.830,22.25,67.96,1105.0,38595.0,10072.0,10072.0
330,22.620,67.830,22.19,67.8,1105.0,38813.0,10756.0,10756.0
331,22.620,67.830,21.94,67.95,1105.0,39456.0,11586.0,11586.0
332,22.620,67.830,22.18,68.1,1105.0,39814.0,12767.0,12767.0
333,22.620,67.830,22.39,67.94,1105.0,36718.0,10571.0,10571.0
334,22.620,67.830,22.2,67.78,1105.0,38770.0,11256.0,11256.0
335,22.620,67.830,22.27,67.95,1105.0,38455.0,10324.0,10324.0
336,22.620,67.830,22.55,67.83,1105.0,39877.0,11636.0,11636.0
337,22.620,67.830,22.22,68,1105.0,39313.0,11211.0,11211.0
338,22.620,67.830,22.27,67.53,1105.0,39025.0,10484.0,10484.0
339,22.620,67.830,22.45,67.75,1105.0,41042.0,13304.0,13304.0
340,22.620,67.830,22.41,67.96,1105.0,39601.0,11263.0,11263.0
341,22.620,67.830,22.92,68.17,1105.0,36405.0,8313.0,8313.0
342,22.620,67.830,22.25,67.91,1105.0,37418.0,11443.0,11443.0
343,22.620,67.830,22.31,67.99,1105.0,37490.0,9951.0,9951.0
344,22.620,67.830,22.5,68.18,1105.0,39356.0,12355.0,12355.0
345,22.620,67.830,22.24,67.95,1105.0,37395.0,10921.0,10921.0
346,22.620,67.830,22.23,67.92,1105.0,40108.0,12278.0,12278.0
347,22.620,67.830,22.36,67.58,1105.0,39689.0,12396.0,12396.0
348,22.620,67.830,22.5,67.63,1105.0,40014.0,12840.0,12840.0
349,22.620,67.830,22.23,67.64,1105.0,38982.0,11389.0,11389.0
350,22.620,67.830,22.5,67.86,1105.0,40579.0,12814.0,12814.0
351,22.620,67.830,22.45,67.86,1105.0,39873.0,13263.0,13263.0
352,22.620,67.830,22.02,68.09,1105.0,40459.0,11958.0,11958.0
353,22.620,67.830,22.16,67.89,1105.0,38291.0,10674.0,10674.0
354,22.620,67.830,22.2,68.03,1105.0,40780.0,12349.0,12349.0
355,22.620,67.830,22.42,67.87,1105.0,39449.0,11437.0,11437.0
356,22.620,67.830,22.29,67.89,1105.0,41528.0,12111.0,12111.0
357,22.620,67.830,22.24,67.77,1105.0,38254.0,9860.0,9860.0
358,22.620,67.830,22.19,67.94,1105.0,38266.0,11006.0,11006.0
359,22.620,67.830,22.41,67.66,1105.0,38979.0,11590.0,11590.0
360,22.620,67.830,22.24,68,1105.0,40181.0,12650.0,12650.0
361,22.620,67.830,22.06,67.92,1105.0,40912.0,12447.0,12447.0
362,22.620,67.830,22.4,68.08,1105.0,39229.0,11693.0,11693.0
363,22.620,67.830,22.14,68.05,1105.0,37963.0,10807.0,10807.0
364,22.620,67.830,22.28,68,1105.0,35769.0,8599.0,8599.0
365,22.620,67.830,22.41,67.67,1105.0,39364.0,12042.0,12042.0
366,22.620,67.830,22.44,68.02,1105.0,37124.0,9786.0,9786.0
367,22.620,67.830,22.26,67.95,1105.0,40736.0,12670.0,12670.0
368,22.620,67.830,22.08,67.96,1105.0,39504.0,11452.0,11452.0
369,22.620,67.830,22.24,68.33,1105.0,36543.0,8561.0,8561.0
370,22.620,67.830,22.22,67.95,1105.0,39995.0,12828.0,12828.0
371,22.620,67.830,22.36,67.89,1105.0,40244.0,12766.0,12766.0
372,22.620,67.830,22.17,68.02,1105.0,41050.0,13969.0,13969.0
373,22.620,67.830,22.28,67.81,1105.0,39336.0,12153.0,12153.0
374,22.620,67.830,22.42,67.95,1105.0,42131.0,14028.0,14028.0
375,22.620,67.830,22.03,67.81,1105.0,41437.0,12975.0,12975.0
376,22.620,67.830,22.57,67.63,1105.0,38850.0,10763.0,10763.0
377,22.620,67.830,22.17,68.04,1105.0,39346.0,10761.0,10761.0
378,22.620,67.830,22.5,67.73,1105.0,37067.0,9774.0,9774.0
379,22.620,67.830,22.52,67.98,1105.0,41674.0,12904.0,12904.0
380,22.620,67.830,22.39,67.6,1105.0,41886.0,14098.0,14098.0
381,22.620,67.830,22.29,67.84,1105.0,36598.0,9521.0,9521.0
382,22.620,67.830,22.18,67.95,1105.0,38444.0,11285.0,11285.0
383,22.620,67.830,22.35,67.85,1105.0,37943.0,11564.0,11564.0
384,22.620,67.830,22.29,67.81,1105.0,41227.0,12995.0,12995.0
385,22.620,67.830,22.23,67.65,1105.0,39170.0,11699.0,11699.0
386,22.620,67.830,22.15,67.89,1105.0,39355.0,11200.0,11200.0
387,22.620,67.830,22.39,67.83,1105.0,40193.0,12845.0,12845.0
388,22.620,67.830,22.13,67.81,1105.0,38140.0,10437.0,10437.0
389,22.620,67.830,22.43,67.71,1105.0,40527.0,12478.0,12478.0
390,22.620,67.830,22.48,67.86,1105.0,41153.0,12227.0,12227.0
391,22.620,67.830,22.42,67.65,1105.0,36992.0,10593.0,10593.0
392,22.620,67.830,22.28,67.88,1105.0,39500.0,11730.0,11730.0
393,22.620,67.830,22.51,68.11,1105.0,38822.0,11931.0,11931.0
394,22.620,67.830,22.35,68.12,1105.0,39076.0,11589.0,11589.0
395,22.620,67.830,22.18,68.04,1105.0,40571.0,13155.0,13155.0
396,22.620,67.830,21.96,67.74,1105.0,41108.0,12666.0,12666.0
397,22.620,67.830,22.55,67.66,1105.0,40500.0,12663.0,12663.0
398,22.620,67.830,22.12,67.97,1105.0,39823.0,10845.0,10845.0
399,22.620,67.830,22.28,67.7,1105.0,39181.0,11872.0,11872.0
400,22.620,67.830,22.37,67.59,1105.0,38824.0,11766.0,11766.0
401,22.620,67.830,22.35,67.95,1105.0,37855.0,10486.0,10486.0
402,22.620,67.830,22.47,67.89,1105.0,40171.0,11981.0,11981.0
403,22.620,67.830,22.4,67.91,1105.0,39550.0,11608.0,11608.0
404,22.620,67.830,22.43,67.87,1105.0,42970.0,15551.0,15551.0
405,22.620,67.830,22.29,67.85,1105.0,42521.0,15366.0,15366.0
406,22.620,67.830,22.29,67.44,1105.0,40213.0,13267.0,13267.0
407,22.620,67.830,22.25,68.04,1105.0,39970.0,11321.0,11321.0
408,22.620,67.830,22.32,67.82,1105.0,41664.0,14357.0,14357.0
409,22.620,67.830,22.18,67.9,1105.0,41767.0,13824.0,13824.0
410,22.620,67.830,22.33,67.81,1105.0,40849.0,13680.0,13680.0
411,22.620,67.830,22.31,67.89,1105.0,38916.0,11681.0,11681.0
412,22.620,67.830,22.35,67.95,1105.0,41672.0,14439.0,14439.0
413,22.620,67.830,22.31,67.93,1105.0,42230.0,13743.0,13743.0
414,22.620,67.830,22.3,67.93,1105.0,41454.0,13252.0,13252.0
415,22.620,67.830,22.53,67.62,1105.0,37334.0,11031.0,11031.0
416,22.620,67.830,22.23,67.82,1105.0,38523.0,12159.0,12159.0
417,22.620,67.830,22.26,67.99,1105.0,45462.0,16377.0,16377.0
418,22.620,67.830,22.16,68.04,1105.0,40145.0,13519.0,13519.0
419,22.620,67.830,22.21,67.89,1105.0,40267.0,13451.0,13451.0
420,22.620,67.830,22.26,67.99,1105.0,40248.0,12387.0,12387.0
421,22.620,67.830,22.43,67.9,1105.0,40724.0,12877.0,12877.0
422,22.620,67.830,22.19,67.95,1105.0,39045.0,12583.0,12583.0
423,22.620,67.830,22.26,67.7,1105.0,38577.0,11230.0,11230.0
424,22.620,67.830,22.29,67.9,1105.0,40924.0,14491.0,14491.0
425,22.620,67.830,22.47,67.61,1105.0,41267.0,13525.0,13525.0
426,22.620,67.830,22.38,67.77,1105.0,42306.0,13516.0,13516.0
427,22.620,67.830,22.37,67.66,1105.0,40205.0,11748.0,11748.0
428,22.620,67.830,22.46,67.72,1105.0,42740.0,14853.0,14853.0
429,22.620,67.830,22.41,67.54,1105.0,44764.0,17150.0,17150.0
430,22.620,67.830,22.4,67.79,1105.0,39492.0,11817.0,11817.0
431,22.620,67.830,22.51,67.8,1105.0,39987.0,11488.0,11488.0
432,22.620,67.830,22.23,67.8,1105.0,39450.0,11590.0,11590.0
433,22.620,67.830,22.25,67.88,1105.0,39692.0,12513.0,12513.0
434,22.620,67.830,22.16,67.74,1105.0,42408.0,14814.0,14814.0
435,22.620,67.830,22.33,67.83,1105.0,41810.0,14304.0,14304.0
436,22.620,67.830,22.44,67.55,1105.0,40390.0,13952.0,13952.0
437,22.620,67.830,22.41,67.59,1105.0,41306.0,13673.0,13673.0
438,22.620,67.830,22.23,67.8,1105.0,39472.0,12132.0,12132.0
439,22.620,67.830,22.45,67.73,1105.0,40499.0,12877.0,12877.0
440,22.620,67.830,22.39,67.72,1105.0,40637.0,13071.0,13071.0
441,22.620,67.830,22.52,68.01,1105.0,40508.0,12788.0,12788.0
442,22.620,67.830,22.28,67.95,1105.0,41528.0,12256.0,12256.0
443,22.620,67.830,22.44,67.99,1105.0,39942.0,13080.0,13080.0
444,22.620,67.830,22.39,67.9,1105.0,43022.0,14608.0,14608.0
445,22.620,67.830,22.23,67.94,1105.0,42168.0,13564.0,13564.0
446,22.620,67.830,22.31,67.92,1105.0,39525.0,13144.0,13144.0
447,22.620,67.830,22.29,67.75,1105.0,43495.0,14757.0,14757.0
448,22.620,67.830,22.48,67.64,1105.0,41445.0,13621.0,13621.0
449,22.620,67.830,22.2,67.79,1105.0,41282.0,14103.0,14103.0
450,22.620,67.830,22.26,67.78,1105.0,41588.0,14713.0,14713.0
451,22.620,67.830,22.22,68.07,1105.0,40018.0,13313.0,13313.0
452,22.620,67.830,22.4,67.51,1105.0,39659.0,11163.0,11163.0
453,22.620,67.830,22.29,67.94,1105.0,41604.0,15291.0,15291.0
454,22.620,67.830,22.37,67.77,1105.0,44091.0,16468.0,16468.0
455,22.620,67.830,22.28,67.94,1105.0,40217.0,13028.0,13028.0
456,22.620,67.830,22.31,67.84,1105.0,42323.0,14383.0,14383.0
457,22.620,67.830,22.34,67.73,1105.0,40083.0,12605.0,12605.0
458,22.620,67.830,22.61,68.02,1105.0,42593.0,13367.0,13367.0
459,22.620,67.830,22.31,67.84,1105.0,36740.0,10232.0,10232.0
460,22.620,67.830,22.47,67.52,1105.0,39447.0,12903.0,12903.0
461,22.620,67.830,22.26,67.84,1105.0,44733.0,16629.0,16629.0
462,22.620,67.830,22.27,67.82,1105.0,39382.0,11800.0,11800.0
463,22.620,67.830,22.38,67.97,1105.0,39261.0,11937.0,11937.0
464,22.620,67.830,22.23,67.75,1105.0,40982.0,13946.0,13946.0
465,22.620,67.830,22.13,67.94,1105.0,40347.0,12803.0,12803.0
466,22.620,67.830,22.39,67.88,1105.0,39888.0,12330.0,12330.0
467,22.620,67.830,22.3,67.75,1105.0,39765.0,12361.0,12361.0
468,22.620,67.830,22.37,67.89,1105.0,41573.0,13588.0,13588.0
469,22.620,67.830,22.42,67.71,1105.0,40369.0,14031.0,14031.0
470,22.620,67.830,22.41,67.66,1105.0,39415.0,12883.0,12883.0
471,22.620,67.830,22.34,67.85,1105.0,38911.0,12026.0,12026.0
472,22.620,67.830,22.27,67.89,1105.0,41669.0,14675.0,14675.0
473,22.620,67.830,22.44,67.82,1105.0,41177.0,14425.0,14425.0
474,22.620,67.830,22.29,67.66,1105.0,39493.0,12082.0,12082.0
475,22.620,67.830,22.32,67.7,1105.0,43099.0,15355.0,15355.0
476,22.620,67.830,22.49,67.82,1105.0,40867.0,13769.0,13769.0
477,22.620,67.830,22.37,67.84,1105.0,41875.0,13616.0,13616.0
478,22.620,67.830,22.29,67.69,1105.0,41326.0,13319.0,13319.0
479,22.620,67.830,22.48,67.6,1105.0,41917.0,13742.0,13742.0
480,22.620,67.830,22.22,67.93,1105.0,39713.0,12678.0,12678.0
481,22.620,67.830,22.56,67.71,1105.0,38549.0,12171.0,12171.0
482,22.620,67.830,22.44,67.8,1105.0,39760.0,12385.0,12385.0
483,22.620,67.830,22.25,67.61,1105.0,40050.0,12577.0,12577.0
484,22.620,67.830,22.39,67.53,1105.0,40941.0,13026.0,13026.0
485,22.620,67.830,22.24,67.87,1105.0,38873.0,11015.0,11015.0
486,22.620,67.830,22.31,67.61,1105.0,39781.0,12484.0,12484.0
487,22.620,67.830,22.34,67.64,1105.0,41642.0,14211.0,14211.0
488,22.620,67.830,22.55,67.88,1105.0,40294.0,12729.0,12729.0
489,22.620,67.830,22.43,67.66,1105.0,40489.0,13115.0,13115.0
490,22.620,67.830,22.24,67.75,1105.0,39000.0,12029.0,12029.0
491,22.620,67.830,22.37,67.91,1105.0,42137.0,13434.0,13434.0
492,22.620,67.830,22.19,68,1105.0,40239.0,13558.0,13558.0
493,22.620,67.830,22.43,67.65,1105.0,38815.0,11506.0,11506.0
494,22.620,67.830,22.37,68.08,1105.0,39845.0,13100.0,13100.0
495,22.620,67.830,22.57,67.91,1105.0,41604.0,13833.0,13833.0
496,22.620,67.830,22.4,67.84,1105.0,40096.0,12935.0,12935.0
497,22.620,67.830,22.43,67.75,1105.0,40869.0,13492.0,13492.0
498,22.620,67.830,22.29,67.77,1105.0,38787.0,11478.0,11478.0
499,22.620,67.830,22.31,67.6,1105.0,41615.0,14691.0,14691.0
500,22.620,67.830,22.25,67.81,1105.0,40495.0,13201.0,13201.0
501,22.620,67.830,22.33,67.69,1105.0,38589.0,12075.0,12075.0
502,22.620,67.830,22.43,67.78,1105.0,40524.0,12593.0,12593.0
503,22.620,67.830,22.37,67.86,1105.0,42250.0,15116.0,15116.0
504,22.620,67.830,22.23,67.69,1105.0,42005.0,14369.0,14369.0
505,22.620,67.830,22.3,67.92,1105.0,37857.0,10661.0,10661.0
506,22.620,67.830,22.42,67.69,1105.0,41147.0,13770.0,13770.0
507,22.620,67.830,22.26,68.02,1105.0,40318.0,13506.0,13506.0
508,22.620,67.830,22.61,67.59,1105.0,40386.0,12577.0,12577.0
509,22.620,67.830,22.32,67.83,1105.0,40205.0,12796.0,12796.0
510,22.620,67.830,22.27,67.5,1105.0,40101.0,12864.0,12864.0
511,22.620,67.830,22.49,67.83,1105.0,39458.0,12706.0,12706.0
512,22.620,67.830,22.51,67.59,1105.0,40300.0,13419.0,13419.0
513,22.620,67.830,22.45,67.76,1105.0,42227.0,15323.0,15323.0
514,22.620,67.830,22.35,67.8,1105.0,40122.0,13768.0,13768.0
515,22.620,67.830,22.43,67.73,1105.0,38797.0,11989.0,11989.0
516,22.620,67.830,22.32,67.66,1105.0,41767.0,15019.0,15019.0
517,22.620,67.830,22.3,67.81,1105.0,40119.0,13019.0,13019.0
518,22.620,67.830,22.17,67.96,1105.0,41619.0,13620.0,13620.0
519,22.620,67.830,22.42,67.5,1105.0,40153.0,13366.0,13366.0
520,22.620,67.830,22.37,67.94,1105.0,39500.0,11673.0,11673.0
521,22.620,67.830,22.29,67.8,1105.0,41427.0,14032.0,14032.0
522,22.620,67.830,22.32,67.84,1105.0,42079.0,14292.0,14292.0
523,22.620,67.830,22.35,67.74,1105.0,41793.0,14332.0,14332.0
524,22.620,67.830,22.4,67.79,1105.0,39229.0,11803.0,11803.0
525,22.620,67.830,22.3,67.86,1105.0,40728.0,12945.0,12945.0
526,22.620,67.830,22.47,67.91,1105.0,38550.0,11893.0,11893.0
527,22.620,67.830,22.24,67.6,1105.0,39942.0,12490.0,12490.0
528,22.620,67.830,22.33,67.81,1105.0,37095.0,9998.0,9998.0
529,22.620,67.830,22.41,67.72,1105.0,41488.0,14006.0,14006.0
530,22.620,67.830,22.48,67.86,1105.0,40393.0,13014.0,13014.0
531,22.620,67.830,22.28,67.82,1105.0,41930.0,14076.0,14076.0
532,22.620,67.830,22.25,68.03,1105.0,41127.0,12948.0,12948.0
533,22.620,67.830,22.2,67.88,1105.0,40974.0,13022.0,13022.0
534,22.620,67.830,22.35,67.78,1105.0,40333.0,13831.0,13831.0
535,22.620,67.830,22.58,67.62,1105.0,39842.0,12703.0,12703.0
536,22.620,67.830,22.55,67.68,1105.0,40361.0,12132.0,12132.0
537,22.620,67.830,22.23,67.84,1105.0,42397.0,15600.0,15600.0
538,22.620,67.830,22.3,67.64,1105.0,41194.0,13742.0,13742.0
539,22.620,67.830,22.36,67.94,1105.0,37699.0,10659.0,10659.0
540,22.620,67.830,22.29,67.65,1105.0,38982.0,11385.0,11385.0
541,22.620,67.830,22.2,67.78,1105.0,39608.0,12987.0,12987.0
542,22.620,67.830,22.52,67.62,1105.0,39586.0,12389.0,12389.0
543,22.620,67.830,22.45,67.59,1105.0,40575.0,13228.0,13228.0
544,22.620,67.830,22.47,67.47,1105.0,38518.0,11307.0,11307.0
545,22.620,67.830,22.4,67.87,1105.0,39222.0,12266.0,12266.0
546,22.620,67.830,22.32,67.8,1105.0,38556.0,11376.0,11376.0
547,22.620,67.830,22.46,67.89,1105.0,40306.0,12749.0,12749.0
548,22.620,67.830,22.16,67.73,1105.0,40331.0,13614.0,13614.0
549,22.620,67.830,22.41,67.83,1105.0,41027.0,13967.0,13967.0
550,22.620,67.830,22.56,67.86,1105.0,38675.0,11234.0,11234.0
551,22.620,67.830,22.5,67.72,1105.0,41833.0,14007.0,14007.0
552,22.620,67.830,22.25,67.81,1105.0,40088.0,13246.0,13246.0
553,22.620,67.830,22.32,67.83,1105.0,40036.0,13379.0,13379.0
554,22.620,67.830,22.31,67.76,1105.0,42269.0,14551.0,14551.0
555,22.620,67.830,22.25,67.81,1105.0,38754.0,12303.0,12303.0
556,22.620,67.830,22.42,67.76,1105.0,40531.0,13310.0,13310.0
557,22.620,67.830,22.26,67.84,1105.0,41397.0,14761.0,14761.0
558,22.620,67.830,22.41,67.84,1105.0,38622.0,11150.0,11150.0
559,22.620,67.830,22.4,67.49,1105.0,40108.0,12385.0,12385.0
560,22.620,67.830,22.1,67.78,1105.0,41684.0,14494.0,14494.0
561,22.620,67.830,22.27,67.87,1105.0,38135.0,11995.0,11995.0
562,22.620,67.830,22.06,67.82,1105.0,37376.0,10993.0,10993.0
563,22.620,67.830,22.39,67.99,1105.0,37505.0,10584.0,10584.0
564,22.620,67.830,22.46,67.83,1105.0,39505.0,11471.0,11471.0
565,22.620,67.830,22.51,67.95,1105.0,41241.0,14309.0,14309.0
566,22.620,67.830,22.42,67.88,1105.0,39430.0,12544.0,12544.0
567,22.620,67.830,22.35,67.52,1105.0,40209.0,12525.0,12525.0
568,22.620,67.830,22.19,67.87,1105.0,38019.0,11624.0,11624.0
569,22.620,67.830,22.31,67.77,1105.0,44954.0,17457.0,17457.0
570,22.620,67.830,22.25,67.77,1105.0,42295.0,13819.0,13819.0
571,22.620,67.830,22.74,67.74,1105.0,44619.0,16319.0,16319.0
572,22.620,67.830,22.55,67.66,1105.0,38786.0,11210.0,11210.0
573,22.620,67.830,22.53,67.96,1105.0,42845.0,15383.0,15383.0
574,22.620,67.830,22.29,67.74,1105.0,43485.0,15771.0,15771.0
575,22.620,67.830,22.5,67.58,1105.0,41283.0,14265.0,14265.0
576,22.620,67.830,22.22,67.66,1105.0,41601.0,14322.0,14322.0
577,22.620,67.830,22.49,67.78,1105.0,43080.0,15587.0,15587.0
578,22.620,67.830,22.36,67.75,1105.0,42694.0,14491.0,14491.0
579,22.620,67.830,22.34,68,1105.0,42722.0,14184.0,14184.0
580,22.620,67.830,22.56,67.68,1105.0,40041.0,12632.0,12632.0
581,22.620,67.830,22.18,67.92,1105.0,40555.0,13190.0,13190.0
582,22.620,67.830,23.08,67.93,1105.0,40302.0,12332.0,12332.0
583,22.620,67.830,22.22,67.61,1105.0,39508.0,13129.0,13129.0
584,22.620,67.830,22.57,67.82,1105.0,41364.0,13715.0,13715.0
585,22.620,67.830,22.6,68.19,1105.0,32654.0,7891.0,7891.0
586,22.620,67.830,22.5,67.62,1105.0,41473.0,12927.0,12927.0
587,22.620,67.830,22.14,67.44,1105.0,38861.0,11801.0,11801.0
588,22.620,67.830,22.26,67.77,1105.0,39988.0,12900.0,12900.0
589,22.620,67.830,22.37,67.7,1105.0,42110.0,14737.0,14737.0
590,22.620,67.830,22.16,67.65,1105.0,38047.0,11474.0,11474.0
591,22.620,67.830,22.42,67.88,1105.0,39539.0,11664.0,11664.0
592,22.620,67.830,22.23,67.77,1105.0,40977.0,13177.0,13177.0
593,22.620,67.830,22.39,67.61,1105.0,39809.0,12246.0,12246.0
594,22.620,67.830,22.21,67.82,1105.0,39324.0,12753.0,12753.0
595,22.620,67.830,22.14,67.91,1105.0,39712.0,12029.0,12029.0
596,22.620,67.830,22.26,67.84,1105.0,41301.0,13627.0,13627.0
597,22.620,67.830,22.44,67.59,1105.0,42162.0,14969.0,14969.0
598,22.620,67.830,22.32,67.71,1105.0,42291.0,15096.0,15096.0
599,22.620,67.830,22.18,67.94,1105.0,39142.0,10972.0,10972.0
600,22.620,67.830,22.39,67.66,1105.0,39860.0,12952.0,12952.0
601,22.620,67.830,22.25,67.78,1105.0,38079.0,11128.0,11128.0
602,22.620,67.830,22.31,67.63,1105.0,40215.0,13087.0,13087.0
603,22.620,67.830,22.55,67.89,1105.0,41105.0,12953.0,12953.0
604,22.620,67.830,22.56,67.57,1105.0,38754.0,12358.0,12358.0
605,22.620,67.830,22.46,68.13,1105.0,40249.0,11292.0,11292.0
606,22.620,67.830,22.34,67.7,1105.0,39645.0,13602.0,13602.0
607,22.620,67.830,22.36,67.87,1105.0,37534.0,11256.0,11256.0
608,22.620,67.830,22.26,67.81,1105.0,42205.0,14489.0,14489.0
609,22.620,67.830,22.25,67.79,1105.0,39247.0,13401.0,13401.0
610,22.620,67.830,22.33,67.72,1105.0,41301.0,13853.0,13853.0
611,22.620,67.830,22.41,67.82,1105.0,39692.0,11892.0,11892.0
612,22.620,67.830,22.43,67.92,1105.0,40619.0,13230.0,13230.0
613,22.620,67.830,22.28,67.89,1105.0,42493.0,15045.0,15045.0
614,22.620,67.830,22.47,67.62,1105.0,42323.0,13516.0,13516.0
615,22.620,67.830,22.35,67.93,1105.0,39607.0,12022.0,12022.0
616,22.620,67.830,22.29,67.81,1105.0,42868.0,15826.0,15826.0
617,22.620,67.830,22.43,67.75,1105.0,39196.0,12994.0,12994.0
618,22.620,67.830,22.41,67.69,1105.0,39062.0,12249.0,12249.0
619,22.620,67.830,22.48,67.75,1105.0,40332.0,13256.0,13256.0
620,22.620,67.830,22.47,67.48,1105.0,39855.0,12699.0,12699.0
621,22.620,67.830,22.75,67.85,1105.0,40030.0,12949.0,12949.0
622,22.620,67.830,22.52,67.78,1105.0,42330.0,15287.0,15287.0
623,22.620,67.830,22.26,67.85,1105.0,40677.0,13820.0,13820.0
624,22.620,67.830,22.17,67.82,1105.0,39924.0,12430.0,12430.0
625,22.620,67.830,22.31,67.8,1105.0,39845.0,12369.0,12369.0
626,22.620,67.830,22.35,67.64,1105.0,38865.0,11335.0,11335.0
627,22.620,67.830,22.46,67.61,1105.0,39852.0,13313.0,13313.0
628,22.620,67.830,22.43,67.88,1105.0,40190.0,13228.0,13228.0
629,22.620,67.830,22.3,67.73,1105.0,39072.0,12196.0,12196.0
630,22.620,67.830,22.25,67.91,1105.0,40548.0,12815.0,12815.0
631,22.620,67.830,22.38,67.86,1105.0,42158.0,15037.0,15037.0
632,22.620,67.830,22.44,67.83,1105.0,37997.0,11211.0,11211.0
633,22.620,67.830,22.17,67.76,1105.0,38868.0,12215.0,12215.0
634,22.620,67.830,22.2,67.73,1105.0,41329.0,13996.0,13996.0
635,22.620,67.830,22.44,67.82,1105.0,38845.0,12042.0,12042.0
636,22.620,67.830,22.31,67.91,1105.0,39289.0,12135.0,12135.0
637,22.620,67.830,22.28,67.63,1105.0,37067.0,9457.0,9457.0
638,22.620,67.830,22.2,68.06,1105.0,38709.0,10651.0,10651.0
639,22.620,67.830,22.48,67.81,1105.0,38421.0,10518.0,10518.0
640,22.620,67.830,22.26,67.9,1105.0,38842.0,11465.0,11465.0
641,22.620,67.830,22.34,67.66,1105.0,40774.0,14829.0,14829.0
642,22.620,67.830,22.4,67.59,1105.0,42010.0,14735.0,14735.0
643,22.620,67.830,22.47,67.62,1105.0,40145.0,14101.0,14101.0
644,22.620,67.830,22.16,67.9,1105.0,42506.0,14434.0,14434.0
645,22.620,67.830,22.43,67.64,1105.0,40939.0,13708.0,13708.0
646,22.620,67.830,22.05,67.9,1105.0,40028.0,13066.0,13066.0
647,22.620,67.830,22.32,67.8,1105.0,39423.0,12931.0,12931.0
648,22.620,67.830,22.31,67.65,1105.0,37925.0,11026.0,11026.0
649,22.620,67.830,22.36,67.53,1105.0,41233.0,13642.0,13642.0
650,22.620,67.830,22.29,67.6,1105.0,39297.0,11797.0,11797.0
651,22.620,67.830,22.37,67.88,1105.0,38237.0,11191.0,11191.0
652,22.620,67.830,22.33,67.77,1105.0,40421.0,12982.0,12982.0
653,22.620,67.830,22.5,67.44,1105.0,44023.0,17085.0,17085.0
654,22.620,67.830,22.21,67.79,1105.0,38589.0,12111.0,12111.0
655,22.620,67.830,22.44,67.83,1105.0,41935.0,14901.0,14901.0
656,22.620,67.830,22.33,67.74,1105.0,41662.0,14160.0,14160.0
657,22.620,67.830,22.3,67.87,1105.0,42583.0,15709.0,15709.0
658,22.620,67.830,22.25,67.72,1105.0,39083.0,12236.0,12236.0
659,22.620,67.830,22.51,67.61,1105.0,40094.0,13697.0,13697.0
660,22.620,67.830,22.36,67.87,1105.0,41419.0,14516.0,14516.0
661,22.620,67.830,22.45,67.56,1105.0,41469.0,14705.0,14705.0
662,22.620,67.830,22.25,67.81,1105.0,41349.0,14038.0,14038.0
663,22.620,67.830,22.61,67.85,1105.0,40844.0,13115.0,13115.0
664,22.620,67.830,22.47,67.6,1105.0,41549.0,14252.0,14252.0
665,22.620,67.830,22.3,67.76,1105.0,40381.0,13207.0,13207.0
666,22.620,67.830,22.39,67.81,1105.0,40147.0,13032.0,13032.0
667,22.620,67.830,22.36,67.94,1105.0,39551.0,11869.0,11869.0
668,22.620,67.830,22.36,67.48,1105.0,41099.0,13748.0,13748.0
669,22.620,67.830,22.3,67.74,1105.0,41666.0,14637.0,14637.0
670,22.620,67.830,22.42,67.93,1105.0,39380.0,12537.0,12537.0
671,22.620,67.830,22.32,67.63,1105.0,40237.0,12562.0,12562.0
672,22.620,67.830,22.37,67.48,1105.0,38777.0,11528.0,11528.0
673,22.620,67.830,22.28,67.93,1105.0,41981.0,14350.0,14350.0
674,22.620,67.830,22.45,67.69,1105.0,36616.0,10253.0,10253.0
675,22.620,67.830,22.47,67.6,1105.0,39489.0,12617.0,12617.0
676,22.620,67.830,22.49,67.69,1105.0,42176.0,14478.0,14478.0
677,22.620,67.830,22.2,67.87,1105.0,40026.0,12666.0,12666.0
678,22.620,67.830,22.45,67.68,1105.0,37005.0,10364.0,10364.0
679,22.620,67.830,22.25,67.85,1105.0,38764.0,12206.0,12206.0
680,22.620,67.830,22.44,67.59,1105.0,39392.0,12604.0,12604.0
681,22.620,67.830,22.47,67.59,1105.0,38868.0,12786.0,12786.0
682,22.620,67.830,22.33,67.73,1105.0,40727.0,13266.0,13266.0
683,22.620,67.830,22.58,67.55,1105.0,40654.0,13583.0,13583.0
684,22.620,67.830,22.31,67.96,1105.0,34960.0,9359.0,9359.0
685,22.620,67.830,22.38,67.67,1105.0,40217.0,11972.0,11972.0
686,22.620,67.830,22.31,67.64,1105.0,39858.0,13796.0,13796.0
687,22.620,67.830,22.46,67.65,1105.0,38762.0,11877.0,11877.0
688,22.620,67.830,22.48,67.54,1105.0,42197.0,14951.0,14951.0
689,22.620,67.830,22.44,67.58,1105.0,41529.0,14079.0,14079.0
690,22.620,67.830,22.45,67.42,1105.0,40582.0,13078.0,13078.0
691,22.620,67.830,22.41,67.78,1105.0,39332.0,12871.0,12871.0
692,22.620,67.830,22.25,67.6,1105.0,43110.0,14703.0,14703.0
693,22.620,67.830,22.25,67.78,1105.0,43160.0,15603.0,15603.0
694,22.620,67.830,22.32,67.66,1105.0,40604.0,14069.0,14069.0
695,22.620,67.830,22.36,67.69,1105.0,43018.0,15447.0,15447.0
696,22.620,67.830,22.22,67.68,1105.0,39144.0,11475.0,11475.0
697,22.620,67.830,22.58,67.71,1105.0,43336.0,15789.0,15789.0
698,22.620,67.830,22.28,67.77,1105.0,40862.0,15081.0,15081.0
699,22.620,67.830,22.57,67.82,1105.0,43404.0,15838.0,15838.0
700,22.620,67.830,22.14,67.73,1105.0,40148.0,13919.0,13919.0
701,22.620,67.830,22.42,67.78,1105.0,39710.0,12024.0,12024.0
702,22.620,67.830,22.39,67.84,1105.0,41595.0,14134.0,14134.0
703,22.620,67.830,22.31,68.06,1105.0,41649.0,12919.0,12919.0
704,22.620,67.830,22.57,67.65,1105.0,40403.0,13549.0,13549.0
705,22.620,67.830,22.35,67.77,1105.0,40640.0,13500.0,13500.0
706,22.620,67.830,22.41,67.49,1105.0,42185.0,15852.0,15852.0
707,22.620,67.830,22.39,67.81,1105.0,41446.0,15128.0,15128.0
708,22.620,67.830,22.38,67.73,1105.0,43796.0,15150.0,15150.0
709,22.620,67.830,22.4,67.69,1105.0,43535.0,16089.0,16089.0
710,22.620,67.830,22.28,67.81,1105.0,41855.0,13242.0,13242.0
711,22.620,67.830,22.46,67.82,1105.0,39366.0,12372.0,12372.0
712,22.620,67.830,22.68,67.79,1105.0,42663.0,15692.0,15692.0
713,22.620,67.830,22.51,67.78,1105.0,42128.0,14071.0,14071.0
714,22.620,67.830,22.5,67.78,1105.0,41712.0,15311.0,15311.0
715,22.620,67.830,22.32,67.75,1105.0,39718.0,12642.0,12642.0
716,22.620,67.830,22.6,67.77,1105.0,44038.0,15177.0,15177.0
717,22.620,67.830,22.32,67.69,1105.0,41701.0,13088.0,13088.0
718,22.620,67.830,22.36,67.6,1105.0,41064.0,14660.0,14660.0
719,22.620,67.830,22.37,67.68,1105.0,39353.0,12289.0,12289.0
720,22.620,67.830,22.33,67.82,1105.0,43302.0,16349.0,16349.0
721,22.620,67.830,22.23,67.68,1105.0,42432.0,14723.0,14723.0
722,22.620,67.830,22.48,67.68,1105.0,42045.0,14986.0,14986.0
723,22.620,67.830,22.42,67.57,1105.0,41241.0,13985.0,13985.0
724,22.620,67.830,22.38,67.67,1105.0,40505.0,13036.0,13036.0
725,22.620,67.830,22.46,67.84,1105.0,40408.0,13256.0,13256.0
726,22.620,67.830,22.67,67.72,1105.0,40968.0,13683.0,13683.0
727,22.620,67.830,22.32,67.74,1105.0,42338.0,15037.0,15037.0
728,22.620,67.830,22.36,67.5,1105.0,36981.0,10256.0,10256.0
729,22.620,67.830,22.39,67.6,1105.0,40158.0,13530.0,13530.0
730,22.620,67.830,22.32,67.47,1105.0,39798.0,12429.0,12429.0
731,22.620,67.830,22.43,67.64,1105.0,40679.0,13260.0,13260.0
732,22.620,67.830,22.39,67.79,1105.0,39921.0,13427.0,13427.0
733,22.620,67.830,22.52,67.73,1105.0,40915.0,13929.0,13929.0
734,22.620,67.830,22.45,67.68,1105.0,40816.0,13771.0,13771.0
735,22.620,67.830,22.39,67.54,1105.0,43278.0,16579.0,16579.0
736,22.620,67.830,22.46,67.82,1105.0,42750.0,15836.0,15836.0
737,22.620,67.830,22.53,67.72,1105.0,38806.0,11457.0,11457.0
738,22.620,67.830,22.32,67.75,1105.0,38670.0,12078.0,12078.0
739,22.620,67.830,22.83,67.65,1105.0,41064.0,13816.0,13816.0
740,22.620,67.830,22.5,67.48,1105.0,41222.0,14802.0,14802.0
741,22.620,67.830,22.35,67.68,1105.0,42034.0,15246.0,15246.0
742,22.620,67.830,22.28,67.83,1105.0,42533.0,14744.0,14744.0
743,22.620,67.830,22.49,67.64,1105.0,43863.0,15587.0,15587.0
744,22.620,67.830,22.58,67.84,1105.0,42142.0,13842.0,13842.0
745,22.620,67.830,22.24,67.69,1105.0,37056.0,10116.0,10116.0
746,22.620,67.830,22.59,67.9,1105.0,41571.0,15027.0,15027.0
747,22.620,67.830,22.4,67.69,1105.0,42039.0,14723.0,14723.0
748,22.620,67.830,22.56,67.69,1105.0,40758.0,13701.0,13701.0
749,22.620,67.830,22.3,67.66,1105.0,39775.0,12557.0,12557.0
750,22.620,67.830,22.59,67.72,1105.0,41530.0,15012.0,15012.0
751,22.620,67.830,22.27,67.61,1105.0,38602.0,11650.0,11650.0
752,22.620,67.830,22.57,67.58,1105.0,41301.0,13623.0,13623.0
753,22.620,67.830,22.46,67.75,1105.0,42449.0,14933.0,14933.0
754,22.620,67.830,22.41,67.57,1105.0,38564.0,12031.0,12031.0
755,22.620,67.830,22.47,67.68,1105.0,39420.0,12994.0,12994.0
756,22.620,67.830,22.55,67.68,1105.0,44752.0,16443.0,16443.0
757,22.620,67.830,22.29,67.7,1105.0,43725.0,15636.0,15636.0
758,22.620,67.830,22.42,67.71,1105.0,44972.0,17417.0,17417.0
759,22.620,67.830,22.5,67.6,1105.0,40541.0,14280.0,14280.0
760,22.620,67.830,22.23,67.87,1105.0,41588.0,14830.0,14830.0
761,22.620,67.830,22.47,67.68,1105.0,38791.0,12094.0,12094.0
762,22.620,67.830,22.57,68.01,1105.0,40933.0,12477.0,12477.0
763,22.620,67.830,22.49,67.8,1105.0,39738.0,13183.0,13183.0
764,22.620,67.830,22.33,67.65,1105.0,38589.0,12106.0,12106.0
765,22.620,67.830,22.63,67.85,1105.0,41285.0,14426.0,14426.0
766,22.620,67.830,22.66,67.84,1105.0,43027.0,15999.0,15999.0
767,22.620,67.830,22.3,67.45,1105.0,41096.0,13728.0,13728.0
768,22.620,67.830,22.69,67.77,1105.0,43450.0,16707.0,16707.0
769,22.620,67.830,22.57,67.58,1105.0,38125.0,12819.0,12819.0
770,22.620,67.830,22.67,67.64,1105.0,40189.0,13045.0,13045.0
771,22.620,67.830,22.18,67.79,1105.0,40100.0,12515.0,12515.0
772,22.620,67.830,22.58,67.68,1105.0,44158.0,16448.0,16448.0
773,22.620,67.830,22.57,67.5,1105.0,38566.0,12845.0,12845.0
774,22.620,67.830,22.39,67.71,1105.0,43153.0,14792.0,14792.0
775,22.620,67.830,22.35,67.78,1105.0,39485.0,12675.0,12675.0
776,22.620,67.830,22.47,67.82,1105.0,44028.0,16559.0,16559.0
777,22.620,67.830,22.52,67.73,1105.0,43406.0,16125.0,16125.0
778,22.620,67.830,22.29,67.62,1105.0,43561.0,15420.0,15420.0
779,22.620,67.830,22.42,67.66,1105.0,44421.0,18539.0,18539.0
780,22.620,67.830,22.4,67.62,1105.0,42256.0,14542.0,14542.0
781,22.620,67.830,22.62,67.83,1105.0,41078.0,14417.0,14417.0
782,22.620,67.830,22.62,67.83,1105.0,25220.0,922.0,922.0
783,22.620,67.830,22.62,67.83,1105.0,24877.0,0.0,0.0
784,22.620,67.830,22.62,67.83,1105.0,25981.0,643.0,643.0
785,22.620,67.830,22.62,67.83,1105.0,28116.0,2407.0,2407.0
786,22.620,67.830,22.62,67.83,1105.0,24820.0,784.0,784.0
787,22.620,67.830,22.62,67.83,1105.0,27431.0,1980.0,1980.0
788,22.620,67.830,22.62,67.83,1105.0,25873.0,538.0,538.0
789,22.620,67.830,22.62,67.83,1105.0,24916.0,0.0,0.0
790,22.620,67.830,22.62,67.83,1105.0,25187.0,1076.0,1076.0
791,22.620,67.830,22.62,67.83,1105.0,23871.0,0.0,0.0
792,22.620,67.830,22.62,67.83,1105.0,23704.0,0.0,0.0
793,22.620,67.830,22.62,67.83,1105.0,25163.0,137.0,137.0
794,22.620,67.830,22.62,67.83,1105.0,25678.0,1732.0,1732.0
795,22.620,67.830,22.62,67.83,1105.0,25808.0,921.0,921.0
796,22.620,67.830,22.62,67.83,1105.0,23902.0,0.0,0.0
797,22.620,67.830,22.62,67.83,1105.0,25225.0,0.0,0.0
798,22.620,67.830,22.62,67.83,1105.0,25374.0,524.0,524.0
799,22.620,67.830,22.62,67.83,1105.0,23921.0,0.0,0.0
800,22.620,67.830,22.62,67.83,1105.0,25922.0,1835.0,1835.0
801,22.620,67.830,22.62,67.83,1105.0,27443.0,1835.0,1835.0
802,22.620,67.830,22.62,67.83,1105.0,24942.0,0.0,0.0
803,22.620,67.830,22.62,67.83,1105.0,24525.0,0.0,0.0
804,22.620,67.830,22.62,67.83,1105.0,23679.0,0.0,0.0
805,22.620,67.830,22.62,67.83,1105.0,25562.0,889.0,889.0
806,22.620,67.830,22.62,67.83,1105.0,24265.0,0.0,0.0
807,22.620,67.830,22.62,67.83,1105.0,25305.0,607.0,607.0
808,22.620,67.830,22.62,67.83,1105.0,24490.0,0.0,0.0
809,22.620,67.830,22.62,67.83,1105.0,25377.0,1091.0,1091.0
810,22.620,67.830,22.62,67.83,1105.0,24429.0,20.0,20.0
811,22.620,67.830,22.62,67.83,1105.0,25617.0,1669.0,1669.0
812,22.620,67.830,22.62,67.83,1105.0,24681.0,478.0,478.0
813,22.620,67.830,22.62,67.83,1105.0,26256.0,1206.0,1206.0
814,22.620,67.830,22.62,67.83,1105.0,24952.0,543.0,543.0
815,22.620,67.830,22.62,67.83,1105.0,24188.0,0.0,0.0
816,22.620,67.830,22.62,67.83,1105.0,25280.0,892.0,892.0
817,22.620,67.830,22.62,67.83,1105.0,23313.0,0.0,0.0
818,22.620,67.830,22.62,67.83,1105.0,23318.0,0.0,0.0
819,22.620,67.830,22.62,67.83,1105.0,25519.0,331.0,331.0
820,22.620,67.830,22.62,67.83,1105.0,25431.0,818.0,818.0
821,22.620,67.830,22.62,67.83,1105.0,24612.0,0.0,0.0
822,22.620,67.830,22.62,67.83,1105.0,24902.0,556.0,556.0
823,22.620,67.830,22.62,67.83,1105.0,25939.0,1495.0,1495.0
824,22.620,67.830,22.62,67.83,1105.0,26420.0,1354.0,1354.0
825,22.620,67.830,22.62,67.83,1105.0,24104.0,262.0,262.0
826,22.620,67.830,22.62,67.83,1105.0,24935.0,1016.0,1016.0
827,22.620,67.830,22.62,67.83,1105.0,25152.0,1045.0,1045.0
828,22.620,67.830,22.62,67.83,1105.0,24548.0,0.0,0.0
829,22.620,67.830,22.62,67.83,1105.0,25295.0,152.0,152.0
830,22.620,67.830,22.62,67.83,1105.0,26088.0,1277.0,1277.0
831,22.620,67.830,22.62,67.83,1105.0,26433.0,2714.0,2714.0
832,22.620,67.830,22.62,67.83,1105.0,24343.0,58.0,58.0
833,22.620,67.830,22.62,67.83,1105.0,25673.0,249.0,249.0
834,22.620,67.830,22.62,67.83,1105.0,25793.0,494.0,494.0
835,22.620,67.830,22.62,67.83,1105.0,24266.0,259.0,259.0
836,22.620,67.830,22.62,67.83,1105.0,25204.0,1163.0,1163.0
837,22.620,67.830,22.62,67.83,1105.0,24143.0,50.0,50.0
838,22.620,67.830,22.62,67.83,1105.0,23673.0,315.0,315.0
839,22.620,67.830,22.62,67.83,1105.0,24013.0,0.0,0.0
840,22.620,67.830,22.62,67.83,1105.0,25107.0,927.0,927.0
841,22.620,67.830,22.62,67.83,1105.0,23948.0,0.0,0.0
842,22.620,67.830,22.62,67.83,1105.0,25826.0,803.0,803.0
843,22.620,67.830,22.62,67.83,1105.0,26780.0,2090.0,2090.0
844,22.620,67.830,22.62,67.83,1105.0,23322.0,0.0,0.0
845,22.620,67.830,22.62,67.83,1105.0,24468.0,131.0,131.0
846,22.620,67.830,22.62,67.83,1105.0,23758.0,0.0,0.0
847,22.620,67.830,22.62,67.83,1105.0,24287.0,446.0,446.0
848,22.620,67.830,22.62,67.83,1105.0,24745.0,598.0,598.0
849,22.620,67.830,22.62,67.83,1105.0,23815.0,0.0,0.0
850,22.620,67.830,22.62,67.83,1105.0,25273.0,477.0,477.0
851,22.620,67.830,22.62,67.83,1105.0,25611.0,364.0,364.0
852,22.620,67.830,22.62,67.83,1105.0,23640.0,0.0,0.0
853,22.620,67.830,22.62,67.83,1105.0,24048.0,0.0,0.0
854,22.620,67.830,22.62,67.83,1105.0,23321.0,0.0,0.0
855,22.620,67.830,22.62,67.83,1105.0,23593.0,0.0,0.0
856,22.620,67.830,22.62,67.83,1105.0,23559.0,0.0,0.0
857,22.620,67.830,22.62,67.83,1105.0,23834.0,240.0,240.0
858,22.620,67.830,22.62,67.83,1105.0,23955.0,0.0,0.0
859,22.620,67.830,22.62,67.83,1105.0,24065.0,0.0,0.0
860,22.620,67.830,22.62,67.83,1105.0,25374.0,446.0,446.0
861,22.620,67.830,22.62,67.83,1105.0,25370.0,660.0,660.0
862,22.620,67.830,22.62,67.83,1105.0,22376.0,0.0,0.0
863,22.620,67.830,22.62,67.83,1105.0,26458.0,1630.0,1630.0
864,22.620,67.830,22.62,67.83,1105.0,23425.0,0.0,0.0
865,22.620,67.830,22.62,67.83,1105.0,23139.0,0.0,0.0
866,22.620,67.830,22.62,67.83,1105.0,24333.0,14.0,14.0
867,22.620,67.830,22.62,67.83,1105.0,24936.0,580.0,580.0
868,22.620,67.830,22.62,67.83,1105.0,24688.0,0.0,0.0
869,22.620,67.830,22.62,67.83,1105.0,24464.0,0.0,0.0
870,22.620,67.830,22.62,67.83,1105.0,22795.0,0.0,0.0
871,22.620,67.830,22.62,67.83,1105.0,24667.0,0.0,0.0
872,22.620,67.830,22.62,67.83,1105.0,25188.0,472.0,472.0
873,22.620,67.830,22.62,67.83,1105.0,24882.0,0.0,0.0
874,22.620,67.830,22.62,67.83,1105.0,23164.0,0.0,0.0
875,22.620,67.830,22.62,67.83,1105.0,22773.0,0.0,0.0
876,22.620,67.830,22.62,67.83,1105.0,23649.0,613.0,613.0
877,22.620,67.830,22.62,67.83,1105.0,25232.0,779.0,779.0
878,22.620,67.830,22.62,67.83,1105.0,22829.0,0.0,0.0
879,22.620,67.830,22.62,67.83,1105.0,23502.0,0.0,0.0
880,22.620,67.830,22.62,67.83,1105.0,24555.0,0.0,0.0
881,22.620,67.830,22.62,67.83,1105.0,25323.0,866.0,866.0
882,22.620,67.830,22.62,67.83,1105.0,24078.0,0.0,0.0
883,22.620,67.830,22.62,67.83,1105.0,22787.0,0.0,0.0
884,22.620,67.830,22.62,67.83,1105.0,24930.0,346.0,346.0
885,22.620,67.830,22.62,67.83,1105.0,24633.0,371.0,371.0
886,22.620,67.830,22.62,67.83,1105.0,24939.0,0.0,0.0
887,22.620,67.830,22.62,67.83,1105.0,23859.0,0.0,0.0
888,22.620,67.830,22.62,67.83,1105.0,23568.0,4.0,4.0
889,22.620,67.830,22.62,67.83,1105.0,23788.0,0.0,0.0
890,22.620,67.830,22.62,67.83,1105.0,23973.0,532.0,532.0
891,22.620,67.830,22.62,67.83,1105.0,25019.0,4.0,4.0
892,22.620,67.830,22.62,67.83,1105.0,24425.0,546.0,546.0
893,22.620,67.830,22.62,67.83,1105.0,24285.0,149.0,149.0
894,22.620,67.830,22.62,67.83,1105.0,26318.0,1481.0,1481.0
895,22.620,67.830,22.62,67.83,1105.0,24109.0,572.0,572.0
896,22.620,67.830,22.62,67.83,1105.0,25806.0,959.0,959.0
897,22.620,67.830,22.62,67.83,1105.0,22651.0,0.0,0.0
898,22.620,67.830,22.62,67.83,1105.0,24955.0,1061.0,1061.0
899,22.620,67.830,22.62,67.83,1105.0,24022.0,0.0,0.0
900,22.620,67.830,22.62,67.83,1105.0,25087.0,889.0,889.0
901,22.620,67.830,22.62,67.83,1105.0,24736.0,466.0,466.0
902,22.620,67.830,22.62,67.83,1105.0,25022.0,1600.0,1600.0
903,22.620,67.830,22.62,67.83,1105.0,24969.0,438.0,438.0
904,22.620,67.830,22.62,67.83,1105.0,24943.0,0.0,0.0
905,22.620,67.830,22.62,67.83,1105.0,24325.0,192.0,192.0
906,22.620,67.830,22.62,67.83,1105.0,23777.0,0.0,0.0
907,22.620,67.830,22.62,67.83,1105.0,25714.0,1409.0,1409.0
908,22.620,67.830,22.62,67.83,1105.0,24637.0,865.0,865.0
909,22.620,67.830,22.62,67.83,1105.0,25388.0,1411.0,1411.0
910,22.620,67.830,22.62,67.83,1105.0,25536.0,924.0,924.0
911,22.620,67.830,22.62,67.83,1105.0,25723.0,366.0,366.0
912,22.620,67.830,22.62,67.83,1105.0,24898.0,120.0,120.0
913,22.620,67.830,22.62,67.83,1105.0,25530.0,240.0,240.0
914,22.620,67.830,22.62,67.83,1105.0,24576.0,0.0,0.0
915,22.620,67.830,22.62,67.83,1105.0,24106.0,0.0,0.0
916,22.620,67.830,22.62,67.83,1105.0,23903.0,0.0,0.0
917,22.620,67.830,22.62,67.83,1105.0,24125.0,0.0,0.0
918,22.620,67.830,22.62,67.83,1105.0,23993.0,0.0,0.0
919,22.620,67.830,22.62,67.83,1105.0,24984.0,0.0,0.0
920,22.620,67.830,22.62,67.83,1105.0,25728.0,829.0,829.0
921,22.620,67.830,22.62,67.83,1105.0,25866.0,627.0,627.0
922,22.620,67.830,22.62,67.83,1105.0,25036.0,363.0,363.0
923,22.620,67.830,22.62,67.83,1105.0,23844.0,0.0,0.0
924,22.620,67.830,22.62,67.83,1105.0,26122.0,1242.0,1242.0
925,22.620,67.830,22.62,67.83,1105.0,23193.0,0.0,0.0
926,22.620,67.830,22.62,67.83,1105.0,23615.0,0.0,0.0
927,22.620,67.830,22.62,67.83,1105.0,24013.0,493.0,493.0
928,22.620,67.830,22.62,67.83,1105.0,24698.0,0.0,0.0
929,22.620,67.830,22.62,67.83,1105.0,23014.0,0.0,0.0
930,22.620,67.830,22.62,67.83,1105.0,22637.0,0.0,0.0
931,22.620,67.830,22.62,67.83,1105.0,24448.0,591.0,591.0
932,22.620,67.830,22.62,67.83,1105.0,24608.0,462.0,462.0
933,22.620,67.830,22.62,67.83,1105.0,23733.0,74.0,74.0
934,22.620,67.830,22.62,67.83,1105.0,23400.0,0.0,0.0
935,22.620,67.830,22.62,67.83,1105.0,23860.0,0.0,0.0
936,22.620,67.830,22.62,67.83,1105.0,23369.0,0.0,0.0
937,22.620,67.830,22.62,67.83,1105.0,25756.0,980.0,980.0
938,22.620,67.830,22.62,67.83,1105.0,23823.0,0.0,0.0
939,22.620,67.830,22.62,67.83,1105.0,25250.0,820.0,820.0
940,22.620,67.830,22.62,67.83,1105.0,25054.0,1103.0,1103.0
941,22.620,67.830,22.62,67.83,1105.0,23828.0,0.0,0.0
942,22.620,67.830,22.62,67.83,1105.0,25361.0,1005.0,1005.0
943,22.620,67.830,22.62,67.83,1105.0,24384.0,415.0,415.0
944,22.620,67.830,22.62,67.83,1105.0,24463.0,428.0,428.0
945,22.620,67.830,22.62,67.83,1105.0,25192.0,1595.0,1595.0
946,22.620,67.830,22.62,67.83,1105.0,23749.0,287.0,287.0
947,22.620,67.830,22.62,67.83,1105.0,23597.0,8.0,8.0
948,22.620,67.830,22.62,67.83,1105.0,26793.0,2770.0,2770.0
949,22.620,67.830,22.62,67.83,1105.0,24612.0,218.0,218.0
950,22.620,67.830,22.62,67.83,1105.0,23436.0,121.0,121.0
951,22.620,67.830,22.62,67.83,1105.0,24864.0,187.0,187.0
952,22.620,67.830,22.62,67.83,1105.0,24592.0,0.0,0.0
953,22.620,67.830,22.62,67.83,1105.0,24486.0,0.0,0.0
954,22.620,67.830,22.62,67.83,1105.0,23532.0,0.0,0.0
955,22.620,67.830,22.62,67.83,1105.0,23742.0,0.0,0.0
956,22.620,67.830,22.62,67.83,1105.0,23881.0,0.0,0.0
957,22.620,67.830,22.62,67.83,1105.0,25225.0,1165.0,1165.0
958,22.620,67.830,22.62,67.83,1105.0,23270.0,0.0,0.0
959,22.620,67.830,22.62,67.83,1105.0,25472.0,2035.0,2035.0
960,22.620,67.830,22.62,67.83,1105.0,25587.0,1493.0,1493.0
961,22.620,67.830,22.62,67.83,1105.0,23532.0,0.0,0.0
962,22.620,67.830,22.62,67.83,1105.0,24260.0,0.0,0.0
963,22.620,67.830,22.62,67.83,1105.0,25105.0,541.0,541.0
964,22.620,67.830,22.62,67.83,1105.0,24827.0,0.0,0.0
965,22.620,67.830,22.62,67.83,1105.0,23643.0,0.0,0.0
966,22.620,67.830,22.62,67.83,1105.0,23817.0,0.0,0.0
967,22.620,67.830,22.62,67.83,1105.0,23591.0,105.0,105.0
968,22.620,67.830,22.62,67.83,1105.0,23523.0,0.0,0.0
969,22.620,67.830,22.62,67.83,1105.0,23186.0,0.0,0.0
970,22.620,67.830,22.62,67.83,1105.0,24872.0,960.0,960.0
971,22.620,67.830,22.62,67.83,1105.0,24551.0,242.0,242.0
972,22.620,67.830,22.62,67.83,1105.0,25369.0,691.0,691.0
973,22.620,67.830,22.62,67.83,1105.0,24006.0,35.0,35.0
974,22.620,67.830,22.62,67.83,1105.0,23845.0,310.0,310.0
975,22.620,67.830,22.62,67.83,1105.0,23507.0,0.0,0.0
976,22.620,67.830,22.62,67.83,1105.0,23763.0,0.0,0.0
977,22.620,67.830,22.62,67.83,1105.0,23317.0,0.0,0.0
978,22.620,67.830,22.62,67.83,1105.0,24711.0,748.0,748.0
979,22.620,67.830,22.62,67.83,1105.0,23853.0,151.0,151.0
980,22.620,67.830,22.62,67.83,1105.0,24869.0,430.0,430.0
981,22.620,67.830,22.62,67.83,1105.0,23280.0,0.0,0.0
