id,avg_x,avg_y,x,y,bg,Square_intensity,circular_intensity,Gaussian_intensity
476,221.890,32.380,222.03,32.87,1052.79,32636.0,5829.0,5829.0
477,221.890,32.380,222.03,32.87,1052.79,29816.0,3752.0,3752.0
478,221.890,32.380,222.03,32.87,1052.79,30446.0,3919.0,3919.0
479,221.890,32.380,222.03,32.87,1052.79,36421.0,8800.0,8800.0
480,221.890,32.380,222.03,32.87,1052.79,32638.0,5278.0,5278.0
481,221.890,32.380,222.03,32.87,1052.79,31746.0,5980.0,5980.0
482,221.890,32.380,222.03,32.87,1052.79,31068.0,5013.0,5013.0
483,221.890,32.380,222.03,32.87,1052.79,31620.0,6090.0,6090.0
484,221.890,32.380,222.03,32.87,1052.79,30919.0,4540.0,4540.0
485,221.890,32.380,222.03,32.87,1052.79,32710.0,7536.0,7536.0
486,221.890,32.380,222.03,32.87,1052.79,33470.0,6157.0,6157.0
487,221.890,32.380,222.03,32.87,1052.79,29276.0,3296.0,3296.0
488,221.890,32.380,222.03,32.87,1052.79,30244.0,3361.0,3361.0
489,221.890,32.380,222.03,32.87,1052.79,33284.0,6066.0,6066.0
490,221.890,32.380,222.03,32.87,1052.79,31798.0,6075.0,6075.0
491,221.890,32.380,222.03,32.87,1052.79,32828.0,5745.0,5745.0
492,221.890,32.380,222.03,32.87,1052.79,31196.0,3731.0,3731.0
493,221.890,32.380,222.03,32.87,1052.79,31742.0,5493.0,5493.0
494,221.890,32.380,222.03,32.87,1052.79,30881.0,4734.0,4734.0
495,221.890,32.380,222.03,32.87,1052.79,31951.0,6813.0,6813.0
496,221.890,32.380,222.03,32.87,1052.79,30043.0,4628.0,4628.0
497,221.890,32.380,222.03,32.87,1052.79,30987.0,4791.0,4791.0
498,221.890,32.380,222.03,32.87,1052.79,33377.0,5440.0,5440.0
499,221.890,32.380,222.03,32.87,1052.79,32864.0,6068.0,6068.0
500,221.890,32.380,222.03,32.87,1052.79,30587.0,4592.0,4592.0
501,221.890,32.380,222.03,32.87,1052.79,31417.0,4856.0,4856.0
502,221.890,32.380,222.03,32.87,1052.79,32348.0,5485.0,5485.0
503,221.890,32.380,222.03,32.87,1052.79,31139.0,4274.0,4274.0
504,221.890,32.380,222.03,32.87,1052.79,31485.0,5777.0,5777.0
505,221.890,32.380,222.03,32.87,1052.79,29573.0,3674.0,3674.0
506,221.890,32.380,222.03,32.87,1052.79,31895.0,6497.0,6497.0
507,221.890,32.380,222.03,32.87,1052.79,30524.0,4338.0,4338.0
508,221.890,32.380,222.03,32.87,1052.79,32329.0,6605.0,6605.0
509,221.890,32.380,222.03,32.87,1052.79,32923.0,5724.0,5724.0
510,221.890,32.380,222.03,32.87,1052.79,30695.0,5109.0,5109.0
511,221.890,32.380,222.03,32.87,1052.79,31215.0,5099.0,5099.0
512,221.890,32.380,222.03,32.87,1052.79,32527.0,6074.0,6074.0
513,221.890,32.380,222.03,32.87,1052.79,30593.0,4766.0,4766.0
514,221.890,32.380,222.03,32.87,1052.79,30180.0,4690.0,4690.0
515,221.890,32.380,222.03,32.87,1052.79,32982.0,5538.0,5538.0
516,221.890,32.380,222.03,32.87,1052.79,29891.0,4552.0,4552.0
517,221.890,32.380,222.03,32.87,1052.79,28621.0,3481.0,3481.0
518,221.890,32.380,222.03,32.87,1052.79,32304.0,6011.0,6011.0
519,221.890,32.380,222.03,32.87,1052.79,32769.0,6071.0,6071.0
520,221.890,32.380,222.03,32.87,1052.79,30185.0,4514.0,4514.0
521,221.890,32.380,222.03,32.87,1052.79,29375.0,3746.0,3746.0
522,221.890,32.380,222.03,32.87,1052.79,31923.0,5489.0,5489.0
523,221.890,32.380,222.03,32.87,1052.79,30979.0,5614.0,5614.0
524,221.890,32.380,222.03,32.87,1052.79,31173.0,5557.0,5557.0
525,221.890,32.380,222.03,32.87,1052.79,29173.0,4096.0,4096.0
526,221.890,32.380,222.03,32.87,1052.79,30278.0,4145.0,4145.0
527,221.890,32.380,222.03,32.87,1052.79,31301.0,6217.0,6217.0
528,221.890,32.380,222.03,32.87,1052.79,29352.0,3553.0,3553.0
529,221.890,32.380,222.03,32.87,1052.79,30918.0,4908.0,4908.0
530,221.890,32.380,222.03,32.87,1052.79,30199.0,5009.0,5009.0
531,221.890,32.380,222.03,32.87,1052.79,32741.0,6493.0,6493.0
532,221.890,32.380,222.03,32.87,1052.79,31042.0,4864.0,4864.0
533,221.890,32.380,222.03,32.87,1052.79,29281.0,3600.0,3600.0
534,221.890,32.380,222.03,32.87,1052.79,30156.0,4599.0,4599.0
535,221.890,32.380,222.03,32.87,1052.79,30601.0,4334.0,4334.0
536,221.890,32.380,222.03,32.87,1052.79,30922.0,4503.0,4503.0
537,221.890,32.380,222.03,32.87,1052.79,28101.0,3301.0,3301.0
538,221.890,32.380,222.03,32.87,1052.79,34573.0,7881.0,7881.0
539,221.890,32.380,222.03,32.87,1052.79,29692.0,4708.0,4708.0
540,221.890,32.380,222.03,32.87,1052.79,32280.0,6380.0,6380.0
541,221.890,32.380,222.03,32.87,1052.79,30666.0,5474.0,5474.0
542,221.890,32.380,222.03,32.87,1052.79,29625.0,4919.0,4919.0
543,221.890,32.380,222.03,32.87,1052.79,31542.0,5648.0,5648.0
544,221.890,32.380,222.03,32.87,1052.79,28992.0,3817.0,3817.0
545,221.890,32.380,222.03,32.87,1052.79,28586.0,3243.0,3243.0
546,221.890,32.380,222.03,32.87,1052.79,29363.0,4424.0,4424.0
547,221.890,32.380,222.03,32.87,1052.79,31198.0,4863.0,4863.0
548,221.890,32.380,222.03,32.87,1052.79,31993.0,5748.0,5748.0
549,221.890,32.380,222.03,32.87,1052.79,30232.0,3357.0,3357.0
550,221.890,32.380,222.03,32.87,1052.79,30139.0,4294.0,4294.0
551,221.890,32.380,222.03,32.87,1052.79,31193.0,5839.0,5839.0
552,221.890,32.380,222.03,32.87,1052.79,31433.0,5917.0,5917.0
553,221.890,32.380,222.03,32.87,1052.79,31086.0,5579.0,5579.0
554,221.890,32.380,222.03,32.87,1052.79,30486.0,3401.0,3401.0
555,221.890,32.380,222.03,32.87,1052.79,29205.0,3923.0,3923.0
556,221.890,32.380,222.03,32.87,1052.79,32231.0,6849.0,6849.0
557,221.890,32.380,222.03,32.87,1052.79,29630.0,5017.0,5017.0
558,221.890,32.380,222.03,32.87,1052.79,32035.0,5691.0,5691.0
559,221.890,32.380,222.03,32.87,1052.79,31103.0,4211.0,4211.0
560,221.890,32.380,222.03,32.87,1052.79,31203.0,5058.0,5058.0
561,221.890,32.380,222.03,32.87,1052.79,29355.0,3465.0,3465.0
562,221.890,32.380,222.03,32.87,1052.79,31177.0,4072.0,4072.0
563,221.890,32.380,222.03,32.87,1052.79,30739.0,4964.0,4964.0
564,221.890,32.380,222.03,32.87,1052.79,28214.0,2536.0,2536.0
565,221.890,32.380,222.03,32.87,1052.79,31710.0,5395.0,5395.0
566,221.890,32.380,222.03,32.87,1052.79,31665.0,5282.0,5282.0
567,221.890,32.380,222.03,32.87,1052.79,32208.0,5968.0,5968.0
568,221.890,32.380,222.03,32.87,1052.79,32523.0,6094.0,6094.0
569,221.890,32.380,222.03,32.87,1052.79,29762.0,4044.0,4044.0
570,221.890,32.380,222.03,32.87,1052.79,30659.0,4641.0,4641.0
571,221.890,32.380,222.03,32.87,1052.79,31526.0,6477.0,6477.0
572,221.890,32.380,222.03,32.87,1052.79,32276.0,6248.0,6248.0
573,221.890,32.380,222.03,32.87,1052.79,31651.0,4769.0,4769.0
574,221.890,32.380,222.03,32.87,1052.79,30351.0,3853.0,3853.0
575,221.890,32.380,222.03,32.87,1052.79,31747.0,5608.0,5608.0
576,221.890,32.380,222.03,32.87,1052.79,29819.0,3831.0,3831.0
577,221.890,32.380,222.03,32.87,1052.79,31077.0,4922.0,4922.0
578,221.890,32.380,222.03,32.87,1052.79,32339.0,5204.0,5204.0
579,221.890,32.380,222.03,32.87,1052.79,30107.0,4104.0,4104.0
580,221.890,32.380,222.03,32.87,1052.79,31559.0,5737.0,5737.0
581,221.890,32.380,222.03,32.87,1052.79,30780.0,4814.0,4814.0
582,221.890,32.380,222.03,32.87,1052.79,28693.0,3588.0,3588.0
583,221.890,32.380,222.03,32.87,1052.79,31374.0,4564.0,4564.0
584,221.890,32.380,222.03,32.87,1052.79,35420.0,8265.0,8265.0
585,221.890,32.380,222.03,32.87,1052.79,31631.0,5388.0,5388.0
586,221.890,32.380,222.03,32.87,1052.79,32182.0,6340.0,6340.0
587,221.890,32.380,222.03,32.87,1052.79,31694.0,6182.0,6182.0
588,221.890,32.380,222.03,32.87,1052.79,33829.0,7557.0,7557.0
589,221.890,32.380,222.03,32.87,1052.79,33504.0,7375.0,7375.0
590,221.890,32.380,222.03,32.87,1052.79,34340.0,7198.0,7198.0
591,221.890,32.380,222.03,32.87,1052.79,35488.0,7932.0,7932.0
592,221.890,32.380,222.03,32.87,1052.79,31977.0,5123.0,5123.0
593,221.890,32.380,222.03,32.87,1052.79,34328.0,8273.0,8273.0
594,221.890,32.380,222.03,32.87,1052.79,30277.0,3907.0,3907.0
595,221.890,32.380,222.03,32.87,1052.79,32306.0,5721.0,5721.0
596,221.890,32.380,222.03,32.87,1052.79,34662.0,7622.0,7622.0
597,221.890,32.380,222.03,32.87,1052.79,33725.0,7409.0,7409.0
598,221.890,32.380,222.03,32.87,1052.79,31744.0,5653.0,5653.0
599,221.890,32.380,222.03,32.87,1052.79,34894.0,8023.0,8023.0
600,221.890,32.380,222.03,32.87,1052.79,33918.0,6908.0,6908.0
601,221.890,32.380,222.03,32.87,1052.79,35252.0,8587.0,8587.0
602,221.890,32.380,222.03,32.87,1052.79,31883.0,5342.0,5342.0
603,221.890,32.380,222.03,32.87,1052.79,33681.0,6673.0,6673.0
604,221.890,32.380,222.03,32.87,1052.79,36704.0,9593.0,9593.0
605,221.890,32.380,222.03,32.87,1052.79,33254.0,7037.0,7037.0
606,221.890,32.380,222.03,32.87,1052.79,31640.0,4819.0,4819.0
607,221.890,32.380,222.03,32.87,1052.79,33789.0,7237.0,7237.0
608,221.890,32.380,222.03,32.87,1052.79,34440.0,7162.0,7162.0
609,221.890,32.380,222.03,32.87,1052.79,31377.0,5224.0,5224.0
610,221.890,32.380,222.03,32.87,1052.79,32236.0,5992.0,5992.0
611,221.890,32.380,222.03,32.87,1052.79,38919.0,11115.0,11115.0
612,221.890,32.380,222.03,32.87,1052.79,35137.0,8680.0,8680.0
613,221.890,32.380,222.03,32.87,1052.79,31246.0,5547.0,5547.0
614,221.890,32.380,222.03,32.87,1052.79,31984.0,6265.0,6265.0
615,221.890,32.380,222.03,32.87,1052.79,29954.0,4308.0,4308.0
616,221.890,32.380,222.03,32.87,1052.79,33798.0,7636.0,7636.0
617,221.890,32.380,222.03,32.87,1052.79,33812.0,6988.0,6988.0
618,221.890,32.380,222.03,32.87,1052.79,33346.0,6589.0,6589.0
619,221.890,32.380,222.03,32.87,1052.79,33263.0,6808.0,6808.0
620,221.890,32.380,222.03,32.87,1052.79,33999.0,7499.0,7499.0
621,221.890,32.380,222.03,32.87,1052.79,36337.0,8815.0,8815.0
622,221.890,32.380,222.03,32.87,1052.79,36098.0,9579.0,9579.0
623,221.890,32.380,222.03,32.87,1052.79,38468.0,10642.0,10642.0
624,221.890,32.380,222.03,32.87,1052.79,36089.0,8695.0,8695.0
625,221.890,32.380,222.03,32.87,1052.79,35635.0,7587.0,7587.0
626,221.890,32.380,222.03,32.87,1052.79,33370.0,6471.0,6471.0
627,221.890,32.380,222.03,32.87,1052.79,35636.0,8584.0,8584.0
628,221.890,32.380,222.03,32.87,1052.79,33749.0,6749.0,6749.0
629,221.890,32.380,222.03,32.87,1052.79,35574.0,9276.0,9276.0
630,221.890,32.380,222.03,32.87,1052.79,37512.0,10942.0,10942.0
631,221.890,32.380,222.03,32.87,1052.79,30860.0,5057.0,5057.0
632,221.890,32.380,222.03,32.87,1052.79,34939.0,7869.0,7869.0
633,221.890,32.380,222.03,32.87,1052.79,35989.0,8687.0,8687.0
634,221.890,32.380,222.03,32.87,1052.79,33174.0,6904.0,6904.0
635,221.890,32.380,222.03,32.87,1052.79,27763.0,2323.0,2323.0
636,221.890,32.380,222.03,32.87,1052.79,28970.0,3840.0,3840.0
637,221.890,32.380,222.03,32.87,1052.79,29522.0,4099.0,4099.0
638,221.890,32.380,222.03,32.87,1052.79,29488.0,3530.0,3530.0
639,221.890,32.380,222.03,32.87,1052.79,27996.0,2331.0,2331.0
640,221.890,32.380,222.03,32.87,1052.79,33780.0,8034.0,8034.0
641,221.890,32.380,222.03,32.87,1052.79,31609.0,5712.0,5712.0
642,221.890,32.380,222.03,32.87,1052.79,28766.0,3181.0,3181.0
643,221.890,32.380,222.03,32.87,1052.79,29791.0,3320.0,3320.0
644,221.890,32.380,222.03,32.87,1052.79,28749.0,3284.0,3284.0
645,221.890,32.380,222.03,32.87,1052.79,31413.0,5444.0,5444.0
646,221.890,32.380,222.03,32.87,1052.79,30288.0,3828.0,3828.0
647,221.890,32.380,222.03,32.87,1052.79,28634.0,3556.0,3556.0
648,221.890,32.380,222.03,32.87,1052.79,25907.0,904.0,904.0
649,221.890,32.380,222.03,32.87,1052.79,33054.0,6171.0,6171.0
650,221.890,32.380,222.03,32.87,1052.79,30635.0,5053.0,5053.0
651,221.890,32.380,222.03,32.87,1052.79,29107.0,3681.0,3681.0
652,221.890,32.380,222.03,32.87,1052.79,30413.0,5161.0,5161.0
653,221.890,32.380,222.03,32.87,1052.79,30692.0,5287.0,5287.0
654,221.890,32.380,222.03,32.87,1052.79,30632.0,5587.0,5587.0
655,221.890,32.380,222.03,32.87,1052.79,30572.0,5147.0,5147.0
656,221.890,32.380,222.03,32.87,1052.79,31032.0,4840.0,4840.0
657,221.890,32.380,222.03,32.87,1052.79,26022.0,1265.0,1265.0
658,221.890,32.380,222.03,32.87,1052.79,30438.0,4799.0,4799.0
659,221.890,32.380,222.03,32.87,1052.79,28713.0,3380.0,3380.0
660,221.890,32.380,222.03,32.87,1052.79,31339.0,4804.0,4804.0
661,221.890,32.380,222.03,32.87,1052.79,28007.0,2288.0,2288.0
662,221.890,32.380,222.03,32.87,1052.79,28311.0,3565.0,3565.0
663,221.890,32.380,222.03,32.87,1052.79,27430.0,3078.0,3078.0
664,221.890,32.380,222.03,32.87,1052.79,29849.0,4072.0,4072.0
665,221.890,32.380,222.03,32.87,1052.79,27932.0,2127.0,2127.0
666,221.890,32.380,222.03,32.87,1052.79,30192.0,4402.0,4402.0
667,221.890,32.380,222.03,32.87,1052.79,31094.0,5611.0,5611.0
668,221.890,32.380,222.03,32.87,1052.79,25603.0,959.0,959.0
669,221.890,32.380,222.03,32.87,1052.79,29604.0,4273.0,4273.0
670,221.890,32.380,222.03,32.87,1052.79,28341.0,3696.0,3696.0
671,221.890,32.380,222.03,32.87,1052.79,28535.0,3502.0,3502.0
672,221.890,32.380,222.03,32.87,1052.79,31116.0,4036.0,4036.0
673,221.890,32.380,222.03,32.87,1052.79,31114.0,4563.0,4563.0
674,221.890,32.380,222.03,32.87,1052.79,27773.0,2453.0,2453.0
675,221.890,32.380,222.03,32.87,1052.79,26818.0,1024.0,1024.0
676,221.890,32.380,222.03,32.87,1052.79,26248.0,219.0,219.0
677,221.890,32.380,222.03,32.87,1052.79,29789.0,4915.0,4915.0
678,221.890,32.380,222.03,32.87,1052.79,30794.0,4807.0,4807.0
679,221.890,32.380,222.03,32.87,1052.79,27618.0,1688.0,1688.0
680,221.890,32.380,222.03,32.87,1052.79,29444.0,4064.0,4064.0
681,221.890,32.380,222.03,32.87,1052.79,32083.0,5970.0,5970.0
682,221.890,32.380,222.03,32.87,1052.79,32058.0,5595.0,5595.0
683,221.890,32.380,222.03,32.87,1052.79,29626.0,4069.0,4069.0
684,221.890,32.380,222.03,32.87,1052.79,29221.0,3789.0,3789.0
685,221.890,32.380,222.03,32.87,1052.79,30211.0,5311.0,5311.0
686,221.890,32.380,222.03,32.87,1052.79,30848.0,5354.0,5354.0
687,221.890,32.380,222.03,32.87,1052.79,28915.0,3042.0,3042.0
688,221.890,32.380,222.03,32.87,1052.79,29138.0,3624.0,3624.0
689,221.890,32.380,222.03,32.87,1052.79,29538.0,3388.0,3388.0
690,221.890,32.380,222.03,32.87,1052.79,28424.0,2832.0,2832.0
691,221.890,32.380,222.03,32.87,1052.79,30526.0,3873.0,3873.0
692,221.890,32.380,222.03,32.87,1052.79,32169.0,5841.0,5841.0
693,221.890,32.380,222.03,32.87,1052.79,28665.0,3419.0,3419.0
694,221.890,32.380,222.03,32.87,1052.79,28505.0,2732.0,2732.0
695,221.890,32.380,222.03,32.87,1052.79,32122.0,5623.0,5623.0
696,221.890,32.380,222.03,32.87,1052.79,27167.0,1987.0,1987.0
697,221.890,32.380,222.03,32.87,1052.79,27545.0,2377.0,2377.0
698,221.890,32.380,222.03,32.87,1052.79,29699.0,3707.0,3707.0
699,221.890,32.380,222.03,32.87,1052.79,29287.0,2905.0,2905.0
700,221.890,32.380,222.03,32.87,1052.79,30463.0,4394.0,4394.0
701,221.890,32.380,222.03,32.87,1052.79,30686.0,4220.0,4220.0
702,221.890,32.380,222.03,32.87,1052.79,30336.0,4765.0,4765.0
703,221.890,32.380,222.03,32.87,1052.79,27898.0,2982.0,2982.0
704,221.890,32.380,222.03,32.87,1052.79,26126.0,1733.0,1733.0
705,221.890,32.380,222.03,32.87,1052.79,29845.0,3697.0,3697.0
706,221.890,32.380,222.03,32.87,1052.79,28585.0,3296.0,3296.0
707,221.890,32.380,222.03,32.87,1052.79,29003.0,3562.0,3562.0
708,221.890,32.380,222.03,32.87,1052.79,30460.0,4696.0,4696.0
709,221.890,32.380,222.03,32.87,1052.79,30142.0,3853.0,3853.0
710,221.890,32.380,222.03,32.87,1052.79,28036.0,2465.0,2465.0
711,221.890,32.380,222.03,32.87,1052.79,27299.0,2589.0,2589.0
712,221.890,32.380,222.03,32.87,1052.79,28107.0,2858.0,2858.0
713,221.890,32.380,222.03,32.87,1052.79,28662.0,3366.0,3366.0
714,221.890,32.380,222.03,32.87,1052.79,26133.0,1116.0,1116.0
715,221.890,32.380,222.03,32.87,1052.79,29323.0,4351.0,4351.0
716,221.890,32.380,222.03,32.87,1052.79,26358.0,1527.0,1527.0
717,221.890,32.380,222.03,32.87,1052.79,29141.0,4090.0,4090.0
718,221.890,32.380,222.03,32.87,1052.79,32722.0,6509.0,6509.0
719,221.890,32.380,222.03,32.87,1052.79,28423.0,3016.0,3016.0
720,221.890,32.380,222.03,32.87,1052.79,31032.0,5279.0,5279.0
721,221.890,32.380,222.03,32.87,1052.79,30818.0,4406.0,4406.0
722,221.890,32.380,222.03,32.87,1052.79,30481.0,4549.0,4549.0
723,221.890,32.380,222.03,32.87,1052.79,27356.0,2066.0,2066.0
724,221.890,32.380,222.03,32.87,1052.79,28012.0,2637.0,2637.0
725,221.890,32.380,222.03,32.87,1052.79,28609.0,3452.0,3452.0
726,221.890,32.380,222.03,32.87,1052.79,29024.0,3754.0,3754.0
727,221.890,32.380,222.03,32.87,1052.79,31139.0,4846.0,4846.0
728,221.890,32.380,222.03,32.87,1052.79,29341.0,4149.0,4149.0
729,221.890,32.380,222.03,32.87,1052.79,28632.0,2988.0,2988.0
730,221.890,32.380,222.03,32.87,1052.79,26704.0,912.0,912.0
731,221.890,32.380,222.03,32.87,1052.79,27245.0,1758.0,1758.0
732,221.890,32.380,222.03,32.87,1052.79,28961.0,3564.0,3564.0
733,221.890,32.380,222.03,32.87,1052.79,28930.0,3182.0,3182.0
734,221.890,32.380,222.03,32.87,1052.79,29193.0,2904.0,2904.0
735,221.890,32.380,222.03,32.87,1052.79,27814.0,2365.0,2365.0
736,221.890,32.380,222.03,32.87,1052.79,31819.0,6895.0,6895.0
737,221.890,32.380,222.03,32.87,1052.79,31889.0,5457.0,5457.0
738,221.890,32.380,222.03,32.87,1052.79,30454.0,3592.0,3592.0
739,221.890,32.380,222.03,32.87,1052.79,29972.0,5001.0,5001.0
740,221.890,32.380,222.03,32.87,1052.79,29176.0,2843.0,2843.0
741,221.890,32.380,222.03,32.87,1052.79,26801.0,1696.0,1696.0
742,221.890,32.380,222.03,32.87,1052.79,31213.0,4658.0,4658.0
743,221.890,32.380,222.03,32.87,1052.79,36421.0,9407.0,9407.0
744,221.890,32.380,222.03,32.87,1052.79,28973.0,3700.0,3700.0
745,221.890,32.380,222.03,32.87,1052.79,29063.0,3668.0,3668.0
746,221.890,32.380,222.03,32.87,1052.79,27233.0,2491.0,2491.0
747,221.890,32.380,222.03,32.87,1052.79,27859.0,2693.0,2693.0
748,221.890,32.380,222.03,32.87,1052.79,33310.0,6266.0,6266.0
749,221.890,32.380,222.03,32.87,1052.79,32479.0,6606.0,6606.0
750,221.890,32.380,222.03,32.87,1052.79,32582.0,5785.0,5785.0
751,221.890,32.380,222.03,32.87,1052.79,28327.0,2495.0,2495.0
752,221.890,32.380,222.03,32.87,1052.79,30590.0,4369.0,4369.0
753,221.890,32.380,222.03,32.87,1052.79,29702.0,5197.0,5197.0
754,221.890,32.380,222.03,32.87,1052.79,32071.0,5695.0,5695.0
755,221.890,32.380,222.03,32.87,1052.79,32103.0,5232.0,5232.0
756,221.890,32.380,222.03,32.87,1052.79,29551.0,3672.0,3672.0
757,221.890,32.380,222.03,32.87,1052.79,26862.0,1194.0,1194.0
758,221.890,32.380,222.03,32.87,1052.79,30364.0,4340.0,4340.0
759,221.890,32.380,222.03,32.87,1052.79,29642.0,3590.0,3590.0
760,221.890,32.380,222.03,32.87,1052.79,28831.0,2663.0,2663.0
761,221.890,32.380,222.03,32.87,1052.79,29772.0,3909.0,3909.0
762,221.890,32.380,222.03,32.87,1052.79,29995.0,4202.0,4202.0
763,221.890,32.380,222.03,32.87,1052.79,28375.0,2739.0,2739.0
764,221.890,32.380,222.03,32.87,1052.79,27943.0,3336.0,3336.0
765,221.890,32.380,222.03,32.87,1052.79,28248.0,3281.0,3281.0
766,221.890,32.380,222.03,32.87,1052.79,28534.0,4228.0,4228.0
767,221.890,32.380,222.03,32.87,1052.79,28660.0,3351.0,3351.0
768,221.890,32.380,222.03,32.87,1052.79,26363.0,688.0,688.0
769,221.890,32.380,222.03,32.87,1052.79,30753.0,5367.0,5367.0
770,221.890,32.380,222.03,32.87,1052.79,32438.0,6071.0,6071.0
771,221.890,32.380,222.03,32.87,1052.79,29101.0,3191.0,3191.0
772,221.890,32.380,222.03,32.87,1052.79,30336.0,3088.0,3088.0
773,221.890,32.380,222.03,32.87,1052.79,28875.0,3049.0,3049.0
774,221.890,32.380,222.03,32.87,1052.79,31429.0,5122.0,5122.0
775,221.890,32.380,222.03,32.87,1052.79,30833.0,4813.0,4813.0
776,221.890,32.380,222.03,32.87,1052.79,33492.0,7244.0,7244.0
777,221.890,32.380,222.03,32.87,1052.79,31946.0,5443.0,5443.0
778,221.890,32.380,222.03,32.87,1052.79,30687.0,4993.0,4993.0
779,221.890,32.380,222.03,32.87,1052.79,32476.0,6065.0,6065.0
780,221.890,32.380,222.04,32.93,1052.79,37006.0,9284.0,9284.0
781,221.890,32.380,222.03,32.6,1052.79,34167.0,8376.0,8376.0
782,221.890,32.380,221.93,33.03,1052.79,36712.0,9875.0,9875.0
783,221.890,32.380,222.03,32.87,1052.79,32228.0,5929.0,5929.0
784,221.890,32.380,222.03,32.87,1052.79,29873.0,4305.0,4305.0
785,221.890,32.380,222.26,32.95,1052.79,34159.0,7238.0,7238.0
786,221.890,32.380,221.9,33.02,1052.79,33689.0,7198.0,7198.0
787,221.890,32.380,221.95,32.87,1052.79,37480.0,9696.0,9696.0
788,221.890,32.380,221.61,33.01,1052.79,37783.0,10475.0,10475.0
789,221.890,32.380,221.99,32.86,1052.79,34026.0,7494.0,7494.0
790,221.890,32.380,222.03,32.87,1052.79,31608.0,4707.0,4707.0
791,221.890,32.380,222.31,32.72,1052.79,35857.0,9536.0,9536.0
792,221.890,32.380,222.14,32.77,1052.79,35613.0,8743.0,8743.0
793,221.890,32.380,222.03,32.87,1052.79,31583.0,5048.0,5048.0
794,221.890,32.380,222.34,32.99,1052.79,35572.0,8023.0,8023.0
795,221.890,32.380,222.09,32.9,1052.79,39077.0,10964.0,10964.0
796,221.890,32.380,222.22,32.83,1052.79,36509.0,9053.0,9053.0
797,221.890,32.380,222.44,33.29,1052.79,34743.0,7726.0,7726.0
798,221.890,32.380,222.14,32.94,1052.79,35872.0,9062.0,9062.0
799,221.890,32.380,222.03,32.87,1052.79,34563.0,6915.0,6915.0
800,221.890,32.380,222.43,33.21,1052.79,34307.0,8362.0,8362.0
801,221.890,32.380,222.03,32.87,1052.79,32827.0,6802.0,6802.0
802,221.890,32.380,222.08,32.82,1052.79,33776.0,6768.0,6768.0
803,221.890,32.380,222.15,32.86,1052.79,33138.0,6815.0,6815.0
804,221.890,32.380,222.03,32.87,1052.79,31927.0,5529.0,5529.0
805,221.890,32.380,221.94,32.86,1052.79,30981.0,5902.0,5902.0
806,221.890,32.380,222.07,33,1052.79,44149.0,15973.0,15973.0
807,221.890,32.380,222.03,32.87,1052.79,30971.0,5808.0,5808.0
808,221.890,32.380,222.03,32.87,1052.79,31266.0,5686.0,5686.0
809,221.890,32.380,222.03,32.87,1052.79,31879.0,6149.0,6149.0
810,221.890,32.380,221.57,33.34,1052.79,36799.0,9598.0,9598.0
811,221.890,32.380,222.03,32.87,1052.79,32240.0,5908.0,5908.0
812,221.890,32.380,222.53,32.97,1052.79,35999.0,8412.0,8412.0
813,221.890,32.380,221.91,32.83,1052.79,36950.0,10513.0,10513.0
814,221.890,32.380,222.08,33.06,1052.79,39162.0,11890.0,11890.0
815,221.890,32.380,221.95,33.37,1052.79,37509.0,10498.0,10498.0
816,221.890,32.380,222.41,32.69,1052.79,35353.0,9184.0,9184.0
817,221.890,32.380,222.03,32.87,1052.79,32109.0,5948.0,5948.0
818,221.890,32.380,221.72,32.88,1052.79,33804.0,8166.0,8166.0
819,221.890,32.380,222.03,32.87,1052.79,29894.0,5379.0,5379.0
820,221.890,32.380,221.56,32.74,1052.79,34518.0,8590.0,8590.0
821,221.890,32.380,221.88,32.91,1052.79,38889.0,12124.0,12124.0
822,221.890,32.380,222.17,33.04,1052.79,39908.0,12630.0,12630.0
823,221.890,32.380,222.14,32.81,1052.79,36450.0,8968.0,8968.0
824,221.890,32.380,222.18,32.96,1052.79,39490.0,12384.0,12384.0
825,221.890,32.380,222.02,32.85,1052.79,35297.0,8904.0,8904.0
826,221.890,32.380,222.18,32.85,1052.79,31895.0,6135.0,6135.0
827,221.890,32.380,222.3,33.45,1052.79,37418.0,11017.0,11017.0
828,221.890,32.380,222.3,32.58,1052.79,35754.0,10073.0,10073.0
829,221.890,32.380,222.54,32.84,1052.79,32546.0,5703.0,5703.0
830,221.890,32.380,222.15,32.96,1052.79,38589.0,10877.0,10877.0
831,221.890,32.380,222.23,33.04,1052.79,38873.0,11687.0,11687.0
832,221.890,32.380,221.87,32.75,1052.79,37430.0,10483.0,10483.0
833,221.890,32.380,222.16,32.93,1052.79,34585.0,8970.0,8970.0
834,221.890,32.380,222.43,32.81,1052.79,35781.0,9796.0,9796.0
835,221.890,32.380,222.13,32.89,1052.79,35899.0,9234.0,9234.0
836,221.890,32.380,222.54,32.78,1052.79,34139.0,7309.0,7309.0
837,221.890,32.380,222.1,32.83,1052.79,37992.0,11446.0,11446.0
838,221.890,32.380,222.41,33.44,1052.79,37114.0,10626.0,10626.0
839,221.890,32.380,222.4,32.82,1052.79,36956.0,9002.0,9002.0
840,221.890,32.380,221.71,32.85,1052.79,37622.0,10752.0,10752.0
841,221.890,32.380,222,33.09,1052.79,36910.0,9376.0,9376.0
842,221.890,32.380,222,32.75,1052.79,35664.0,9213.0,9213.0
843,221.890,32.380,222.03,32.87,1052.79,32248.0,5738.0,5738.0
844,221.890,32.380,222.08,33.1,1052.79,34528.0,7825.0,7825.0
845,221.890,32.380,221.78,32.96,1052.79,35719.0,9519.0,9519.0
846,221.890,32.380,221.95,33.07,1052.79,33683.0,7941.0,7941.0
847,221.890,32.380,222.22,33.06,1052.79,37771.0,11366.0,11366.0
848,221.890,32.380,221.66,32.67,1052.79,36010.0,9368.0,9368.0
849,221.890,32.380,221.89,33.1,1052.79,37163.0,10271.0,10271.0
850,221.890,32.380,222.03,32.87,1052.79,29960.0,4074.0,4074.0
851,221.890,32.380,222.06,32.88,1052.79,35974.0,9661.0,9661.0
852,221.890,32.380,222.15,32.97,1052.79,34083.0,7577.0,7577.0
853,221.890,32.380,222.31,32.77,1052.79,35235.0,9192.0,9192.0
854,221.890,32.380,221.79,32.59,1052.79,34735.0,9183.0,9183.0
855,221.890,32.380,222.02,33.14,1052.79,37630.0,11285.0,11285.0
856,221.890,32.380,222.03,32.91,1052.79,35403.0,9148.0,9148.0
857,221.890,32.380,221.92,32.81,1052.79,39620.0,12316.0,12316.0
858,221.890,32.380,221.76,32.74,1052.79,35125.0,8570.0,8570.0
859,221.890,32.380,222.06,33.02,1052.79,36229.0,10020.0,10020.0
860,221.890,32.380,222.07,32.63,1052.79,36621.0,9919.0,9919.0
861,221.890,32.380,221.91,32.98,1052.79,34070.0,8313.0,8313.0
862,221.890,32.380,221.82,32.99,1052.79,36137.0,9615.0,9615.0
863,221.890,32.380,222.18,32.77,1052.79,36075.0,9199.0,9199.0
864,221.890,32.380,222.02,32.97,1052.79,35147.0,9107.0,9107.0
865,221.890,32.380,221.96,32.76,1052.79,34160.0,8490.0,8490.0
866,221.890,32.380,222.01,32.89,1052.79,35682.0,8695.0,8695.0
867,221.890,32.380,222.38,32.97,1052.79,36369.0,9548.0,9548.0
868,221.890,32.380,222.07,32.98,1052.79,39432.0,12459.0,12459.0
869,221.890,32.380,222.28,32.58,1052.79,37246.0,10225.0,10225.0
870,221.890,32.380,221.98,32.94,1052.79,35903.0,9656.0,9656.0
871,221.890,32.380,222.32,32.58,1052.79,36996.0,10337.0,10337.0
872,221.890,32.380,221.95,32.79,1052.79,34784.0,8044.0,8044.0
873,221.890,32.380,222.03,32.87,1052.79,32639.0,6294.0,6294.0
874,221.890,32.380,222.02,32.83,1052.79,33895.0,8338.0,8338.0
875,221.890,32.380,222.04,32.94,1052.79,38020.0,11751.0,11751.0
876,221.890,32.380,222.27,32.66,1052.79,38617.0,11540.0,11540.0
877,221.890,32.380,222.32,33,1052.79,36816.0,9590.0,9590.0
878,221.890,32.380,222.01,32.91,1052.79,33810.0,8080.0,8080.0
879,221.890,32.380,222.38,32.63,1052.79,36240.0,9404.0,9404.0
880,221.890,32.380,221.81,32.74,1052.79,37719.0,11237.0,11237.0
881,221.890,32.380,222.1,32.97,1052.79,37472.0,11252.0,11252.0
882,221.890,32.380,221.92,32.88,1052.79,36865.0,9531.0,9531.0
883,221.890,32.380,222.36,33.33,1052.79,35169.0,7932.0,7932.0
884,221.890,32.380,222.23,32.65,1052.79,39819.0,12262.0,12262.0
885,221.890,32.380,221.93,32.91,1052.79,35802.0,8512.0,8512.0
886,221.890,32.380,222.33,32.94,1052.79,42642.0,13484.0,13484.0
887,221.890,32.380,222.02,32.88,1052.79,39871.0,13015.0,13015.0
888,221.890,32.380,222.23,32.99,1052.79,36228.0,10308.0,10308.0
889,221.890,32.380,222.02,32.63,1052.79,36612.0,9621.0,9621.0
890,221.890,32.380,222,32.61,1052.79,33531.0,7331.0,7331.0
891,221.890,32.380,221.56,32.89,1052.79,34559.0,8949.0,8949.0
892,221.890,32.380,222.23,32.61,1052.79,36202.0,10684.0,10684.0
893,221.890,32.380,222.27,33.12,1052.79,34992.0,8813.0,8813.0
894,221.890,32.380,221.91,32.95,1052.79,36904.0,10629.0,10629.0
895,221.890,32.380,222.2,32.68,1052.79,34361.0,8059.0,8059.0
896,221.890,32.380,222.12,32.61,1052.79,34605.0,8716.0,8716.0
897,221.890,32.380,222.36,32.71,1052.79,38076.0,11528.0,11528.0
898,221.890,32.380,221.86,32.95,1052.79,38532.0,11630.0,11630.0
899,221.890,32.380,221.97,32.91,1052.79,37844.0,10510.0,10510.0
900,221.890,32.380,221.83,32.62,1052.79,37251.0,10764.0,10764.0
901,221.890,32.380,221.59,32.72,1052.79,39224.0,12424.0,12424.0
902,221.890,32.380,221.92,33.06,1052.79,37659.0,10354.0,10354.0
903,221.890,32.380,221.67,32.61,1052.79,36149.0,10173.0,10173.0
904,221.890,32.380,222.25,32.73,1052.79,35084.0,9631.0,9631.0
905,221.890,32.380,221.99,33.16,1052.79,36739.0,8848.0,8848.0
906,221.890,32.380,222.44,32.65,1052.79,35664.0,9519.0,9519.0
907,221.890,32.380,222.18,32.85,1052.79,35646.0,9281.0,9281.0
908,221.890,32.380,222.41,32.65,1052.79,35774.0,9620.0,9620.0
909,221.890,32.380,222.52,32.88,1052.79,34113.0,8441.0,8441.0
910,221.890,32.380,222.2,33.04,1052.79,36265.0,10220.0,10220.0
911,221.890,32.380,222.17,32.82,1052.79,36910.0,11028.0,11028.0
912,221.890,32.380,221.91,32.77,1052.79,37916.0,12075.0,12075.0
913,221.890,32.380,222.01,32.87,1052.79,36497.0,9810.0,9810.0
914,221.890,32.380,222.5,32.62,1052.79,35332.0,8584.0,8584.0
915,221.890,32.380,222.05,33.01,1052.79,35223.0,9146.0,9146.0
916,221.890,32.380,221.82,32.74,1052.79,34929.0,8274.0,8274.0
917,221.890,32.380,221.58,32.98,1052.79,35963.0,8984.0,8984.0
918,221.890,32.380,222.2,32.93,1052.79,34199.0,7946.0,7946.0
919,221.890,32.380,222.15,32.55,1052.79,35762.0,8865.0,8865.0
920,221.890,32.380,222.03,32.87,1052.79,30391.0,4791.0,4791.0
921,221.890,32.380,222.03,32.87,1052.79,32913.0,5980.0,5980.0
922,221.890,32.380,222.03,32.87,1052.79,32608.0,6028.0,6028.0
923,221.890,32.380,222.43,32.66,1052.79,31463.0,6743.0,6743.0
924,221.890,32.380,222.12,32.97,1052.79,33487.0,7486.0,7486.0
925,221.890,32.380,222.03,32.87,1052.79,31674.0,6023.0,6023.0
926,221.890,32.380,221.63,32.55,1052.79,35580.0,8393.0,8393.0
927,221.890,32.380,222.2,32.62,1052.79,36036.0,10112.0,10112.0
928,221.890,32.380,222.31,32.47,1052.79,34567.0,8658.0,8658.0
929,221.890,32.380,222.19,32.86,1052.79,41114.0,13572.0,13572.0
930,221.890,32.380,222.07,32.89,1052.79,40683.0,13725.0,13725.0
931,221.890,32.380,221.94,32.9,1052.79,39141.0,12352.0,12352.0
932,221.890,32.380,222.15,33.08,1052.79,36038.0,10097.0,10097.0
933,221.890,32.380,221.94,33.09,1052.79,37991.0,10504.0,10504.0
934,221.890,32.380,222.03,32.87,1052.79,31737.0,4790.0,4790.0
935,221.890,32.380,222.03,32.87,1052.79,31494.0,5616.0,5616.0
936,221.890,32.380,222.14,32.87,1052.79,33406.0,7616.0,7616.0
937,221.890,32.380,222.03,32.87,1052.79,33252.0,6345.0,6345.0
938,221.890,32.380,222.14,33.1,1052.79,34794.0,7974.0,7974.0
939,221.890,32.380,222.03,32.87,1052.79,30251.0,4951.0,4951.0
940,221.890,32.380,222.02,32.85,1052.79,36478.0,9924.0,9924.0
941,221.890,32.380,222.03,32.87,1052.79,32378.0,5997.0,5997.0
942,221.890,32.380,222.03,32.87,1052.79,33269.0,6551.0,6551.0
943,221.890,32.380,222.23,33.17,1052.79,35556.0,9756.0,9756.0
944,221.890,32.380,221.95,33.47,1052.79,33429.0,7468.0,7468.0
945,221.890,32.380,221.99,32.99,1052.79,33214.0,6402.0,6402.0
946,221.890,32.380,221.61,32.66,1052.79,34939.0,9662.0,9662.0
947,221.890,32.380,222.05,32.98,1052.79,38474.0,11567.0,11567.0
948,221.890,32.380,221.92,32.75,1052.79,35656.0,9051.0,9051.0
949,221.890,32.380,222.1,32.87,1052.79,35641.0,8917.0,8917.0
950,221.890,32.380,222.14,32.71,1052.79,33508.0,6763.0,6763.0
951,221.890,32.380,221.96,32.74,1052.79,35191.0,8663.0,8663.0
952,221.890,32.380,222.19,32.92,1052.79,36674.0,9357.0,9357.0
953,221.890,32.380,221.92,33.23,1052.79,34612.0,8045.0,8045.0
954,221.890,32.380,222.06,32.89,1052.79,37083.0,10509.0,10509.0
955,221.890,32.380,222.44,32.68,1052.79,32494.0,6585.0,6585.0
956,221.890,32.380,221.91,33.15,1052.79,35049.0,8177.0,8177.0
957,221.890,32.380,222.03,32.87,1052.79,32714.0,6469.0,6469.0
958,221.890,32.380,222.37,32.96,1052.79,32364.0,6559.0,6559.0
959,221.890,32.380,222.47,32.84,1052.79,36325.0,9756.0,9756.0
960,221.890,32.380,221.61,32.64,1052.79,33208.0,7780.0,7780.0
961,221.890,32.380,222.3,32.55,1052.79,37437.0,11153.0,11153.0
962,221.890,32.380,221.83,32.87,1052.79,33344.0,7435.0,7435.0
963,221.890,32.380,221.93,32.69,1052.79,31921.0,7038.0,7038.0
964,221.890,32.380,222.05,32.88,1052.79,34616.0,8586.0,8586.0
965,221.890,32.380,221.97,32.94,1052.79,35435.0,8658.0,8658.0
966,221.890,32.380,221.73,32.6,1052.79,33282.0,7039.0,7039.0
967,221.890,32.380,221.92,32.87,1052.79,34526.0,8280.0,8280.0
968,221.890,32.380,222.1,32.75,1052.79,36976.0,11084.0,11084.0
969,221.890,32.380,222.07,32.63,1052.79,36896.0,10240.0,10240.0
970,221.890,32.380,222.03,32.87,1052.79,30818.0,4614.0,4614.0
971,221.890,32.380,222.03,32.87,1052.79,33034.0,6680.0,6680.0
972,221.890,32.380,222.17,32.73,1052.79,34540.0,8575.0,8575.0
973,221.890,32.380,221.6,32.74,1052.79,34181.0,8441.0,8441.0
974,221.890,32.380,222.03,32.87,1052.79,30960.0,5383.0,5383.0
975,221.890,32.380,221.99,32.83,1052.79,36765.0,11207.0,11207.0
976,221.890,32.380,222.03,32.87,1052.79,30139.0,4349.0,4349.0
977,221.890,32.380,223.18,31.69,1052.79,32436.0,5612.0,5612.0
978,221.890,32.380,222.1,32.88,1052.79,36186.0,9395.0,9395.0
979,221.890,32.380,222.23,32.65,1052.79,35178.0,8499.0,8499.0
980,221.890,32.380,222.01,32.7,1052.79,33973.0,8458.0,8458.0
981,221.890,32.380,221.88,32.86,1052.79,33590.0,7877.0,7877.0
982,221.890,32.380,222.36,32.71,1052.79,33484.0,7462.0,7462.0
983,221.890,32.380,222.53,32.59,1052.79,33729.0,7180.0,7180.0
984,221.890,32.380,222.03,32.87,1052.79,30413.0,5089.0,5089.0
985,221.890,32.380,221.92,32.6,1052.79,32930.0,6544.0,6544.0
986,221.890,32.380,221.86,32.9,1052.79,32834.0,7000.0,7000.0
987,221.890,32.380,222.15,32.61,1052.79,35631.0,8351.0,8351.0
988,221.890,32.380,222.36,32.65,1052.79,34485.0,8962.0,8962.0
989,221.890,32.380,221.65,33.34,1052.79,36194.0,9474.0,9474.0
990,221.890,32.380,222.28,32.94,1052.79,32465.0,5923.0,5923.0
991,221.890,32.380,222.28,32.5,1052.79,35582.0,9587.0,9587.0
992,221.890,32.380,222.31,33.42,1052.79,33592.0,7686.0,7686.0
993,221.890,32.380,221.61,32.73,1052.79,31756.0,6351.0,6351.0
994,221.890,32.380,222.23,32.68,1052.79,34253.0,7866.0,7866.0
995,221.890,32.380,222.03,32.87,1052.79,29842.0,4947.0,4947.0
996,221.890,32.380,222.07,32.79,1052.79,35077.0,8625.0,8625.0
997,221.890,32.380,222.03,32.87,1052.79,33643.0,7146.0,7146.0
998,221.890,32.380,222.49,32.59,1052.79,32558.0,7581.0,7581.0
999,221.890,32.380,222.03,32.87,1052.79,29498.0,4998.0,4998.0
1000,221.890,32.380,222.1,32.72,1052.79,33145.0,7619.0,7619.0
1001,221.890,32.380,222.14,32.83,1052.79,35056.0,9139.0,9139.0
1002,221.890,32.380,222.02,32.7,1052.79,32644.0,6926.0,6926.0
1003,221.890,32.380,222.03,32.87,1052.79,32856.0,6458.0,6458.0
1004,221.890,32.380,222.03,32.87,1052.79,29172.0,4140.0,4140.0
1005,221.890,32.380,221.98,32.81,1052.79,39841.0,12552.0,12552.0
1006,221.890,32.380,221.89,32.86,1052.79,35830.0,9527.0,9527.0
1007,221.890,32.380,222.03,32.87,1052.79,32903.0,6296.0,6296.0
1008,221.890,32.380,222.03,32.87,1052.79,29236.0,4498.0,4498.0
1009,221.890,32.380,221.76,32.7,1052.79,33092.0,7127.0,7127.0
1010,221.890,32.380,222.12,32.97,1052.79,35332.0,8756.0,8756.0
1011,221.890,32.380,222.03,32.87,1052.79,30518.0,5072.0,5072.0
1012,221.890,32.380,222.17,32.86,1052.79,32599.0,6900.0,6900.0
1013,221.890,32.380,222.21,32.73,1052.79,33516.0,8405.0,8405.0
1014,221.890,32.380,222,32.9,1052.79,35909.0,8423.0,8423.0
1015,221.890,32.380,222.29,32.94,1052.79,37587.0,10738.0,10738.0
1016,221.890,32.380,222.01,32.55,1052.79,36238.0,10780.0,10780.0
1017,221.890,32.380,222.19,32.82,1052.79,36711.0,10856.0,10856.0
1018,221.890,32.380,222.18,32.9,1052.79,38869.0,11056.0,11056.0
1019,221.890,32.380,222.52,32.91,1052.79,33468.0,8461.0,8461.0
1020,221.890,32.380,222.12,32.53,1052.79,33704.0,7429.0,7429.0
1021,221.890,32.380,221.63,33.27,1052.79,38678.0,11038.0,11038.0
1022,221.890,32.380,222.22,33.21,1052.79,35155.0,9410.0,9410.0
1023,221.890,32.380,221.75,32.64,1052.79,39711.0,12486.0,12486.0
1024,221.890,32.380,222.38,32.7,1052.79,38116.0,11289.0,11289.0
1025,221.890,32.380,222.03,32.88,1052.79,38971.0,12272.0,12272.0
1026,221.890,32.380,222.32,32.85,1052.79,37014.0,10395.0,10395.0
1027,221.890,32.380,222.15,32.78,1052.79,38154.0,11181.0,11181.0
1028,221.890,32.380,222.21,32.64,1052.79,37653.0,11646.0,11646.0
1029,221.890,32.380,222.09,32.74,1052.79,39284.0,12469.0,12469.0
1030,221.890,32.380,222.17,32.9,1052.79,38772.0,11774.0,11774.0
1031,221.890,32.380,222.41,32.76,1052.79,38891.0,12560.0,12560.0
1032,221.890,32.380,222.01,32.88,1052.79,41838.0,14932.0,14932.0
1033,221.890,32.380,222,32.88,1052.79,37028.0,10579.0,10579.0
1034,221.890,32.380,222.04,32.91,1052.79,40658.0,13035.0,13035.0
1035,221.890,32.380,222.24,32.87,1052.79,33604.0,7129.0,7129.0
1036,221.890,32.380,222.03,32.87,1052.79,28628.0,4014.0,4014.0
1037,221.890,32.380,222.25,32.78,1052.79,33909.0,8033.0,8033.0
1038,221.890,32.380,222.03,32.87,1052.79,31349.0,5181.0,5181.0
1039,221.890,32.380,222.24,32.61,1052.79,32954.0,7079.0,7079.0
1040,221.890,32.380,222.16,32.84,1052.79,34026.0,7274.0,7274.0
1041,221.890,32.380,222.03,32.87,1052.79,30715.0,5617.0,5617.0
1042,221.890,32.380,222.34,32.41,1052.79,34195.0,7848.0,7848.0
1043,221.890,32.380,221.82,32.95,1052.79,35266.0,8878.0,8878.0
1044,221.890,32.380,222.06,32.88,1052.79,37137.0,10793.0,10793.0
1045,221.890,32.380,222.28,32.82,1052.79,35554.0,9434.0,9434.0
1046,221.890,32.380,222.03,32.87,1052.79,33585.0,6330.0,6330.0
1047,221.890,32.380,222.03,32.81,1052.79,36069.0,10032.0,10032.0
1048,221.890,32.380,222.03,32.85,1052.79,43516.0,16150.0,16150.0
1049,221.890,32.380,222.03,32.87,1052.79,29650.0,3831.0,3831.0
1050,221.890,32.380,222.36,32.97,1052.79,35089.0,8621.0,8621.0
1051,221.890,32.380,222.05,32.83,1052.79,29921.0,5080.0,5080.0
1052,221.890,32.380,222.03,32.87,1052.79,30345.0,4543.0,4543.0
1053,221.890,32.380,222.03,32.87,1052.79,28878.0,3843.0,3843.0
1054,221.890,32.380,222.24,32.58,1052.79,33470.0,6910.0,6910.0
1055,221.890,32.380,222.01,32.85,1052.79,36160.0,8929.0,8929.0
1056,221.890,32.380,221.99,32.84,1052.79,41015.0,13790.0,13790.0
1057,221.890,32.380,222.03,32.81,1052.79,36230.0,10037.0,10037.0
1058,221.890,32.380,222.26,32.59,1052.79,35045.0,9118.0,9118.0
1059,221.890,32.380,222.03,32.87,1052.79,31925.0,5951.0,5951.0
1060,221.890,32.380,222.11,32.61,1052.79,35917.0,9482.0,9482.0
1061,221.890,32.380,222.12,32.71,1052.79,39699.0,13564.0,13564.0
1062,221.890,32.380,222.11,32.98,1052.79,35275.0,10152.0,10152.0
1063,221.890,32.380,222.13,32.82,1052.79,32835.0,7133.0,7133.0
1064,221.890,32.380,222.04,32.82,1052.79,34824.0,8581.0,8581.0
1065,221.890,32.380,222.17,32.63,1052.79,37911.0,11635.0,11635.0
1066,221.890,32.380,222.17,32.72,1052.79,40808.0,13731.0,13731.0
1067,221.890,32.380,222.14,32.75,1052.79,37977.0,10751.0,10751.0
1068,221.890,32.380,221.97,32.52,1052.79,36387.0,10100.0,10100.0
1069,221.890,32.380,222.05,32.76,1052.79,35974.0,9369.0,9369.0
1070,221.890,32.380,222.02,32.85,1052.79,35129.0,9887.0,9887.0
1071,221.890,32.380,222.09,32.85,1052.79,36801.0,9316.0,9316.0
1072,221.890,32.380,222.13,32.84,1052.79,32340.0,6346.0,6346.0
1073,221.890,32.380,222.03,32.87,1052.79,32214.0,5890.0,5890.0
1074,221.890,32.380,222.03,32.87,1052.79,32366.0,6612.0,6612.0
1075,221.890,32.380,222.03,32.87,1052.79,31589.0,5802.0,5802.0
1076,221.890,32.380,222.01,32.92,1052.79,33233.0,7317.0,7317.0
1077,221.890,32.380,222.1,32.73,1052.79,36773.0,9538.0,9538.0
1078,221.890,32.380,222.03,32.87,1052.79,30366.0,5234.0,5234.0
1079,221.890,32.380,222,33.23,1052.79,41411.0,14345.0,14345.0
1080,221.890,32.380,222.26,32.65,1052.79,37803.0,9987.0,9987.0
1081,221.890,32.380,222.08,32.69,1052.79,34814.0,8405.0,8405.0
1082,221.890,32.380,222.22,33.1,1052.79,33330.0,6258.0,6258.0
1083,221.890,32.380,222.14,32.49,1052.79,32235.0,6778.0,6778.0
1084,221.890,32.380,222.09,32.86,1052.79,34578.0,8528.0,8528.0
1085,221.890,32.380,222.28,32.86,1052.79,37714.0,11106.0,11106.0
1086,221.890,32.380,222.11,32.88,1052.79,35395.0,9058.0,9058.0
1087,221.890,32.380,222.03,32.87,1052.79,32421.0,6511.0,6511.0
1088,221.890,32.380,222.03,32.87,1052.79,32077.0,5714.0,5714.0
1089,221.890,32.380,221.97,32.54,1052.79,34943.0,9280.0,9280.0
1090,221.890,32.380,222.46,32.57,1052.79,36091.0,10145.0,10145.0
1091,221.890,32.380,222.35,33.14,1052.79,38621.0,12539.0,12539.0
1092,221.890,32.380,221.54,32.72,1052.79,35921.0,9803.0,9803.0
1093,221.890,32.380,222.24,32.82,1052.79,36585.0,10278.0,10278.0
1094,221.890,32.380,222.43,32.74,1052.79,35015.0,8656.0,8656.0
1095,221.890,32.380,222.03,32.87,1052.79,30847.0,5619.0,5619.0
1096,221.890,32.380,221.99,33.49,1052.79,32667.0,6920.0,6920.0
1097,221.890,32.380,222.14,33.05,1052.79,35681.0,8886.0,8886.0
1098,221.890,32.380,221.95,32.82,1052.79,35241.0,8464.0,8464.0
1099,221.890,32.380,222.08,32.8,1052.79,38540.0,12316.0,12316.0
1100,221.890,32.380,222.25,32.85,1052.79,36451.0,10454.0,10454.0
1101,221.890,32.380,221.87,32.58,1052.79,41057.0,14141.0,14141.0
1102,221.890,32.380,222.33,32.8,1052.79,34597.0,8800.0,8800.0
1103,221.890,32.380,222.03,32.87,1052.79,30704.0,5357.0,5357.0
1104,221.890,32.380,222.5,32.68,1052.79,34786.0,8981.0,8981.0
1105,221.890,32.380,222.25,32.92,1052.79,32123.0,7176.0,7176.0
1106,221.890,32.380,221.96,32.48,1052.79,33649.0,7750.0,7750.0
1107,221.890,32.380,222.1,32.59,1052.79,38632.0,11854.0,11854.0
1108,221.890,32.380,222.03,32.87,1052.79,30646.0,4701.0,4701.0
1109,221.890,32.380,222.29,32.93,1052.79,33177.0,7467.0,7467.0
1110,221.890,32.380,222.03,32.71,1052.79,36788.0,10172.0,10172.0
1111,221.890,32.380,222.03,32.87,1052.79,30914.0,5329.0,5329.0
1112,221.890,32.380,222.03,32.87,1052.79,32436.0,5976.0,5976.0
1113,221.890,32.380,222.03,32.87,1052.79,30419.0,4598.0,4598.0
1114,221.890,32.380,221.99,32.6,1052.79,34117.0,8696.0,8696.0
1115,221.890,32.380,221.89,32.38,1052.79,32843.0,8056.0,8056.0
1116,221.890,32.380,221.89,32.38,1052.79,31602.0,5505.0,5505.0
1117,221.890,32.380,221.89,32.38,1052.79,29469.0,4225.0,4225.0
1118,221.890,32.380,221.89,32.38,1052.79,30840.0,5616.0,5616.0
1119,221.890,32.380,221.89,32.38,1052.79,32926.0,7017.0,7017.0
1120,221.890,32.380,221.89,32.38,1052.79,33022.0,6962.0,6962.0
1121,221.890,32.380,221.89,32.38,1052.79,36827.0,10740.0,10740.0
1122,221.890,32.380,221.89,32.38,1052.79,32792.0,7202.0,7202.0
1123,221.890,32.380,221.89,32.38,1052.79,34292.0,8428.0,8428.0
1124,221.890,32.380,221.89,32.38,1052.79,33084.0,6652.0,6652.0
1125,221.890,32.380,221.89,32.38,1052.79,31862.0,6652.0,6652.0
1126,221.890,32.380,221.89,32.38,1052.79,34633.0,8069.0,8069.0
1127,221.890,32.380,221.89,32.38,1052.79,34503.0,8682.0,8682.0
1128,221.890,32.380,221.89,32.38,1052.79,36575.0,9562.0,9562.0
1129,221.890,32.380,221.89,32.38,1052.79,35296.0,8487.0,8487.0
1130,221.890,32.380,221.89,32.38,1052.79,31491.0,5784.0,5784.0
1131,221.890,32.380,221.89,32.38,1052.79,32194.0,5876.0,5876.0
1132,221.890,32.380,221.89,32.38,1052.79,33120.0,7696.0,7696.0
1133,221.890,32.380,221.89,32.38,1052.79,34695.0,9623.0,9623.0
1134,221.890,32.380,221.89,32.38,1052.79,31534.0,6336.0,6336.0
1135,221.890,32.380,221.89,32.38,1052.79,32751.0,6782.0,6782.0
1136,221.890,32.380,221.89,32.38,1052.79,32163.0,7003.0,7003.0
1137,221.890,32.380,221.89,32.38,1052.79,35744.0,9250.0,9250.0
1138,221.890,32.380,221.89,32.38,1052.79,32577.0,6614.0,6614.0
1139,221.890,32.380,221.89,32.38,1052.79,32136.0,6222.0,6222.0
1140,221.890,32.380,221.89,32.38,1052.79,29964.0,4708.0,4708.0
1141,221.890,32.380,221.89,32.38,1052.79,35013.0,7924.0,7924.0
1142,221.890,32.380,221.89,32.38,1052.79,40990.0,14911.0,14911.0
1143,221.890,32.380,221.89,32.38,1052.79,35224.0,9735.0,9735.0
1144,221.890,32.380,221.89,32.38,1052.79,37424.0,11353.0,11353.0
1145,221.890,32.380,221.89,32.38,1052.79,41225.0,14628.0,14628.0
1146,221.890,32.380,221.89,32.38,1052.79,38376.0,12344.0,12344.0
1147,221.890,32.380,221.89,32.38,1052.79,40203.0,12993.0,12993.0
1148,221.890,32.380,221.89,32.38,1052.79,38697.0,13296.0,13296.0
1149,221.890,32.380,221.89,32.38,1052.79,34331.0,8428.0,8428.0
1150,221.890,32.380,221.89,32.38,1052.79,32551.0,7508.0,7508.0
1151,221.890,32.380,221.89,32.38,1052.79,33602.0,8446.0,8446.0
1152,221.890,32.380,221.89,32.38,1052.79,32647.0,7581.0,7581.0
1153,221.890,32.380,221.89,32.38,1052.79,31333.0,6546.0,6546.0
1154,221.890,32.380,221.89,32.38,1052.79,31978.0,6596.0,6596.0
1155,221.890,32.380,221.89,32.38,1052.79,35626.0,8474.0,8474.0
1156,221.890,32.380,221.89,32.38,1052.79,35838.0,9693.0,9693.0
1157,221.890,32.380,221.89,32.38,1052.79,32509.0,7463.0,7463.0
1158,221.890,32.380,221.89,32.38,1052.79,31221.0,6110.0,6110.0
1159,221.890,32.380,221.89,32.38,1052.79,35013.0,8253.0,8253.0
1160,221.890,32.380,221.89,32.38,1052.79,35032.0,9279.0,9279.0
1161,221.890,32.380,221.89,32.38,1052.79,31032.0,5234.0,5234.0
1162,221.890,32.380,221.89,32.38,1052.79,34543.0,8211.0,8211.0
1163,221.890,32.380,221.89,32.38,1052.79,35281.0,8635.0,8635.0
1164,221.890,32.380,221.89,32.38,1052.79,33540.0,7663.0,7663.0
1165,221.890,32.380,221.89,32.38,1052.79,36436.0,9610.0,9610.0
1166,221.890,32.380,221.89,32.38,1052.79,32312.0,6321.0,6321.0
1167,221.890,32.380,221.89,32.38,1052.79,35667.0,10147.0,10147.0
1168,221.890,32.380,221.89,32.38,1052.79,36676.0,11631.0,11631.0
1169,221.890,32.380,221.89,32.38,1052.79,41392.0,14506.0,14506.0
1170,221.890,32.380,221.89,32.38,1052.79,40860.0,13664.0,13664.0
1171,221.890,32.380,221.89,32.38,1052.79,34334.0,8396.0,8396.0
1172,221.890,32.380,221.89,32.38,1052.79,31647.0,5548.0,5548.0
1173,221.890,32.380,221.89,32.38,1052.79,30354.0,5749.0,5749.0
1174,221.890,32.380,221.89,32.38,1052.79,30866.0,4773.0,4773.0
1175,221.890,32.380,221.89,32.38,1052.79,32900.0,7570.0,7570.0
1176,221.890,32.380,221.89,32.38,1052.79,38334.0,11674.0,11674.0
1177,221.890,32.380,221.89,32.38,1052.79,34508.0,8851.0,8851.0
1178,221.890,32.380,221.89,32.38,1052.79,35393.0,8801.0,8801.0
1179,221.890,32.380,221.89,32.38,1052.79,31758.0,6211.0,6211.0
1180,221.890,32.380,221.89,32.38,1052.79,33340.0,7504.0,7504.0
1181,221.890,32.380,221.89,32.38,1052.79,33225.0,7158.0,7158.0
1182,221.890,32.380,221.89,32.38,1052.79,31887.0,7221.0,7221.0
1183,221.890,32.380,221.89,32.38,1052.79,32610.0,7161.0,7161.0
1184,221.890,32.380,221.89,32.38,1052.79,32147.0,6972.0,6972.0
1185,221.890,32.380,221.89,32.38,1052.79,33677.0,8526.0,8526.0
1186,221.890,32.380,221.89,32.38,1052.79,34515.0,8125.0,8125.0
1187,221.890,32.380,221.89,32.38,1052.79,35001.0,9501.0,9501.0
1188,221.890,32.380,221.89,32.38,1052.79,35085.0,9915.0,9915.0
1189,221.890,32.380,221.89,32.38,1052.79,36205.0,9741.0,9741.0
1190,221.890,32.380,221.89,32.38,1052.79,33416.0,7467.0,7467.0
1191,221.890,32.380,221.89,32.38,1052.79,31471.0,6498.0,6498.0
1192,221.890,32.380,221.89,32.38,1052.79,31876.0,6915.0,6915.0
1193,221.890,32.380,221.89,32.38,1052.79,30533.0,5401.0,5401.0
1194,221.890,32.380,221.89,32.38,1052.79,30797.0,5758.0,5758.0
1195,221.890,32.380,221.89,32.38,1052.79,31875.0,6693.0,6693.0
1196,221.890,32.380,221.89,32.38,1052.79,32210.0,6652.0,6652.0
1197,221.890,32.380,221.89,32.38,1052.79,32335.0,6337.0,6337.0
1198,221.890,32.380,221.89,32.38,1052.79,30914.0,5728.0,5728.0
1199,221.890,32.380,221.89,32.38,1052.79,34306.0,8793.0,8793.0
1200,221.890,32.380,221.89,32.38,1052.79,30708.0,6451.0,6451.0
1201,221.890,32.380,221.89,32.38,1052.79,30297.0,4990.0,4990.0
1202,221.890,32.380,221.89,32.38,1052.79,30419.0,4804.0,4804.0
1203,221.890,32.380,221.89,32.38,1052.79,30215.0,5366.0,5366.0
1204,221.890,32.380,221.89,32.38,1052.79,32344.0,6811.0,6811.0
1205,221.890,32.380,221.89,32.38,1052.79,32107.0,6432.0,6432.0
1206,221.890,32.380,221.89,32.38,1052.79,32381.0,6961.0,6961.0
1207,221.890,32.380,221.89,32.38,1052.79,34156.0,7870.0,7870.0
1208,221.890,32.380,221.89,32.38,1052.79,33557.0,7864.0,7864.0
1209,221.890,32.380,221.89,32.38,1052.79,35368.0,9070.0,9070.0
1210,221.890,32.380,221.89,32.38,1052.79,33703.0,8524.0,8524.0
1211,221.890,32.380,221.89,32.38,1052.79,32634.0,6471.0,6471.0
1212,221.890,32.380,221.89,32.38,1052.79,31998.0,5614.0,5614.0
1213,221.890,32.380,221.89,32.38,1052.79,38712.0,12201.0,12201.0
1214,221.890,32.380,221.89,32.38,1052.79,37020.0,10538.0,10538.0
1215,221.890,32.380,221.89,32.38,1052.79,37021.0,10551.0,10551.0
1216,221.890,32.380,221.89,32.38,1052.79,33863.0,7646.0,7646.0
1217,221.890,32.380,221.89,32.38,1052.79,35038.0,8551.0,8551.0
1218,221.890,32.380,221.89,32.38,1052.79,33669.0,8320.0,8320.0
1219,221.890,32.380,221.89,32.38,1052.79,33818.0,7589.0,7589.0
1220,221.890,32.380,221.89,32.38,1052.79,33615.0,7767.0,7767.0
1221,221.890,32.380,221.89,32.38,1052.79,32263.0,6460.0,6460.0
1222,221.890,32.380,221.89,32.38,1052.79,37157.0,10907.0,10907.0
1223,221.890,32.380,221.89,32.38,1052.79,33541.0,7368.0,7368.0
1224,221.890,32.380,221.89,32.38,1052.79,30580.0,5376.0,5376.0
1225,221.890,32.380,221.89,32.38,1052.79,32279.0,7095.0,7095.0
1226,221.890,32.380,221.89,32.38,1052.79,34381.0,8278.0,8278.0
1227,221.890,32.380,221.89,32.38,1052.79,36079.0,10218.0,10218.0
1228,221.890,32.380,221.89,32.38,1052.79,34639.0,8641.0,8641.0
1229,221.890,32.380,221.89,32.38,1052.79,31955.0,6237.0,6237.0
1230,221.890,32.380,221.89,32.38,1052.79,38348.0,11150.0,11150.0
1231,221.890,32.380,221.89,32.38,1052.79,36575.0,10117.0,10117.0
1232,221.890,32.380,221.89,32.38,1052.79,40053.0,13705.0,13705.0
1233,221.890,32.380,221.89,32.38,1052.79,36000.0,9729.0,9729.0
1234,221.890,32.380,221.89,32.38,1052.79,33757.0,7564.0,7564.0
1235,221.890,32.380,221.89,32.38,1052.79,31823.0,5566.0,5566.0
1236,221.890,32.380,221.89,32.38,1052.79,36460.0,9717.0,9717.0
1237,221.890,32.380,221.89,32.38,1052.79,38923.0,11967.0,11967.0
1238,221.890,32.380,221.89,32.38,1052.79,37428.0,11365.0,11365.0
1239,221.890,32.380,221.89,32.38,1052.79,35474.0,9059.0,9059.0
1240,221.890,32.380,221.89,32.38,1052.79,38584.0,13222.0,13222.0
1241,221.890,32.380,221.89,32.38,1052.79,30243.0,5547.0,5547.0
1242,221.890,32.380,221.89,32.38,1052.79,40848.0,13898.0,13898.0
1243,221.890,32.380,221.89,32.38,1052.79,34787.0,8743.0,8743.0
1244,221.890,32.380,221.89,32.38,1052.79,39667.0,11382.0,11382.0
1245,221.890,32.380,221.89,32.38,1052.79,37538.0,9919.0,9919.0
1246,221.890,32.380,221.89,32.38,1052.79,39596.0,12670.0,12670.0
1247,221.890,32.380,221.89,32.38,1052.79,34273.0,7378.0,7378.0
1248,221.890,32.380,221.89,32.38,1052.79,38166.0,11525.0,11525.0
1249,221.890,32.380,221.89,32.38,1052.79,35933.0,10130.0,10130.0
1250,221.890,32.380,221.89,32.38,1052.79,32912.0,6966.0,6966.0
1251,221.890,32.380,221.89,32.38,1052.79,34181.0,8307.0,8307.0
1252,221.890,32.380,221.89,32.38,1052.79,29564.0,3878.0,3878.0
1253,221.890,32.380,221.89,32.38,1052.79,32420.0,6984.0,6984.0
1254,221.890,32.380,221.89,32.38,1052.79,32140.0,6904.0,6904.0
1255,221.890,32.380,221.89,32.38,1052.79,34591.0,8657.0,8657.0
1256,221.890,32.380,221.89,32.38,1052.79,39926.0,12573.0,12573.0
1257,221.890,32.380,221.89,32.38,1052.79,35445.0,9473.0,9473.0
1258,221.890,32.380,221.89,32.38,1052.79,36265.0,11073.0,11073.0
1259,221.890,32.380,221.89,32.38,1052.79,32074.0,6705.0,6705.0
1260,221.890,32.380,221.89,32.38,1052.79,32381.0,5398.0,5398.0
1261,221.890,32.380,221.89,32.38,1052.79,34923.0,8735.0,8735.0
1262,221.890,32.380,221.89,32.38,1052.79,34953.0,10424.0,10424.0
1263,221.890,32.380,221.89,32.38,1052.79,29151.0,3200.0,3200.0
1264,221.890,32.380,221.89,32.38,1052.79,34200.0,7985.0,7985.0
1265,221.890,32.380,221.89,32.38,1052.79,31745.0,6443.0,6443.0
1266,221.890,32.380,221.89,32.38,1052.79,34692.0,8148.0,8148.0
1267,221.890,32.380,221.89,32.38,1052.79,32668.0,5815.0,5815.0
1268,221.890,32.380,221.89,32.38,1052.79,33458.0,7482.0,7482.0
1269,221.890,32.380,221.89,32.38,1052.79,34358.0,9295.0,9295.0
1270,221.890,32.380,221.89,32.38,1052.79,33709.0,7457.0,7457.0
1271,221.890,32.380,221.89,32.38,1052.79,34677.0,7700.0,7700.0
1272,221.890,32.380,221.89,32.38,1052.79,36176.0,8988.0,8988.0
1273,221.890,32.380,221.89,32.38,1052.79,31710.0,6602.0,6602.0
1274,221.890,32.380,221.89,32.38,1052.79,34927.0,9296.0,9296.0
1275,221.890,32.380,221.89,32.38,1052.79,34479.0,7755.0,7755.0
1276,221.890,32.380,221.89,32.38,1052.79,34249.0,8503.0,8503.0
1277,221.890,32.380,221.89,32.38,1052.79,35989.0,9245.0,9245.0
1278,221.890,32.380,221.89,32.38,1052.79,31939.0,6487.0,6487.0
1279,221.890,32.380,221.89,32.38,1052.79,31761.0,5916.0,5916.0
1280,221.890,32.380,221.89,32.38,1052.79,33853.0,7433.0,7433.0
1281,221.890,32.380,221.89,32.38,1052.79,32250.0,6932.0,6932.0
1282,221.890,32.380,221.89,32.38,1052.79,32893.0,6810.0,6810.0
1283,221.890,32.380,221.89,32.38,1052.79,33991.0,8198.0,8198.0
1284,221.890,32.380,221.89,32.38,1052.79,35029.0,9658.0,9658.0
1285,221.890,32.380,221.89,32.38,1052.79,32687.0,7139.0,7139.0
1286,221.890,32.380,221.89,32.38,1052.79,34740.0,9045.0,9045.0
1287,221.890,32.380,221.89,32.38,1052.79,31386.0,6111.0,6111.0
1288,221.890,32.380,221.89,32.38,1052.79,33402.0,8034.0,8034.0
1289,221.890,32.380,221.89,32.38,1052.79,30432.0,4791.0,4791.0
1290,221.890,32.380,221.89,32.38,1052.79,28788.0,3634.0,3634.0
1291,221.890,32.380,221.89,32.38,1052.79,30551.0,5177.0,5177.0
1292,221.890,32.380,221.89,32.38,1052.79,32472.0,6276.0,6276.0
1293,221.890,32.380,221.89,32.38,1052.79,29048.0,3077.0,3077.0
1294,221.890,32.380,221.89,32.38,1052.79,33664.0,7943.0,7943.0
1295,221.890,32.380,221.89,32.38,1052.79,33643.0,7707.0,7707.0
1296,221.890,32.380,221.89,32.38,1052.79,31151.0,6091.0,6091.0
1297,221.890,32.380,221.89,32.38,1052.79,31573.0,5463.0,5463.0
1298,221.890,32.380,221.89,32.38,1052.79,31129.0,6510.0,6510.0
1299,221.890,32.380,221.89,32.38,1052.79,32372.0,6339.0,6339.0
1300,221.890,32.380,221.89,32.38,1052.79,31746.0,6182.0,6182.0
1301,221.890,32.380,221.89,32.38,1052.79,32776.0,6591.0,6591.0
1302,221.890,32.380,221.89,32.38,1052.79,31576.0,5624.0,5624.0
1303,221.890,32.380,221.89,32.38,1052.79,29872.0,4512.0,4512.0
1304,221.890,32.380,221.89,32.38,1052.79,35755.0,9695.0,9695.0
1305,221.890,32.380,221.89,32.38,1052.79,36080.0,10442.0,10442.0
1306,221.890,32.380,221.89,32.38,1052.79,31502.0,5300.0,5300.0
1307,221.890,32.380,221.89,32.38,1052.79,29771.0,3846.0,3846.0
1308,221.890,32.380,221.89,32.38,1052.79,33389.0,7851.0,7851.0
1309,221.890,32.380,221.89,32.38,1052.79,28985.0,4955.0,4955.0
1310,221.890,32.380,221.89,32.38,1052.79,31565.0,6060.0,6060.0
1311,221.890,32.380,221.89,32.38,1052.79,29643.0,4613.0,4613.0
1312,221.890,32.380,221.89,32.38,1052.79,31756.0,6375.0,6375.0
1313,221.890,32.380,221.89,32.38,1052.79,33419.0,6403.0,6403.0
1314,221.890,32.380,221.89,32.38,1052.79,39022.0,11596.0,11596.0
1315,221.890,32.380,221.89,32.38,1052.79,30592.0,5415.0,5415.0
