id,avg_x,avg_y,x,y,bg,Square_intensity,circular_intensity,Gaussian_intensity
167,43.810,132.320,39.73,130.64,1523.65,27971.0,939.0,939.0
168,43.810,132.320,39.73,130.64,1523.65,27359.0,1549.0,1549.0
169,43.810,132.320,39.73,130.64,1523.65,29116.0,1475.0,1475.0
170,43.810,132.320,39.73,130.64,1523.65,26523.0,0.0,0.0
171,43.810,132.320,39.73,130.64,1523.65,25513.0,0.0,0.0
172,43.810,132.320,39.73,130.64,1523.65,27153.0,23.0,23.0
173,43.810,132.320,39.73,130.64,1523.65,27557.0,449.0,449.0
174,43.810,132.320,39.73,130.64,1523.65,27536.0,0.0,0.0
175,43.810,132.320,39.73,130.64,1523.65,26641.0,616.0,616.0
176,43.810,132.320,39.73,130.64,1523.65,28705.0,1075.0,1075.0
177,43.810,132.320,39.73,130.64,1523.65,28682.0,1391.0,1391.0
178,43.810,132.320,39.73,130.64,1523.65,27586.0,1023.0,1023.0
179,43.810,132.320,39.73,130.64,1523.65,27970.0,1343.0,1343.0
180,43.810,132.320,39.73,130.64,1523.65,26528.0,0.0,0.0
181,43.810,132.320,39.73,130.64,1523.65,27746.0,621.0,621.0
182,43.810,132.320,39.73,130.64,1523.65,27428.0,1365.0,1365.0
183,43.810,132.320,39.73,130.64,1523.65,29056.0,1825.0,1825.0
184,43.810,132.320,39.73,130.64,1523.65,29204.0,1890.0,1890.0
185,43.810,132.320,39.73,130.64,1523.65,28283.0,1953.0,1953.0
186,43.810,132.320,39.73,130.64,1523.65,27657.0,66.0,66.0
187,43.810,132.320,39.73,130.64,1523.65,27208.0,479.0,479.0
188,43.810,132.320,39.73,130.64,1523.65,26483.0,0.0,0.0
189,43.810,132.320,39.73,130.64,1523.65,26995.0,410.0,410.0
190,43.810,132.320,39.73,130.64,1523.65,26954.0,417.0,417.0
191,43.810,132.320,39.73,130.64,1523.65,26675.0,189.0,189.0
192,43.810,132.320,39.73,130.64,1523.65,26823.0,0.0,0.0
193,43.810,132.320,39.73,130.64,1523.65,28393.0,1543.0,1543.0
194,43.810,132.320,39.73,130.64,1523.65,26637.0,69.0,69.0
195,43.810,132.320,39.73,130.64,1523.65,28060.0,1230.0,1230.0
196,43.810,132.320,39.73,130.64,1523.65,28023.0,1285.0,1285.0
197,43.810,132.320,39.73,130.64,1523.65,28361.0,518.0,518.0
198,43.810,132.320,39.73,130.64,1523.65,27153.0,482.0,482.0
199,43.810,132.320,39.73,130.64,1523.65,28183.0,230.0,230.0
200,43.810,132.320,39.73,130.64,1523.65,28764.0,722.0,722.0
201,43.810,132.320,39.73,130.64,1523.65,26573.0,513.0,513.0
202,43.810,132.320,39.73,130.64,1523.65,27000.0,807.0,807.0
203,43.810,132.320,39.73,130.64,1523.65,29673.0,2807.0,2807.0
204,43.810,132.320,39.73,130.64,1523.65,25722.0,0.0,0.0
205,43.810,132.320,39.73,130.64,1523.65,27155.0,897.0,897.0
206,43.810,132.320,39.73,130.64,1523.65,28908.0,2212.0,2212.0
207,43.810,132.320,39.73,130.64,1523.65,26518.0,0.0,0.0
208,43.810,132.320,39.73,130.64,1523.65,27012.0,326.0,326.0
209,43.810,132.320,39.73,130.64,1523.65,27573.0,359.0,359.0
210,43.810,132.320,39.73,130.64,1523.65,26139.0,0.0,0.0
211,43.810,132.320,39.73,130.64,1523.65,29183.0,2203.0,2203.0
212,43.810,132.320,39.73,130.64,1523.65,25440.0,0.0,0.0
213,43.810,132.320,39.73,130.64,1523.65,25747.0,303.0,303.0
214,43.810,132.320,39.73,130.64,1523.65,26788.0,568.0,568.0
215,43.810,132.320,39.73,130.64,1523.65,28357.0,850.0,850.0
216,43.810,132.320,39.73,130.64,1523.65,26303.0,977.0,977.0
217,43.810,132.320,39.73,130.64,1523.65,26788.0,0.0,0.0
218,43.810,132.320,39.73,130.64,1523.65,27721.0,573.0,573.0
219,43.810,132.320,39.73,130.64,1523.65,27851.0,1859.0,1859.0
220,43.810,132.320,39.73,130.64,1523.65,25460.0,0.0,0.0
221,43.810,132.320,39.73,130.64,1523.65,26935.0,0.0,0.0
222,43.810,132.320,39.73,130.64,1523.65,26430.0,538.0,538.0
223,43.810,132.320,39.73,130.64,1523.65,28873.0,1430.0,1430.0
224,43.810,132.320,39.73,130.64,1523.65,27832.0,358.0,358.0
225,43.810,132.320,39.73,130.64,1523.65,26170.0,0.0,0.0
226,43.810,132.320,39.73,130.64,1523.65,26577.0,845.0,845.0
227,43.810,132.320,39.73,130.64,1523.65,27747.0,1432.0,1432.0
228,43.810,132.320,39.73,130.64,1523.65,28442.0,1416.0,1416.0
229,43.810,132.320,39.73,130.64,1523.65,27002.0,487.0,487.0
230,43.810,132.320,39.73,130.64,1523.65,26622.0,631.0,631.0
231,43.810,132.320,39.73,130.64,1523.65,26766.0,0.0,0.0
232,43.810,132.320,39.73,130.64,1523.65,27098.0,707.0,707.0
233,43.810,132.320,39.73,130.64,1523.65,26246.0,0.0,0.0
234,43.810,132.320,39.73,130.64,1523.65,27015.0,954.0,954.0
235,43.810,132.320,39.73,130.64,1523.65,26139.0,0.0,0.0
236,43.810,132.320,39.73,130.64,1523.65,25500.0,0.0,0.0
237,43.810,132.320,39.73,130.64,1523.65,26068.0,146.0,146.0
238,43.810,132.320,39.73,130.64,1523.65,26297.0,0.0,0.0
239,43.810,132.320,39.73,130.64,1523.65,27263.0,803.0,803.0
240,43.810,132.320,39.73,130.64,1523.65,27693.0,488.0,488.0
241,43.810,132.320,39.73,130.64,1523.65,27100.0,929.0,929.0
242,43.810,132.320,39.73,130.64,1523.65,25934.0,0.0,0.0
243,43.810,132.320,39.73,130.64,1523.65,27568.0,698.0,698.0
244,43.810,132.320,39.73,130.64,1523.65,28444.0,1584.0,1584.0
245,43.810,132.320,39.73,130.64,1523.65,27319.0,541.0,541.0
246,43.810,132.320,39.73,130.64,1523.65,27916.0,1067.0,1067.0
247,43.810,132.320,39.73,130.64,1523.65,26840.0,950.0,950.0
248,43.810,132.320,39.73,130.64,1523.65,26918.0,1059.0,1059.0
249,43.810,132.320,39.73,130.64,1523.65,26772.0,670.0,670.0
250,43.810,132.320,39.73,130.64,1523.65,26987.0,331.0,331.0
251,43.810,132.320,39.73,130.64,1523.65,27865.0,740.0,740.0
252,43.810,132.320,39.73,130.64,1523.65,25538.0,0.0,0.0
253,43.810,132.320,39.73,130.64,1523.65,27281.0,519.0,519.0
254,43.810,132.320,39.73,130.64,1523.65,28423.0,1331.0,1331.0
255,43.810,132.320,39.73,130.64,1523.65,27672.0,1634.0,1634.0
256,43.810,132.320,39.73,130.64,1523.65,28229.0,1414.0,1414.0
257,43.810,132.320,39.73,130.64,1523.65,26709.0,0.0,0.0
258,43.810,132.320,39.73,130.64,1523.65,27131.0,430.0,430.0
259,43.810,132.320,39.73,130.64,1523.65,26411.0,165.0,165.0
260,43.810,132.320,39.73,130.64,1523.65,26215.0,0.0,0.0
261,43.810,132.320,39.73,130.64,1523.65,26743.0,312.0,312.0
262,43.810,132.320,39.73,130.64,1523.65,25935.0,0.0,0.0
263,43.810,132.320,39.73,130.64,1523.65,27369.0,0.0,0.0
264,43.810,132.320,39.73,130.64,1523.65,27276.0,409.0,409.0
265,43.810,132.320,39.73,130.64,1523.65,26130.0,0.0,0.0
266,43.810,132.320,39.73,130.64,1523.65,26991.0,907.0,907.0
267,43.810,132.320,39.73,130.64,1523.65,26300.0,155.0,155.0
268,43.810,132.320,39.73,130.64,1523.65,26345.0,0.0,0.0
269,43.810,132.320,39.73,130.64,1523.65,29025.0,2468.0,2468.0
270,43.810,132.320,39.73,130.64,1523.65,26545.0,668.0,668.0
271,43.810,132.320,39.73,130.64,1523.65,25642.0,0.0,0.0
272,43.810,132.320,39.73,130.64,1523.65,27300.0,535.0,535.0
273,43.810,132.320,39.73,130.64,1523.65,25449.0,0.0,0.0
274,43.810,132.320,39.73,130.64,1523.65,24803.0,0.0,0.0
275,43.810,132.320,39.73,130.64,1523.65,28105.0,979.0,979.0
276,43.810,132.320,39.73,130.64,1523.65,26183.0,0.0,0.0
277,43.810,132.320,39.73,130.64,1523.65,26501.0,0.0,0.0
278,43.810,132.320,39.73,130.64,1523.65,26403.0,521.0,521.0
279,43.810,132.320,39.73,130.64,1523.65,26833.0,608.0,608.0
280,43.810,132.320,39.73,130.64,1523.65,25706.0,0.0,0.0
281,43.810,132.320,39.73,130.64,1523.65,26441.0,127.0,127.0
282,43.810,132.320,39.73,130.64,1523.65,26573.0,170.0,170.0
283,43.810,132.320,39.73,130.64,1523.65,27058.0,356.0,356.0
284,43.810,132.320,39.73,130.64,1523.65,25146.0,0.0,0.0
285,43.810,132.320,39.73,130.64,1523.65,27068.0,264.0,264.0
286,43.810,132.320,39.73,130.64,1523.65,26693.0,84.0,84.0
287,43.810,132.320,39.73,130.64,1523.65,25988.0,0.0,0.0
288,43.810,132.320,39.73,130.64,1523.65,25766.0,0.0,0.0
289,43.810,132.320,39.73,130.64,1523.65,27762.0,472.0,472.0
290,43.810,132.320,39.73,130.64,1523.65,26421.0,44.0,44.0
291,43.810,132.320,39.73,130.64,1523.65,25827.0,132.0,132.0
292,43.810,132.320,39.73,130.64,1523.65,26488.0,445.0,445.0
293,43.810,132.320,39.73,130.64,1523.65,26733.0,586.0,586.0
294,43.810,132.320,39.73,130.64,1523.65,27633.0,1162.0,1162.0
295,43.810,132.320,39.73,130.64,1523.65,26581.0,0.0,0.0
296,43.810,132.320,39.73,130.64,1523.65,26546.0,51.0,51.0
297,43.810,132.320,39.73,130.64,1523.65,26152.0,0.0,0.0
298,43.810,132.320,39.73,130.64,1523.65,24775.0,0.0,0.0
299,43.810,132.320,39.73,130.64,1523.65,26051.0,339.0,339.0
300,43.810,132.320,39.73,130.64,1523.65,26499.0,285.0,285.0
301,43.810,132.320,39.73,130.64,1523.65,26665.0,194.0,194.0
302,43.810,132.320,39.73,130.64,1523.65,27172.0,741.0,741.0
303,43.810,132.320,39.73,130.64,1523.65,25804.0,0.0,0.0
304,43.810,132.320,39.73,130.64,1523.65,27440.0,666.0,666.0
305,43.810,132.320,39.73,130.64,1523.65,26310.0,0.0,0.0
306,43.810,132.320,39.73,130.64,1523.65,26815.0,1661.0,1661.0
307,43.810,132.320,39.73,130.64,1523.65,27561.0,873.0,873.0
308,43.810,132.320,39.73,130.64,1523.65,27033.0,10.0,10.0
309,43.810,132.320,39.73,130.64,1523.65,26660.0,255.0,255.0
310,43.810,132.320,39.73,130.64,1523.65,25189.0,0.0,0.0
311,43.810,132.320,39.73,130.64,1523.65,26537.0,1145.0,1145.0
312,43.810,132.320,39.73,130.64,1523.65,27910.0,1313.0,1313.0
313,43.810,132.320,39.73,130.64,1523.65,25221.0,0.0,0.0
314,43.810,132.320,39.73,130.64,1523.65,27286.0,669.0,669.0
315,43.810,132.320,39.73,130.64,1523.65,28247.0,2190.0,2190.0
316,43.810,132.320,39.73,130.64,1523.65,25373.0,0.0,0.0
317,43.810,132.320,39.73,130.64,1523.65,25971.0,0.0,0.0
318,43.810,132.320,39.73,130.64,1523.65,25966.0,0.0,0.0
319,43.810,132.320,39.73,130.64,1523.65,25022.0,0.0,0.0
320,43.810,132.320,39.73,130.64,1523.65,26730.0,957.0,957.0
321,43.810,132.320,39.73,130.64,1523.65,25810.0,0.0,0.0
322,43.810,132.320,39.73,130.64,1523.65,26300.0,485.0,485.0
323,43.810,132.320,39.73,130.64,1523.65,26693.0,0.0,0.0
324,43.810,132.320,39.73,130.64,1523.65,26033.0,0.0,0.0
325,43.810,132.320,39.73,130.64,1523.65,24517.0,0.0,0.0
326,43.810,132.320,39.73,130.64,1523.65,25046.0,0.0,0.0
327,43.810,132.320,39.73,130.64,1523.65,26747.0,0.0,0.0
328,43.810,132.320,39.73,130.64,1523.65,26675.0,1040.0,1040.0
329,43.810,132.320,39.73,130.64,1523.65,27328.0,619.0,619.0
330,43.810,132.320,39.73,130.64,1523.65,26847.0,0.0,0.0
331,43.810,132.320,39.73,130.64,1523.65,24307.0,0.0,0.0
332,43.810,132.320,39.73,130.64,1523.65,25853.0,108.0,108.0
333,43.810,132.320,39.73,130.64,1523.65,25956.0,0.0,0.0
334,43.810,132.320,39.73,130.64,1523.65,25170.0,0.0,0.0
335,43.810,132.320,39.73,130.64,1523.65,25963.0,0.0,0.0
336,43.810,132.320,39.73,130.64,1523.65,26040.0,0.0,0.0
337,43.810,132.320,39.73,130.64,1523.65,24891.0,0.0,0.0
338,43.810,132.320,39.73,130.64,1523.65,26462.0,25.0,25.0
339,43.810,132.320,39.73,130.64,1523.65,26982.0,1292.0,1292.0
340,43.810,132.320,39.73,130.64,1523.65,26746.0,696.0,696.0
341,43.810,132.320,39.73,130.64,1523.65,24942.0,0.0,0.0
342,43.810,132.320,39.73,130.64,1523.65,26058.0,710.0,710.0
343,43.810,132.320,39.73,130.64,1523.65,25409.0,0.0,0.0
344,43.810,132.320,39.73,130.64,1523.65,25280.0,0.0,0.0
345,43.810,132.320,39.73,130.64,1523.65,27674.0,1832.0,1832.0
346,43.810,132.320,39.73,130.64,1523.65,26850.0,1565.0,1565.0
347,43.810,132.320,39.73,130.64,1523.65,26393.0,383.0,383.0
348,43.810,132.320,39.73,130.64,1523.65,23692.0,0.0,0.0
349,43.810,132.320,39.73,130.64,1523.65,25925.0,0.0,0.0
350,43.810,132.320,39.73,130.64,1523.65,24952.0,0.0,0.0
351,43.810,132.320,39.73,130.64,1523.65,28208.0,1678.0,1678.0
352,43.810,132.320,39.73,130.64,1523.65,26852.0,1299.0,1299.0
353,43.810,132.320,39.73,130.64,1523.65,25211.0,0.0,0.0
354,43.810,132.320,39.73,130.64,1523.65,26105.0,725.0,725.0
355,43.810,132.320,39.73,130.64,1523.65,25307.0,433.0,433.0
356,43.810,132.320,39.73,130.64,1523.65,26791.0,1504.0,1504.0
357,43.810,132.320,39.73,130.64,1523.65,25954.0,530.0,530.0
358,43.810,132.320,39.73,130.64,1523.65,25747.0,12.0,12.0
359,43.810,132.320,39.73,130.64,1523.65,24115.0,0.0,0.0
360,43.810,132.320,39.73,130.64,1523.65,26332.0,302.0,302.0
361,43.810,132.320,39.73,130.64,1523.65,26234.0,1372.0,1372.0
362,43.810,132.320,39.73,130.64,1523.65,25476.0,700.0,700.0
363,43.810,132.320,39.73,130.64,1523.65,26094.0,1071.0,1071.0
364,43.810,132.320,39.73,130.64,1523.65,25417.0,50.0,50.0
365,43.810,132.320,39.73,130.64,1523.65,27876.0,1645.0,1645.0
366,43.810,132.320,39.73,130.64,1523.65,25313.0,209.0,209.0
367,43.810,132.320,39.73,130.64,1523.65,39226.0,11936.0,11936.0
368,43.810,132.320,39.68,130.29,1523.65,44736.0,15101.0,15101.0
369,43.810,132.320,39.66,130.76,1523.65,46327.0,16777.0,16777.0
370,43.810,132.320,39.67,130.62,1523.65,44098.0,16072.0,16072.0
371,43.810,132.320,39.56,130.65,1523.65,43757.0,14803.0,14803.0
372,43.810,132.320,39.61,130.53,1523.65,44382.0,16283.0,16283.0
373,43.810,132.320,39.6,130.74,1523.65,45751.0,17045.0,17045.0
374,43.810,132.320,39.7,130.66,1523.65,46753.0,18339.0,18339.0
375,43.810,132.320,39.67,130.59,1523.65,46473.0,17429.0,17429.0
376,43.810,132.320,39.58,130.62,1523.65,47171.0,17699.0,17699.0
377,43.810,132.320,39.6,130.52,1523.65,47741.0,19158.0,19158.0
378,43.810,132.320,39.64,130.46,1523.65,46498.0,17518.0,17518.0
379,43.810,132.320,39.84,130.72,1523.65,44887.0,15616.0,15616.0
380,43.810,132.320,39.57,130.62,1523.65,45688.0,17261.0,17261.0
381,43.810,132.320,39.68,130.65,1523.65,44876.0,16918.0,16918.0
382,43.810,132.320,39.52,130.67,1523.65,42898.0,15107.0,15107.0
383,43.810,132.320,39.7,130.59,1523.65,45902.0,17596.0,17596.0
384,43.810,132.320,39.62,130.82,1523.65,47157.0,19446.0,19446.0
385,43.810,132.320,39.61,130.53,1523.65,45450.0,17686.0,17686.0
386,43.810,132.320,39.76,130.62,1523.65,43738.0,16349.0,16349.0
387,43.810,132.320,39.47,130.61,1523.65,47603.0,18673.0,18673.0
388,43.810,132.320,39.73,130.73,1523.65,49275.0,18712.0,18712.0
389,43.810,132.320,39.64,130.64,1523.65,44569.0,16207.0,16207.0
390,43.810,132.320,39.62,130.66,1523.65,44302.0,15832.0,15832.0
391,43.810,132.320,39.63,130.68,1523.65,43899.0,15075.0,15075.0
392,43.810,132.320,39.68,130.63,1523.65,44396.0,16323.0,16323.0
393,43.810,132.320,39.71,130.68,1523.65,46287.0,17662.0,17662.0
394,43.810,132.320,39.57,130.47,1523.65,44754.0,16163.0,16163.0
395,43.810,132.320,39.76,130.67,1523.65,46206.0,17507.0,17507.0
396,43.810,132.320,39.57,130.62,1523.65,45208.0,16127.0,16127.0
397,43.810,132.320,39.73,130.63,1523.65,44881.0,14914.0,14914.0
398,43.810,132.320,39.71,130.7,1523.65,43695.0,15589.0,15589.0
399,43.810,132.320,39.72,130.48,1523.65,45242.0,15664.0,15664.0
400,43.810,132.320,39.6,130.53,1523.65,48785.0,20264.0,20264.0
401,43.810,132.320,39.58,130.56,1523.65,44219.0,14311.0,14311.0
402,43.810,132.320,39.87,130.7,1523.65,47001.0,17816.0,17816.0
403,43.810,132.320,39.65,130.68,1523.65,44598.0,17106.0,17106.0
404,43.810,132.320,39.69,130.5,1523.65,47857.0,19035.0,19035.0
405,43.810,132.320,39.69,130.61,1523.65,47488.0,18996.0,18996.0
406,43.810,132.320,39.55,130.58,1523.65,45404.0,17325.0,17325.0
407,43.810,132.320,39.74,130.59,1523.65,42283.0,15085.0,15085.0
408,43.810,132.320,39.86,130.45,1523.65,43797.0,15138.0,15138.0
409,43.810,132.320,39.69,130.52,1523.65,46277.0,18104.0,18104.0
410,43.810,132.320,39.47,130.68,1523.65,44440.0,16154.0,16154.0
411,43.810,132.320,39.57,130.61,1523.65,44730.0,16509.0,16509.0
412,43.810,132.320,39.8,130.71,1523.65,44252.0,16033.0,16033.0
413,43.810,132.320,39.67,130.62,1523.65,43471.0,15099.0,15099.0
414,43.810,132.320,39.69,130.4,1523.65,43957.0,15991.0,15991.0
415,43.810,132.320,39.69,130.7,1523.65,44070.0,15327.0,15327.0
416,43.810,132.320,39.57,130.5,1523.65,44401.0,17231.0,17231.0
417,43.810,132.320,39.86,130.53,1523.65,43520.0,14536.0,14536.0
418,43.810,132.320,39.98,130.7,1523.65,42929.0,14260.0,14260.0
419,43.810,132.320,39.64,130.64,1523.65,41359.0,13155.0,13155.0
420,43.810,132.320,39.67,130.62,1523.65,47151.0,18480.0,18480.0
421,43.810,132.320,39.63,130.58,1523.65,45012.0,16121.0,16121.0
422,43.810,132.320,39.65,130.67,1523.65,48044.0,19021.0,19021.0
423,43.810,132.320,39.63,130.51,1523.65,46369.0,16783.0,16783.0
424,43.810,132.320,39.51,130.74,1523.65,45448.0,16620.0,16620.0
425,43.810,132.320,39.61,130.55,1523.65,44908.0,15628.0,15628.0
426,43.810,132.320,39.69,130.71,1523.65,43004.0,14840.0,14840.0
427,43.810,132.320,39.67,130.64,1523.65,47144.0,19266.0,19266.0
428,43.810,132.320,39.64,130.59,1523.65,46332.0,16948.0,16948.0
429,43.810,132.320,39.59,130.55,1523.65,46860.0,17662.0,17662.0
430,43.810,132.320,39.7,130.54,1523.65,46403.0,17183.0,17183.0
431,43.810,132.320,39.48,130.52,1523.65,45584.0,17531.0,17531.0
432,43.810,132.320,39.59,130.5,1523.65,42357.0,14856.0,14856.0
433,43.810,132.320,39.61,130.55,1523.65,46011.0,18481.0,18481.0
434,43.810,132.320,39.65,130.57,1523.65,45213.0,15878.0,15878.0
435,43.810,132.320,39.78,130.74,1523.65,43471.0,15412.0,15412.0
436,43.810,132.320,39.56,130.53,1523.65,47157.0,19193.0,19193.0
437,43.810,132.320,39.59,130.53,1523.65,47210.0,18851.0,18851.0
438,43.810,132.320,39.71,130.61,1523.65,44292.0,15681.0,15681.0
439,43.810,132.320,39.75,130.4,1523.65,43229.0,15833.0,15833.0
440,43.810,132.320,39.52,130.4,1523.65,42398.0,14733.0,14733.0
441,43.810,132.320,39.63,130.6,1523.65,43415.0,15494.0,15494.0
442,43.810,132.320,39.57,130.38,1523.65,47751.0,19855.0,19855.0
443,43.810,132.320,39.49,130.63,1523.65,45841.0,17472.0,17472.0
444,43.810,132.320,39.54,130.47,1523.65,45164.0,17682.0,17682.0
445,43.810,132.320,39.59,130.57,1523.65,47691.0,18698.0,18698.0
446,43.810,132.320,39.66,130.45,1523.65,44328.0,15245.0,15245.0
447,43.810,132.320,39.57,130.63,1523.65,45120.0,17629.0,17629.0
448,43.810,132.320,39.64,130.57,1523.65,43031.0,15311.0,15311.0
449,43.810,132.320,39.78,130.51,1523.65,44048.0,15528.0,15528.0
450,43.810,132.320,39.62,130.58,1523.65,47077.0,18019.0,18019.0
451,43.810,132.320,39.95,130.7,1523.65,46467.0,16839.0,16839.0
452,43.810,132.320,39.69,130.74,1523.65,42549.0,14258.0,14258.0
453,43.810,132.320,39.69,130.6,1523.65,46324.0,16923.0,16923.0
454,43.810,132.320,39.77,130.45,1523.65,45467.0,17387.0,17387.0
455,43.810,132.320,39.41,130.58,1523.65,47431.0,18651.0,18651.0
456,43.810,132.320,39.79,130.55,1523.65,43724.0,15607.0,15607.0
457,43.810,132.320,39.8,130.55,1523.65,47476.0,18568.0,18568.0
458,43.810,132.320,39.59,130.62,1523.65,45997.0,17922.0,17922.0
459,43.810,132.320,39.6,130.46,1523.65,45116.0,16372.0,16372.0
460,43.810,132.320,39.55,130.62,1523.65,44254.0,15700.0,15700.0
461,43.810,132.320,39.9,130.51,1523.65,43787.0,15316.0,15316.0
462,43.810,132.320,39.7,130.53,1523.65,42685.0,14578.0,14578.0
463,43.810,132.320,39.7,130.56,1523.65,47588.0,18076.0,18076.0
464,43.810,132.320,39.51,130.68,1523.65,43378.0,14301.0,14301.0
465,43.810,132.320,39.59,130.52,1523.65,45977.0,17732.0,17732.0
466,43.810,132.320,39.65,130.45,1523.65,45688.0,17137.0,17137.0
467,43.810,132.320,39.7,130.53,1523.65,44741.0,16184.0,16184.0
468,43.810,132.320,39.69,130.53,1523.65,44887.0,15707.0,15707.0
469,43.810,132.320,39.73,130.65,1523.65,45813.0,17415.0,17415.0
470,43.810,132.320,39.59,130.5,1523.65,45282.0,16704.0,16704.0
471,43.810,132.320,39.57,130.51,1523.65,41732.0,14001.0,14001.0
472,43.810,132.320,39.68,130.57,1523.65,45844.0,17978.0,17978.0
473,43.810,132.320,39.88,130.63,1523.65,46925.0,18332.0,18332.0
474,43.810,132.320,39.56,130.53,1523.65,44614.0,15934.0,15934.0
475,43.810,132.320,39.77,130.72,1523.65,44975.0,15865.0,15865.0
476,43.810,132.320,39.62,130.62,1523.65,47149.0,18629.0,18629.0
477,43.810,132.320,39.67,130.55,1523.65,43945.0,15329.0,15329.0
478,43.810,132.320,39.61,130.53,1523.65,44079.0,15238.0,15238.0
479,43.810,132.320,39.8,130.66,1523.65,47055.0,18391.0,18391.0
480,43.810,132.320,39.62,130.56,1523.65,46285.0,18554.0,18554.0
481,43.810,132.320,39.82,130.42,1523.65,44211.0,16080.0,16080.0
482,43.810,132.320,39.56,130.67,1523.65,48216.0,18980.0,18980.0
483,43.810,132.320,39.71,130.57,1523.65,46069.0,17442.0,17442.0
484,43.810,132.320,39.62,130.55,1523.65,46232.0,18117.0,18117.0
485,43.810,132.320,39.71,130.6,1523.65,45750.0,18102.0,18102.0
486,43.810,132.320,39.5,130.63,1523.65,43366.0,14757.0,14757.0
487,43.810,132.320,39.76,130.71,1523.65,44402.0,15553.0,15553.0
488,43.810,132.320,39.79,130.67,1523.65,45091.0,16620.0,16620.0
489,43.810,132.320,39.52,130.53,1523.65,46346.0,19292.0,19292.0
490,43.810,132.320,39.72,130.6,1523.65,46256.0,17077.0,17077.0
491,43.810,132.320,39.72,130.41,1523.65,49893.0,20864.0,20864.0
492,43.810,132.320,39.71,130.47,1523.65,47599.0,19102.0,19102.0
493,43.810,132.320,39.86,130.67,1523.65,47214.0,18697.0,18697.0
494,43.810,132.320,39.43,130.76,1523.65,48236.0,18944.0,18944.0
495,43.810,132.320,39.55,130.56,1523.65,46399.0,17134.0,17134.0
496,43.810,132.320,39.59,130.55,1523.65,43594.0,16085.0,16085.0
497,43.810,132.320,39.63,130.6,1523.65,45211.0,17573.0,17573.0
498,43.810,132.320,40.06,130.6,1523.65,43299.0,14338.0,14338.0
499,43.810,132.320,39.79,130.35,1523.65,47083.0,17874.0,17874.0
500,43.810,132.320,39.71,130.55,1523.65,48269.0,20055.0,20055.0
501,43.810,132.320,39.53,130.45,1523.65,43182.0,14988.0,14988.0
502,43.810,132.320,39.64,130.62,1523.65,44232.0,15167.0,15167.0
503,43.810,132.320,39.79,130.82,1523.65,45685.0,16905.0,16905.0
504,43.810,132.320,39.65,130.5,1523.65,45865.0,17652.0,17652.0
505,43.810,132.320,39.65,130.54,1523.65,43684.0,16150.0,16150.0
506,43.810,132.320,39.56,130.56,1523.65,47108.0,17959.0,17959.0
507,43.810,132.320,39.65,130.77,1523.65,45922.0,16928.0,16928.0
508,43.810,132.320,39.75,130.78,1523.65,43201.0,14539.0,14539.0
509,43.810,132.320,39.73,130.59,1523.65,44664.0,16554.0,16554.0
510,43.810,132.320,39.61,130.67,1523.65,47616.0,19088.0,19088.0
511,43.810,132.320,39.64,130.58,1523.65,43601.0,16005.0,16005.0
512,43.810,132.320,39.69,130.58,1523.65,44703.0,16599.0,16599.0
513,43.810,132.320,39.6,130.49,1523.65,43733.0,15977.0,15977.0
514,43.810,132.320,39.79,130.6,1523.65,44234.0,16225.0,16225.0
515,43.810,132.320,39.65,130.51,1523.65,47077.0,18539.0,18539.0
516,43.810,132.320,39.7,130.64,1523.65,44312.0,15929.0,15929.0
517,43.810,132.320,39.59,130.6,1523.65,42960.0,14631.0,14631.0
518,43.810,132.320,39.57,130.5,1523.65,48783.0,18394.0,18394.0
519,43.810,132.320,39.61,130.64,1523.65,44771.0,16252.0,16252.0
520,43.810,132.320,39.61,130.6,1523.65,44077.0,16008.0,16008.0
521,43.810,132.320,39.65,130.5,1523.65,45902.0,16744.0,16744.0
522,43.810,132.320,39.58,130.71,1523.65,47491.0,18525.0,18525.0
523,43.810,132.320,39.79,130.56,1523.65,44044.0,16078.0,16078.0
524,43.810,132.320,39.87,130.31,1523.65,47061.0,17536.0,17536.0
525,43.810,132.320,39.72,130.51,1523.65,46724.0,17567.0,17567.0
526,43.810,132.320,39.52,130.56,1523.65,45011.0,17038.0,17038.0
527,43.810,132.320,39.41,130.68,1523.65,44536.0,15481.0,15481.0
528,43.810,132.320,39.91,130.58,1523.65,47557.0,18993.0,18993.0
529,43.810,132.320,39.82,130.5,1523.65,45983.0,17274.0,17274.0
530,43.810,132.320,39.59,130.53,1523.65,45958.0,18624.0,18624.0
531,43.810,132.320,39.71,130.6,1523.65,46476.0,17645.0,17645.0
532,43.810,132.320,39.69,130.51,1523.65,45618.0,17726.0,17726.0
533,43.810,132.320,39.66,130.54,1523.65,43614.0,16445.0,16445.0
534,43.810,132.320,39.69,130.49,1523.65,44173.0,15999.0,15999.0
535,43.810,132.320,39.65,130.6,1523.65,44619.0,16952.0,16952.0
536,43.810,132.320,39.92,130.75,1523.65,49037.0,18733.0,18733.0
537,43.810,132.320,39.7,130.5,1523.65,46651.0,17480.0,17480.0
538,43.810,132.320,39.86,130.55,1523.65,43477.0,14686.0,14686.0
539,43.810,132.320,39.54,130.59,1523.65,45739.0,17417.0,17417.0
540,43.810,132.320,39.7,130.6,1523.65,47397.0,18875.0,18875.0
541,43.810,132.320,39.88,130.54,1523.65,46002.0,18441.0,18441.0
542,43.810,132.320,39.54,130.49,1523.65,43025.0,14709.0,14709.0
543,43.810,132.320,39.53,130.58,1523.65,41653.0,13293.0,13293.0
544,43.810,132.320,39.6,130.53,1523.65,42012.0,14353.0,14353.0
545,43.810,132.320,39.85,130.51,1523.65,43835.0,15286.0,15286.0
546,43.810,132.320,39.76,130.59,1523.65,45865.0,17009.0,17009.0
547,43.810,132.320,39.76,130.79,1523.65,44574.0,15553.0,15553.0
548,43.810,132.320,39.71,130.4,1523.65,44116.0,15981.0,15981.0
549,43.810,132.320,39.81,130.34,1523.65,43588.0,15500.0,15500.0
550,43.810,132.320,39.72,130.59,1523.65,43163.0,15792.0,15792.0
551,43.810,132.320,39.62,130.65,1523.65,45690.0,17458.0,17458.0
552,43.810,132.320,39.58,130.77,1523.65,45313.0,16480.0,16480.0
553,43.810,132.320,39.62,130.5,1523.65,43560.0,14746.0,14746.0
554,43.810,132.320,39.64,130.47,1523.65,46027.0,16836.0,16836.0
555,43.810,132.320,39.77,130.66,1523.65,45346.0,17087.0,17087.0
556,43.810,132.320,39.84,130.4,1523.65,48391.0,18309.0,18309.0
557,43.810,132.320,39.67,130.49,1523.65,46422.0,17592.0,17592.0
558,43.810,132.320,39.82,130.4,1523.65,45380.0,16900.0,16900.0
559,43.810,132.320,39.7,130.67,1523.65,44081.0,16340.0,16340.0
560,43.810,132.320,39.69,130.67,1523.65,43336.0,14952.0,14952.0
561,43.810,132.320,39.8,130.62,1523.65,44896.0,16908.0,16908.0
562,43.810,132.320,39.63,130.65,1523.65,46777.0,18027.0,18027.0
563,43.810,132.320,39.63,130.47,1523.65,42902.0,14548.0,14548.0
564,43.810,132.320,39.65,130.53,1523.65,44327.0,15952.0,15952.0
565,43.810,132.320,39.71,130.61,1523.65,45588.0,16664.0,16664.0
566,43.810,132.320,39.4,130.69,1523.65,44984.0,16503.0,16503.0
567,43.810,132.320,39.79,130.56,1523.65,45514.0,16449.0,16449.0
568,43.810,132.320,39.76,130.51,1523.65,45035.0,16043.0,16043.0
569,43.810,132.320,39.65,130.46,1523.65,44121.0,16003.0,16003.0
570,43.810,132.320,39.8,130.46,1523.65,45566.0,17363.0,17363.0
571,43.810,132.320,39.65,130.64,1523.65,43816.0,15855.0,15855.0
572,43.810,132.320,39.7,130.51,1523.65,46301.0,17037.0,17037.0
573,43.810,132.320,39.81,130.28,1523.65,44901.0,16370.0,16370.0
574,43.810,132.320,39.59,130.43,1523.65,43007.0,13539.0,13539.0
575,43.810,132.320,39.69,130.65,1523.65,45973.0,17472.0,17472.0
576,43.810,132.320,39.92,130.8,1523.65,45222.0,15457.0,15457.0
577,43.810,132.320,39.6,130.4,1523.65,44440.0,15991.0,15991.0
578,43.810,132.320,39.69,130.53,1523.65,41303.0,14425.0,14425.0
579,43.810,132.320,39.77,130.73,1523.65,47695.0,17999.0,17999.0
580,43.810,132.320,39.8,130.55,1523.65,47326.0,19039.0,19039.0
581,43.810,132.320,39.66,130.41,1523.65,43654.0,15636.0,15636.0
582,43.810,132.320,39.71,130.55,1523.65,45266.0,17430.0,17430.0
583,43.810,132.320,39.8,130.48,1523.65,42644.0,15207.0,15207.0
584,43.810,132.320,39.67,130.61,1523.65,44750.0,15820.0,15820.0
585,43.810,132.320,39.71,130.64,1523.65,44273.0,15254.0,15254.0
586,43.810,132.320,39.7,130.43,1523.65,43510.0,15390.0,15390.0
587,43.810,132.320,39.69,130.6,1523.65,43235.0,15179.0,15179.0
588,43.810,132.320,39.69,130.61,1523.65,46156.0,17941.0,17941.0
589,43.810,132.320,39.54,130.41,1523.65,48205.0,20044.0,20044.0
590,43.810,132.320,39.7,130.39,1523.65,44809.0,16048.0,16048.0
591,43.810,132.320,39.62,130.44,1523.65,44545.0,15628.0,15628.0
592,43.810,132.320,39.61,130.41,1523.65,45305.0,16585.0,16585.0
593,43.810,132.320,39.89,130.46,1523.65,43999.0,15452.0,15452.0
594,43.810,132.320,39.53,130.43,1523.65,44678.0,15857.0,15857.0
595,43.810,132.320,39.86,130.68,1523.65,44096.0,15955.0,15955.0
596,43.810,132.320,39.78,130.62,1523.65,44777.0,16717.0,16717.0
597,43.810,132.320,39.68,130.5,1523.65,45128.0,15693.0,15693.0
598,43.810,132.320,39.77,130.5,1523.65,45210.0,17483.0,17483.0
599,43.810,132.320,39.69,130.56,1523.65,48820.0,20069.0,20069.0
600,43.810,132.320,39.92,130.33,1523.65,44267.0,15468.0,15468.0
601,43.810,132.320,39.66,130.41,1523.65,42789.0,15174.0,15174.0
602,43.810,132.320,39.35,130.61,1523.65,44193.0,16583.0,16583.0
603,43.810,132.320,39.63,130.44,1523.65,45344.0,16719.0,16719.0
604,43.810,132.320,39.82,130.58,1523.65,44302.0,15676.0,15676.0
605,43.810,132.320,39.62,130.52,1523.65,44458.0,16143.0,16143.0
606,43.810,132.320,39.84,130.39,1523.65,45474.0,16504.0,16504.0
607,43.810,132.320,39.74,130.53,1523.65,43656.0,15336.0,15336.0
608,43.810,132.320,39.76,130.59,1523.65,45937.0,16953.0,16953.0
609,43.810,132.320,39.64,130.58,1523.65,46579.0,19190.0,19190.0
610,43.810,132.320,39.56,130.47,1523.65,42825.0,15138.0,15138.0
611,43.810,132.320,39.63,130.47,1523.65,47226.0,19184.0,19184.0
612,43.810,132.320,39.7,130.65,1523.65,44439.0,17136.0,17136.0
613,43.810,132.320,39.79,130.47,1523.65,45957.0,16916.0,16916.0
614,43.810,132.320,39.61,130.56,1523.65,43678.0,15737.0,15737.0
615,43.810,132.320,39.94,130.5,1523.65,43638.0,16554.0,16554.0
616,43.810,132.320,39.62,130.51,1523.65,44869.0,16717.0,16717.0
617,43.810,132.320,39.9,130.73,1523.65,45422.0,17063.0,17063.0
618,43.810,132.320,39.63,130.41,1523.65,48264.0,19444.0,19444.0
619,43.810,132.320,39.63,130.41,1523.65,44900.0,17080.0,17080.0
620,43.810,132.320,39.63,130.38,1523.65,44312.0,16326.0,16326.0
621,43.810,132.320,39.73,130.5,1523.65,45642.0,17220.0,17220.0
622,43.810,132.320,39.54,130.58,1523.65,45028.0,16351.0,16351.0
623,43.810,132.320,39.96,130.64,1523.65,44867.0,15740.0,15740.0
624,43.810,132.320,39.59,130.33,1523.65,47038.0,18213.0,18213.0
625,43.810,132.320,39.43,130.56,1523.65,43299.0,15476.0,15476.0
626,43.810,132.320,39.63,130.51,1523.65,49162.0,20743.0,20743.0
627,43.810,132.320,39.59,130.4,1523.65,45258.0,13573.0,13573.0
628,43.810,132.320,39.75,130.39,1523.65,48314.0,15412.0,15412.0
629,43.810,132.320,39.69,130.44,1523.65,49896.0,17468.0,17468.0
630,43.810,132.320,39.97,130.6,1523.65,47314.0,14390.0,14390.0
631,43.810,132.320,39.68,130.46,1523.65,47978.0,15450.0,15450.0
632,43.810,132.320,39.75,130.48,1523.65,47616.0,16153.0,16153.0
633,43.810,132.320,39.53,130.62,1523.65,46198.0,13903.0,13903.0
634,43.810,132.320,39.68,130.53,1523.65,47366.0,15701.0,15701.0
635,43.810,132.320,39.63,130.55,1523.65,43993.0,12971.0,12971.0
636,43.810,132.320,39.5,130.5,1523.65,47363.0,16714.0,16714.0
637,43.810,132.320,40.01,130.61,1523.65,53954.0,19180.0,19180.0
638,43.810,132.320,39.53,130.66,1523.65,58247.0,24970.0,24970.0
639,43.810,132.320,39.98,130.62,1523.65,59207.0,23550.0,23550.0
640,43.810,132.320,39.86,130.6,1523.65,58901.0,24597.0,24597.0
641,43.810,132.320,40.15,131.04,1523.65,60154.0,24973.0,24973.0
642,43.810,132.320,40.37,130.6,1523.65,61290.0,26985.0,26985.0
643,43.810,132.320,40.03,130.77,1523.65,61819.0,27177.0,27177.0
644,43.810,132.320,40.33,130.78,1523.65,63480.0,27284.0,27284.0
645,43.810,132.320,39.63,130.5,1523.65,59394.0,24187.0,24187.0
646,43.810,132.320,40.04,130.76,1523.65,59716.0,24901.0,24901.0
647,43.810,132.320,40.16,130.31,1523.65,58932.0,23062.0,23062.0
648,43.810,132.320,39.87,130.72,1523.65,60041.0,23971.0,23971.0
649,43.810,132.320,40.15,130.85,1523.65,58465.0,25224.0,25224.0
650,43.810,132.320,40.26,131.03,1523.65,63112.0,27759.0,27759.0
651,43.810,132.320,40.57,130.92,1523.65,62080.0,28431.0,28431.0
652,43.810,132.320,40.44,131.14,1523.65,59524.0,26008.0,26008.0
653,43.810,132.320,40.19,130.91,1523.65,58448.0,23805.0,23805.0
654,43.810,132.320,40.25,130.75,1523.65,64322.0,29506.0,29506.0
655,43.810,132.320,39.98,130.54,1523.65,60553.0,26510.0,26510.0
656,43.810,132.320,40.13,130.56,1523.65,59364.0,24971.0,24971.0
657,43.810,132.320,39.88,130.62,1523.65,58873.0,24256.0,24256.0
658,43.810,132.320,40.41,130.82,1523.65,59743.0,26560.0,26560.0
659,43.810,132.320,40.29,130.96,1523.65,59916.0,25570.0,25570.0
660,43.810,132.320,39.93,130.72,1523.65,58776.0,23676.0,23676.0
661,43.810,132.320,40.27,130.91,1523.65,60193.0,26989.0,26989.0
662,43.810,132.320,40.18,130.67,1523.65,62666.0,27516.0,27516.0
663,43.810,132.320,40.11,130.76,1523.65,58879.0,24592.0,24592.0
664,43.810,132.320,40.24,130.92,1523.65,62519.0,28827.0,28827.0
665,43.810,132.320,40.37,130.91,1523.65,60167.0,26494.0,26494.0
666,43.810,132.320,40.07,130.54,1523.65,59360.0,27351.0,27351.0
667,43.810,132.320,40.02,130.49,1523.65,63517.0,28543.0,28543.0
668,43.810,132.320,40.14,130.72,1523.65,61067.0,26705.0,26705.0
669,43.810,132.320,40.15,130.78,1523.65,64955.0,28827.0,28827.0
670,43.810,132.320,40.38,130.69,1523.65,62687.0,28270.0,28270.0
671,43.810,132.320,39.67,130.49,1523.65,57596.0,24041.0,24041.0
672,43.810,132.320,40.78,131.15,1523.65,65535.0,28827.0,28827.0
673,43.810,132.320,40.22,130.99,1523.65,61997.0,28099.0,28099.0
674,43.810,132.320,39.71,130.47,1523.65,59268.0,26987.0,26987.0
675,43.810,132.320,40.41,130.89,1523.65,61639.0,28856.0,28856.0
676,43.810,132.320,39.95,130.69,1523.65,60907.0,25783.0,25783.0
677,43.810,132.320,40.49,130.92,1523.65,65535.0,30255.0,30255.0
678,43.810,132.320,40.34,130.91,1523.65,63527.0,28827.0,28827.0
679,43.810,132.320,40.35,130.9,1523.65,62100.0,28827.0,28827.0
680,43.810,132.320,40.33,130.9,1523.65,65535.0,28827.0,28827.0
681,43.810,132.320,40.3,130.53,1523.65,64221.0,30255.0,30255.0
682,43.810,132.320,40.03,130.61,1523.65,62819.0,30114.0,30114.0
683,43.810,132.320,40.72,130.91,1523.65,62735.0,26762.0,26762.0
684,43.810,132.320,39.73,130.64,1523.65,59159.0,24822.0,24822.0
685,43.810,132.320,39.67,130.53,1523.65,59789.0,26886.0,26886.0
686,43.810,132.320,40.02,130.96,1523.65,64856.0,26815.0,26815.0
687,43.810,132.320,40.49,130.83,1523.65,60519.0,26624.0,26624.0
688,43.810,132.320,39.95,130.63,1523.65,60302.0,25926.0,25926.0
689,43.810,132.320,40.12,130.95,1523.65,65535.0,29853.0,29853.0
690,43.810,132.320,40.3,130.96,1523.65,64030.0,29227.0,29227.0
691,43.810,132.320,40.63,131.32,1523.65,63081.0,28995.0,28995.0
692,43.810,132.320,40.18,131.16,1523.65,60892.0,28246.0,28246.0
693,43.810,132.320,39.63,130.45,1523.65,57270.0,23929.0,23929.0
694,43.810,132.320,39.7,130.55,1523.65,59441.0,25338.0,25338.0
695,43.810,132.320,39.7,130.51,1523.65,60386.0,27526.0,27526.0
696,43.810,132.320,40.41,130.84,1523.65,62130.0,28587.0,28587.0
697,43.810,132.320,40.4,131.15,1523.65,61865.0,27763.0,27763.0
698,43.810,132.320,40.06,130.82,1523.65,61733.0,27996.0,27996.0
699,43.810,132.320,40.05,130.59,1523.65,64601.0,29923.0,29923.0
700,43.810,132.320,40.32,130.77,1523.65,59660.0,27127.0,27127.0
701,43.810,132.320,40.06,130.69,1523.65,62657.0,27707.0,27707.0
702,43.810,132.320,40.44,131.03,1523.65,65535.0,32480.0,32480.0
703,43.810,132.320,40.24,131.16,1523.65,61708.0,27375.0,27375.0
704,43.810,132.320,40.39,131.04,1523.65,63132.0,29018.0,29018.0
705,43.810,132.320,39.63,130.43,1523.65,62822.0,25425.0,25425.0
706,43.810,132.320,40.03,130.66,1523.65,60966.0,25497.0,25497.0
707,43.810,132.320,40.17,130.45,1523.65,59573.0,25998.0,25998.0
708,43.810,132.320,40.09,131,1523.65,60969.0,24489.0,24489.0
709,43.810,132.320,40.44,131.02,1523.65,64892.0,31165.0,31165.0
710,43.810,132.320,39.7,130.49,1523.65,58045.0,25080.0,25080.0
711,43.810,132.320,40.71,131.19,1523.65,59923.0,26612.0,26612.0
712,43.810,132.320,40.63,131.46,1523.65,61682.0,27304.0,27304.0
713,43.810,132.320,40.47,130.73,1523.65,60416.0,27006.0,27006.0
714,43.810,132.320,40.1,130.86,1523.65,60787.0,26369.0,26369.0
715,43.810,132.320,40.19,130.91,1523.65,61388.0,27280.0,27280.0
716,43.810,132.320,40.36,130.96,1523.65,63996.0,29268.0,29268.0
717,43.810,132.320,40.36,130.86,1523.65,60978.0,27501.0,27501.0
718,43.810,132.320,39.57,130.53,1523.65,56704.0,21916.0,21916.0
719,43.810,132.320,39.9,130.6,1523.65,59803.0,24448.0,24448.0
720,43.810,132.320,40.12,130.91,1523.65,62273.0,26171.0,26171.0
721,43.810,132.320,40.29,130.92,1523.65,56739.0,23879.0,23879.0
722,43.810,132.320,40.34,130.92,1523.65,60178.0,25295.0,25295.0
723,43.810,132.320,40.29,130.83,1523.65,59044.0,25568.0,25568.0
724,43.810,132.320,40.31,131.02,1523.65,61819.0,27285.0,27285.0
725,43.810,132.320,40.15,130.88,1523.65,64330.0,29794.0,29794.0
726,43.810,132.320,40.12,130.88,1523.65,61938.0,26646.0,26646.0
727,43.810,132.320,40.59,131.53,1523.65,59864.0,23623.0,23623.0
728,43.810,132.320,40.23,130.77,1523.65,60399.0,25537.0,25537.0
729,43.810,132.320,40.64,131.53,1523.65,62939.0,26762.0,26762.0
730,43.810,132.320,40.61,131.18,1523.65,65535.0,29555.0,29555.0
731,43.810,132.320,40.1,131.01,1523.65,63098.0,26714.0,26714.0
732,43.810,132.320,40.28,130.92,1523.65,63253.0,28827.0,28827.0
733,43.810,132.320,40.34,130.94,1523.65,62435.0,28200.0,28200.0
734,43.810,132.320,39.71,130.43,1523.65,57655.0,23840.0,23840.0
735,43.810,132.320,40.18,130.77,1523.65,64082.0,28827.0,28827.0
736,43.810,132.320,40.43,130.95,1523.65,63535.0,30327.0,30327.0
737,43.810,132.320,40.22,130.76,1523.65,59407.0,24862.0,24862.0
738,43.810,132.320,40.43,130.73,1523.65,56845.0,24774.0,24774.0
739,43.810,132.320,40.72,131.47,1523.65,59134.0,25592.0,25592.0
740,43.810,132.320,40.33,130.84,1523.65,60789.0,27340.0,27340.0
741,43.810,132.320,40.36,130.57,1523.65,58187.0,25327.0,25327.0
742,43.810,132.320,40.35,131.01,1523.65,57920.0,24899.0,24899.0
743,43.810,132.320,40.39,130.86,1523.65,63752.0,29435.0,29435.0
744,43.810,132.320,40.28,130.7,1523.65,60215.0,25595.0,25595.0
745,43.810,132.320,40.27,130.99,1523.65,63355.0,29364.0,29364.0
746,43.810,132.320,40.08,130.62,1523.65,64848.0,28827.0,28827.0
747,43.810,132.320,40.08,130.75,1523.65,63411.0,28827.0,28827.0
748,43.810,132.320,40.36,130.85,1523.65,64305.0,27516.0,27516.0
749,43.810,132.320,40.17,130.87,1523.65,61997.0,27848.0,27848.0
750,43.810,132.320,40.35,130.89,1523.65,65535.0,28827.0,28827.0
751,43.810,132.320,40.07,130.56,1523.65,64366.0,29555.0,29555.0
752,43.810,132.320,40.3,130.82,1523.65,65535.0,27516.0,27516.0
753,43.810,132.320,40.56,131.19,1523.65,65495.0,29555.0,29555.0
754,43.810,132.320,40.56,131.47,1523.65,64073.0,20927.0,20927.0
755,43.810,132.320,40.59,130.93,1523.65,65535.0,29555.0,29555.0
756,43.810,132.320,40.48,130.88,1523.65,65080.0,30255.0,30255.0
757,43.810,132.320,40.16,130.72,1523.65,60951.0,26762.0,26762.0
758,43.810,132.320,40.21,130.77,1523.65,62066.0,29525.0,29525.0
759,43.810,132.320,40.49,130.98,1523.65,65535.0,32775.0,32775.0
760,43.810,132.320,40.25,130.91,1523.65,62298.0,28827.0,28827.0
761,43.810,132.320,40.36,130.66,1523.65,63773.0,26985.0,26985.0
762,43.810,132.320,40.02,130.45,1523.65,60994.0,27106.0,27106.0
763,43.810,132.320,39.73,130.64,1523.65,59149.0,24981.0,24981.0
764,43.810,132.320,40.05,130.58,1523.65,60352.0,27556.0,27556.0
765,43.810,132.320,40.2,130.74,1523.65,63508.0,26762.0,26762.0
766,43.810,132.320,40.6,130.91,1523.65,65535.0,29555.0,29555.0
767,43.810,132.320,40.56,131.18,1523.65,65535.0,29555.0,29555.0
768,43.810,132.320,41.1,131.46,1523.65,65535.0,30255.0,30255.0
769,43.810,132.320,40.6,131.05,1523.65,65535.0,31515.0,31515.0
770,43.810,132.320,40.29,130.97,1523.65,65535.0,30138.0,30138.0
771,43.810,132.320,40.24,131.04,1523.65,63434.0,28099.0,28099.0
772,43.810,132.320,39.79,130.55,1523.65,64689.0,29555.0,29555.0
773,43.810,132.320,40.28,131.02,1523.65,64506.0,30138.0,30138.0
774,43.810,132.320,40.55,130.78,1523.65,65535.0,30255.0,30255.0
775,43.810,132.320,40.29,130.86,1523.65,65535.0,26762.0,26762.0
776,43.810,132.320,40.47,130.87,1523.65,64230.0,29555.0,29555.0
777,43.810,132.320,39.73,130.64,1523.65,58136.0,24275.0,24275.0
778,43.810,132.320,39.64,130.42,1523.65,60531.0,28270.0,28270.0
779,43.810,132.320,39.65,130.53,1523.65,63553.0,26762.0,26762.0
780,43.810,132.320,40.89,131.44,1523.65,63265.0,29555.0,29555.0
781,43.810,132.320,40.37,130.91,1523.65,65535.0,28827.0,28827.0
782,43.810,132.320,40.24,130.96,1523.65,61261.0,28099.0,28099.0
783,43.810,132.320,40.25,130.5,1523.65,60153.0,27541.0,27541.0
784,43.810,132.320,39.58,130.53,1523.65,62560.0,23344.0,23344.0
785,43.810,132.320,40.56,130.81,1523.65,64796.0,29555.0,29555.0
786,43.810,132.320,40.04,130.79,1523.65,63095.0,27260.0,27260.0
787,43.810,132.320,40.34,130.95,1523.65,61280.0,28169.0,28169.0
788,43.810,132.320,39.65,130.52,1523.65,59385.0,25142.0,25142.0
789,43.810,132.320,40.25,130.85,1523.65,63177.0,26762.0,26762.0
790,43.810,132.320,40.65,131.47,1523.65,61764.0,27516.0,27516.0
791,43.810,132.320,40.35,130.79,1523.65,64479.0,28270.0,28270.0
792,43.810,132.320,39.8,130.48,1523.65,61430.0,27054.0,27054.0
793,43.810,132.320,40.55,131.35,1523.65,65535.0,27516.0,27516.0
794,43.810,132.320,40.48,130.79,1523.65,65535.0,29555.0,29555.0
795,43.810,132.320,40.03,130.53,1523.65,61445.0,28237.0,28237.0
796,43.810,132.320,40.33,130.86,1523.65,65535.0,26762.0,26762.0
797,43.810,132.320,40.2,130.97,1523.65,65535.0,25950.0,25950.0
798,43.810,132.320,40.48,130.78,1523.65,65535.0,29555.0,29555.0
799,43.810,132.320,39.73,130.64,1523.65,62728.0,27516.0,27516.0
800,43.810,132.320,39.96,130.6,1523.65,64377.0,30103.0,30103.0
801,43.810,132.320,40.59,131.46,1523.65,65535.0,25425.0,25425.0
802,43.810,132.320,40.27,131.19,1523.65,64882.0,26762.0,26762.0
803,43.810,132.320,40.3,130.89,1523.65,62273.0,26762.0,26762.0
804,43.810,132.320,39.85,130.47,1523.65,61089.0,27779.0,27779.0
805,43.810,132.320,40.36,130.8,1523.65,65535.0,28270.0,28270.0
806,43.810,132.320,40.12,130.88,1523.65,65535.0,30138.0,30138.0
807,43.810,132.320,39.77,130.42,1523.65,60995.0,28058.0,28058.0
808,43.810,132.320,40.13,130.8,1523.65,61223.0,28430.0,28430.0
809,43.810,132.320,40.23,130.81,1523.65,60758.0,27044.0,27044.0
810,43.810,132.320,40.74,131.22,1523.65,63604.0,29555.0,29555.0
811,43.810,132.320,40.03,130.6,1523.65,63076.0,28209.0,28209.0
812,43.810,132.320,40,130.47,1523.65,60898.0,27548.0,27548.0
813,43.810,132.320,39.73,130.64,1523.65,61859.0,27516.0,27516.0
814,43.810,132.320,40.22,130.92,1523.65,64352.0,28827.0,28827.0
815,43.810,132.320,40.33,130.55,1523.65,64086.0,27516.0,27516.0
816,43.810,132.320,40.41,130.89,1523.65,65185.0,29555.0,29555.0
817,43.810,132.320,39.73,130.64,1523.65,59746.0,25542.0,25542.0
818,43.810,132.320,39.73,130.64,1523.65,59714.0,25676.0,25676.0
819,43.810,132.320,40.42,130.53,1523.65,64404.0,20927.0,20927.0
820,43.810,132.320,40.31,130.84,1523.65,62527.0,26762.0,26762.0
821,43.810,132.320,40.39,130.85,1523.65,62062.0,29540.0,29540.0
822,43.810,132.320,40.14,130.63,1523.65,65535.0,29555.0,29555.0
823,43.810,132.320,40.17,130.59,1523.65,64795.0,29555.0,29555.0
824,43.810,132.320,40.31,130.87,1523.65,64590.0,26762.0,26762.0
825,43.810,132.320,40.33,130.63,1523.65,65535.0,26985.0,26985.0
826,43.810,132.320,40.55,130.92,1523.65,65535.0,29555.0,29555.0
827,43.810,132.320,40.23,130.83,1523.65,64849.0,28827.0,28827.0
828,43.810,132.320,39.92,130.5,1523.65,62589.0,29930.0,29930.0
829,43.810,132.320,40.28,130.56,1523.65,65535.0,28995.0,28995.0
830,43.810,132.320,40.33,130.86,1523.65,64459.0,26762.0,26762.0
831,43.810,132.320,39.61,130.51,1523.65,60875.0,24585.0,24585.0
832,43.810,132.320,39.65,130.53,1523.65,60883.0,27196.0,27196.0
833,43.810,132.320,40.03,130.55,1523.65,62612.0,28920.0,28920.0
834,43.810,132.320,40.7,131.35,1523.65,65535.0,28995.0,28995.0
835,43.810,132.320,40.32,130.85,1523.65,64859.0,26762.0,26762.0
836,43.810,132.320,39.95,130.48,1523.65,62403.0,28717.0,28717.0
837,43.810,132.320,40.44,130.9,1523.65,62534.0,29555.0,29555.0
838,43.810,132.320,40.29,131.04,1523.65,65535.0,30138.0,30138.0
839,43.810,132.320,40.19,130.97,1523.65,64543.0,25950.0,25950.0
840,43.810,132.320,40.2,130.72,1523.65,63467.0,26762.0,26762.0
841,43.810,132.320,40.17,130.63,1523.65,64005.0,27516.0,27516.0
842,43.810,132.320,39.68,130.47,1523.65,62835.0,27516.0,27516.0
843,43.810,132.320,40.26,130.79,1523.65,63546.0,26762.0,26762.0
844,43.810,132.320,40.41,131.01,1523.65,65535.0,31449.0,31449.0
845,43.810,132.320,40.42,130.92,1523.65,61797.0,28932.0,28932.0
846,43.810,132.320,40.17,130.48,1523.65,62696.0,29555.0,29555.0
847,43.810,132.320,40.92,131.41,1523.65,65535.0,29555.0,29555.0
848,43.810,132.320,40.3,130.78,1523.65,65004.0,26762.0,26762.0
849,43.810,132.320,40.32,130.93,1523.65,63700.0,30840.0,30840.0
850,43.810,132.320,40.32,130.92,1523.65,64872.0,28827.0,28827.0
851,43.810,132.320,39.54,130.45,1523.65,58677.0,21087.0,21087.0
852,43.810,132.320,40.39,131.1,1523.65,64135.0,29555.0,29555.0
853,43.810,132.320,40.69,131.3,1523.65,65535.0,26985.0,26985.0
854,43.810,132.320,40.18,130.73,1523.65,62137.0,27516.0,27516.0
855,43.810,132.320,40.38,130.93,1523.65,63044.0,28827.0,28827.0
856,43.810,132.320,40.22,130.81,1523.65,62213.0,29555.0,29555.0
857,43.810,132.320,39.73,130.64,1523.65,62294.0,27516.0,27516.0
858,43.810,132.320,40.56,131.5,1523.65,62117.0,21855.0,21855.0
859,43.810,132.320,39.59,130.49,1523.65,59386.0,19935.0,19935.0
860,43.810,132.320,40.87,131.43,1523.65,65535.0,29555.0,29555.0
861,43.810,132.320,41.16,131.54,1523.65,65535.0,29555.0,29555.0
862,43.810,132.320,41.07,131.66,1523.65,65535.0,30840.0,30840.0
863,43.810,132.320,41.09,131.56,1523.65,65535.0,29555.0,29555.0
864,43.810,132.320,40.86,131.63,1523.65,65535.0,29555.0,29555.0
865,43.810,132.320,40.98,131.46,1523.65,65535.0,32775.0,32775.0
866,43.810,132.320,41.18,131.69,1523.65,65535.0,27516.0,27516.0
867,43.810,132.320,41.1,131.38,1523.65,65535.0,29555.0,29555.0
868,43.810,132.320,40.99,131.73,1523.65,65535.0,31449.0,31449.0
869,43.810,132.320,41.05,131.5,1523.65,65535.0,30255.0,30255.0
870,43.810,132.320,41.17,131.8,1523.65,65535.0,29555.0,29555.0
871,43.810,132.320,41.49,131.58,1523.65,65535.0,19935.0,19935.0
872,43.810,132.320,41.17,131.6,1523.65,65535.0,29555.0,29555.0
873,43.810,132.320,41.12,131.72,1523.65,65535.0,26762.0,26762.0
874,43.810,132.320,40.78,131.17,1523.65,65535.0,28827.0,28827.0
875,43.810,132.320,40.92,131.59,1523.65,65535.0,29555.0,29555.0
876,43.810,132.320,41.01,131.43,1523.65,65535.0,32775.0,32775.0
877,43.810,132.320,41.2,131.55,1523.65,65535.0,29555.0,29555.0
878,43.810,132.320,40.46,131.33,1523.65,65535.0,27516.0,27516.0
879,43.810,132.320,40.9,131.56,1523.65,65535.0,29555.0,29555.0
880,43.810,132.320,41.16,131.65,1523.65,65535.0,27516.0,27516.0
881,43.810,132.320,41.04,131.44,1523.65,65535.0,32136.0,32136.0
882,43.810,132.320,41.13,131.57,1523.65,65535.0,29555.0,29555.0
883,43.810,132.320,41.25,131.74,1523.65,65535.0,29555.0,29555.0
884,43.810,132.320,41.05,131.63,1523.65,65535.0,30840.0,30840.0
885,43.810,132.320,40.95,131.4,1523.65,65535.0,31515.0,31515.0
886,43.810,132.320,41.08,131.66,1523.65,65535.0,28827.0,28827.0
887,43.810,132.320,41.14,131.6,1523.65,65535.0,29555.0,29555.0
888,43.810,132.320,40.69,131.33,1523.65,65535.0,26985.0,26985.0
889,43.810,132.320,40.7,131.39,1523.65,65535.0,28270.0,28270.0
890,43.810,132.320,41.18,131.66,1523.65,65535.0,26762.0,26762.0
891,43.810,132.320,40.76,131.21,1523.65,65535.0,29555.0,29555.0
892,43.810,132.320,41.05,131.62,1523.65,65535.0,30840.0,30840.0
893,43.810,132.320,41.05,131.57,1523.65,65535.0,31515.0,31515.0
894,43.810,132.320,41.04,131.65,1523.65,65535.0,30138.0,30138.0
895,43.810,132.320,41.04,131.5,1523.65,65535.0,33971.0,33971.0
896,43.810,132.320,40.89,131.44,1523.65,65535.0,29555.0,29555.0
897,43.810,132.320,41.25,131.61,1523.65,65535.0,28270.0,28270.0
898,43.810,132.320,41.04,131.5,1523.65,65535.0,33971.0,33971.0
899,43.810,132.320,41.25,131.62,1523.65,65535.0,28270.0,28270.0
900,43.810,132.320,40.98,131.61,1523.65,65535.0,32125.0,32125.0
901,43.810,132.320,41.1,131.64,1523.65,65535.0,28827.0,28827.0
902,43.810,132.320,41,131.5,1523.65,65535.0,32775.0,32775.0
903,43.810,132.320,41.13,131.53,1523.65,65535.0,29555.0,29555.0
904,43.810,132.320,41.45,131.52,1523.65,65535.0,21855.0,21855.0
905,43.810,132.320,41.3,131.75,1523.65,65535.0,27516.0,27516.0
906,43.810,132.320,41.04,131.74,1523.65,65535.0,28099.0,28099.0
907,43.810,132.320,41.47,131.5,1523.65,65535.0,21855.0,21855.0
908,43.810,132.320,41.26,131.69,1523.65,65535.0,28270.0,28270.0
909,43.810,132.320,41.06,131.48,1523.65,65535.0,30255.0,30255.0
910,43.810,132.320,40.97,131.59,1523.65,65535.0,30840.0,30840.0
911,43.810,132.320,43.81,132.32,1523.65,63932.0,27516.0,27516.0
912,43.810,132.320,43.81,132.32,1523.65,65535.0,27516.0,27516.0
913,43.810,132.320,43.81,132.32,1523.65,65535.0,27516.0,27516.0
914,43.810,132.320,43.81,132.32,1523.65,65535.0,27516.0,27516.0
915,43.810,132.320,43.81,132.32,1523.65,65535.0,27516.0,27516.0
916,43.810,132.320,43.81,132.32,1523.65,65535.0,27516.0,27516.0
917,43.810,132.320,43.81,132.32,1523.65,65535.0,27516.0,27516.0
918,43.810,132.320,43.81,132.32,1523.65,65535.0,27516.0,27516.0
919,43.810,132.320,43.81,132.32,1523.65,64952.0,27516.0,27516.0
920,43.810,132.320,43.81,132.32,1523.65,65157.0,27516.0,27516.0
921,43.810,132.320,43.81,132.32,1523.65,65535.0,27516.0,27516.0
922,43.810,132.320,43.81,132.32,1523.65,65535.0,27516.0,27516.0
923,43.810,132.320,43.81,132.32,1523.65,65535.0,27516.0,27516.0
924,43.810,132.320,43.81,132.32,1523.65,65535.0,27516.0,27516.0
925,43.810,132.320,43.81,132.32,1523.65,65535.0,27516.0,27516.0
926,43.810,132.320,43.81,132.32,1523.65,65535.0,27516.0,27516.0
927,43.810,132.320,43.81,132.32,1523.65,65535.0,27516.0,27516.0
928,43.810,132.320,43.81,132.32,1523.65,65535.0,27516.0,27516.0
929,43.810,132.320,43.81,132.32,1523.65,65535.0,27516.0,27516.0
930,43.810,132.320,43.81,132.32,1523.65,65535.0,27516.0,27516.0
931,43.810,132.320,43.81,132.32,1523.65,65535.0,27516.0,27516.0
932,43.810,132.320,43.81,132.32,1523.65,65535.0,27516.0,27516.0
933,43.810,132.320,43.81,132.32,1523.65,65535.0,27516.0,27516.0
934,43.810,132.320,43.81,132.32,1523.65,65535.0,27516.0,27516.0
935,43.810,132.320,43.81,132.32,1523.65,65535.0,27516.0,27516.0
936,43.810,132.320,43.81,132.32,1523.65,65535.0,27516.0,27516.0
937,43.810,132.320,43.81,132.32,1523.65,54257.0,22185.0,22185.0
938,43.810,132.320,43.81,132.32,1523.65,50044.0,17768.0,17768.0
939,43.810,132.320,43.81,132.32,1523.65,49915.0,16450.0,16450.0
940,43.810,132.320,43.81,132.32,1523.65,49741.0,17087.0,17087.0
941,43.810,132.320,43.81,132.32,1523.65,47248.0,15061.0,15061.0
942,43.810,132.320,43.81,132.32,1523.65,46399.0,13951.0,13951.0
943,43.810,132.320,43.81,132.32,1523.65,49027.0,15959.0,15959.0
944,43.810,132.320,43.81,132.32,1523.65,47148.0,14455.0,14455.0
945,43.810,132.320,43.81,132.32,1523.65,48009.0,14976.0,14976.0
946,43.810,132.320,43.81,132.32,1523.65,45862.0,12830.0,12830.0
947,43.810,132.320,43.81,132.32,1523.65,44415.0,12737.0,12737.0
948,43.810,132.320,43.81,132.32,1523.65,45230.0,12051.0,12051.0
949,43.810,132.320,43.81,132.32,1523.65,47203.0,15041.0,15041.0
950,43.810,132.320,43.81,132.32,1523.65,46812.0,14052.0,14052.0
951,43.810,132.320,43.81,132.32,1523.65,48970.0,15788.0,15788.0
952,43.810,132.320,43.81,132.32,1523.65,47436.0,14454.0,14454.0
953,43.810,132.320,43.81,132.32,1523.65,51902.0,18988.0,18988.0
954,43.810,132.320,43.81,132.32,1523.65,44825.0,13151.0,13151.0
955,43.810,132.320,43.81,132.32,1523.65,46285.0,13975.0,13975.0
956,43.810,132.320,43.81,132.32,1523.65,47243.0,14274.0,14274.0
957,43.810,132.320,43.81,132.32,1523.65,48290.0,14473.0,14473.0
958,43.810,132.320,43.81,132.32,1523.65,48757.0,16077.0,16077.0
959,43.810,132.320,43.81,132.32,1523.65,45644.0,13477.0,13477.0
960,43.810,132.320,43.81,132.32,1523.65,45939.0,13242.0,13242.0
961,43.810,132.320,43.81,132.32,1523.65,49447.0,17031.0,17031.0
962,43.810,132.320,43.81,132.32,1523.65,41681.0,8570.0,8570.0
963,43.810,132.320,43.81,132.32,1523.65,45112.0,12699.0,12699.0
964,43.810,132.320,43.81,132.32,1523.65,48025.0,15050.0,15050.0
965,43.810,132.320,43.81,132.32,1523.65,47728.0,15185.0,15185.0
966,43.810,132.320,43.81,132.32,1523.65,43613.0,11756.0,11756.0
967,43.810,132.320,43.81,132.32,1523.65,45079.0,13064.0,13064.0
968,43.810,132.320,43.81,132.32,1523.65,48016.0,15158.0,15158.0
969,43.810,132.320,43.81,132.32,1523.65,46813.0,15255.0,15255.0
970,43.810,132.320,43.81,132.32,1523.65,43998.0,11978.0,11978.0
971,43.810,132.320,43.81,132.32,1523.65,46933.0,14714.0,14714.0
972,43.810,132.320,43.81,132.32,1523.65,47493.0,14711.0,14711.0
973,43.810,132.320,43.81,132.32,1523.65,44136.0,11983.0,11983.0
974,43.810,132.320,43.81,132.32,1523.65,48163.0,15959.0,15959.0
975,43.810,132.320,43.81,132.32,1523.65,40259.0,9168.0,9168.0
976,43.810,132.320,43.81,132.32,1523.65,41531.0,9641.0,9641.0
977,43.810,132.320,43.81,132.32,1523.65,38476.0,7616.0,7616.0
978,43.810,132.320,43.81,132.32,1523.65,41393.0,8714.0,8714.0
979,43.810,132.320,43.81,132.32,1523.65,40358.0,8359.0,8359.0
980,43.810,132.320,43.81,132.32,1523.65,39558.0,8470.0,8470.0
981,43.810,132.320,43.81,132.32,1523.65,41410.0,8692.0,8692.0
982,43.810,132.320,43.81,132.32,1523.65,43736.0,10548.0,10548.0
983,43.810,132.320,43.81,132.32,1523.65,42424.0,11928.0,11928.0
984,43.810,132.320,43.81,132.32,1523.65,35032.0,8912.0,8912.0
985,43.810,132.320,43.81,132.32,1523.65,37150.0,10507.0,10507.0
986,43.810,132.320,43.81,132.32,1523.65,37720.0,11537.0,11537.0
987,43.810,132.320,43.81,132.32,1523.65,40818.0,13848.0,13848.0
988,43.810,132.320,43.81,132.32,1523.65,46257.0,19190.0,19190.0
989,43.810,132.320,43.81,132.32,1523.65,45426.0,18212.0,18212.0
990,43.810,132.320,43.81,132.32,1523.65,43642.0,16712.0,16712.0
991,43.810,132.320,43.81,132.32,1523.65,44461.0,17284.0,17284.0
992,43.810,132.320,43.81,132.32,1523.65,47635.0,19303.0,19303.0
993,43.810,132.320,43.81,132.32,1523.65,42916.0,14984.0,14984.0
994,43.810,132.320,43.81,132.32,1523.65,43609.0,17368.0,17368.0
995,43.810,132.320,43.81,132.32,1523.65,44275.0,17531.0,17531.0
996,43.810,132.320,43.81,132.32,1523.65,41312.0,14758.0,14758.0
997,43.810,132.320,43.81,132.32,1523.65,44520.0,17256.0,17256.0
998,43.810,132.320,43.81,132.32,1523.65,45870.0,19246.0,19246.0
999,43.810,132.320,43.81,132.32,1523.65,45359.0,18175.0,18175.0
1000,43.810,132.320,43.81,132.32,1523.65,45647.0,17121.0,17121.0
1001,43.810,132.320,43.81,132.32,1523.65,45073.0,16499.0,16499.0
1002,43.810,132.320,43.81,132.32,1523.65,45544.0,16938.0,16938.0
1003,43.810,132.320,43.81,132.32,1523.65,45864.0,18168.0,18168.0
1004,43.810,132.320,43.81,132.32,1523.65,40483.0,13766.0,13766.0
1005,43.810,132.320,43.81,132.32,1523.65,45637.0,18852.0,18852.0
1006,43.810,132.320,43.81,132.32,1523.65,45766.0,17834.0,17834.0
1007,43.810,132.320,43.81,132.32,1523.65,49703.0,21269.0,21269.0
1008,43.810,132.320,43.81,132.32,1523.65,45664.0,18268.0,18268.0
1009,43.810,132.320,43.81,132.32,1523.65,48852.0,21625.0,21625.0
1010,43.810,132.320,43.81,132.32,1523.65,47465.0,20244.0,20244.0
1011,43.810,132.320,43.81,132.32,1523.65,43575.0,16239.0,16239.0
1012,43.810,132.320,43.81,132.32,1523.65,49129.0,21735.0,21735.0
1013,43.810,132.320,43.81,132.32,1523.65,46937.0,19647.0,19647.0
1014,43.810,132.320,43.81,132.32,1523.65,48359.0,20135.0,20135.0
1015,43.810,132.320,43.81,132.32,1523.65,45847.0,17693.0,17693.0
1016,43.810,132.320,43.81,132.32,1523.65,47788.0,20359.0,20359.0
1017,43.810,132.320,43.81,132.32,1523.65,47675.0,20302.0,20302.0
1018,43.810,132.320,43.81,132.32,1523.65,46963.0,18758.0,18758.0
1019,43.810,132.320,43.81,132.32,1523.65,47061.0,18498.0,18498.0
1020,43.810,132.320,43.81,132.32,1523.65,48480.0,20429.0,20429.0
1021,43.810,132.320,43.81,132.32,1523.65,47341.0,18831.0,18831.0
1022,43.810,132.320,43.81,132.32,1523.65,46384.0,19139.0,19139.0
1023,43.810,132.320,43.81,132.32,1523.65,48274.0,20895.0,20895.0
1024,43.810,132.320,43.81,132.32,1523.65,50422.0,20983.0,20983.0
1025,43.810,132.320,43.81,132.32,1523.65,48700.0,19959.0,19959.0
1026,43.810,132.320,43.81,132.32,1523.65,46431.0,18726.0,18726.0
1027,43.810,132.320,43.81,132.32,1523.65,48341.0,21366.0,21366.0
1028,43.810,132.320,43.81,132.32,1523.65,44640.0,18377.0,18377.0
1029,43.810,132.320,43.81,132.32,1523.65,43096.0,16493.0,16493.0
1030,43.810,132.320,43.81,132.32,1523.65,46401.0,17601.0,17601.0
1031,43.810,132.320,43.81,132.32,1523.65,46731.0,19750.0,19750.0
1032,43.810,132.320,43.81,132.32,1523.65,45327.0,17715.0,17715.0
1033,43.810,132.320,43.81,132.32,1523.65,50638.0,22404.0,22404.0
1034,43.810,132.320,43.81,132.32,1523.65,47786.0,19405.0,19405.0
1035,43.810,132.320,43.81,132.32,1523.65,46873.0,17989.0,17989.0
1036,43.810,132.320,43.81,132.32,1523.65,47351.0,20499.0,20499.0
1037,43.810,132.320,43.81,132.32,1523.65,47843.0,20179.0,20179.0
1038,43.810,132.320,43.81,132.32,1523.65,46093.0,18724.0,18724.0
1039,43.810,132.320,43.81,132.32,1523.65,45027.0,18078.0,18078.0
1040,43.810,132.320,43.81,132.32,1523.65,50721.0,22383.0,22383.0
1041,43.810,132.320,43.81,132.32,1523.65,48023.0,20376.0,20376.0
1042,43.810,132.320,43.81,132.32,1523.65,47664.0,19675.0,19675.0
1043,43.810,132.320,43.81,132.32,1523.65,46832.0,19490.0,19490.0
1044,43.810,132.320,43.81,132.32,1523.65,51086.0,22879.0,22879.0
1045,43.810,132.320,43.81,132.32,1523.65,52037.0,23703.0,23703.0
1046,43.810,132.320,43.81,132.32,1523.65,49408.0,21408.0,21408.0
1047,43.810,132.320,43.81,132.32,1523.65,47486.0,19971.0,19971.0
1048,43.810,132.320,43.81,132.32,1523.65,50763.0,22204.0,22204.0
1049,43.810,132.320,43.81,132.32,1523.65,47504.0,18530.0,18530.0
1050,43.810,132.320,43.81,132.32,1523.65,44761.0,17039.0,17039.0
1051,43.810,132.320,43.81,132.32,1523.65,51572.0,21801.0,21801.0
1052,43.810,132.320,43.81,132.32,1523.65,50252.0,21804.0,21804.0
1053,43.810,132.320,43.81,132.32,1523.65,47041.0,19049.0,19049.0
1054,43.810,132.320,43.81,132.32,1523.65,48547.0,21162.0,21162.0
1055,43.810,132.320,43.81,132.32,1523.65,52684.0,24707.0,24707.0
1056,43.810,132.320,43.81,132.32,1523.65,48965.0,20879.0,20879.0
1057,43.810,132.320,43.81,132.32,1523.65,52391.0,23454.0,23454.0
1058,43.810,132.320,43.81,132.32,1523.65,52471.0,24710.0,24710.0
1059,43.810,132.320,43.81,132.32,1523.65,55035.0,25795.0,25795.0
1060,43.810,132.320,43.81,132.32,1523.65,55345.0,27200.0,27200.0
1061,43.810,132.320,43.81,132.32,1523.65,53182.0,24578.0,24578.0
1062,43.810,132.320,43.81,132.32,1523.65,50309.0,22911.0,22911.0
1063,43.810,132.320,43.81,132.32,1523.65,52836.0,24201.0,24201.0
1064,43.810,132.320,43.81,132.32,1523.65,48853.0,21447.0,21447.0
1065,43.810,132.320,43.81,132.32,1523.65,51888.0,23647.0,23647.0
1066,43.810,132.320,43.81,132.32,1523.65,57322.0,28469.0,28469.0
1067,43.810,132.320,43.81,132.32,1523.65,52447.0,23244.0,23244.0
1068,43.810,132.320,43.81,132.32,1523.65,54419.0,26160.0,26160.0
1069,43.810,132.320,43.81,132.32,1523.65,52949.0,24001.0,24001.0
1070,43.810,132.320,43.81,132.32,1523.65,56279.0,26575.0,26575.0
1071,43.810,132.320,43.81,132.32,1523.65,50932.0,23686.0,23686.0
1072,43.810,132.320,43.81,132.32,1523.65,49493.0,20618.0,20618.0
1073,43.810,132.320,43.81,132.32,1523.65,53399.0,24407.0,24407.0
1074,43.810,132.320,43.81,132.32,1523.65,55109.0,25561.0,25561.0
1075,43.810,132.320,43.81,132.32,1523.65,56151.0,27104.0,27104.0
1076,43.810,132.320,43.81,132.32,1523.65,50484.0,20601.0,20601.0
1077,43.810,132.320,43.81,132.32,1523.65,52120.0,23871.0,23871.0
1078,43.810,132.320,43.81,132.32,1523.65,43361.0,15987.0,15987.0
1079,43.810,132.320,43.81,132.32,1523.65,50924.0,21994.0,21994.0
1080,43.810,132.320,43.81,132.32,1523.65,46411.0,18722.0,18722.0
1081,43.810,132.320,43.81,132.32,1523.65,42963.0,15841.0,15841.0
1082,43.810,132.320,43.81,132.32,1523.65,43214.0,15289.0,15289.0
1083,43.810,132.320,43.81,132.32,1523.65,44872.0,17537.0,17537.0
1084,43.810,132.320,43.81,132.32,1523.65,43667.0,16315.0,16315.0
1085,43.810,132.320,43.81,132.32,1523.65,39646.0,13692.0,13692.0
1086,43.810,132.320,43.81,132.32,1523.65,43980.0,16753.0,16753.0
1087,43.810,132.320,43.81,132.32,1523.65,41858.0,15309.0,15309.0
1088,43.810,132.320,43.81,132.32,1523.65,43195.0,15676.0,15676.0
1089,43.810,132.320,43.81,132.32,1523.65,43531.0,16623.0,16623.0
1090,43.810,132.320,43.81,132.32,1523.65,46693.0,19522.0,19522.0
1091,43.810,132.320,43.81,132.32,1523.65,39625.0,12686.0,12686.0
1092,43.810,132.320,43.81,132.32,1523.65,39706.0,13616.0,13616.0
1093,43.810,132.320,43.81,132.32,1523.65,40471.0,13965.0,13965.0
1094,43.810,132.320,43.81,132.32,1523.65,39295.0,13010.0,13010.0
1095,43.810,132.320,43.81,132.32,1523.65,37662.0,11348.0,11348.0
1096,43.810,132.320,43.81,132.32,1523.65,40323.0,13431.0,13431.0
1097,43.810,132.320,43.81,132.32,1523.65,39192.0,12427.0,12427.0
1098,43.810,132.320,43.81,132.32,1523.65,39046.0,12676.0,12676.0
1099,43.810,132.320,43.81,132.32,1523.65,38015.0,11197.0,11197.0
1100,43.810,132.320,43.81,132.32,1523.65,36219.0,10827.0,10827.0
1101,43.810,132.320,43.81,132.32,1523.65,41133.0,14898.0,14898.0
1102,43.810,132.320,43.81,132.32,1523.65,43286.0,15545.0,15545.0
1103,43.810,132.320,43.81,132.32,1523.65,47624.0,19232.0,19232.0
1104,43.810,132.320,43.81,132.32,1523.65,53131.0,24572.0,24572.0
1105,43.810,132.320,43.81,132.32,1523.65,51669.0,23309.0,23309.0
1106,43.810,132.320,43.81,132.32,1523.65,53653.0,24633.0,24633.0
1107,43.810,132.320,43.81,132.32,1523.65,52371.0,24143.0,24143.0
1108,43.810,132.320,43.81,132.32,1523.65,53723.0,25000.0,25000.0
1109,43.810,132.320,43.81,132.32,1523.65,52866.0,24226.0,24226.0
1110,43.810,132.320,43.81,132.32,1523.65,53834.0,24871.0,24871.0
1111,43.810,132.320,43.81,132.32,1523.65,51838.0,22030.0,22030.0
