id,avg_x,avg_y,x,y,bg,Square_intensity,circular_intensity,Gaussian_intensity
1,83.860,57.150,84.21,57.22,1090.32,45436.0,13653.0,13653.0
2,83.860,57.150,84.12,57.2,1090.32,46779.0,14130.0,14130.0
3,83.860,57.150,84.53,57.13,1090.32,47038.0,14704.0,14704.0
4,83.860,57.150,84.4,57.17,1090.32,48146.0,16540.0,16540.0
5,83.860,57.150,84.22,57.07,1090.32,47052.0,14830.0,14830.0
6,83.860,57.150,84.22,57.07,1090.32,50576.0,17921.0,17921.0
7,83.860,57.150,84.34,57.33,1090.32,45773.0,14817.0,14817.0
8,83.860,57.150,84.27,57.3,1090.32,48449.0,16159.0,16159.0
9,83.860,57.150,84.52,56.74,1090.32,48884.0,18999.0,18999.0
10,83.860,57.150,84.29,57.04,1090.32,45117.0,13314.0,13314.0
11,83.860,57.150,84.19,57.1,1090.32,44095.0,12545.0,12545.0
12,83.860,57.150,84.19,57.19,1090.32,43710.0,12621.0,12621.0
13,83.860,57.150,84.21,57.35,1090.32,44263.0,12875.0,12875.0
14,83.860,57.150,84.11,57.14,1090.32,45625.0,12535.0,12535.0
15,83.860,57.150,84.39,57.44,1090.32,44155.0,11028.0,11028.0
16,83.860,57.150,84.18,57.15,1090.32,49991.0,16744.0,16744.0
17,83.860,57.150,84.26,57.08,1090.32,48244.0,15056.0,15056.0
18,83.860,57.150,84.19,57.25,1090.32,46497.0,12180.0,12180.0
19,83.860,57.150,84.44,57.2,1090.32,48318.0,15909.0,15909.0
20,83.860,57.150,84.07,57,1090.32,44842.0,11209.0,11209.0
21,83.860,57.150,84.3,57.24,1090.32,47933.0,14878.0,14878.0
22,83.860,57.150,84.23,57.24,1090.32,47148.0,16285.0,16285.0
23,83.860,57.150,84.43,57.07,1090.32,46962.0,15637.0,15637.0
24,83.860,57.150,84.27,57.31,1090.32,46272.0,14876.0,14876.0
25,83.860,57.150,84.32,57.18,1090.32,45363.0,13422.0,13422.0
26,83.860,57.150,84.26,57.19,1090.32,46325.0,14482.0,14482.0
27,83.860,57.150,83.91,57.12,1090.32,47020.0,15905.0,15905.0
28,83.860,57.150,84.41,57.29,1090.32,44773.0,13176.0,13176.0
29,83.860,57.150,84.46,57.35,1090.32,47142.0,15242.0,15242.0
30,83.860,57.150,84.01,57.09,1090.32,47369.0,14296.0,14296.0
31,83.860,57.150,84.16,57.05,1090.32,44955.0,13490.0,13490.0
32,83.860,57.150,84.06,57.11,1090.32,44575.0,10563.0,10563.0
33,83.860,57.150,84.33,57.17,1090.32,43153.0,9978.0,9978.0
34,83.860,57.150,84.28,57.17,1090.32,43119.0,10856.0,10856.0
35,83.860,57.150,84.45,57.43,1090.32,47236.0,13506.0,13506.0
36,83.860,57.150,84.23,57.37,1090.32,42654.0,11471.0,11471.0
37,83.860,57.150,84.37,57.25,1090.32,46484.0,14392.0,14392.0
38,83.860,57.150,84.22,57.24,1090.32,45760.0,15007.0,15007.0
39,83.860,57.150,84.48,57.09,1090.32,49204.0,18125.0,18125.0
40,83.860,57.150,84.47,57.05,1090.32,45114.0,14652.0,14652.0
41,83.860,57.150,83.97,56.99,1090.32,46760.0,13130.0,13130.0
42,83.860,57.150,84.36,57.03,1090.32,48377.0,16150.0,16150.0
43,83.860,57.150,84.26,57.02,1090.32,46650.0,13460.0,13460.0
44,83.860,57.150,84.01,57.11,1090.32,44151.0,11515.0,11515.0
45,83.860,57.150,83.96,57.18,1090.32,47176.0,14229.0,14229.0
46,83.860,57.150,84.1,56.99,1090.32,43577.0,11296.0,11296.0
47,83.860,57.150,84.16,57.23,1090.32,48032.0,15546.0,15546.0
48,83.860,57.150,84.35,57.08,1090.32,46250.0,13339.0,13339.0
49,83.860,57.150,84.28,57.39,1090.32,43805.0,12483.0,12483.0
50,83.860,57.150,84.2,57.16,1090.32,44725.0,13247.0,13247.0
51,83.860,57.150,84.03,57.13,1090.32,45582.0,13597.0,13597.0
52,83.860,57.150,84.18,57.13,1090.32,44054.0,11450.0,11450.0
53,83.860,57.150,84.4,57.15,1090.32,48254.0,16549.0,16549.0
54,83.860,57.150,84.44,57.1,1090.32,43989.0,12364.0,12364.0
55,83.860,57.150,84.03,57.05,1090.32,47115.0,13076.0,13076.0
56,83.860,57.150,84.24,56.98,1090.32,43704.0,12089.0,12089.0
57,83.860,57.150,84.49,57.21,1090.32,45440.0,12137.0,12137.0
58,83.860,57.150,84.17,57.14,1090.32,45567.0,13788.0,13788.0
59,83.860,57.150,84.11,56.89,1090.32,41255.0,9594.0,9594.0
60,83.860,57.150,84.09,57.37,1090.32,41692.0,9874.0,9874.0
61,83.860,57.150,83.98,57.28,1090.32,42760.0,10253.0,10253.0
62,83.860,57.150,84.33,57.12,1090.32,44267.0,11054.0,11054.0
63,83.860,57.150,84.29,57.17,1090.32,47917.0,14647.0,14647.0
64,83.860,57.150,84.22,57.03,1090.32,42283.0,9475.0,9475.0
65,83.860,57.150,84.31,57.42,1090.32,45989.0,14178.0,14178.0
66,83.860,57.150,83.63,57.31,1090.32,47872.0,16727.0,16727.0
67,83.860,57.150,84.27,56.93,1090.32,44317.0,10799.0,10799.0
68,83.860,57.150,84.08,57.2,1090.32,45362.0,13973.0,13973.0
69,83.860,57.150,84.4,57.3,1090.32,46053.0,14327.0,14327.0
70,83.860,57.150,84.51,57.17,1090.32,44874.0,13515.0,13515.0
71,83.860,57.150,84.24,57.38,1090.32,44723.0,13223.0,13223.0
72,83.860,57.150,84.22,57.02,1090.32,44658.0,10848.0,10848.0
73,83.860,57.150,84.11,57.19,1090.32,43980.0,11110.0,11110.0
74,83.860,57.150,84.26,57.18,1090.32,45376.0,14100.0,14100.0
75,83.860,57.150,84.17,56.97,1090.32,42037.0,9910.0,9910.0
76,83.860,57.150,84.13,57.14,1090.32,44215.0,12075.0,12075.0
77,83.860,57.150,84.11,57.04,1090.32,44360.0,11731.0,11731.0
78,83.860,57.150,84.06,57.31,1090.32,46789.0,15070.0,15070.0
79,83.860,57.150,84.13,56.99,1090.32,45927.0,13896.0,13896.0
80,83.860,57.150,84.1,57.17,1090.32,48039.0,15742.0,15742.0
81,83.860,57.150,84.69,57.05,1090.32,44668.0,13364.0,13364.0
82,83.860,57.150,84.15,57.34,1090.32,45619.0,13009.0,13009.0
83,83.860,57.150,84.47,57.37,1090.32,43573.0,10409.0,10409.0
84,83.860,57.150,84.21,57.22,1090.32,46240.0,14586.0,14586.0
85,83.860,57.150,84.14,56.96,1090.32,43985.0,12123.0,12123.0
86,83.860,57.150,84.41,57.32,1090.32,42307.0,11012.0,11012.0
87,83.860,57.150,84.16,57.16,1090.32,47029.0,14186.0,14186.0
88,83.860,57.150,84.29,57.41,1090.32,42297.0,10572.0,10572.0
89,83.860,57.150,84.39,56.63,1090.32,42894.0,12120.0,12120.0
90,83.860,57.150,83.95,57.16,1090.32,44076.0,11504.0,11504.0
91,83.860,57.150,84.39,57.58,1090.32,41322.0,8002.0,8002.0
92,83.860,57.150,84.07,57.08,1090.32,43037.0,9746.0,9746.0
93,83.860,57.150,84.24,56.74,1090.32,42806.0,10969.0,10969.0
94,83.860,57.150,83.91,57.08,1090.32,46661.0,14738.0,14738.0
95,83.860,57.150,84.13,57.04,1090.32,43066.0,12252.0,12252.0
96,83.860,57.150,84.24,57.3,1090.32,43009.0,10077.0,10077.0
97,83.860,57.150,84.25,57.22,1090.32,46163.0,15231.0,15231.0
98,83.860,57.150,84.12,57.29,1090.32,42283.0,9170.0,9170.0
99,83.860,57.150,84.09,56.92,1090.32,40655.0,9706.0,9706.0
100,83.860,57.150,84.02,57.1,1090.32,45546.0,12106.0,12106.0
101,83.860,57.150,84.45,57.39,1090.32,44025.0,10859.0,10859.0
102,83.860,57.150,84.02,57.2,1090.32,47548.0,13110.0,13110.0
103,83.860,57.150,84.25,57.18,1090.32,45053.0,11959.0,11959.0
104,83.860,57.150,84.13,57.32,1090.32,45457.0,12733.0,12733.0
105,83.860,57.150,83.94,56.97,1090.32,41947.0,8932.0,8932.0
106,83.860,57.150,84.13,56.96,1090.32,43843.0,11508.0,11508.0
107,83.860,57.150,84.26,57.04,1090.32,48006.0,13573.0,13573.0
108,83.860,57.150,84.12,56.94,1090.32,43617.0,10890.0,10890.0
109,83.860,57.150,84.05,57.08,1090.32,38996.0,6007.0,6007.0
110,83.860,57.150,84,57,1090.32,43826.0,10859.0,10859.0
111,83.860,57.150,84.19,57.11,1090.32,44816.0,12482.0,12482.0
112,83.860,57.150,84.2,57.42,1090.32,44321.0,12554.0,12554.0
113,83.860,57.150,84.05,57.12,1090.32,42046.0,10100.0,10100.0
114,83.860,57.150,84.39,57.41,1090.32,42418.0,9612.0,9612.0
115,83.860,57.150,84.22,57.34,1090.32,42316.0,11628.0,11628.0
116,83.860,57.150,84.01,57.21,1090.32,42574.0,10004.0,10004.0
117,83.860,57.150,84.19,57.16,1090.32,42545.0,11064.0,11064.0
118,83.860,57.150,84.23,57.34,1090.32,43724.0,12342.0,12342.0
119,83.860,57.150,84.24,56.93,1090.32,40654.0,9130.0,9130.0
120,83.860,57.150,84.3,57.26,1090.32,41835.0,10698.0,10698.0
121,83.860,57.150,84.31,56.56,1090.32,45556.0,14249.0,14249.0
122,83.860,57.150,84.21,56.87,1090.32,42775.0,10972.0,10972.0
123,83.860,57.150,84.43,57.36,1090.32,43927.0,11482.0,11482.0
124,83.860,57.150,84.1,57.23,1090.32,42523.0,9266.0,9266.0
125,83.860,57.150,84.21,57.22,1090.32,43824.0,12317.0,12317.0
126,83.860,57.150,84.19,57.11,1090.32,45177.0,13460.0,13460.0
127,83.860,57.150,84.16,57.22,1090.32,42203.0,10583.0,10583.0
128,83.860,57.150,84.46,57.36,1090.32,40910.0,8025.0,8025.0
129,83.860,57.150,84.17,57.06,1090.32,44357.0,11987.0,11987.0
130,83.860,57.150,84.45,57.04,1090.32,38735.0,9007.0,9007.0
131,83.860,57.150,84.05,57.49,1090.32,44948.0,14140.0,14140.0
132,83.860,57.150,83.94,56.99,1090.32,47977.0,14946.0,14946.0
133,83.860,57.150,84.05,57.04,1090.32,43682.0,10084.0,10084.0
134,83.860,57.150,83.98,56.77,1090.32,44970.0,13578.0,13578.0
135,83.860,57.150,84.21,57.22,1090.32,46166.0,13935.0,13935.0
136,83.860,57.150,84.14,57.14,1090.32,42015.0,10147.0,10147.0
137,83.860,57.150,84.21,57.22,1090.32,43405.0,12149.0,12149.0
138,83.860,57.150,83.89,56.82,1090.32,48610.0,17519.0,17519.0
139,83.860,57.150,84.03,57.07,1090.32,45490.0,12739.0,12739.0
140,83.860,57.150,84,57.08,1090.32,43770.0,11065.0,11065.0
141,83.860,57.150,84.21,57.22,1090.32,42861.0,11936.0,11936.0
142,83.860,57.150,84.39,56.88,1090.32,44411.0,12462.0,12462.0
143,83.860,57.150,84.07,57.01,1090.32,41717.0,9145.0,9145.0
144,83.860,57.150,84.08,56.83,1090.32,41749.0,10498.0,10498.0
145,83.860,57.150,84.15,56.92,1090.32,42422.0,10903.0,10903.0
146,83.860,57.150,83.89,57.24,1090.32,41483.0,11581.0,11581.0
147,83.860,57.150,84.15,56.94,1090.32,43051.0,12815.0,12815.0
148,83.860,57.150,84.12,57.04,1090.32,39962.0,9731.0,9731.0
149,83.860,57.150,83.97,57.17,1090.32,39124.0,10502.0,10502.0
150,83.860,57.150,83.84,56.89,1090.32,39456.0,10067.0,10067.0
151,83.860,57.150,84.44,57.35,1090.32,40160.0,11057.0,11057.0
152,83.860,57.150,83.97,56.96,1090.32,41481.0,11072.0,11072.0
153,83.860,57.150,84.38,57.36,1090.32,39850.0,11121.0,11121.0
154,83.860,57.150,84.11,57.03,1090.32,41813.0,12461.0,12461.0
155,83.860,57.150,84.57,57.32,1090.32,36897.0,7713.0,7713.0
156,83.860,57.150,84.01,57.59,1090.32,42682.0,12180.0,12180.0
157,83.860,57.150,84.13,56.95,1090.32,40120.0,10204.0,10204.0
158,83.860,57.150,84.04,56.96,1090.32,38073.0,8520.0,8520.0
159,83.860,57.150,83.96,56.94,1090.32,39477.0,10681.0,10681.0
160,83.860,57.150,84.08,56.97,1090.32,40619.0,10880.0,10880.0
161,83.860,57.150,84.19,57.24,1090.32,41487.0,12378.0,12378.0
162,83.860,57.150,84.25,57.01,1090.32,41836.0,12607.0,12607.0
163,83.860,57.150,84,56.82,1090.32,38039.0,9148.0,9148.0
164,83.860,57.150,83.94,57.25,1090.32,40715.0,11601.0,11601.0
165,83.860,57.150,84.22,57.08,1090.32,40834.0,12692.0,12692.0
166,83.860,57.150,84.34,56.97,1090.32,41561.0,11609.0,11609.0
167,83.860,57.150,84.14,57.2,1090.32,41335.0,12282.0,12282.0
168,83.860,57.150,84.01,57.09,1090.32,38123.0,8336.0,8336.0
169,83.860,57.150,84.01,57.02,1090.32,39947.0,10748.0,10748.0
170,83.860,57.150,84.38,57.43,1090.32,39344.0,9434.0,9434.0
171,83.860,57.150,84.21,56.91,1090.32,40426.0,10323.0,10323.0
172,83.860,57.150,84.36,57.21,1090.32,41398.0,12379.0,12379.0
173,83.860,57.150,83.88,56.99,1090.32,39027.0,8909.0,8909.0
174,83.860,57.150,84.13,56.81,1090.32,41358.0,11935.0,11935.0
175,83.860,57.150,84.11,56.94,1090.32,39979.0,10928.0,10928.0
176,83.860,57.150,84.03,57.07,1090.32,38826.0,9717.0,9717.0
177,83.860,57.150,84.11,56.91,1090.32,40451.0,10786.0,10786.0
178,83.860,57.150,84.32,57.4,1090.32,40287.0,12013.0,12013.0
179,83.860,57.150,84.05,56.97,1090.32,39131.0,9345.0,9345.0
180,83.860,57.150,84.14,57.17,1090.32,41260.0,13159.0,13159.0
181,83.860,57.150,84.05,57.12,1090.32,39732.0,10023.0,10023.0
182,83.860,57.150,84.32,57.46,1090.32,41835.0,12186.0,12186.0
183,83.860,57.150,83.96,57.26,1090.32,40691.0,10984.0,10984.0
184,83.860,57.150,84.05,57.21,1090.32,42490.0,13951.0,13951.0
185,83.860,57.150,83.66,56.73,1090.32,41555.0,12751.0,12751.0
186,83.860,57.150,84.05,56.96,1090.32,40079.0,10919.0,10919.0
187,83.860,57.150,84.27,56.95,1090.32,41708.0,12095.0,12095.0
188,83.860,57.150,83.66,57.38,1090.32,39840.0,10615.0,10615.0
189,83.860,57.150,84.1,56.89,1090.32,40025.0,11250.0,11250.0
190,83.860,57.150,83.91,57.07,1090.32,39218.0,10064.0,10064.0
191,83.860,57.150,84.18,57.09,1090.32,40042.0,10986.0,10986.0
192,83.860,57.150,84.09,57.18,1090.32,38983.0,11181.0,11181.0
193,83.860,57.150,84.27,57.22,1090.32,40452.0,11961.0,11961.0
194,83.860,57.150,84.29,57.18,1090.32,40602.0,10858.0,10858.0
195,83.860,57.150,84.25,57.34,1090.32,40514.0,11753.0,11753.0
196,83.860,57.150,84.1,56.95,1090.32,38558.0,9346.0,9346.0
197,83.860,57.150,84.21,57.12,1090.32,39616.0,10441.0,10441.0
198,83.860,57.150,84.1,57.02,1090.32,40231.0,11742.0,11742.0
199,83.860,57.150,83.72,57.05,1090.32,43676.0,14151.0,14151.0
200,83.860,57.150,84.33,56.95,1090.32,40900.0,11386.0,11386.0
201,83.860,57.150,84.21,56.97,1090.32,39698.0,11203.0,11203.0
202,83.860,57.150,83.9,57.04,1090.32,36388.0,8661.0,8661.0
203,83.860,57.150,84.01,57.08,1090.32,41248.0,12409.0,12409.0
204,83.860,57.150,83.96,56.95,1090.32,40025.0,10899.0,10899.0
205,83.860,57.150,84.21,57.39,1090.32,40193.0,11880.0,11880.0
206,83.860,57.150,84.28,57.03,1090.32,38953.0,9927.0,9927.0
207,83.860,57.150,83.92,57.13,1090.32,38864.0,10634.0,10634.0
208,83.860,57.150,83.62,56.77,1090.32,42272.0,13927.0,13927.0
209,83.860,57.150,83.86,56.97,1090.32,38093.0,10199.0,10199.0
210,83.860,57.150,83.93,56.97,1090.32,42219.0,11873.0,11873.0
211,83.860,57.150,84.42,56.88,1090.32,40662.0,10730.0,10730.0
212,83.860,57.150,84.12,57.5,1090.32,38278.0,9496.0,9496.0
213,83.860,57.150,84.41,56.81,1090.32,40719.0,12082.0,12082.0
214,83.860,57.150,84.25,57.12,1090.32,39563.0,11019.0,11019.0
215,83.860,57.150,84.05,57.13,1090.32,40766.0,11205.0,11205.0
216,83.860,57.150,84.16,56.58,1090.32,39104.0,10140.0,10140.0
217,83.860,57.150,84.15,56.84,1090.32,40625.0,11383.0,11383.0
218,83.860,57.150,84,57.03,1090.32,40765.0,11998.0,11998.0
219,83.860,57.150,83.94,57.05,1090.32,38269.0,9571.0,9571.0
220,83.860,57.150,84.4,56.71,1090.32,38336.0,10069.0,10069.0
221,83.860,57.150,84.05,57.16,1090.32,41328.0,12468.0,12468.0
222,83.860,57.150,84.01,57.07,1090.32,39473.0,11499.0,11499.0
223,83.860,57.150,83.92,56.89,1090.32,41019.0,11514.0,11514.0
224,83.860,57.150,84.09,57.29,1090.32,36782.0,7942.0,7942.0
225,83.860,57.150,83.76,56.59,1090.32,42235.0,12504.0,12504.0
226,83.860,57.150,83.92,57.11,1090.32,39559.0,10770.0,10770.0
227,83.860,57.150,84.37,56.67,1090.32,40287.0,12107.0,12107.0
228,83.860,57.150,83.95,56.93,1090.32,41814.0,12873.0,12873.0
229,83.860,57.150,83.98,56.93,1090.32,42061.0,13319.0,13319.0
230,83.860,57.150,83.81,57.18,1090.32,37929.0,10341.0,10341.0
231,83.860,57.150,84.16,57.38,1090.32,41066.0,12302.0,12302.0
232,83.860,57.150,84.4,56.96,1090.32,40642.0,10900.0,10900.0
233,83.860,57.150,83.93,57.14,1090.32,38469.0,9298.0,9298.0
234,83.860,57.150,84.1,57.05,1090.32,38350.0,10255.0,10255.0
235,83.860,57.150,83.86,57.15,1090.32,39222.0,11512.0,11512.0
236,83.860,57.150,83.86,57.15,1090.32,25195.0,0.0,0.0
237,83.860,57.150,83.86,57.15,1090.32,27399.0,1012.0,1012.0
238,83.860,57.150,83.86,57.15,1090.32,26042.0,0.0,0.0
239,83.860,57.150,83.86,57.15,1090.32,27012.0,713.0,713.0
240,83.860,57.150,83.86,57.15,1090.32,25851.0,0.0,0.0
241,83.860,57.150,83.86,57.15,1090.32,27001.0,0.0,0.0
242,83.860,57.150,83.86,57.15,1090.32,26864.0,1322.0,1322.0
243,83.860,57.150,83.86,57.15,1090.32,28517.0,2285.0,2285.0
244,83.860,57.150,83.86,57.15,1090.32,27410.0,0.0,0.0
245,83.860,57.150,83.86,57.15,1090.32,25604.0,546.0,546.0
246,83.860,57.150,83.86,57.15,1090.32,28365.0,1879.0,1879.0
247,83.860,57.150,83.86,57.15,1090.32,26080.0,80.0,80.0
248,83.860,57.150,83.86,57.15,1090.32,26053.0,0.0,0.0
249,83.860,57.150,83.86,57.15,1090.32,25924.0,0.0,0.0
250,83.860,57.150,83.86,57.15,1090.32,26441.0,0.0,0.0
251,83.860,57.150,83.86,57.15,1090.32,25366.0,0.0,0.0
252,83.860,57.150,83.86,57.15,1090.32,27468.0,1718.0,1718.0
253,83.860,57.150,83.86,57.15,1090.32,26316.0,0.0,0.0
254,83.860,57.150,83.86,57.15,1090.32,28688.0,1840.0,1840.0
255,83.860,57.150,83.86,57.15,1090.32,25161.0,100.0,100.0
256,83.860,57.150,83.86,57.15,1090.32,23353.0,0.0,0.0
257,83.860,57.150,83.86,57.15,1090.32,24495.0,0.0,0.0
258,83.860,57.150,83.86,57.15,1090.32,25325.0,0.0,0.0
259,83.860,57.150,83.86,57.15,1090.32,25816.0,0.0,0.0
260,83.860,57.150,83.86,57.15,1090.32,24636.0,0.0,0.0
261,83.860,57.150,83.86,57.15,1090.32,25694.0,277.0,277.0
262,83.860,57.150,83.86,57.15,1090.32,26871.0,530.0,530.0
263,83.860,57.150,83.86,57.15,1090.32,25469.0,81.0,81.0
264,83.860,57.150,83.86,57.15,1090.32,23810.0,0.0,0.0
265,83.860,57.150,83.86,57.15,1090.32,26168.0,198.0,198.0
266,83.860,57.150,83.86,57.15,1090.32,25569.0,0.0,0.0
267,83.860,57.150,83.86,57.15,1090.32,24042.0,0.0,0.0
268,83.860,57.150,83.86,57.15,1090.32,25702.0,0.0,0.0
269,83.860,57.150,83.86,57.15,1090.32,25684.0,0.0,0.0
270,83.860,57.150,83.86,57.15,1090.32,23266.0,0.0,0.0
271,83.860,57.150,83.86,57.15,1090.32,26759.0,153.0,153.0
272,83.860,57.150,83.86,57.15,1090.32,26128.0,0.0,0.0
273,83.860,57.150,83.86,57.15,1090.32,27099.0,748.0,748.0
274,83.860,57.150,83.86,57.15,1090.32,27399.0,657.0,657.0
275,83.860,57.150,83.86,57.15,1090.32,25432.0,204.0,204.0
276,83.860,57.150,83.86,57.15,1090.32,25906.0,0.0,0.0
277,83.860,57.150,83.86,57.15,1090.32,27348.0,789.0,789.0
278,83.860,57.150,83.86,57.15,1090.32,26776.0,658.0,658.0
279,83.860,57.150,83.86,57.15,1090.32,25423.0,0.0,0.0
280,83.860,57.150,83.86,57.15,1090.32,27543.0,1599.0,1599.0
281,83.860,57.150,83.86,57.15,1090.32,25984.0,0.0,0.0
282,83.860,57.150,83.86,57.15,1090.32,25939.0,0.0,0.0
283,83.860,57.150,83.86,57.15,1090.32,25308.0,0.0,0.0
284,83.860,57.150,83.86,57.15,1090.32,26558.0,0.0,0.0
285,83.860,57.150,83.86,57.15,1090.32,25552.0,30.0,30.0
286,83.860,57.150,83.86,57.15,1090.32,28263.0,1615.0,1615.0
287,83.860,57.150,83.86,57.15,1090.32,27016.0,921.0,921.0
288,83.860,57.150,83.86,57.15,1090.32,27564.0,1315.0,1315.0
289,83.860,57.150,83.86,57.15,1090.32,27624.0,108.0,108.0
290,83.860,57.150,83.86,57.15,1090.32,25523.0,0.0,0.0
291,83.860,57.150,83.86,57.15,1090.32,26277.0,0.0,0.0
292,83.860,57.150,83.86,57.15,1090.32,26448.0,0.0,0.0
293,83.860,57.150,83.86,57.15,1090.32,24813.0,0.0,0.0
294,83.860,57.150,83.86,57.15,1090.32,26882.0,613.0,613.0
295,83.860,57.150,83.86,57.15,1090.32,24259.0,0.0,0.0
296,83.860,57.150,83.86,57.15,1090.32,26297.0,0.0,0.0
297,83.860,57.150,83.86,57.15,1090.32,25609.0,0.0,0.0
298,83.860,57.150,83.86,57.15,1090.32,26234.0,0.0,0.0
299,83.860,57.150,83.86,57.15,1090.32,25007.0,0.0,0.0
300,83.860,57.150,83.86,57.15,1090.32,27184.0,466.0,466.0
301,83.860,57.150,83.86,57.15,1090.32,25342.0,332.0,332.0
302,83.860,57.150,83.86,57.15,1090.32,24785.0,0.0,0.0
303,83.860,57.150,83.86,57.15,1090.32,27562.0,1038.0,1038.0
304,83.860,57.150,83.86,57.15,1090.32,27376.0,1337.0,1337.0
305,83.860,57.150,83.86,57.15,1090.32,26863.0,0.0,0.0
306,83.860,57.150,83.86,57.15,1090.32,27890.0,786.0,786.0
307,83.860,57.150,83.86,57.15,1090.32,25871.0,187.0,187.0
308,83.860,57.150,83.86,57.15,1090.32,25266.0,0.0,0.0
309,83.860,57.150,83.86,57.15,1090.32,25300.0,0.0,0.0
310,83.860,57.150,83.86,57.15,1090.32,24666.0,0.0,0.0
311,83.860,57.150,83.86,57.15,1090.32,25996.0,0.0,0.0
312,83.860,57.150,83.86,57.15,1090.32,26824.0,1253.0,1253.0
313,83.860,57.150,83.86,57.15,1090.32,26035.0,319.0,319.0
314,83.860,57.150,83.86,57.15,1090.32,26449.0,504.0,504.0
315,83.860,57.150,83.86,57.15,1090.32,26139.0,299.0,299.0
316,83.860,57.150,83.86,57.15,1090.32,25686.0,0.0,0.0
317,83.860,57.150,83.86,57.15,1090.32,26175.0,763.0,763.0
318,83.860,57.150,83.86,57.15,1090.32,27236.0,719.0,719.0
319,83.860,57.150,83.86,57.15,1090.32,25860.0,0.0,0.0
320,83.860,57.150,83.86,57.15,1090.32,25138.0,121.0,121.0
321,83.860,57.150,83.86,57.15,1090.32,24597.0,0.0,0.0
322,83.860,57.150,83.86,57.15,1090.32,29379.0,2235.0,2235.0
323,83.860,57.150,83.86,57.15,1090.32,26996.0,1026.0,1026.0
324,83.860,57.150,83.86,57.15,1090.32,27106.0,922.0,922.0
325,83.860,57.150,83.86,57.15,1090.32,26228.0,0.0,0.0
326,83.860,57.150,83.86,57.15,1090.32,27017.0,583.0,583.0
327,83.860,57.150,83.86,57.15,1090.32,25550.0,679.0,679.0
328,83.860,57.150,83.86,57.15,1090.32,25783.0,0.0,0.0
329,83.860,57.150,83.86,57.15,1090.32,25802.0,0.0,0.0
330,83.860,57.150,83.86,57.15,1090.32,26875.0,1645.0,1645.0
331,83.860,57.150,83.86,57.15,1090.32,25672.0,0.0,0.0
332,83.860,57.150,83.86,57.15,1090.32,25961.0,0.0,0.0
333,83.860,57.150,83.86,57.15,1090.32,26074.0,537.0,537.0
334,83.860,57.150,83.86,57.15,1090.32,28166.0,1136.0,1136.0
335,83.860,57.150,83.86,57.15,1090.32,24802.0,0.0,0.0
336,83.860,57.150,83.86,57.15,1090.32,27145.0,0.0,0.0
337,83.860,57.150,83.86,57.15,1090.32,26985.0,1195.0,1195.0
338,83.860,57.150,83.86,57.15,1090.32,27463.0,1281.0,1281.0
339,83.860,57.150,83.86,57.15,1090.32,26328.0,0.0,0.0
340,83.860,57.150,83.86,57.15,1090.32,26358.0,0.0,0.0
341,83.860,57.150,83.86,57.15,1090.32,24071.0,0.0,0.0
342,83.860,57.150,83.86,57.15,1090.32,25863.0,501.0,501.0
343,83.860,57.150,83.86,57.15,1090.32,25576.0,0.0,0.0
344,83.860,57.150,83.86,57.15,1090.32,27070.0,1222.0,1222.0
345,83.860,57.150,83.86,57.15,1090.32,24407.0,0.0,0.0
346,83.860,57.150,83.86,57.15,1090.32,26078.0,0.0,0.0
347,83.860,57.150,83.86,57.15,1090.32,27028.0,455.0,455.0
348,83.860,57.150,83.86,57.15,1090.32,25261.0,0.0,0.0
349,83.860,57.150,83.86,57.15,1090.32,26613.0,158.0,158.0
350,83.860,57.150,83.86,57.15,1090.32,26556.0,128.0,128.0
351,83.860,57.150,83.86,57.15,1090.32,27351.0,1870.0,1870.0
352,83.860,57.150,83.86,57.15,1090.32,25026.0,0.0,0.0
353,83.860,57.150,83.86,57.15,1090.32,26883.0,1415.0,1415.0
354,83.860,57.150,83.86,57.15,1090.32,27305.0,755.0,755.0
355,83.860,57.150,83.86,57.15,1090.32,25984.0,106.0,106.0
356,83.860,57.150,83.86,57.15,1090.32,25478.0,0.0,0.0
357,83.860,57.150,83.86,57.15,1090.32,25834.0,0.0,0.0
358,83.860,57.150,83.86,57.15,1090.32,26861.0,708.0,708.0
359,83.860,57.150,83.86,57.15,1090.32,25564.0,0.0,0.0
360,83.860,57.150,83.86,57.15,1090.32,26980.0,885.0,885.0
361,83.860,57.150,83.86,57.15,1090.32,25998.0,706.0,706.0
362,83.860,57.150,83.86,57.15,1090.32,24843.0,646.0,646.0
363,83.860,57.150,83.86,57.15,1090.32,24964.0,0.0,0.0
364,83.860,57.150,83.86,57.15,1090.32,24744.0,0.0,0.0
365,83.860,57.150,83.86,57.15,1090.32,25644.0,0.0,0.0
366,83.860,57.150,83.86,57.15,1090.32,25527.0,324.0,324.0
367,83.860,57.150,83.86,57.15,1090.32,26748.0,385.0,385.0
368,83.860,57.150,83.86,57.15,1090.32,24530.0,0.0,0.0
369,83.860,57.150,83.86,57.15,1090.32,25560.0,0.0,0.0
370,83.860,57.150,83.86,57.15,1090.32,26014.0,191.0,191.0
371,83.860,57.150,83.86,57.15,1090.32,25531.0,0.0,0.0
372,83.860,57.150,83.86,57.15,1090.32,26551.0,1044.0,1044.0
373,83.860,57.150,83.86,57.15,1090.32,26216.0,944.0,944.0
374,83.860,57.150,83.86,57.15,1090.32,24753.0,0.0,0.0
375,83.860,57.150,83.86,57.15,1090.32,27420.0,1568.0,1568.0
376,83.860,57.150,83.86,57.15,1090.32,25353.0,0.0,0.0
377,83.860,57.150,83.86,57.15,1090.32,25272.0,0.0,0.0
378,83.860,57.150,83.86,57.15,1090.32,26173.0,553.0,553.0
379,83.860,57.150,83.86,57.15,1090.32,24054.0,276.0,276.0
380,83.860,57.150,83.86,57.15,1090.32,25711.0,0.0,0.0
381,83.860,57.150,83.86,57.15,1090.32,26136.0,799.0,799.0
382,83.860,57.150,83.86,57.15,1090.32,26006.0,1.0,1.0
383,83.860,57.150,83.86,57.15,1090.32,28043.0,1544.0,1544.0
384,83.860,57.150,83.86,57.15,1090.32,24137.0,0.0,0.0
385,83.860,57.150,83.86,57.15,1090.32,27564.0,1042.0,1042.0
386,83.860,57.150,83.86,57.15,1090.32,27025.0,1065.0,1065.0
387,83.860,57.150,83.86,57.15,1090.32,26066.0,740.0,740.0
388,83.860,57.150,83.86,57.15,1090.32,26485.0,159.0,159.0
389,83.860,57.150,83.86,57.15,1090.32,25592.0,0.0,0.0
390,83.860,57.150,83.86,57.15,1090.32,26216.0,0.0,0.0
391,83.860,57.150,83.86,57.15,1090.32,25996.0,0.0,0.0
392,83.860,57.150,83.86,57.15,1090.32,26443.0,893.0,893.0
393,83.860,57.150,83.86,57.15,1090.32,25878.0,678.0,678.0
394,83.860,57.150,83.86,57.15,1090.32,27102.0,620.0,620.0
395,83.860,57.150,83.86,57.15,1090.32,25515.0,0.0,0.0
396,83.860,57.150,83.86,57.15,1090.32,25049.0,0.0,0.0
397,83.860,57.150,83.86,57.15,1090.32,25198.0,368.0,368.0
398,83.860,57.150,83.86,57.15,1090.32,25175.0,0.0,0.0
399,83.860,57.150,83.86,57.15,1090.32,25062.0,0.0,0.0
400,83.860,57.150,83.86,57.15,1090.32,26446.0,2260.0,2260.0
401,83.860,57.150,83.86,57.15,1090.32,26490.0,543.0,543.0
402,83.860,57.150,83.86,57.15,1090.32,25106.0,0.0,0.0
403,83.860,57.150,83.86,57.15,1090.32,25227.0,0.0,0.0
404,83.860,57.150,83.86,57.15,1090.32,25376.0,528.0,528.0
405,83.860,57.150,83.86,57.15,1090.32,24489.0,0.0,0.0
406,83.860,57.150,83.86,57.15,1090.32,26180.0,0.0,0.0
407,83.860,57.150,83.86,57.15,1090.32,25953.0,137.0,137.0
408,83.860,57.150,83.86,57.15,1090.32,25568.0,0.0,0.0
409,83.860,57.150,83.86,57.15,1090.32,25667.0,711.0,711.0
410,83.860,57.150,83.86,57.15,1090.32,25721.0,104.0,104.0
411,83.860,57.150,83.86,57.15,1090.32,23766.0,0.0,0.0
412,83.860,57.150,83.86,57.15,1090.32,26843.0,1140.0,1140.0
413,83.860,57.150,83.86,57.15,1090.32,26180.0,0.0,0.0
414,83.860,57.150,83.86,57.15,1090.32,24344.0,0.0,0.0
415,83.860,57.150,83.86,57.15,1090.32,25261.0,372.0,372.0
416,83.860,57.150,83.86,57.15,1090.32,26445.0,130.0,130.0
417,83.860,57.150,83.86,57.15,1090.32,27157.0,415.0,415.0
418,83.860,57.150,83.86,57.15,1090.32,25782.0,0.0,0.0
419,83.860,57.150,83.86,57.15,1090.32,25449.0,0.0,0.0
420,83.860,57.150,83.86,57.15,1090.32,26081.0,229.0,229.0
421,83.860,57.150,83.86,57.15,1090.32,25229.0,380.0,380.0
422,83.860,57.150,83.86,57.15,1090.32,25817.0,202.0,202.0
423,83.860,57.150,83.86,57.15,1090.32,24657.0,0.0,0.0
424,83.860,57.150,83.86,57.15,1090.32,25189.0,0.0,0.0
425,83.860,57.150,83.86,57.15,1090.32,24962.0,0.0,0.0
426,83.860,57.150,83.86,57.15,1090.32,26905.0,546.0,546.0
427,83.860,57.150,83.86,57.15,1090.32,25707.0,0.0,0.0
428,83.860,57.150,83.86,57.15,1090.32,25620.0,0.0,0.0
429,83.860,57.150,83.86,57.15,1090.32,26265.0,297.0,297.0
430,83.860,57.150,83.86,57.15,1090.32,25758.0,424.0,424.0
431,83.860,57.150,83.86,57.15,1090.32,25424.0,0.0,0.0
432,83.860,57.150,83.86,57.15,1090.32,26731.0,717.0,717.0
433,83.860,57.150,83.86,57.15,1090.32,25334.0,0.0,0.0
434,83.860,57.150,83.86,57.15,1090.32,26188.0,741.0,741.0
435,83.860,57.150,83.86,57.15,1090.32,26653.0,552.0,552.0
