id,avg_x,avg_y,x,y,bg,Square_intensity,circular_intensity,Gaussian_intensity
444,9.420,11.420,9,11.79,1117.09,26915.0,0.0,0.0
445,9.420,11.420,9,11.79,1117.09,24635.0,0.0,0.0
446,9.420,11.420,9,11.79,1117.09,25536.0,191.0,191.0
447,9.420,11.420,9,11.79,1117.09,25315.0,0.0,0.0
448,9.420,11.420,9,11.79,1117.09,25311.0,241.0,241.0
449,9.420,11.420,9,11.79,1117.09,25100.0,307.0,307.0
450,9.420,11.420,9,11.79,1117.09,24850.0,0.0,0.0
451,9.420,11.420,9,11.79,1117.09,24896.0,0.0,0.0
452,9.420,11.420,9,11.79,1117.09,25090.0,0.0,0.0
453,9.420,11.420,9,11.79,1117.09,24347.0,0.0,0.0
454,9.420,11.420,9,11.79,1117.09,25626.0,0.0,0.0
455,9.420,11.420,9,11.79,1117.09,24896.0,0.0,0.0
456,9.420,11.420,9,11.79,1117.09,24043.0,0.0,0.0
457,9.420,11.420,9,11.79,1117.09,27032.0,667.0,667.0
458,9.420,11.420,9,11.79,1117.09,26193.0,590.0,590.0
459,9.420,11.420,9,11.79,1117.09,26506.0,0.0,0.0
460,9.420,11.420,9,11.79,1117.09,26242.0,749.0,749.0
461,9.420,11.420,9,11.79,1117.09,26329.0,876.0,876.0
462,9.420,11.420,9,11.79,1117.09,24998.0,0.0,0.0
463,9.420,11.420,9,11.79,1117.09,26480.0,1145.0,1145.0
464,9.420,11.420,9,11.79,1117.09,26714.0,327.0,327.0
465,9.420,11.420,9,11.79,1117.09,26861.0,1345.0,1345.0
466,9.420,11.420,9,11.79,1117.09,22860.0,0.0,0.0
467,9.420,11.420,9,11.79,1117.09,25518.0,1152.0,1152.0
468,9.420,11.420,9,11.79,1117.09,24666.0,0.0,0.0
469,9.420,11.420,9,11.79,1117.09,25204.0,485.0,485.0
470,9.420,11.420,9,11.79,1117.09,25173.0,0.0,0.0
471,9.420,11.420,9,11.79,1117.09,24941.0,0.0,0.0
472,9.420,11.420,9,11.79,1117.09,25552.0,0.0,0.0
473,9.420,11.420,9,11.79,1117.09,24797.0,0.0,0.0
474,9.420,11.420,9,11.79,1117.09,24289.0,0.0,0.0
475,9.420,11.420,9,11.79,1117.09,26592.0,1216.0,1216.0
476,9.420,11.420,9,11.79,1117.09,26282.0,552.0,552.0
477,9.420,11.420,9,11.79,1117.09,24545.0,0.0,0.0
478,9.420,11.420,9,11.79,1117.09,24395.0,0.0,0.0
479,9.420,11.420,9,11.79,1117.09,24883.0,0.0,0.0
480,9.420,11.420,9,11.79,1117.09,24950.0,221.0,221.0
481,9.420,11.420,9,11.79,1117.09,24790.0,383.0,383.0
482,9.420,11.420,9,11.79,1117.09,25788.0,0.0,0.0
483,9.420,11.420,9,11.79,1117.09,25942.0,666.0,666.0
484,9.420,11.420,9,11.79,1117.09,24420.0,0.0,0.0
485,9.420,11.420,9,11.79,1117.09,27210.0,833.0,833.0
486,9.420,11.420,9,11.79,1117.09,27315.0,1157.0,1157.0
487,9.420,11.420,9,11.79,1117.09,26544.0,0.0,0.0
488,9.420,11.420,9,11.79,1117.09,24865.0,0.0,0.0
489,9.420,11.420,9,11.79,1117.09,25783.0,818.0,818.0
490,9.420,11.420,9,11.79,1117.09,25546.0,164.0,164.0
491,9.420,11.420,9,11.79,1117.09,26924.0,1475.0,1475.0
492,9.420,11.420,9,11.79,1117.09,25399.0,0.0,0.0
493,9.420,11.420,9,11.79,1117.09,26013.0,0.0,0.0
494,9.420,11.420,9,11.79,1117.09,24528.0,0.0,0.0
495,9.420,11.420,9,11.79,1117.09,25851.0,203.0,203.0
496,9.420,11.420,9,11.79,1117.09,25703.0,236.0,236.0
497,9.420,11.420,9,11.79,1117.09,25759.0,434.0,434.0
498,9.420,11.420,9,11.79,1117.09,25059.0,0.0,0.0
499,9.420,11.420,9,11.79,1117.09,24629.0,0.0,0.0
500,9.420,11.420,9,11.79,1117.09,25251.0,0.0,0.0
501,9.420,11.420,9,11.79,1117.09,26755.0,232.0,232.0
502,9.420,11.420,9,11.79,1117.09,25594.0,0.0,0.0
503,9.420,11.420,9,11.79,1117.09,26893.0,1098.0,1098.0
504,9.420,11.420,9,11.79,1117.09,25307.0,0.0,0.0
505,9.420,11.420,9,11.79,1117.09,25612.0,0.0,0.0
506,9.420,11.420,9,11.79,1117.09,24476.0,0.0,0.0
507,9.420,11.420,9,11.79,1117.09,25704.0,0.0,0.0
508,9.420,11.420,9,11.79,1117.09,24902.0,0.0,0.0
509,9.420,11.420,9,11.79,1117.09,24485.0,175.0,175.0
510,9.420,11.420,9,11.79,1117.09,26069.0,0.0,0.0
511,9.420,11.420,9,11.79,1117.09,25947.0,14.0,14.0
512,9.420,11.420,9,11.79,1117.09,25918.0,931.0,931.0
513,9.420,11.420,9,11.79,1117.09,25550.0,52.0,52.0
514,9.420,11.420,9,11.79,1117.09,26095.0,502.0,502.0
515,9.420,11.420,9,11.79,1117.09,22293.0,0.0,0.0
516,9.420,11.420,9,11.79,1117.09,24726.0,0.0,0.0
517,9.420,11.420,9,11.79,1117.09,25644.0,687.0,687.0
518,9.420,11.420,9,11.79,1117.09,26402.0,259.0,259.0
519,9.420,11.420,9,11.79,1117.09,25520.0,79.0,79.0
520,9.420,11.420,9,11.79,1117.09,23843.0,0.0,0.0
521,9.420,11.420,9,11.79,1117.09,24661.0,267.0,267.0
522,9.420,11.420,9,11.79,1117.09,24765.0,234.0,234.0
523,9.420,11.420,9,11.79,1117.09,25364.0,1006.0,1006.0
524,9.420,11.420,9,11.79,1117.09,25922.0,0.0,0.0
525,9.420,11.420,9,11.79,1117.09,24488.0,0.0,0.0
526,9.420,11.420,9,11.79,1117.09,23724.0,0.0,0.0
527,9.420,11.420,9,11.79,1117.09,25610.0,177.0,177.0
528,9.420,11.420,9,11.79,1117.09,25148.0,0.0,0.0
529,9.420,11.420,9,11.79,1117.09,24601.0,0.0,0.0
530,9.420,11.420,9,11.79,1117.09,24495.0,0.0,0.0
531,9.420,11.420,9,11.79,1117.09,25856.0,0.0,0.0
532,9.420,11.420,9,11.79,1117.09,25054.0,253.0,253.0
533,9.420,11.420,9,11.79,1117.09,24635.0,0.0,0.0
534,9.420,11.420,9,11.79,1117.09,24468.0,530.0,530.0
535,9.420,11.420,9,11.79,1117.09,24682.0,0.0,0.0
536,9.420,11.420,9,11.79,1117.09,23297.0,0.0,0.0
537,9.420,11.420,9,11.79,1117.09,25060.0,0.0,0.0
538,9.420,11.420,9,11.79,1117.09,24475.0,0.0,0.0
539,9.420,11.420,9,11.79,1117.09,24075.0,0.0,0.0
540,9.420,11.420,9,11.79,1117.09,26035.0,366.0,366.0
541,9.420,11.420,9,11.79,1117.09,24634.0,0.0,0.0
542,9.420,11.420,9,11.79,1117.09,25725.0,0.0,0.0
543,9.420,11.420,9,11.79,1117.09,26759.0,224.0,224.0
544,9.420,11.420,9,11.79,1117.09,26832.0,1172.0,1172.0
545,9.420,11.420,9,11.79,1117.09,24011.0,0.0,0.0
546,9.420,11.420,9,11.79,1117.09,26305.0,700.0,700.0
547,9.420,11.420,9,11.79,1117.09,27460.0,877.0,877.0
548,9.420,11.420,9,11.79,1117.09,26005.0,324.0,324.0
549,9.420,11.420,9,11.79,1117.09,25922.0,0.0,0.0
550,9.420,11.420,9,11.79,1117.09,25650.0,132.0,132.0
551,9.420,11.420,9,11.79,1117.09,26562.0,665.0,665.0
552,9.420,11.420,9,11.79,1117.09,25462.0,280.0,280.0
553,9.420,11.420,9,11.79,1117.09,26567.0,790.0,790.0
554,9.420,11.420,9,11.79,1117.09,26231.0,468.0,468.0
555,9.420,11.420,9,11.79,1117.09,24766.0,0.0,0.0
556,9.420,11.420,9,11.79,1117.09,23759.0,0.0,0.0
557,9.420,11.420,9,11.79,1117.09,24574.0,0.0,0.0
558,9.420,11.420,9,11.79,1117.09,24720.0,0.0,0.0
559,9.420,11.420,9,11.79,1117.09,28615.0,2270.0,2270.0
560,9.420,11.420,9,11.79,1117.09,25486.0,0.0,0.0
561,9.420,11.420,9,11.79,1117.09,26034.0,125.0,125.0
562,9.420,11.420,9,11.79,1117.09,25145.0,155.0,155.0
563,9.420,11.420,9,11.79,1117.09,26293.0,532.0,532.0
564,9.420,11.420,9,11.79,1117.09,25969.0,1115.0,1115.0
565,9.420,11.420,9,11.79,1117.09,24161.0,0.0,0.0
566,9.420,11.420,9,11.79,1117.09,24295.0,0.0,0.0
567,9.420,11.420,9,11.79,1117.09,24436.0,0.0,0.0
568,9.420,11.420,9,11.79,1117.09,25122.0,243.0,243.0
569,9.420,11.420,9,11.79,1117.09,25638.0,242.0,242.0
570,9.420,11.420,9,11.79,1117.09,25745.0,346.0,346.0
571,9.420,11.420,9,11.79,1117.09,26008.0,679.0,679.0
572,9.420,11.420,9,11.79,1117.09,24557.0,0.0,0.0
573,9.420,11.420,9,11.79,1117.09,25068.0,61.0,61.0
574,9.420,11.420,9,11.79,1117.09,26345.0,186.0,186.0
575,9.420,11.420,9,11.79,1117.09,24948.0,0.0,0.0
576,9.420,11.420,9,11.79,1117.09,24743.0,0.0,0.0
577,9.420,11.420,9,11.79,1117.09,23733.0,0.0,0.0
578,9.420,11.420,9,11.79,1117.09,24462.0,0.0,0.0
579,9.420,11.420,9,11.79,1117.09,25505.0,0.0,0.0
580,9.420,11.420,9,11.79,1117.09,25168.0,0.0,0.0
581,9.420,11.420,9,11.79,1117.09,26041.0,504.0,504.0
582,9.420,11.420,9,11.79,1117.09,26471.0,268.0,268.0
583,9.420,11.420,9,11.79,1117.09,24139.0,0.0,0.0
584,9.420,11.420,9,11.79,1117.09,25896.0,424.0,424.0
585,9.420,11.420,9,11.79,1117.09,24885.0,0.0,0.0
586,9.420,11.420,9,11.79,1117.09,25276.0,752.0,752.0
587,9.420,11.420,9,11.79,1117.09,28108.0,1629.0,1629.0
588,9.420,11.420,9,11.79,1117.09,25845.0,105.0,105.0
589,9.420,11.420,9,11.79,1117.09,26160.0,655.0,655.0
590,9.420,11.420,9,11.79,1117.09,26763.0,1387.0,1387.0
591,9.420,11.420,9,11.79,1117.09,23910.0,0.0,0.0
592,9.420,11.420,9,11.79,1117.09,26271.0,913.0,913.0
593,9.420,11.420,9,11.79,1117.09,23855.0,0.0,0.0
594,9.420,11.420,9,11.79,1117.09,24804.0,0.0,0.0
595,9.420,11.420,9,11.79,1117.09,26983.0,1607.0,1607.0
596,9.420,11.420,9,11.79,1117.09,24139.0,0.0,0.0
597,9.420,11.420,9,11.79,1117.09,25899.0,91.0,91.0
598,9.420,11.420,9,11.79,1117.09,26089.0,147.0,147.0
599,9.420,11.420,9,11.79,1117.09,24579.0,0.0,0.0
600,9.420,11.420,9,11.79,1117.09,25487.0,617.0,617.0
601,9.420,11.420,9,11.79,1117.09,23789.0,0.0,0.0
602,9.420,11.420,9,11.79,1117.09,23376.0,0.0,0.0
603,9.420,11.420,9,11.79,1117.09,25155.0,456.0,456.0
604,9.420,11.420,9,11.79,1117.09,25021.0,388.0,388.0
605,9.420,11.420,9,11.79,1117.09,24782.0,0.0,0.0
606,9.420,11.420,9,11.79,1117.09,26896.0,1085.0,1085.0
607,9.420,11.420,9,11.79,1117.09,24523.0,0.0,0.0
608,9.420,11.420,9,11.79,1117.09,26808.0,773.0,773.0
609,9.420,11.420,9,11.79,1117.09,25624.0,1151.0,1151.0
610,9.420,11.420,9,11.79,1117.09,24998.0,0.0,0.0
611,9.420,11.420,9,11.79,1117.09,25135.0,0.0,0.0
612,9.420,11.420,9,11.79,1117.09,24662.0,104.0,104.0
613,9.420,11.420,9,11.79,1117.09,24134.0,0.0,0.0
614,9.420,11.420,9,11.79,1117.09,24262.0,0.0,0.0
615,9.420,11.420,9,11.79,1117.09,25519.0,239.0,239.0
616,9.420,11.420,9,11.79,1117.09,24823.0,0.0,0.0
617,9.420,11.420,9,11.79,1117.09,25984.0,0.0,0.0
618,9.420,11.420,9,11.79,1117.09,26159.0,0.0,0.0
619,9.420,11.420,9,11.79,1117.09,26342.0,629.0,629.0
620,9.420,11.420,9,11.79,1117.09,25495.0,184.0,184.0
621,9.420,11.420,9,11.79,1117.09,24338.0,0.0,0.0
622,9.420,11.420,9,11.79,1117.09,23373.0,0.0,0.0
623,9.420,11.420,9,11.79,1117.09,25093.0,0.0,0.0
624,9.420,11.420,9,11.79,1117.09,26777.0,1079.0,1079.0
625,9.420,11.420,9,11.79,1117.09,26017.0,256.0,256.0
626,9.420,11.420,9,11.79,1117.09,26457.0,107.0,107.0
627,9.420,11.420,9,11.79,1117.09,25544.0,628.0,628.0
628,9.420,11.420,9,11.79,1117.09,24640.0,0.0,0.0
629,9.420,11.420,9,11.79,1117.09,24566.0,0.0,0.0
630,9.420,11.420,9,11.79,1117.09,24359.0,0.0,0.0
631,9.420,11.420,9,11.79,1117.09,26283.0,956.0,956.0
632,9.420,11.420,9,11.79,1117.09,24397.0,0.0,0.0
633,9.420,11.420,9,11.79,1117.09,25786.0,260.0,260.0
634,9.420,11.420,9,11.79,1117.09,25431.0,605.0,605.0
635,9.420,11.420,9,11.79,1117.09,24525.0,0.0,0.0
636,9.420,11.420,9,11.79,1117.09,24773.0,0.0,0.0
637,9.420,11.420,9,11.79,1117.09,26534.0,1377.0,1377.0
638,9.420,11.420,9,11.79,1117.09,27007.0,716.0,716.0
639,9.420,11.420,9,11.79,1117.09,25793.0,918.0,918.0
640,9.420,11.420,9,11.79,1117.09,25372.0,454.0,454.0
641,9.420,11.420,9,11.79,1117.09,24187.0,0.0,0.0
642,9.420,11.420,9,11.79,1117.09,24911.0,0.0,0.0
643,9.420,11.420,9,11.79,1117.09,24493.0,0.0,0.0
644,9.420,11.420,9,11.79,1117.09,24342.0,0.0,0.0
645,9.420,11.420,9,11.79,1117.09,24163.0,461.0,461.0
646,9.420,11.420,9,11.79,1117.09,25063.0,0.0,0.0
647,9.420,11.420,9,11.79,1117.09,24191.0,0.0,0.0
648,9.420,11.420,9,11.79,1117.09,25117.0,0.0,0.0
649,9.420,11.420,9,11.79,1117.09,26606.0,481.0,481.0
650,9.420,11.420,9,11.79,1117.09,27022.0,1380.0,1380.0
651,9.420,11.420,9,11.79,1117.09,25172.0,426.0,426.0
652,9.420,11.420,9,11.79,1117.09,26509.0,1260.0,1260.0
653,9.420,11.420,9,11.79,1117.09,25123.0,282.0,282.0
654,9.420,11.420,9,11.79,1117.09,25794.0,338.0,338.0
655,9.420,11.420,9,11.79,1117.09,24274.0,19.0,19.0
656,9.420,11.420,9,11.79,1117.09,25386.0,0.0,0.0
657,9.420,11.420,9,11.79,1117.09,24863.0,0.0,0.0
658,9.420,11.420,9,11.79,1117.09,24142.0,0.0,0.0
659,9.420,11.420,9,11.79,1117.09,25802.0,220.0,220.0
660,9.420,11.420,9,11.79,1117.09,26135.0,638.0,638.0
661,9.420,11.420,9,11.79,1117.09,24838.0,168.0,168.0
662,9.420,11.420,9,11.79,1117.09,25260.0,338.0,338.0
663,9.420,11.420,9,11.79,1117.09,25287.0,0.0,0.0
664,9.420,11.420,9,11.79,1117.09,23903.0,0.0,0.0
665,9.420,11.420,9,11.79,1117.09,27179.0,1423.0,1423.0
666,9.420,11.420,9,11.79,1117.09,24727.0,0.0,0.0
667,9.420,11.420,9,11.79,1117.09,25382.0,0.0,0.0
668,9.420,11.420,9,11.79,1117.09,25224.0,0.0,0.0
669,9.420,11.420,9,11.79,1117.09,24048.0,0.0,0.0
670,9.420,11.420,9,11.79,1117.09,25206.0,0.0,0.0
671,9.420,11.420,9,11.79,1117.09,24544.0,0.0,0.0
672,9.420,11.420,9,11.79,1117.09,24857.0,0.0,0.0
673,9.420,11.420,9,11.79,1117.09,24775.0,0.0,0.0
674,9.420,11.420,9,11.79,1117.09,25092.0,638.0,638.0
675,9.420,11.420,9,11.79,1117.09,24970.0,0.0,0.0
676,9.420,11.420,9,11.79,1117.09,25369.0,0.0,0.0
677,9.420,11.420,9,11.79,1117.09,25418.0,0.0,0.0
678,9.420,11.420,9,11.79,1117.09,22511.0,0.0,0.0
679,9.420,11.420,9,11.79,1117.09,24401.0,0.0,0.0
680,9.420,11.420,9,11.79,1117.09,26151.0,134.0,134.0
681,9.420,11.420,9,11.79,1117.09,24317.0,0.0,0.0
682,9.420,11.420,9,11.79,1117.09,25342.0,697.0,697.0
683,9.420,11.420,9,11.79,1117.09,23154.0,0.0,0.0
684,9.420,11.420,9,11.79,1117.09,25110.0,0.0,0.0
685,9.420,11.420,9,11.79,1117.09,25613.0,255.0,255.0
686,9.420,11.420,9,11.79,1117.09,25233.0,287.0,287.0
687,9.420,11.420,9,11.79,1117.09,26172.0,0.0,0.0
688,9.420,11.420,9,11.79,1117.09,26966.0,1277.0,1277.0
689,9.420,11.420,9,11.79,1117.09,25027.0,0.0,0.0
690,9.420,11.420,9,11.79,1117.09,26658.0,1681.0,1681.0
691,9.420,11.420,9,11.79,1117.09,28419.0,1324.0,1324.0
692,9.420,11.420,9,11.79,1117.09,25902.0,0.0,0.0
693,9.420,11.420,9,11.79,1117.09,26684.0,1242.0,1242.0
694,9.420,11.420,9,11.79,1117.09,26015.0,259.0,259.0
695,9.420,11.420,9,11.79,1117.09,25300.0,852.0,852.0
696,9.420,11.420,9,11.79,1117.09,23148.0,0.0,0.0
697,9.420,11.420,9,11.79,1117.09,26714.0,475.0,475.0
698,9.420,11.420,9,11.79,1117.09,23394.0,0.0,0.0
699,9.420,11.420,9,11.79,1117.09,24341.0,0.0,0.0
700,9.420,11.420,9,11.79,1117.09,27259.0,1637.0,1637.0
701,9.420,11.420,9,11.79,1117.09,27027.0,1268.0,1268.0
702,9.420,11.420,9,11.79,1117.09,25072.0,0.0,0.0
703,9.420,11.420,9,11.79,1117.09,25091.0,0.0,0.0
704,9.420,11.420,9,11.79,1117.09,25836.0,1335.0,1335.0
705,9.420,11.420,9,11.79,1117.09,23718.0,0.0,0.0
706,9.420,11.420,9,11.79,1117.09,25421.0,84.0,84.0
707,9.420,11.420,9,11.79,1117.09,25667.0,352.0,352.0
708,9.420,11.420,9,11.79,1117.09,25190.0,284.0,284.0
709,9.420,11.420,9,11.79,1117.09,25456.0,0.0,0.0
710,9.420,11.420,9,11.79,1117.09,23727.0,0.0,0.0
711,9.420,11.420,9,11.79,1117.09,26367.0,145.0,145.0
712,9.420,11.420,9,11.79,1117.09,25880.0,914.0,914.0
713,9.420,11.420,9,11.79,1117.09,24981.0,0.0,0.0
714,9.420,11.420,9,11.79,1117.09,28208.0,1552.0,1552.0
715,9.420,11.420,9,11.79,1117.09,26809.0,687.0,687.0
716,9.420,11.420,9,11.79,1117.09,25657.0,1027.0,1027.0
717,9.420,11.420,9,11.79,1117.09,24757.0,746.0,746.0
718,9.420,11.420,9,11.79,1117.09,26972.0,817.0,817.0
719,9.420,11.420,9,11.79,1117.09,24167.0,0.0,0.0
720,9.420,11.420,9,11.79,1117.09,24805.0,0.0,0.0
721,9.420,11.420,9,11.79,1117.09,26112.0,0.0,0.0
722,9.420,11.420,9,11.79,1117.09,23874.0,0.0,0.0
723,9.420,11.420,9,11.79,1117.09,24477.0,0.0,0.0
724,9.420,11.420,9,11.79,1117.09,24443.0,0.0,0.0
725,9.420,11.420,9,11.79,1117.09,23773.0,0.0,0.0
726,9.420,11.420,9,11.79,1117.09,26528.0,942.0,942.0
727,9.420,11.420,9,11.79,1117.09,26381.0,227.0,227.0
728,9.420,11.420,9,11.79,1117.09,24678.0,0.0,0.0
729,9.420,11.420,9,11.79,1117.09,24964.0,0.0,0.0
730,9.420,11.420,9,11.79,1117.09,25020.0,0.0,0.0
731,9.420,11.420,9,11.79,1117.09,25304.0,102.0,102.0
732,9.420,11.420,9,11.79,1117.09,27323.0,887.0,887.0
733,9.420,11.420,9,11.79,1117.09,25871.0,772.0,772.0
734,9.420,11.420,9,11.79,1117.09,23733.0,0.0,0.0
735,9.420,11.420,9,11.79,1117.09,25421.0,1272.0,1272.0
736,9.420,11.420,9,11.79,1117.09,25587.0,521.0,521.0
737,9.420,11.420,9,11.79,1117.09,26458.0,466.0,466.0
738,9.420,11.420,9,11.79,1117.09,25742.0,0.0,0.0
739,9.420,11.420,9,11.79,1117.09,25035.0,392.0,392.0
740,9.420,11.420,9,11.79,1117.09,25521.0,483.0,483.0
741,9.420,11.420,9,11.79,1117.09,22927.0,0.0,0.0
742,9.420,11.420,9,11.79,1117.09,26443.0,1003.0,1003.0
743,9.420,11.420,9,11.79,1117.09,24366.0,0.0,0.0
744,9.420,11.420,9,11.79,1117.09,24615.0,0.0,0.0
745,9.420,11.420,9,11.79,1117.09,24501.0,0.0,0.0
746,9.420,11.420,9,11.79,1117.09,26077.0,354.0,354.0
747,9.420,11.420,9,11.79,1117.09,23662.0,0.0,0.0
748,9.420,11.420,9,11.79,1117.09,24827.0,0.0,0.0
749,9.420,11.420,9,11.79,1117.09,24412.0,0.0,0.0
750,9.420,11.420,9,11.79,1117.09,23703.0,0.0,0.0
751,9.420,11.420,9,11.79,1117.09,26606.0,0.0,0.0
752,9.420,11.420,9,11.79,1117.09,26951.0,966.0,966.0
753,9.420,11.420,9,11.79,1117.09,26762.0,0.0,0.0
754,9.420,11.420,9,11.79,1117.09,25365.0,0.0,0.0
755,9.420,11.420,9,11.79,1117.09,28024.0,1598.0,1598.0
756,9.420,11.420,9,11.79,1117.09,24712.0,0.0,0.0
757,9.420,11.420,9,11.79,1117.09,23857.0,0.0,0.0
758,9.420,11.420,9,11.79,1117.09,23698.0,0.0,0.0
759,9.420,11.420,9,11.79,1117.09,23770.0,0.0,0.0
760,9.420,11.420,9,11.79,1117.09,24828.0,0.0,0.0
761,9.420,11.420,9,11.79,1117.09,24834.0,0.0,0.0
762,9.420,11.420,9,11.79,1117.09,26741.0,472.0,472.0
763,9.420,11.420,9,11.79,1117.09,24500.0,0.0,0.0
764,9.420,11.420,9,11.79,1117.09,24689.0,0.0,0.0
765,9.420,11.420,9,11.79,1117.09,23064.0,0.0,0.0
766,9.420,11.420,9,11.79,1117.09,24101.0,0.0,0.0
767,9.420,11.420,9,11.79,1117.09,23679.0,0.0,0.0
768,9.420,11.420,9,11.79,1117.09,24416.0,0.0,0.0
769,9.420,11.420,9,11.79,1117.09,25198.0,391.0,391.0
770,9.420,11.420,9,11.79,1117.09,25794.0,638.0,638.0
771,9.420,11.420,9,11.79,1117.09,25590.0,949.0,949.0
772,9.420,11.420,9,11.79,1117.09,24188.0,0.0,0.0
773,9.420,11.420,9,11.79,1117.09,24381.0,0.0,0.0
774,9.420,11.420,9,11.79,1117.09,25157.0,0.0,0.0
775,9.420,11.420,9,11.79,1117.09,23252.0,0.0,0.0
776,9.420,11.420,9,11.79,1117.09,23951.0,0.0,0.0
777,9.420,11.420,9,11.79,1117.09,24240.0,0.0,0.0
778,9.420,11.420,9,11.79,1117.09,25976.0,113.0,113.0
779,9.420,11.420,9,11.79,1117.09,27142.0,1522.0,1522.0
780,9.420,11.420,9,11.79,1117.09,24748.0,487.0,487.0
781,9.420,11.420,9,11.79,1117.09,24779.0,0.0,0.0
782,9.420,11.420,9,11.79,1117.09,24557.0,24.0,24.0
783,9.420,11.420,9,11.79,1117.09,25820.0,452.0,452.0
784,9.420,11.420,9,11.79,1117.09,24435.0,0.0,0.0
785,9.420,11.420,9,11.79,1117.09,25544.0,840.0,840.0
786,9.420,11.420,9,11.79,1117.09,24202.0,0.0,0.0
787,9.420,11.420,9,11.79,1117.09,23939.0,0.0,0.0
788,9.420,11.420,9,11.79,1117.09,24929.0,0.0,0.0
789,9.420,11.420,9,11.79,1117.09,23699.0,0.0,0.0
790,9.420,11.420,9,11.79,1117.09,22919.0,0.0,0.0
791,9.420,11.420,9,11.79,1117.09,24780.0,0.0,0.0
792,9.420,11.420,9,11.79,1117.09,23921.0,0.0,0.0
793,9.420,11.420,9,11.79,1117.09,26466.0,799.0,799.0
794,9.420,11.420,9,11.79,1117.09,24929.0,356.0,356.0
795,9.420,11.420,9,11.79,1117.09,26134.0,799.0,799.0
796,9.420,11.420,9,11.79,1117.09,23115.0,0.0,0.0
797,9.420,11.420,9,11.79,1117.09,24723.0,951.0,951.0
798,9.420,11.420,9,11.79,1117.09,24292.0,0.0,0.0
799,9.420,11.420,9,11.79,1117.09,25986.0,144.0,144.0
800,9.420,11.420,9,11.79,1117.09,24958.0,680.0,680.0
801,9.420,11.420,9,11.79,1117.09,24591.0,0.0,0.0
802,9.420,11.420,9,11.79,1117.09,27380.0,1649.0,1649.0
803,9.420,11.420,9,11.79,1117.09,26182.0,1635.0,1635.0
804,9.420,11.420,9,11.79,1117.09,24753.0,0.0,0.0
805,9.420,11.420,9,11.79,1117.09,23887.0,0.0,0.0
806,9.420,11.420,9,11.79,1117.09,25870.0,32.0,32.0
807,9.420,11.420,9,11.79,1117.09,24246.0,558.0,558.0
808,9.420,11.420,9,11.79,1117.09,26766.0,717.0,717.0
809,9.420,11.420,9,11.79,1117.09,26380.0,880.0,880.0
810,9.420,11.420,9,11.79,1117.09,25076.0,58.0,58.0
811,9.420,11.420,9,11.79,1117.09,26065.0,277.0,277.0
812,9.420,11.420,9,11.79,1117.09,24594.0,0.0,0.0
813,9.420,11.420,9,11.79,1117.09,26327.0,1030.0,1030.0
814,9.420,11.420,9,11.79,1117.09,27436.0,1515.0,1515.0
815,9.420,11.420,9,11.79,1117.09,25271.0,777.0,777.0
816,9.420,11.420,9,11.79,1117.09,24666.0,464.0,464.0
817,9.420,11.420,9,11.79,1117.09,23325.0,0.0,0.0
818,9.420,11.420,9,11.79,1117.09,26037.0,0.0,0.0
819,9.420,11.420,9,11.79,1117.09,25296.0,746.0,746.0
820,9.420,11.420,9,11.79,1117.09,24884.0,0.0,0.0
821,9.420,11.420,9,11.79,1117.09,23848.0,0.0,0.0
822,9.420,11.420,9,11.79,1117.09,22861.0,0.0,0.0
823,9.420,11.420,9,11.79,1117.09,24709.0,0.0,0.0
824,9.420,11.420,9,11.79,1117.09,23737.0,0.0,0.0
825,9.420,11.420,9,11.79,1117.09,26133.0,820.0,820.0
826,9.420,11.420,9,11.79,1117.09,26214.0,868.0,868.0
827,9.420,11.420,9,11.79,1117.09,25287.0,579.0,579.0
828,9.420,11.420,9,11.79,1117.09,25664.0,420.0,420.0
829,9.420,11.420,9,11.79,1117.09,24873.0,0.0,0.0
830,9.420,11.420,9,11.79,1117.09,23444.0,0.0,0.0
831,9.420,11.420,9,11.79,1117.09,25287.0,0.0,0.0
832,9.420,11.420,9,11.79,1117.09,25185.0,525.0,525.0
833,9.420,11.420,9,11.79,1117.09,24626.0,242.0,242.0
834,9.420,11.420,9,11.79,1117.09,23208.0,0.0,0.0
835,9.420,11.420,9,11.79,1117.09,24874.0,0.0,0.0
836,9.420,11.420,9,11.79,1117.09,23531.0,0.0,0.0
837,9.420,11.420,9,11.79,1117.09,25643.0,0.0,0.0
838,9.420,11.420,9,11.79,1117.09,24874.0,0.0,0.0
839,9.420,11.420,9,11.79,1117.09,23289.0,0.0,0.0
840,9.420,11.420,9,11.79,1117.09,25856.0,94.0,94.0
841,9.420,11.420,9,11.79,1117.09,26713.0,890.0,890.0
842,9.420,11.420,9,11.79,1117.09,24816.0,177.0,177.0
843,9.420,11.420,9,11.79,1117.09,30292.0,4384.0,4384.0
844,9.420,11.420,9,11.79,1117.09,41269.0,14300.0,14300.0
845,9.420,11.420,9.15,11.72,1117.09,39524.0,11841.0,11841.0
846,9.420,11.420,9.24,11.73,1117.09,37917.0,9977.0,9977.0
847,9.420,11.420,8.87,11.71,1117.09,43177.0,14677.0,14677.0
848,9.420,11.420,9.09,11.9,1117.09,40994.0,13462.0,13462.0
849,9.420,11.420,9.08,11.7,1117.09,40424.0,13133.0,13133.0
850,9.420,11.420,9.26,11.61,1117.09,39542.0,11950.0,11950.0
851,9.420,11.420,8.93,11.66,1117.09,42774.0,14424.0,14424.0
852,9.420,11.420,9.07,11.77,1117.09,39294.0,11017.0,11017.0
853,9.420,11.420,9.16,11.79,1117.09,39040.0,10766.0,10766.0
854,9.420,11.420,9.26,11.42,1117.09,39976.0,11983.0,11983.0
855,9.420,11.420,9.13,11.82,1117.09,38883.0,10502.0,10502.0
856,9.420,11.420,9.01,11.8,1117.09,40545.0,12418.0,12418.0
857,9.420,11.420,9.04,11.83,1117.09,40724.0,12951.0,12951.0
858,9.420,11.420,9.03,11.99,1117.09,41969.0,13822.0,13822.0
859,9.420,11.420,9,11.83,1117.09,38546.0,10964.0,10964.0
860,9.420,11.420,8.88,11.44,1117.09,39820.0,11505.0,11505.0
861,9.420,11.420,9.21,11.72,1117.09,39155.0,12878.0,12878.0
862,9.420,11.420,9.19,11.68,1117.09,39289.0,11779.0,11779.0
863,9.420,11.420,8.92,11.66,1117.09,39046.0,12194.0,12194.0
864,9.420,11.420,8.95,11.83,1117.09,41479.0,12310.0,12310.0
865,9.420,11.420,9.13,11.58,1117.09,39456.0,12681.0,12681.0
866,9.420,11.420,8.95,11.63,1117.09,40694.0,13210.0,13210.0
867,9.420,11.420,9.15,11.79,1117.09,38761.0,12213.0,12213.0
868,9.420,11.420,9.25,11.6,1117.09,39231.0,11946.0,11946.0
869,9.420,11.420,9.01,11.59,1117.09,38960.0,11053.0,11053.0
870,9.420,11.420,9.02,11.76,1117.09,40405.0,12082.0,12082.0
871,9.420,11.420,9.15,11.7,1117.09,37400.0,10479.0,10479.0
872,9.420,11.420,8.76,11.48,1117.09,37491.0,10830.0,10830.0
873,9.420,11.420,9.12,11.69,1117.09,40583.0,12000.0,12000.0
874,9.420,11.420,9.1,11.83,1117.09,38897.0,10656.0,10656.0
875,9.420,11.420,8.88,11.93,1117.09,38221.0,11629.0,11629.0
876,9.420,11.420,9.21,11.58,1117.09,40302.0,13735.0,13735.0
877,9.420,11.420,8.91,11.64,1117.09,40969.0,13528.0,13528.0
878,9.420,11.420,9.07,11.8,1117.09,39619.0,11904.0,11904.0
879,9.420,11.420,9.05,11.61,1117.09,42314.0,13947.0,13947.0
880,9.420,11.420,9.24,11.63,1117.09,40635.0,12893.0,12893.0
881,9.420,11.420,9.15,11.69,1117.09,39955.0,12146.0,12146.0
882,9.420,11.420,8.95,11.78,1117.09,37559.0,9998.0,9998.0
883,9.420,11.420,8.95,11.54,1117.09,40618.0,12031.0,12031.0
884,9.420,11.420,9.19,11.59,1117.09,40916.0,12710.0,12710.0
885,9.420,11.420,9.19,11.45,1117.09,41519.0,12921.0,12921.0
886,9.420,11.420,9.08,11.65,1117.09,39934.0,12954.0,12954.0
887,9.420,11.420,9.02,11.38,1117.09,37247.0,9415.0,9415.0
888,9.420,11.420,8.85,11.47,1117.09,41981.0,14389.0,14389.0
889,9.420,11.420,9.16,11.64,1117.09,39641.0,12426.0,12426.0
890,9.420,11.420,8.65,11.57,1117.09,39223.0,11982.0,11982.0
891,9.420,11.420,9.02,11.63,1117.09,41388.0,12564.0,12564.0
892,9.420,11.420,9.12,11.58,1117.09,40248.0,13150.0,13150.0
893,9.420,11.420,9.02,11.85,1117.09,40676.0,12893.0,12893.0
894,9.420,11.420,9.1,11.61,1117.09,38494.0,11232.0,11232.0
895,9.420,11.420,9.11,11.64,1117.09,41540.0,13467.0,13467.0
896,9.420,11.420,9.09,11.7,1117.09,41546.0,14467.0,14467.0
897,9.420,11.420,9.03,11.78,1117.09,40136.0,12515.0,12515.0
898,9.420,11.420,9.15,11.52,1117.09,42519.0,14657.0,14657.0
899,9.420,11.420,8.84,11.85,1117.09,37892.0,10902.0,10902.0
900,9.420,11.420,9.26,11.67,1117.09,39217.0,10765.0,10765.0
901,9.420,11.420,9.19,11.58,1117.09,41191.0,13656.0,13656.0
902,9.420,11.420,9.23,11.89,1117.09,38928.0,10887.0,10887.0
903,9.420,11.420,9.38,11.49,1117.09,40890.0,12725.0,12725.0
904,9.420,11.420,9.05,11.6,1117.09,39858.0,11849.0,11849.0
905,9.420,11.420,9.53,11.7,1117.09,40759.0,13334.0,13334.0
906,9.420,11.420,9.22,11.73,1117.09,37164.0,10323.0,10323.0
907,9.420,11.420,9.06,11.47,1117.09,41819.0,14565.0,14565.0
908,9.420,11.420,9.22,11.77,1117.09,41564.0,13034.0,13034.0
909,9.420,11.420,9.22,11.53,1117.09,40992.0,12620.0,12620.0
910,9.420,11.420,9.27,11.5,1117.09,41996.0,12746.0,12746.0
911,9.420,11.420,9.07,11.83,1117.09,39420.0,12708.0,12708.0
912,9.420,11.420,9.09,11.67,1117.09,44870.0,16288.0,16288.0
913,9.420,11.420,9.13,11.51,1117.09,40562.0,12464.0,12464.0
914,9.420,11.420,9.23,11.55,1117.09,40529.0,13184.0,13184.0
915,9.420,11.420,9.25,11.69,1117.09,39896.0,12593.0,12593.0
916,9.420,11.420,9.43,11.67,1117.09,42003.0,13479.0,13479.0
917,9.420,11.420,8.94,11.67,1117.09,41250.0,13791.0,13791.0
918,9.420,11.420,8.95,11.64,1117.09,42379.0,13481.0,13481.0
919,9.420,11.420,9.25,11.5,1117.09,41207.0,13711.0,13711.0
920,9.420,11.420,9.3,11.69,1117.09,43929.0,15654.0,15654.0
921,9.420,11.420,9.03,11.89,1117.09,40922.0,13436.0,13436.0
922,9.420,11.420,9.25,11.78,1117.09,41349.0,12430.0,12430.0
923,9.420,11.420,9.07,11.28,1117.09,41198.0,13868.0,13868.0
924,9.420,11.420,9.09,11.26,1117.09,39608.0,12513.0,12513.0
925,9.420,11.420,9.15,11.83,1117.09,40856.0,14111.0,14111.0
926,9.420,11.420,9.14,12,1117.09,41502.0,13072.0,13072.0
927,9.420,11.420,9.2,11.59,1117.09,39487.0,11372.0,11372.0
928,9.420,11.420,8.94,11.67,1117.09,39495.0,11886.0,11886.0
929,9.420,11.420,9.17,11.4,1117.09,42406.0,13852.0,13852.0
930,9.420,11.420,9.05,11.72,1117.09,42597.0,14117.0,14117.0
931,9.420,11.420,8.98,11.75,1117.09,38145.0,11147.0,11147.0
932,9.420,11.420,9.23,11.67,1117.09,39595.0,12110.0,12110.0
933,9.420,11.420,9.15,11.69,1117.09,38374.0,11061.0,11061.0
934,9.420,11.420,9.43,11.91,1117.09,41117.0,13132.0,13132.0
935,9.420,11.420,9.09,11.56,1117.09,40977.0,12509.0,12509.0
936,9.420,11.420,8.98,11.61,1117.09,43547.0,15830.0,15830.0
937,9.420,11.420,9.14,11.71,1117.09,39022.0,11670.0,11670.0
938,9.420,11.420,9.24,11.59,1117.09,41677.0,14371.0,14371.0
939,9.420,11.420,8.98,11.62,1117.09,42268.0,13355.0,13355.0
940,9.420,11.420,9.21,11.53,1117.09,41441.0,13946.0,13946.0
941,9.420,11.420,9.1,11.67,1117.09,40583.0,13356.0,13356.0
942,9.420,11.420,9.01,11.44,1117.09,39758.0,11583.0,11583.0
943,9.420,11.420,9.25,11.62,1117.09,36437.0,9254.0,9254.0
944,9.420,11.420,8.77,11.56,1117.09,41068.0,13312.0,13312.0
945,9.420,11.420,9.03,11.69,1117.09,38119.0,10570.0,10570.0
946,9.420,11.420,9.06,11.62,1117.09,40741.0,13819.0,13819.0
947,9.420,11.420,9.03,11.54,1117.09,38061.0,10979.0,10979.0
948,9.420,11.420,9.1,11.69,1117.09,42098.0,14393.0,14393.0
949,9.420,11.420,9.19,11.78,1117.09,35719.0,9770.0,9770.0
950,9.420,11.420,8.96,11.78,1117.09,39358.0,12039.0,12039.0
951,9.420,11.420,8.91,11.71,1117.09,38944.0,12036.0,12036.0
952,9.420,11.420,9.27,11.67,1117.09,40752.0,13175.0,13175.0
953,9.420,11.420,9.36,11.53,1117.09,40722.0,12130.0,12130.0
954,9.420,11.420,8.82,11.74,1117.09,39372.0,12388.0,12388.0
955,9.420,11.420,9.06,11.54,1117.09,39041.0,12318.0,12318.0
956,9.420,11.420,9.5,11.59,1117.09,39570.0,12102.0,12102.0
957,9.420,11.420,9.13,11.54,1117.09,39456.0,11039.0,11039.0
958,9.420,11.420,8.88,11.67,1117.09,40703.0,13007.0,13007.0
959,9.420,11.420,8.95,11.58,1117.09,39604.0,12152.0,12152.0
960,9.420,11.420,9.12,11.69,1117.09,43686.0,15718.0,15718.0
961,9.420,11.420,8.97,11.4,1117.09,40939.0,13000.0,13000.0
962,9.420,11.420,8.96,11.85,1117.09,42102.0,13852.0,13852.0
963,9.420,11.420,9.02,11.63,1117.09,40159.0,13441.0,13441.0
964,9.420,11.420,9.29,11.53,1117.09,40759.0,13532.0,13532.0
965,9.420,11.420,9.15,11.59,1117.09,38051.0,11685.0,11685.0
966,9.420,11.420,8.84,11.51,1117.09,39141.0,11699.0,11699.0
967,9.420,11.420,9.02,11.58,1117.09,41384.0,13421.0,13421.0
968,9.420,11.420,8.98,11.42,1117.09,40522.0,13056.0,13056.0
969,9.420,11.420,9.01,11.61,1117.09,37673.0,11030.0,11030.0
970,9.420,11.420,9.07,11.55,1117.09,41888.0,14025.0,14025.0
971,9.420,11.420,9.28,11.71,1117.09,41227.0,13164.0,13164.0
972,9.420,11.420,9.37,11.5,1117.09,38046.0,10771.0,10771.0
973,9.420,11.420,9.09,11.64,1117.09,42218.0,14438.0,14438.0
974,9.420,11.420,9.1,11.79,1117.09,40752.0,12638.0,12638.0
975,9.420,11.420,9.01,11.67,1117.09,37510.0,10808.0,10808.0
976,9.420,11.420,9.08,11.68,1117.09,38834.0,11858.0,11858.0
977,9.420,11.420,9.12,11.5,1117.09,41202.0,13534.0,13534.0
978,9.420,11.420,8.66,11.63,1117.09,40340.0,13186.0,13186.0
979,9.420,11.420,9.22,11.68,1117.09,40371.0,13343.0,13343.0
980,9.420,11.420,9.03,11.73,1117.09,40458.0,13505.0,13505.0
981,9.420,11.420,9.27,11.67,1117.09,40048.0,12388.0,12388.0
982,9.420,11.420,9.21,11.45,1117.09,42797.0,15281.0,15281.0
983,9.420,11.420,9.12,11.55,1117.09,40799.0,12923.0,12923.0
984,9.420,11.420,8.93,11.56,1117.09,40422.0,12580.0,12580.0
985,9.420,11.420,9.08,11.48,1117.09,40102.0,12458.0,12458.0
986,9.420,11.420,9.12,11.35,1117.09,40022.0,12423.0,12423.0
987,9.420,11.420,9.01,11.53,1117.09,39527.0,11681.0,11681.0
988,9.420,11.420,9.4,11.58,1117.09,41078.0,12736.0,12736.0
989,9.420,11.420,9.13,11.66,1117.09,41010.0,13350.0,13350.0
990,9.420,11.420,9.23,11.57,1117.09,39566.0,11933.0,11933.0
991,9.420,11.420,9.05,11.58,1117.09,39798.0,12257.0,12257.0
992,9.420,11.420,8.89,11.55,1117.09,41382.0,12942.0,12942.0
993,9.420,11.420,9.03,11.73,1117.09,39749.0,12280.0,12280.0
994,9.420,11.420,9.15,11.67,1117.09,39139.0,11485.0,11485.0
995,9.420,11.420,9.11,11.57,1117.09,43498.0,14965.0,14965.0
996,9.420,11.420,8.96,11.77,1117.09,38757.0,12063.0,12063.0
997,9.420,11.420,9.05,11.63,1117.09,39182.0,12399.0,12399.0
998,9.420,11.420,9.17,11.66,1117.09,38304.0,11893.0,11893.0
999,9.420,11.420,9.19,11.46,1117.09,39238.0,11956.0,11956.0
1000,9.420,11.420,9.35,11.56,1117.09,38663.0,11749.0,11749.0
1001,9.420,11.420,9.15,11.68,1117.09,38221.0,10019.0,10019.0
1002,9.420,11.420,9.14,11.53,1117.09,40579.0,13055.0,13055.0
1003,9.420,11.420,9.07,11.65,1117.09,39014.0,10953.0,10953.0
1004,9.420,11.420,9.29,11.72,1117.09,40462.0,13223.0,13223.0
1005,9.420,11.420,8.92,11.53,1117.09,39087.0,12513.0,12513.0
1006,9.420,11.420,9.29,11.41,1117.09,38757.0,11952.0,11952.0
1007,9.420,11.420,9.17,11.65,1117.09,41007.0,13217.0,13217.0
1008,9.420,11.420,9.01,11.64,1117.09,40781.0,12050.0,12050.0
1009,9.420,11.420,9.2,11.52,1117.09,39865.0,12131.0,12131.0
1010,9.420,11.420,9.04,11.68,1117.09,38840.0,10956.0,10956.0
1011,9.420,11.420,9.1,11.56,1117.09,35857.0,9770.0,9770.0
1012,9.420,11.420,9.08,11.6,1117.09,38999.0,11339.0,11339.0
1013,9.420,11.420,9.15,11.7,1117.09,39909.0,11835.0,11835.0
1014,9.420,11.420,9.45,11.44,1117.09,40502.0,13039.0,13039.0
1015,9.420,11.420,9.2,11.37,1117.09,39217.0,12396.0,12396.0
1016,9.420,11.420,9.01,11.58,1117.09,40128.0,12091.0,12091.0
1017,9.420,11.420,9.16,11.47,1117.09,41409.0,13509.0,13509.0
1018,9.420,11.420,9.13,11.68,1117.09,41409.0,14317.0,14317.0
1019,9.420,11.420,9.32,11.55,1117.09,41697.0,14054.0,14054.0
1020,9.420,11.420,9.01,11.56,1117.09,42124.0,13841.0,13841.0
1021,9.420,11.420,9.15,11.72,1117.09,40196.0,12688.0,12688.0
1022,9.420,11.420,9.15,11.48,1117.09,37513.0,10619.0,10619.0
1023,9.420,11.420,9.04,11.69,1117.09,41933.0,14894.0,14894.0
1024,9.420,11.420,9.12,11.48,1117.09,41123.0,13192.0,13192.0
1025,9.420,11.420,9.1,11.75,1117.09,39960.0,12902.0,12902.0
1026,9.420,11.420,9.17,11.56,1117.09,42036.0,14365.0,14365.0
1027,9.420,11.420,9.33,11.69,1117.09,40558.0,13096.0,13096.0
1028,9.420,11.420,9.04,11.83,1117.09,40453.0,11209.0,11209.0
1029,9.420,11.420,9.12,11.44,1117.09,38681.0,11235.0,11235.0
1030,9.420,11.420,9.15,11.4,1117.09,39456.0,13580.0,13580.0
1031,9.420,11.420,9.07,11.73,1117.09,40598.0,12758.0,12758.0
1032,9.420,11.420,9.27,11.39,1117.09,39123.0,11751.0,11751.0
1033,9.420,11.420,9,11.55,1117.09,38894.0,12498.0,12498.0
1034,9.420,11.420,8.95,11.6,1117.09,41863.0,14545.0,14545.0
1035,9.420,11.420,9.24,11.51,1117.09,40590.0,12799.0,12799.0
1036,9.420,11.420,9.14,11.51,1117.09,43086.0,15829.0,15829.0
1037,9.420,11.420,9.47,11.5,1117.09,41658.0,14445.0,14445.0
1038,9.420,11.420,9.17,11.57,1117.09,40150.0,12634.0,12634.0
1039,9.420,11.420,8.95,11.52,1117.09,41017.0,13178.0,13178.0
1040,9.420,11.420,9.01,11.76,1117.09,44420.0,15642.0,15642.0
1041,9.420,11.420,9.06,11.64,1117.09,41968.0,13285.0,13285.0
1042,9.420,11.420,9.12,11.37,1117.09,42337.0,14335.0,14335.0
1043,9.420,11.420,8.99,11.55,1117.09,39843.0,12185.0,12185.0
1044,9.420,11.420,9.14,11.56,1117.09,39169.0,11447.0,11447.0
1045,9.420,11.420,9.2,11.58,1117.09,41217.0,13858.0,13858.0
1046,9.420,11.420,8.97,11.57,1117.09,42114.0,14300.0,14300.0
1047,9.420,11.420,9,11.44,1117.09,38884.0,11434.0,11434.0
1048,9.420,11.420,9.06,11.42,1117.09,41591.0,13249.0,13249.0
1049,9.420,11.420,8.91,11.62,1117.09,39217.0,10784.0,10784.0
1050,9.420,11.420,9.08,11.48,1117.09,41040.0,13187.0,13187.0
1051,9.420,11.420,9.19,11.65,1117.09,40727.0,14212.0,14212.0
1052,9.420,11.420,9.1,11.7,1117.09,40612.0,12881.0,12881.0
1053,9.420,11.420,9.2,11.39,1117.09,39994.0,13119.0,13119.0
1054,9.420,11.420,9.09,11.42,1117.09,40197.0,13003.0,13003.0
1055,9.420,11.420,9.42,11.55,1117.09,40242.0,12748.0,12748.0
1056,9.420,11.420,9.21,11.57,1117.09,40694.0,12760.0,12760.0
1057,9.420,11.420,9.08,11.63,1117.09,40495.0,13282.0,13282.0
1058,9.420,11.420,8.98,11.68,1117.09,39221.0,10945.0,10945.0
1059,9.420,11.420,9.39,11.53,1117.09,39534.0,11894.0,11894.0
1060,9.420,11.420,8.95,11.54,1117.09,38613.0,11301.0,11301.0
1061,9.420,11.420,8.88,11.81,1117.09,38735.0,10953.0,10953.0
1062,9.420,11.420,9.05,11.78,1117.09,40682.0,13329.0,13329.0
1063,9.420,11.420,9.13,11.53,1117.09,42728.0,13951.0,13951.0
1064,9.420,11.420,9.26,11.51,1117.09,40153.0,12941.0,12941.0
1065,9.420,11.420,9.17,11.65,1117.09,40620.0,13206.0,13206.0
1066,9.420,11.420,9.03,11.7,1117.09,42120.0,15064.0,15064.0
1067,9.420,11.420,9.11,11.8,1117.09,39357.0,11248.0,11248.0
1068,9.420,11.420,9.06,11.37,1117.09,40369.0,12960.0,12960.0
1069,9.420,11.420,9.01,11.77,1117.09,41949.0,13737.0,13737.0
1070,9.420,11.420,9.12,11.64,1117.09,40741.0,12581.0,12581.0
1071,9.420,11.420,9.16,11.46,1117.09,39417.0,12214.0,12214.0
1072,9.420,11.420,9,11.43,1117.09,39290.0,11634.0,11634.0
1073,9.420,11.420,9.14,11.65,1117.09,42498.0,14959.0,14959.0
1074,9.420,11.420,9.07,11.5,1117.09,39970.0,13043.0,13043.0
1075,9.420,11.420,9.2,11.51,1117.09,42076.0,14172.0,14172.0
1076,9.420,11.420,9.19,11.41,1117.09,37330.0,9977.0,9977.0
1077,9.420,11.420,9.35,11.55,1117.09,40330.0,12409.0,12409.0
1078,9.420,11.420,8.98,11.74,1117.09,41599.0,13425.0,13425.0
1079,9.420,11.420,9.37,11.35,1117.09,42790.0,15844.0,15844.0
1080,9.420,11.420,8.99,11.58,1117.09,40629.0,13300.0,13300.0
1081,9.420,11.420,9.01,11.63,1117.09,40688.0,12858.0,12858.0
1082,9.420,11.420,8.81,11.46,1117.09,41691.0,14902.0,14902.0
1083,9.420,11.420,9.05,11.73,1117.09,41021.0,14313.0,14313.0
1084,9.420,11.420,9.29,11.6,1117.09,40081.0,12063.0,12063.0
1085,9.420,11.420,9.19,11.47,1117.09,39361.0,11357.0,11357.0
1086,9.420,11.420,9.05,11.65,1117.09,40818.0,12799.0,12799.0
1087,9.420,11.420,9.09,11.66,1117.09,38095.0,11875.0,11875.0
1088,9.420,11.420,9.2,11.65,1117.09,38731.0,11194.0,11194.0
1089,9.420,11.420,8.91,11.52,1117.09,41281.0,14560.0,14560.0
1090,9.420,11.420,9.06,11.46,1117.09,41006.0,13646.0,13646.0
1091,9.420,11.420,9.06,11.52,1117.09,40471.0,12700.0,12700.0
1092,9.420,11.420,9.11,11.49,1117.09,40721.0,13471.0,13471.0
1093,9.420,11.420,9.19,11.5,1117.09,40439.0,12908.0,12908.0
1094,9.420,11.420,9.14,11.49,1117.09,39979.0,12570.0,12570.0
1095,9.420,11.420,9.09,11.65,1117.09,39354.0,11429.0,11429.0
1096,9.420,11.420,9.11,11.59,1117.09,41700.0,13791.0,13791.0
1097,9.420,11.420,9.15,11.53,1117.09,38191.0,11586.0,11586.0
1098,9.420,11.420,9.13,11.59,1117.09,38091.0,10643.0,10643.0
1099,9.420,11.420,9.07,11.33,1117.09,41872.0,13942.0,13942.0
1100,9.420,11.420,9.29,11.55,1117.09,39506.0,12470.0,12470.0
1101,9.420,11.420,9.09,11.58,1117.09,41323.0,13678.0,13678.0
1102,9.420,11.420,9.32,11.42,1117.09,40522.0,13015.0,13015.0
1103,9.420,11.420,8.88,11.55,1117.09,41009.0,13676.0,13676.0
1104,9.420,11.420,9.46,11.68,1117.09,42024.0,14644.0,14644.0
1105,9.420,11.420,9.12,11.59,1117.09,39137.0,12048.0,12048.0
1106,9.420,11.420,9.15,11.42,1117.09,41257.0,13239.0,13239.0
1107,9.420,11.420,9,11.49,1117.09,42768.0,15380.0,15380.0
1108,9.420,11.420,9.18,11.52,1117.09,41584.0,14444.0,14444.0
1109,9.420,11.420,9.25,11.73,1117.09,40418.0,13505.0,13505.0
1110,9.420,11.420,9.26,11.65,1117.09,41956.0,15562.0,15562.0
1111,9.420,11.420,9.2,11.38,1117.09,38906.0,12004.0,12004.0
1112,9.420,11.420,9.08,11.28,1117.09,39553.0,12189.0,12189.0
1113,9.420,11.420,9.15,11.78,1117.09,40622.0,12772.0,12772.0
1114,9.420,11.420,9,11.4,1117.09,40585.0,14398.0,14398.0
1115,9.420,11.420,9.23,11.47,1117.09,39609.0,12700.0,12700.0
1116,9.420,11.420,9.06,11.43,1117.09,41154.0,14018.0,14018.0
1117,9.420,11.420,8.91,11.38,1117.09,41018.0,13995.0,13995.0
1118,9.420,11.420,9.12,11.58,1117.09,40258.0,12737.0,12737.0
1119,9.420,11.420,9.04,11.47,1117.09,37340.0,10447.0,10447.0
1120,9.420,11.420,9.32,11.37,1117.09,39887.0,12765.0,12765.0
1121,9.420,11.420,9.09,11.6,1117.09,38573.0,11435.0,11435.0
1122,9.420,11.420,9.12,11.57,1117.09,41590.0,13782.0,13782.0
1123,9.420,11.420,9.17,11.29,1117.09,39259.0,12488.0,12488.0
1124,9.420,11.420,9.26,11.48,1117.09,40186.0,12197.0,12197.0
1125,9.420,11.420,9.37,11.54,1117.09,42055.0,13948.0,13948.0
1126,9.420,11.420,8.93,11.44,1117.09,41514.0,14974.0,14974.0
1127,9.420,11.420,9.14,11.73,1117.09,42689.0,14268.0,14268.0
1128,9.420,11.420,9.09,11.39,1117.09,40112.0,12100.0,12100.0
1129,9.420,11.420,9.25,11.55,1117.09,41862.0,13418.0,13418.0
1130,9.420,11.420,8.96,11.32,1117.09,41948.0,13514.0,13514.0
1131,9.420,11.420,9.07,11.52,1117.09,39900.0,12669.0,12669.0
1132,9.420,11.420,9.21,11.6,1117.09,40531.0,13588.0,13588.0
1133,9.420,11.420,9.08,11.72,1117.09,39775.0,11737.0,11737.0
1134,9.420,11.420,8.98,11.45,1117.09,41295.0,13220.0,13220.0
1135,9.420,11.420,9.41,11.53,1117.09,42266.0,16098.0,16098.0
1136,9.420,11.420,9.15,11.33,1117.09,38974.0,12119.0,12119.0
1137,9.420,11.420,9.05,11.5,1117.09,41142.0,13569.0,13569.0
1138,9.420,11.420,9.11,11.49,1117.09,39668.0,11834.0,11834.0
1139,9.420,11.420,9.24,11.55,1117.09,37530.0,10098.0,10098.0
1140,9.420,11.420,9.19,11.27,1117.09,39329.0,12749.0,12749.0
1141,9.420,11.420,9.09,11.59,1117.09,37303.0,11498.0,11498.0
1142,9.420,11.420,9.25,11.48,1117.09,39056.0,11964.0,11964.0
1143,9.420,11.420,8.98,11.61,1117.09,40230.0,13021.0,13021.0
1144,9.420,11.420,9.19,11.43,1117.09,40671.0,13195.0,13195.0
1145,9.420,11.420,8.93,11.57,1117.09,41701.0,14893.0,14893.0
1146,9.420,11.420,9,11.56,1117.09,39481.0,12033.0,12033.0
1147,9.420,11.420,9.09,11.58,1117.09,38319.0,11627.0,11627.0
1148,9.420,11.420,9.14,11.34,1117.09,41865.0,15013.0,15013.0
1149,9.420,11.420,9.25,11.65,1117.09,38535.0,11933.0,11933.0
1150,9.420,11.420,8.96,11.52,1117.09,40061.0,12514.0,12514.0
1151,9.420,11.420,9.21,11.39,1117.09,41760.0,13047.0,13047.0
1152,9.420,11.420,9.12,11.64,1117.09,41784.0,14021.0,14021.0
1153,9.420,11.420,9.23,11.54,1117.09,39035.0,11882.0,11882.0
1154,9.420,11.420,9.12,11.58,1117.09,39989.0,13550.0,13550.0
1155,9.420,11.420,9.17,11.87,1117.09,40530.0,13028.0,13028.0
1156,9.420,11.420,9.05,11.55,1117.09,38972.0,12442.0,12442.0
1157,9.420,11.420,9.05,11.55,1117.09,36641.0,9994.0,9994.0
1158,9.420,11.420,9.2,11.34,1117.09,40008.0,13399.0,13399.0
1159,9.420,11.420,9.08,11.5,1117.09,40636.0,13802.0,13802.0
1160,9.420,11.420,9.38,11.43,1117.09,38886.0,11945.0,11945.0
1161,9.420,11.420,9.47,11.46,1117.09,40386.0,12885.0,12885.0
1162,9.420,11.420,9.31,11.44,1117.09,42355.0,14420.0,14420.0
1163,9.420,11.420,8.87,11.42,1117.09,41350.0,14395.0,14395.0
1164,9.420,11.420,9.08,11.47,1117.09,39601.0,12500.0,12500.0
1165,9.420,11.420,9.25,11.27,1117.09,39060.0,11933.0,11933.0
1166,9.420,11.420,8.95,11.42,1117.09,41717.0,14666.0,14666.0
1167,9.420,11.420,9.27,11.55,1117.09,43804.0,15244.0,15244.0
1168,9.420,11.420,9.02,11.31,1117.09,41256.0,13662.0,13662.0
1169,9.420,11.420,9.2,11.45,1117.09,39288.0,12440.0,12440.0
1170,9.420,11.420,9.06,11.7,1117.09,41172.0,14342.0,14342.0
1171,9.420,11.420,9.17,11.54,1117.09,40023.0,12639.0,12639.0
1172,9.420,11.420,9.17,11.36,1117.09,40591.0,13598.0,13598.0
1173,9.420,11.420,9.02,11.44,1117.09,41259.0,13918.0,13918.0
1174,9.420,11.420,9.12,11.43,1117.09,41624.0,14478.0,14478.0
1175,9.420,11.420,9.14,11.49,1117.09,42058.0,14195.0,14195.0
1176,9.420,11.420,9.15,11.52,1117.09,40997.0,13144.0,13144.0
1177,9.420,11.420,9.29,11.44,1117.09,38714.0,12235.0,12235.0
1178,9.420,11.420,9.17,11.36,1117.09,41883.0,14517.0,14517.0
1179,9.420,11.420,9.08,11.28,1117.09,40545.0,13066.0,13066.0
1180,9.420,11.420,9.15,11.44,1117.09,40438.0,12953.0,12953.0
1181,9.420,11.420,9.25,11.46,1117.09,43538.0,15593.0,15593.0
1182,9.420,11.420,9.43,11.52,1117.09,38762.0,11536.0,11536.0
1183,9.420,11.420,9.23,11.31,1117.09,39836.0,13618.0,13618.0
1184,9.420,11.420,9.16,11.42,1117.09,42135.0,14902.0,14902.0
1185,9.420,11.420,9.07,11.52,1117.09,42832.0,15571.0,15571.0
1186,9.420,11.420,8.96,11.57,1117.09,38812.0,11398.0,11398.0
1187,9.420,11.420,9.24,11.35,1117.09,39041.0,11972.0,11972.0
1188,9.420,11.420,9.13,11.36,1117.09,42965.0,15336.0,15336.0
1189,9.420,11.420,9.03,11.73,1117.09,37621.0,10655.0,10655.0
1190,9.420,11.420,9.41,11.37,1117.09,41949.0,15455.0,15455.0
1191,9.420,11.420,9.08,11.28,1117.09,39744.0,12345.0,12345.0
1192,9.420,11.420,9.21,11.51,1117.09,37083.0,10264.0,10264.0
1193,9.420,11.420,9.17,11.61,1117.09,39196.0,12546.0,12546.0
1194,9.420,11.420,8.91,11.63,1117.09,38135.0,11498.0,11498.0
1195,9.420,11.420,9.45,11.64,1117.09,39863.0,12628.0,12628.0
1196,9.420,11.420,9.18,11.55,1117.09,37367.0,11335.0,11335.0
1197,9.420,11.420,8.99,11.38,1117.09,34650.0,8171.0,8171.0
1198,9.420,11.420,9.09,11.53,1117.09,37427.0,10508.0,10508.0
1199,9.420,11.420,9.13,11.56,1117.09,37275.0,10548.0,10548.0
1200,9.420,11.420,8.99,11.35,1117.09,38311.0,11219.0,11219.0
1201,9.420,11.420,9.13,11.43,1117.09,40053.0,12691.0,12691.0
1202,9.420,11.420,9.04,11.38,1117.09,39872.0,11908.0,11908.0
1203,9.420,11.420,8.95,11.23,1117.09,40438.0,12759.0,12759.0
1204,9.420,11.420,8.93,11.33,1117.09,39113.0,12379.0,12379.0
1205,9.420,11.420,9.03,11.39,1117.09,39209.0,11646.0,11646.0
1206,9.420,11.420,9.07,11.71,1117.09,41048.0,13373.0,13373.0
1207,9.420,11.420,9.37,11.44,1117.09,40871.0,13897.0,13897.0
1208,9.420,11.420,9.07,11.51,1117.09,36838.0,10731.0,10731.0
1209,9.420,11.420,9.18,11.42,1117.09,37850.0,10284.0,10284.0
1210,9.420,11.420,8.8,11.52,1117.09,40597.0,14461.0,14461.0
1211,9.420,11.420,9.17,11.57,1117.09,35194.0,9009.0,9009.0
1212,9.420,11.420,8.66,11.38,1117.09,39174.0,12656.0,12656.0
1213,9.420,11.420,9.38,11.39,1117.09,38284.0,12100.0,12100.0
1214,9.420,11.420,9.24,11.45,1117.09,36872.0,10587.0,10587.0
1215,9.420,11.420,9.24,11.49,1117.09,42609.0,14787.0,14787.0
1216,9.420,11.420,9.16,11.44,1117.09,39691.0,12795.0,12795.0
1217,9.420,11.420,9.01,11.4,1117.09,38112.0,10791.0,10791.0
1218,9.420,11.420,9.24,11.63,1117.09,36833.0,9985.0,9985.0
1219,9.420,11.420,9.07,11.16,1117.09,41021.0,12522.0,12522.0
1220,9.420,11.420,9.18,11.41,1117.09,39454.0,12016.0,12016.0
1221,9.420,11.420,9.43,11.49,1117.09,35983.0,9921.0,9921.0
1222,9.420,11.420,9.2,11.43,1117.09,40024.0,12509.0,12509.0
1223,9.420,11.420,9.4,11.51,1117.09,35640.0,9896.0,9896.0
1224,9.420,11.420,9.16,11.67,1117.09,39745.0,11925.0,11925.0
1225,9.420,11.420,9.09,11.36,1117.09,40217.0,12007.0,12007.0
1226,9.420,11.420,9.17,11.56,1117.09,40675.0,13014.0,13014.0
1227,9.420,11.420,9.06,11.61,1117.09,37842.0,10796.0,10796.0
1228,9.420,11.420,9.37,11.6,1117.09,40542.0,14057.0,14057.0
1229,9.420,11.420,9.28,11.35,1117.09,36242.0,10089.0,10089.0
1230,9.420,11.420,9.18,11.65,1117.09,38459.0,11568.0,11568.0
1231,9.420,11.420,9.3,11.27,1117.09,37823.0,10508.0,10508.0
1232,9.420,11.420,8.97,11.38,1117.09,39185.0,11912.0,11912.0
1233,9.420,11.420,9.04,11.44,1117.09,38294.0,10627.0,10627.0
1234,9.420,11.420,9.16,11.86,1117.09,38119.0,11038.0,11038.0
1235,9.420,11.420,9.45,11.23,1117.09,39532.0,11955.0,11955.0
1236,9.420,11.420,9.05,11.56,1117.09,38674.0,11058.0,11058.0
1237,9.420,11.420,9.07,11.6,1117.09,38138.0,11732.0,11732.0
1238,9.420,11.420,9.05,11.57,1117.09,37827.0,9996.0,9996.0
1239,9.420,11.420,9.05,11.62,1117.09,38878.0,11581.0,11581.0
1240,9.420,11.420,9.1,11.47,1117.09,40328.0,13064.0,13064.0
1241,9.420,11.420,8.86,11.41,1117.09,38081.0,10916.0,10916.0
1242,9.420,11.420,9.16,11.32,1117.09,36459.0,10409.0,10409.0
1243,9.420,11.420,9.1,11.34,1117.09,37208.0,10608.0,10608.0
1244,9.420,11.420,9.21,11.26,1117.09,37753.0,11444.0,11444.0
1245,9.420,11.420,9.08,11.64,1117.09,41335.0,14079.0,14079.0
1246,9.420,11.420,8.89,11.45,1117.09,39332.0,13043.0,13043.0
1247,9.420,11.420,9.24,11.51,1117.09,38024.0,9940.0,9940.0
1248,9.420,11.420,8.95,11.51,1117.09,40634.0,14243.0,14243.0
1249,9.420,11.420,9.05,11.52,1117.09,40164.0,13618.0,13618.0
1250,9.420,11.420,9.07,11.36,1117.09,40670.0,12215.0,12215.0
1251,9.420,11.420,9.13,11.29,1117.09,39982.0,13255.0,13255.0
1252,9.420,11.420,9.06,11.37,1117.09,35573.0,9180.0,9180.0
1253,9.420,11.420,9.26,11.44,1117.09,38863.0,12448.0,12448.0
1254,9.420,11.420,9.19,11.58,1117.09,36780.0,9757.0,9757.0
1255,9.420,11.420,9.08,11.58,1117.09,40579.0,12769.0,12769.0
1256,9.420,11.420,9.04,11.7,1117.09,36925.0,10956.0,10956.0
1257,9.420,11.420,9.29,11.35,1117.09,41387.0,13237.0,13237.0
1258,9.420,11.420,9.03,11.46,1117.09,39197.0,12074.0,12074.0
1259,9.420,11.420,9.23,11.62,1117.09,40200.0,14184.0,14184.0
1260,9.420,11.420,9.25,11.44,1117.09,38911.0,11515.0,11515.0
1261,9.420,11.420,9.34,11.45,1117.09,39781.0,13484.0,13484.0
1262,9.420,11.420,9.34,11.42,1117.09,40861.0,11733.0,11733.0
1263,9.420,11.420,9.01,11.22,1117.09,39236.0,11072.0,11072.0
1264,9.420,11.420,9.21,11.24,1117.09,38523.0,11180.0,11180.0
1265,9.420,11.420,9.47,11.55,1117.09,38164.0,10921.0,10921.0
1266,9.420,11.420,9.15,11.48,1117.09,41343.0,13314.0,13314.0
1267,9.420,11.420,9.04,11.4,1117.09,39152.0,12221.0,12221.0
1268,9.420,11.420,9.28,11.61,1117.09,42754.0,15524.0,15524.0
1269,9.420,11.420,8.71,11.41,1117.09,39674.0,12923.0,12923.0
1270,9.420,11.420,9.12,11.69,1117.09,37361.0,9544.0,9544.0
1271,9.420,11.420,9.31,11.37,1117.09,38229.0,11668.0,11668.0
1272,9.420,11.420,9.11,11.61,1117.09,38522.0,11291.0,11291.0
1273,9.420,11.420,9.15,11.29,1117.09,39477.0,11943.0,11943.0
1274,9.420,11.420,9.44,11.59,1117.09,38712.0,11891.0,11891.0
1275,9.420,11.420,9.1,11.22,1117.09,41510.0,14371.0,14371.0
1276,9.420,11.420,9.02,11.74,1117.09,39212.0,12034.0,12034.0
1277,9.420,11.420,9.28,11.57,1117.09,41791.0,14308.0,14308.0
1278,9.420,11.420,8.99,11.57,1117.09,41282.0,13138.0,13138.0
1279,9.420,11.420,9.2,11.42,1117.09,39845.0,12474.0,12474.0
1280,9.420,11.420,9.12,11.38,1117.09,41035.0,13380.0,13380.0
1281,9.420,11.420,9.24,11.35,1117.09,37689.0,11230.0,11230.0
1282,9.420,11.420,9.01,11.73,1117.09,38691.0,11355.0,11355.0
1283,9.420,11.420,9,11.67,1117.09,39123.0,11597.0,11597.0
1284,9.420,11.420,8.97,11.27,1117.09,40515.0,14254.0,14254.0
1285,9.420,11.420,9.14,11.4,1117.09,39018.0,12596.0,12596.0
1286,9.420,11.420,9.12,11.45,1117.09,37638.0,10908.0,10908.0
1287,9.420,11.420,9.2,11.54,1117.09,38792.0,11843.0,11843.0
1288,9.420,11.420,9.2,11.42,1117.09,38087.0,12278.0,12278.0
1289,9.420,11.420,9.15,11.34,1117.09,38520.0,11781.0,11781.0
1290,9.420,11.420,9.32,11.6,1117.09,39892.0,12899.0,12899.0
1291,9.420,11.420,9.17,11.27,1117.09,39762.0,13252.0,13252.0
1292,9.420,11.420,8.98,11.7,1117.09,41025.0,12684.0,12684.0
1293,9.420,11.420,8.98,11.42,1117.09,38010.0,10295.0,10295.0
1294,9.420,11.420,9.08,11.58,1117.09,39352.0,11684.0,11684.0
1295,9.420,11.420,9.24,11.39,1117.09,42008.0,14217.0,14217.0
1296,9.420,11.420,9.17,11.6,1117.09,38270.0,11480.0,11480.0
1297,9.420,11.420,9.09,11.47,1117.09,38489.0,11315.0,11315.0
1298,9.420,11.420,9.33,11.38,1117.09,38022.0,11154.0,11154.0
1299,9.420,11.420,8.98,11.3,1117.09,39371.0,12511.0,12511.0
1300,9.420,11.420,9.14,11.6,1117.09,39344.0,12013.0,12013.0
1301,9.420,11.420,9.32,11.67,1117.09,37980.0,11578.0,11578.0
1302,9.420,11.420,9.43,11.71,1117.09,40904.0,13463.0,13463.0
1303,9.420,11.420,9.39,11.45,1117.09,38165.0,11342.0,11342.0
1304,9.420,11.420,8.94,11.65,1117.09,40429.0,12751.0,12751.0
1305,9.420,11.420,9.32,11.42,1117.09,40143.0,12856.0,12856.0
1306,9.420,11.420,9.34,11.39,1117.09,42669.0,14113.0,14113.0
1307,9.420,11.420,9.25,11.44,1117.09,36276.0,8864.0,8864.0
1308,9.420,11.420,9.52,11.45,1117.09,39458.0,12536.0,12536.0
1309,9.420,11.420,9.02,11.75,1117.09,39429.0,12626.0,12626.0
1310,9.420,11.420,9.12,11.48,1117.09,37019.0,11029.0,11029.0
1311,9.420,11.420,9.14,11.24,1117.09,37891.0,10420.0,10420.0
1312,9.420,11.420,9.47,11.48,1117.09,40395.0,12802.0,12802.0
1313,9.420,11.420,9.39,11.44,1117.09,38939.0,12401.0,12401.0
1314,9.420,11.420,9.42,11.45,1117.09,42420.0,14659.0,14659.0
1315,9.420,11.420,8.97,11.42,1117.09,41354.0,13473.0,13473.0
1316,9.420,11.420,9.45,11.53,1117.09,38783.0,12154.0,12154.0
1317,9.420,11.420,9.15,11.27,1117.09,38109.0,11041.0,11041.0
1318,9.420,11.420,9.33,11.34,1117.09,37519.0,11561.0,11561.0
1319,9.420,11.420,9.03,11.56,1117.09,40102.0,12736.0,12736.0
1320,9.420,11.420,9.49,11.53,1117.09,42262.0,15841.0,15841.0
1321,9.420,11.420,9.27,11.35,1117.09,40074.0,12986.0,12986.0
1322,9.420,11.420,9.13,11.64,1117.09,38419.0,10918.0,10918.0
1323,9.420,11.420,9.06,11.37,1117.09,41934.0,14377.0,14377.0
1324,9.420,11.420,8.89,11.65,1117.09,40895.0,13831.0,13831.0
1325,9.420,11.420,9.26,11.47,1117.09,40164.0,13334.0,13334.0
1326,9.420,11.420,9.03,11.36,1117.09,38688.0,12679.0,12679.0
1327,9.420,11.420,9.06,11.42,1117.09,39676.0,13350.0,13350.0
1328,9.420,11.420,9.4,11.47,1117.09,39349.0,12716.0,12716.0
1329,9.420,11.420,9.22,11.42,1117.09,40948.0,13886.0,13886.0
1330,9.420,11.420,9.47,11.37,1117.09,40323.0,12066.0,12066.0
1331,9.420,11.420,8.87,11.52,1117.09,38229.0,12706.0,12706.0
1332,9.420,11.420,9.02,11.27,1117.09,38737.0,11901.0,11901.0
1333,9.420,11.420,9.35,11.56,1117.09,37395.0,9952.0,9952.0
1334,9.420,11.420,9.27,11.4,1117.09,38900.0,12864.0,12864.0
1335,9.420,11.420,9.3,11.55,1117.09,37819.0,10953.0,10953.0
1336,9.420,11.420,9.08,11.61,1117.09,40086.0,12571.0,12571.0
1337,9.420,11.420,9.32,11.52,1117.09,41466.0,14618.0,14618.0
1338,9.420,11.420,9.21,11.19,1117.09,37789.0,11005.0,11005.0
1339,9.420,11.420,9.15,11.49,1117.09,38981.0,11686.0,11686.0
1340,9.420,11.420,9.31,11.41,1117.09,36733.0,10323.0,10323.0
1341,9.420,11.420,9.03,11.47,1117.09,39838.0,12806.0,12806.0
1342,9.420,11.420,9.11,11.58,1117.09,40348.0,13367.0,13367.0
1343,9.420,11.420,9.46,11.55,1117.09,39589.0,12819.0,12819.0
1344,9.420,11.420,9.35,11.57,1117.09,37921.0,11369.0,11369.0
1345,9.420,11.420,9.26,11.3,1117.09,41202.0,13983.0,13983.0
1346,9.420,11.420,9.19,11.51,1117.09,37864.0,11456.0,11456.0
1347,9.420,11.420,9.24,11.71,1117.09,37549.0,11686.0,11686.0
1348,9.420,11.420,9.24,11.37,1117.09,40414.0,13797.0,13797.0
1349,9.420,11.420,9.18,11.44,1117.09,39471.0,12421.0,12421.0
1350,9.420,11.420,9.16,11.29,1117.09,42889.0,16311.0,16311.0
1351,9.420,11.420,9.24,11.37,1117.09,36401.0,10209.0,10209.0
1352,9.420,11.420,9.45,11.59,1117.09,40271.0,13511.0,13511.0
1353,9.420,11.420,9.15,11.62,1117.09,38814.0,12127.0,12127.0
1354,9.420,11.420,9.18,11.34,1117.09,39446.0,12942.0,12942.0
1355,9.420,11.420,9.37,11.5,1117.09,41811.0,14102.0,14102.0
1356,9.420,11.420,9.12,11.45,1117.09,41525.0,13714.0,13714.0
1357,9.420,11.420,9.13,11.4,1117.09,39599.0,12098.0,12098.0
1358,9.420,11.420,9.42,11.35,1117.09,37798.0,10192.0,10192.0
1359,9.420,11.420,9.07,11.33,1117.09,39278.0,12189.0,12189.0
1360,9.420,11.420,9.01,11.72,1117.09,39795.0,12596.0,12596.0
1361,9.420,11.420,9.3,11.47,1117.09,37867.0,10692.0,10692.0
1362,9.420,11.420,9.12,11.37,1117.09,40246.0,12631.0,12631.0
1363,9.420,11.420,9.44,11.38,1117.09,39515.0,13122.0,13122.0
1364,9.420,11.420,9.36,11.25,1117.09,39440.0,12503.0,12503.0
1365,9.420,11.420,9.15,11.36,1117.09,39442.0,13087.0,13087.0
1366,9.420,11.420,9.14,11.31,1117.09,38704.0,12499.0,12499.0
1367,9.420,11.420,9.13,11.38,1117.09,40969.0,13192.0,13192.0
1368,9.420,11.420,9,11.52,1117.09,38539.0,12068.0,12068.0
1369,9.420,11.420,9.26,11.56,1117.09,39745.0,12667.0,12667.0
1370,9.420,11.420,9.3,11.62,1117.09,39803.0,12902.0,12902.0
1371,9.420,11.420,9.12,11.66,1117.09,39016.0,11761.0,11761.0
1372,9.420,11.420,9.21,11.45,1117.09,39399.0,12709.0,12709.0
1373,9.420,11.420,9.5,11.54,1117.09,40526.0,14650.0,14650.0
1374,9.420,11.420,9.1,11.33,1117.09,41187.0,13681.0,13681.0
1375,9.420,11.420,9.37,11.4,1117.09,37485.0,11096.0,11096.0
1376,9.420,11.420,9.3,11.46,1117.09,36969.0,10897.0,10897.0
1377,9.420,11.420,9.26,11.61,1117.09,38750.0,12278.0,12278.0
1378,9.420,11.420,9.04,11.54,1117.09,39762.0,12615.0,12615.0
1379,9.420,11.420,9.08,11.38,1117.09,39484.0,11721.0,11721.0
1380,9.420,11.420,9.16,11.37,1117.09,40696.0,12826.0,12826.0
1381,9.420,11.420,9.51,11.35,1117.09,39714.0,12139.0,12139.0
1382,9.420,11.420,8.96,11.65,1117.09,39497.0,13079.0,13079.0
1383,9.420,11.420,9.27,11.49,1117.09,38259.0,12059.0,12059.0
1384,9.420,11.420,9.14,11.47,1117.09,37936.0,10848.0,10848.0
1385,9.420,11.420,9.1,11.51,1117.09,40645.0,13437.0,13437.0
1386,9.420,11.420,9.04,11.3,1117.09,38300.0,11077.0,11077.0
1387,9.420,11.420,9.33,11.51,1117.09,38099.0,11350.0,11350.0
1388,9.420,11.420,8.94,11.58,1117.09,40961.0,14629.0,14629.0
1389,9.420,11.420,9.47,11.37,1117.09,37449.0,10466.0,10466.0
1390,9.420,11.420,9.13,11.44,1117.09,38911.0,11038.0,11038.0
1391,9.420,11.420,9.34,11.63,1117.09,38626.0,12326.0,12326.0
1392,9.420,11.420,9.13,11.39,1117.09,38163.0,11365.0,11365.0
1393,9.420,11.420,9.25,11.37,1117.09,37844.0,11361.0,11361.0
1394,9.420,11.420,9.2,11.39,1117.09,39996.0,13348.0,13348.0
1395,9.420,11.420,9.4,11.42,1117.09,40081.0,12704.0,12704.0
1396,9.420,11.420,9.2,11.72,1117.09,39842.0,12327.0,12327.0
1397,9.420,11.420,8.85,11.31,1117.09,40408.0,13414.0,13414.0
1398,9.420,11.420,9.06,11.43,1117.09,40452.0,13758.0,13758.0
1399,9.420,11.420,9.19,11.46,1117.09,40786.0,13042.0,13042.0
1400,9.420,11.420,8.92,11.64,1117.09,40366.0,13894.0,13894.0
1401,9.420,11.420,9.08,11.47,1117.09,39095.0,12400.0,12400.0
1402,9.420,11.420,9.24,11.49,1117.09,38795.0,12493.0,12493.0
1403,9.420,11.420,9.2,11.52,1117.09,36523.0,10614.0,10614.0
1404,9.420,11.420,9.34,11.51,1117.09,38421.0,11811.0,11811.0
1405,9.420,11.420,9.15,11.42,1117.09,35947.0,10032.0,10032.0
1406,9.420,11.420,9.19,11.45,1117.09,36845.0,9883.0,9883.0
1407,9.420,11.420,9.1,11.44,1117.09,39754.0,12574.0,12574.0
1408,9.420,11.420,9.17,11.38,1117.09,36768.0,9678.0,9678.0
1409,9.420,11.420,9.01,11.49,1117.09,36220.0,10114.0,10114.0
1410,9.420,11.420,8.97,11.58,1117.09,38660.0,10811.0,10811.0
1411,9.420,11.420,9.35,11.41,1117.09,36734.0,10087.0,10087.0
1412,9.420,11.420,9.26,11.41,1117.09,39897.0,12666.0,12666.0
1413,9.420,11.420,9.17,11.44,1117.09,41327.0,13911.0,13911.0
1414,9.420,11.420,9.12,11.52,1117.09,38961.0,12192.0,12192.0
1415,9.420,11.420,9.14,11.29,1117.09,38766.0,11928.0,11928.0
1416,9.420,11.420,9.1,11.47,1117.09,39255.0,12688.0,12688.0
1417,9.420,11.420,9.47,11.43,1117.09,39728.0,12993.0,12993.0
1418,9.420,11.420,9.37,11.38,1117.09,38464.0,11837.0,11837.0
1419,9.420,11.420,9.26,11.45,1117.09,39207.0,11867.0,11867.0
1420,9.420,11.420,9.23,11.27,1117.09,40289.0,13381.0,13381.0
1421,9.420,11.420,9.01,11.45,1117.09,39825.0,11801.0,11801.0
1422,9.420,11.420,9,11.61,1117.09,42430.0,13606.0,13606.0
1423,9.420,11.420,9.26,11.34,1117.09,39933.0,13067.0,13067.0
1424,9.420,11.420,9.11,11.35,1117.09,42294.0,14381.0,14381.0
1425,9.420,11.420,9.37,11.65,1117.09,38141.0,11956.0,11956.0
1426,9.420,11.420,9.35,11.55,1117.09,37282.0,10985.0,10985.0
1427,9.420,11.420,9.29,11.34,1117.09,36666.0,10674.0,10674.0
1428,9.420,11.420,9.4,11.48,1117.09,36313.0,9706.0,9706.0
1429,9.420,11.420,9.07,11.47,1117.09,39694.0,12777.0,12777.0
1430,9.420,11.420,9.2,11.65,1117.09,39146.0,12646.0,12646.0
1431,9.420,11.420,9.03,11.42,1117.09,38114.0,11603.0,11603.0
1432,9.420,11.420,9.27,11.18,1117.09,35900.0,9574.0,9574.0
1433,9.420,11.420,9.41,11.48,1117.09,39097.0,12627.0,12627.0
1434,9.420,11.420,9.2,11.13,1117.09,39280.0,12011.0,12011.0
1435,9.420,11.420,9.38,11.39,1117.09,38460.0,12369.0,12369.0
1436,9.420,11.420,9.39,11.42,1117.09,40832.0,13737.0,13737.0
1437,9.420,11.420,9.08,11.39,1117.09,37382.0,11171.0,11171.0
1438,9.420,11.420,9.49,11.55,1117.09,37141.0,9953.0,9953.0
1439,9.420,11.420,9.2,11.41,1117.09,39048.0,11519.0,11519.0
1440,9.420,11.420,9.24,11.59,1117.09,39778.0,11803.0,11803.0
1441,9.420,11.420,9.28,11.39,1117.09,39524.0,11469.0,11469.0
1442,9.420,11.420,9.21,11.44,1117.09,40796.0,13384.0,13384.0
1443,9.420,11.420,9.31,11.43,1117.09,40375.0,12836.0,12836.0
1444,9.420,11.420,9.11,11.45,1117.09,39957.0,12331.0,12331.0
1445,9.420,11.420,9.15,11.32,1117.09,37313.0,10058.0,10058.0
1446,9.420,11.420,9.34,11.45,1117.09,40507.0,13339.0,13339.0
1447,9.420,11.420,9.21,11.37,1117.09,38934.0,12598.0,12598.0
1448,9.420,11.420,9.2,11.33,1117.09,38401.0,12550.0,12550.0
1449,9.420,11.420,9.33,11.41,1117.09,39352.0,12018.0,12018.0
1450,9.420,11.420,9.18,11.49,1117.09,37338.0,10917.0,10917.0
1451,9.420,11.420,9.07,11.57,1117.09,38819.0,11189.0,11189.0
1452,9.420,11.420,9.23,11.67,1117.09,37618.0,10091.0,10091.0
1453,9.420,11.420,9.41,11.27,1117.09,41124.0,12769.0,12769.0
1454,9.420,11.420,9.16,11.52,1117.09,39623.0,11130.0,11130.0
1455,9.420,11.420,9.27,11.32,1117.09,41220.0,13077.0,13077.0
1456,9.420,11.420,9.12,11.2,1117.09,40015.0,12081.0,12081.0
1457,9.420,11.420,9.38,11.4,1117.09,37905.0,11226.0,11226.0
1458,9.420,11.420,9.14,11.13,1117.09,39810.0,12496.0,12496.0
1459,9.420,11.420,9.38,11.36,1117.09,36727.0,9809.0,9809.0
1460,9.420,11.420,9.1,11.28,1117.09,37586.0,10683.0,10683.0
1461,9.420,11.420,9.29,11.41,1117.09,37772.0,10437.0,10437.0
1462,9.420,11.420,9.26,11.44,1117.09,39094.0,11562.0,11562.0
1463,9.420,11.420,9.23,11.57,1117.09,39162.0,11761.0,11761.0
1464,9.420,11.420,9.17,11.27,1117.09,39168.0,11178.0,11178.0
1465,9.420,11.420,9.42,11.43,1117.09,37430.0,10242.0,10242.0
1466,9.420,11.420,9.08,11.42,1117.09,35911.0,9335.0,9335.0
1467,9.420,11.420,9.12,11.27,1117.09,37873.0,10689.0,10689.0
1468,9.420,11.420,8.82,11.29,1117.09,40244.0,13005.0,13005.0
1469,9.420,11.420,9.1,11.27,1117.09,39059.0,12422.0,12422.0
1470,9.420,11.420,9.12,11.3,1117.09,35553.0,9063.0,9063.0
1471,9.420,11.420,9.28,11.23,1117.09,39240.0,11601.0,11601.0
1472,9.420,11.420,9.37,11.29,1117.09,40864.0,14113.0,14113.0
1473,9.420,11.420,9.25,11.51,1117.09,39289.0,11816.0,11816.0
1474,9.420,11.420,9.12,11.33,1117.09,39690.0,12096.0,12096.0
1475,9.420,11.420,9.34,11.46,1117.09,40929.0,13068.0,13068.0
1476,9.420,11.420,9.54,11.36,1117.09,37907.0,10053.0,10053.0
1477,9.420,11.420,9.35,11.25,1117.09,38438.0,10933.0,10933.0
1478,9.420,11.420,9.18,11.39,1117.09,37161.0,10074.0,10074.0
1479,9.420,11.420,9.08,11.38,1117.09,38474.0,11646.0,11646.0
1480,9.420,11.420,9.12,11.29,1117.09,39308.0,12505.0,12505.0
1481,9.420,11.420,9.14,11.36,1117.09,38517.0,11472.0,11472.0
1482,9.420,11.420,9.08,11.41,1117.09,38150.0,10113.0,10113.0
1483,9.420,11.420,9.07,11.24,1117.09,38371.0,12040.0,12040.0
1484,9.420,11.420,9.28,11.22,1117.09,40586.0,13589.0,13589.0
1485,9.420,11.420,9.25,11.58,1117.09,38540.0,11231.0,11231.0
1486,9.420,11.420,9.27,11.23,1117.09,38067.0,11121.0,11121.0
1487,9.420,11.420,9.24,11.38,1117.09,39674.0,13497.0,13497.0
1488,9.420,11.420,9.28,11.41,1117.09,37782.0,10519.0,10519.0
1489,9.420,11.420,9.3,11.32,1117.09,39891.0,13221.0,13221.0
1490,9.420,11.420,9.29,11.5,1117.09,39303.0,11862.0,11862.0
1491,9.420,11.420,9.43,11.44,1117.09,39150.0,12909.0,12909.0
1492,9.420,11.420,9.36,11.53,1117.09,40575.0,13187.0,13187.0
1493,9.420,11.420,9.33,11.44,1117.09,37332.0,10486.0,10486.0
1494,9.420,11.420,9.46,11.38,1117.09,38553.0,11689.0,11689.0
1495,9.420,11.420,9.2,11.31,1117.09,38421.0,12581.0,12581.0
1496,9.420,11.420,9.04,11.2,1117.09,38310.0,11116.0,11116.0
1497,9.420,11.420,9.17,11.45,1117.09,39624.0,13274.0,13274.0
1498,9.420,11.420,9.49,11.46,1117.09,38194.0,11673.0,11673.0
1499,9.420,11.420,9.2,11.48,1117.09,40530.0,13075.0,13075.0
1500,9.420,11.420,9.42,11.42,1117.09,40609.0,13275.0,13275.0
