id,avg_x,avg_y,x,y,bg,Square_intensity,circular_intensity,Gaussian_intensity
277,42.400,243.830,42.4,244,957.98,24115.0,0.0,0.0
278,42.400,243.830,42.4,244,957.98,24395.0,158.0,158.0
279,42.400,243.830,42.4,244,957.98,24239.0,272.0,272.0
280,42.400,243.830,42.4,244,957.98,23938.0,63.0,63.0
281,42.400,243.830,42.4,244,957.98,23553.0,0.0,0.0
282,42.400,243.830,42.4,244,957.98,25034.0,407.0,407.0
283,42.400,243.830,42.4,244,957.98,26202.0,821.0,821.0
284,42.400,243.830,42.4,244,957.98,24750.0,0.0,0.0
285,42.400,243.830,42.4,244,957.98,24214.0,0.0,0.0
286,42.400,243.830,42.4,244,957.98,26042.0,891.0,891.0
287,42.400,243.830,42.4,244,957.98,25338.0,1155.0,1155.0
288,42.400,243.830,42.4,244,957.98,25958.0,951.0,951.0
289,42.400,243.830,42.4,244,957.98,22793.0,0.0,0.0
290,42.400,243.830,42.4,244,957.98,24930.0,327.0,327.0
291,42.400,243.830,42.4,244,957.98,24761.0,0.0,0.0
292,42.400,243.830,42.4,244,957.98,23166.0,0.0,0.0
293,42.400,243.830,42.4,244,957.98,25324.0,692.0,692.0
294,42.400,243.830,42.4,244,957.98,24601.0,0.0,0.0
295,42.400,243.830,42.4,244,957.98,24515.0,236.0,236.0
296,42.400,243.830,42.4,244,957.98,24480.0,137.0,137.0
297,42.400,243.830,42.4,244,957.98,26049.0,855.0,855.0
298,42.400,243.830,42.4,244,957.98,24492.0,655.0,655.0
299,42.400,243.830,42.4,244,957.98,25330.0,259.0,259.0
300,42.400,243.830,42.4,244,957.98,24872.0,0.0,0.0
301,42.400,243.830,42.4,244,957.98,25181.0,307.0,307.0
302,42.400,243.830,42.4,244,957.98,23932.0,139.0,139.0
303,42.400,243.830,42.4,244,957.98,25108.0,158.0,158.0
304,42.400,243.830,42.4,244,957.98,25364.0,0.0,0.0
305,42.400,243.830,42.4,244,957.98,24768.0,59.0,59.0
306,42.400,243.830,42.4,244,957.98,23991.0,0.0,0.0
307,42.400,243.830,42.4,244,957.98,23990.0,0.0,0.0
308,42.400,243.830,42.4,244,957.98,24692.0,786.0,786.0
309,42.400,243.830,42.4,244,957.98,23052.0,0.0,0.0
310,42.400,243.830,42.4,244,957.98,25922.0,852.0,852.0
311,42.400,243.830,42.4,244,957.98,24283.0,0.0,0.0
312,42.400,243.830,42.4,244,957.98,23043.0,0.0,0.0
313,42.400,243.830,42.4,244,957.98,24360.0,21.0,21.0
314,42.400,243.830,42.4,244,957.98,25890.0,1408.0,1408.0
315,42.400,243.830,42.4,244,957.98,23335.0,0.0,0.0
316,42.400,243.830,42.4,244,957.98,25449.0,964.0,964.0
317,42.400,243.830,42.4,244,957.98,22273.0,0.0,0.0
318,42.400,243.830,42.4,244,957.98,23461.0,0.0,0.0
319,42.400,243.830,42.4,244,957.98,24701.0,0.0,0.0
320,42.400,243.830,42.4,244,957.98,25092.0,455.0,455.0
321,42.400,243.830,42.4,244,957.98,25275.0,58.0,58.0
322,42.400,243.830,42.4,244,957.98,25181.0,683.0,683.0
323,42.400,243.830,42.4,244,957.98,24413.0,0.0,0.0
324,42.400,243.830,42.4,244,957.98,23337.0,0.0,0.0
325,42.400,243.830,42.4,244,957.98,24870.0,175.0,175.0
326,42.400,243.830,42.4,244,957.98,25768.0,14.0,14.0
327,42.400,243.830,42.4,244,957.98,26027.0,1079.0,1079.0
328,42.400,243.830,42.4,244,957.98,25655.0,370.0,370.0
329,42.400,243.830,42.4,244,957.98,25620.0,1557.0,1557.0
330,42.400,243.830,42.4,244,957.98,24471.0,139.0,139.0
331,42.400,243.830,42.4,244,957.98,24509.0,0.0,0.0
332,42.400,243.830,42.4,244,957.98,26019.0,1499.0,1499.0
333,42.400,243.830,42.4,244,957.98,23025.0,0.0,0.0
334,42.400,243.830,42.4,244,957.98,23588.0,0.0,0.0
335,42.400,243.830,42.4,244,957.98,24781.0,321.0,321.0
336,42.400,243.830,42.4,244,957.98,25334.0,0.0,0.0
337,42.400,243.830,42.4,244,957.98,23837.0,0.0,0.0
338,42.400,243.830,42.4,244,957.98,25800.0,795.0,795.0
339,42.400,243.830,42.4,244,957.98,24222.0,130.0,130.0
340,42.400,243.830,42.4,244,957.98,26029.0,903.0,903.0
341,42.400,243.830,42.4,244,957.98,24422.0,1008.0,1008.0
342,42.400,243.830,42.4,244,957.98,24428.0,346.0,346.0
343,42.400,243.830,42.4,244,957.98,23132.0,0.0,0.0
344,42.400,243.830,42.4,244,957.98,23528.0,0.0,0.0
345,42.400,243.830,42.4,244,957.98,25379.0,723.0,723.0
346,42.400,243.830,42.4,244,957.98,23309.0,26.0,26.0
347,42.400,243.830,42.4,244,957.98,23978.0,0.0,0.0
348,42.400,243.830,42.4,244,957.98,24601.0,0.0,0.0
349,42.400,243.830,42.4,244,957.98,23633.0,0.0,0.0
350,42.400,243.830,42.4,244,957.98,24474.0,0.0,0.0
351,42.400,243.830,42.4,244,957.98,26281.0,1123.0,1123.0
352,42.400,243.830,42.4,244,957.98,24824.0,62.0,62.0
353,42.400,243.830,42.4,244,957.98,28096.0,2701.0,2701.0
354,42.400,243.830,42.4,244,957.98,23567.0,0.0,0.0
355,42.400,243.830,42.4,244,957.98,26868.0,1802.0,1802.0
356,42.400,243.830,42.4,244,957.98,23494.0,0.0,0.0
357,42.400,243.830,42.4,244,957.98,24544.0,0.0,0.0
358,42.400,243.830,42.4,244,957.98,25069.0,640.0,640.0
359,42.400,243.830,42.4,244,957.98,24268.0,113.0,113.0
360,42.400,243.830,42.4,244,957.98,24856.0,249.0,249.0
361,42.400,243.830,42.4,244,957.98,23612.0,0.0,0.0
362,42.400,243.830,42.4,244,957.98,25169.0,850.0,850.0
363,42.400,243.830,42.4,244,957.98,25134.0,0.0,0.0
364,42.400,243.830,42.4,244,957.98,25284.0,1203.0,1203.0
365,42.400,243.830,42.4,244,957.98,24115.0,198.0,198.0
366,42.400,243.830,42.4,244,957.98,23353.0,0.0,0.0
367,42.400,243.830,42.4,244,957.98,24174.0,0.0,0.0
368,42.400,243.830,42.4,244,957.98,24947.0,20.0,20.0
369,42.400,243.830,42.4,244,957.98,25695.0,572.0,572.0
370,42.400,243.830,42.4,244,957.98,23503.0,0.0,0.0
371,42.400,243.830,42.4,244,957.98,23572.0,0.0,0.0
372,42.400,243.830,42.4,244,957.98,24454.0,307.0,307.0
373,42.400,243.830,42.4,244,957.98,24002.0,0.0,0.0
374,42.400,243.830,42.4,244,957.98,24324.0,462.0,462.0
375,42.400,243.830,42.4,244,957.98,24829.0,208.0,208.0
376,42.400,243.830,42.4,244,957.98,24530.0,214.0,214.0
377,42.400,243.830,42.4,244,957.98,24245.0,468.0,468.0
378,42.400,243.830,42.4,244,957.98,24287.0,0.0,0.0
379,42.400,243.830,42.4,244,957.98,23997.0,0.0,0.0
380,42.400,243.830,42.4,244,957.98,24853.0,0.0,0.0
381,42.400,243.830,42.4,244,957.98,22901.0,0.0,0.0
382,42.400,243.830,42.4,244,957.98,24697.0,787.0,787.0
383,42.400,243.830,42.4,244,957.98,23757.0,0.0,0.0
384,42.400,243.830,42.4,244,957.98,24727.0,385.0,385.0
385,42.400,243.830,42.4,244,957.98,26453.0,691.0,691.0
386,42.400,243.830,42.4,244,957.98,25110.0,712.0,712.0
387,42.400,243.830,42.4,244,957.98,23589.0,80.0,80.0
388,42.400,243.830,42.4,244,957.98,23771.0,0.0,0.0
389,42.400,243.830,42.4,244,957.98,22789.0,0.0,0.0
390,42.400,243.830,42.4,244,957.98,23761.0,0.0,0.0
391,42.400,243.830,42.4,244,957.98,23357.0,0.0,0.0
392,42.400,243.830,42.4,244,957.98,23889.0,0.0,0.0
393,42.400,243.830,42.4,244,957.98,24692.0,0.0,0.0
394,42.400,243.830,42.4,244,957.98,23710.0,273.0,273.0
395,42.400,243.830,42.4,244,957.98,24590.0,112.0,112.0
396,42.400,243.830,42.4,244,957.98,23792.0,0.0,0.0
397,42.400,243.830,42.4,244,957.98,24236.0,395.0,395.0
398,42.400,243.830,42.4,244,957.98,24969.0,222.0,222.0
399,42.400,243.830,42.4,244,957.98,25378.0,839.0,839.0
400,42.400,243.830,42.4,244,957.98,25043.0,776.0,776.0
401,42.400,243.830,42.4,244,957.98,24372.0,0.0,0.0
402,42.400,243.830,42.4,244,957.98,23545.0,0.0,0.0
403,42.400,243.830,42.4,244,957.98,24642.0,0.0,0.0
404,42.400,243.830,42.4,244,957.98,22799.0,0.0,0.0
405,42.400,243.830,42.4,244,957.98,26341.0,1436.0,1436.0
406,42.400,243.830,42.4,244,957.98,24058.0,0.0,0.0
407,42.400,243.830,42.4,244,957.98,25400.0,783.0,783.0
408,42.400,243.830,42.4,244,957.98,23448.0,0.0,0.0
409,42.400,243.830,42.4,244,957.98,22414.0,0.0,0.0
410,42.400,243.830,42.4,244,957.98,24162.0,0.0,0.0
411,42.400,243.830,42.4,244,957.98,24243.0,947.0,947.0
412,42.400,243.830,42.4,244,957.98,22801.0,0.0,0.0
413,42.400,243.830,42.4,244,957.98,25517.0,1108.0,1108.0
414,42.400,243.830,42.4,244,957.98,24447.0,0.0,0.0
415,42.400,243.830,42.4,244,957.98,23694.0,0.0,0.0
416,42.400,243.830,42.4,244,957.98,25091.0,383.0,383.0
417,42.400,243.830,42.4,244,957.98,24302.0,0.0,0.0
418,42.400,243.830,42.4,244,957.98,25615.0,1125.0,1125.0
419,42.400,243.830,42.4,244,957.98,23613.0,0.0,0.0
420,42.400,243.830,42.4,244,957.98,22335.0,0.0,0.0
421,42.400,243.830,42.4,244,957.98,24583.0,56.0,56.0
422,42.400,243.830,42.4,244,957.98,24565.0,544.0,544.0
423,42.400,243.830,42.4,244,957.98,25166.0,524.0,524.0
424,42.400,243.830,42.4,244,957.98,24540.0,299.0,299.0
425,42.400,243.830,42.4,244,957.98,23489.0,0.0,0.0
426,42.400,243.830,42.4,244,957.98,23067.0,0.0,0.0
427,42.400,243.830,42.4,244,957.98,24423.0,107.0,107.0
428,42.400,243.830,42.4,244,957.98,22120.0,0.0,0.0
429,42.400,243.830,42.4,244,957.98,23673.0,0.0,0.0
430,42.400,243.830,42.4,244,957.98,23874.0,0.0,0.0
431,42.400,243.830,42.4,244,957.98,24965.0,58.0,58.0
432,42.400,243.830,42.4,244,957.98,24489.0,503.0,503.0
433,42.400,243.830,42.4,244,957.98,23741.0,0.0,0.0
434,42.400,243.830,42.4,244,957.98,24974.0,50.0,50.0
435,42.400,243.830,42.4,244,957.98,24910.0,0.0,0.0
436,42.400,243.830,42.4,244,957.98,23695.0,0.0,0.0
437,42.400,243.830,42.4,244,957.98,23928.0,14.0,14.0
438,42.400,243.830,42.4,244,957.98,24327.0,334.0,334.0
439,42.400,243.830,42.4,244,957.98,23534.0,0.0,0.0
440,42.400,243.830,42.4,244,957.98,23145.0,0.0,0.0
441,42.400,243.830,42.4,244,957.98,23499.0,0.0,0.0
442,42.400,243.830,42.4,244,957.98,22827.0,0.0,0.0
443,42.400,243.830,42.4,244,957.98,24707.0,285.0,285.0
444,42.400,243.830,42.4,244,957.98,23181.0,0.0,0.0
445,42.400,243.830,42.4,244,957.98,23119.0,0.0,0.0
446,42.400,243.830,42.4,244,957.98,25704.0,831.0,831.0
447,42.400,243.830,42.4,244,957.98,24794.0,429.0,429.0
448,42.400,243.830,42.4,244,957.98,22850.0,0.0,0.0
449,42.400,243.830,42.4,244,957.98,24004.0,0.0,0.0
450,42.400,243.830,42.4,244,957.98,24437.0,0.0,0.0
451,42.400,243.830,42.4,244,957.98,23940.0,175.0,175.0
452,42.400,243.830,42.4,244,957.98,24949.0,531.0,531.0
453,42.400,243.830,42.4,244,957.98,22293.0,0.0,0.0
454,42.400,243.830,42.4,244,957.98,24346.0,0.0,0.0
455,42.400,243.830,42.4,244,957.98,24686.0,698.0,698.0
456,42.400,243.830,42.4,244,957.98,24622.0,0.0,0.0
457,42.400,243.830,42.4,244,957.98,22820.0,0.0,0.0
458,42.400,243.830,42.4,244,957.98,23254.0,0.0,0.0
459,42.400,243.830,42.4,244,957.98,22390.0,0.0,0.0
460,42.400,243.830,42.4,244,957.98,23874.0,266.0,266.0
461,42.400,243.830,42.4,244,957.98,23924.0,0.0,0.0
462,42.400,243.830,42.4,244,957.98,24385.0,464.0,464.0
463,42.400,243.830,42.4,244,957.98,23318.0,90.0,90.0
464,42.400,243.830,42.4,244,957.98,23116.0,0.0,0.0
465,42.400,243.830,42.4,244,957.98,24816.0,0.0,0.0
466,42.400,243.830,42.4,244,957.98,23230.0,0.0,0.0
467,42.400,243.830,42.4,244,957.98,23358.0,0.0,0.0
468,42.400,243.830,42.4,244,957.98,23404.0,0.0,0.0
469,42.400,243.830,42.4,244,957.98,22909.0,0.0,0.0
470,42.400,243.830,42.4,244,957.98,23935.0,520.0,520.0
471,42.400,243.830,42.4,244,957.98,24535.0,399.0,399.0
472,42.400,243.830,42.4,244,957.98,22421.0,0.0,0.0
473,42.400,243.830,42.4,244,957.98,21970.0,0.0,0.0
474,42.400,243.830,42.4,244,957.98,22836.0,0.0,0.0
475,42.400,243.830,42.4,244,957.98,23798.0,0.0,0.0
476,42.400,243.830,42.4,244,957.98,24154.0,0.0,0.0
477,42.400,243.830,42.4,244,957.98,24097.0,355.0,355.0
478,42.400,243.830,42.4,244,957.98,23422.0,0.0,0.0
479,42.400,243.830,42.4,244,957.98,25117.0,208.0,208.0
480,42.400,243.830,42.4,244,957.98,24761.0,94.0,94.0
481,42.400,243.830,42.4,244,957.98,24433.0,402.0,402.0
482,42.400,243.830,42.4,244,957.98,25289.0,668.0,668.0
483,42.400,243.830,42.4,244,957.98,24174.0,30.0,30.0
484,42.400,243.830,42.4,244,957.98,24853.0,1074.0,1074.0
485,42.400,243.830,42.4,244,957.98,23093.0,0.0,0.0
486,42.400,243.830,42.4,244,957.98,22664.0,0.0,0.0
487,42.400,243.830,42.4,244,957.98,23234.0,0.0,0.0
488,42.400,243.830,42.4,244,957.98,24716.0,40.0,40.0
489,42.400,243.830,42.4,244,957.98,23226.0,0.0,0.0
490,42.400,243.830,42.4,244,957.98,23986.0,0.0,0.0
491,42.400,243.830,42.4,244,957.98,24061.0,132.0,132.0
492,42.400,243.830,42.4,244,957.98,23237.0,0.0,0.0
493,42.400,243.830,42.4,244,957.98,23647.0,0.0,0.0
494,42.400,243.830,42.4,244,957.98,21147.0,0.0,0.0
495,42.400,243.830,42.4,244,957.98,22999.0,0.0,0.0
496,42.400,243.830,42.4,244,957.98,25579.0,901.0,901.0
497,42.400,243.830,42.4,244,957.98,23997.0,65.0,65.0
498,42.400,243.830,42.4,244,957.98,24124.0,0.0,0.0
499,42.400,243.830,42.4,244,957.98,23155.0,0.0,0.0
500,42.400,243.830,42.4,244,957.98,23665.0,0.0,0.0
501,42.400,243.830,42.4,244,957.98,25517.0,769.0,769.0
502,42.400,243.830,42.4,244,957.98,23574.0,0.0,0.0
503,42.400,243.830,42.4,244,957.98,22326.0,0.0,0.0
504,42.400,243.830,42.4,244,957.98,25975.0,1272.0,1272.0
505,42.400,243.830,42.4,244,957.98,23621.0,0.0,0.0
506,42.400,243.830,42.4,244,957.98,26271.0,1313.0,1313.0
507,42.400,243.830,42.4,244,957.98,23663.0,0.0,0.0
508,42.400,243.830,42.4,244,957.98,24334.0,0.0,0.0
509,42.400,243.830,42.4,244,957.98,22910.0,0.0,0.0
510,42.400,243.830,42.4,244,957.98,24272.0,389.0,389.0
511,42.400,243.830,42.4,244,957.98,24990.0,100.0,100.0
512,42.400,243.830,42.4,244,957.98,23520.0,0.0,0.0
513,42.400,243.830,42.4,244,957.98,22340.0,0.0,0.0
514,42.400,243.830,42.4,244,957.98,23217.0,0.0,0.0
515,42.400,243.830,42.4,244,957.98,23640.0,0.0,0.0
516,42.400,243.830,42.4,244,957.98,24111.0,234.0,234.0
517,42.400,243.830,42.4,244,957.98,23530.0,0.0,0.0
518,42.400,243.830,42.4,244,957.98,24629.0,466.0,466.0
519,42.400,243.830,42.4,244,957.98,24506.0,884.0,884.0
520,42.400,243.830,42.4,244,957.98,23689.0,0.0,0.0
521,42.400,243.830,42.4,244,957.98,25345.0,1293.0,1293.0
522,42.400,243.830,42.4,244,957.98,25210.0,620.0,620.0
523,42.400,243.830,42.4,244,957.98,22939.0,0.0,0.0
524,42.400,243.830,42.4,244,957.98,24078.0,0.0,0.0
525,42.400,243.830,42.4,244,957.98,24045.0,0.0,0.0
526,42.400,243.830,42.4,244,957.98,28733.0,2663.0,2663.0
527,42.400,243.830,42.4,244,957.98,38645.0,11453.0,11453.0
528,42.400,243.830,42.46,244.24,957.98,38355.0,11685.0,11685.0
529,42.400,243.830,42.45,244.43,957.98,39082.0,12967.0,12967.0
530,42.400,243.830,42.59,243.94,957.98,37344.0,10435.0,10435.0
531,42.400,243.830,42.5,243.83,957.98,33429.0,7253.0,7253.0
532,42.400,243.830,42.4,244,957.98,30254.0,5307.0,5307.0
533,42.400,243.830,42.56,244.05,957.98,33469.0,7837.0,7837.0
534,42.400,243.830,42.65,243.98,957.98,35099.0,7827.0,7827.0
535,42.400,243.830,42.39,243.85,957.98,35261.0,9063.0,9063.0
536,42.400,243.830,42.23,244.1,957.98,34718.0,9277.0,9277.0
537,42.400,243.830,42.42,244.36,957.98,35345.0,10250.0,10250.0
538,42.400,243.830,42.66,244.19,957.98,38048.0,11863.0,11863.0
539,42.400,243.830,42.47,244.1,957.98,32195.0,7528.0,7528.0
540,42.400,243.830,42.58,244.44,957.98,35483.0,10086.0,10086.0
541,42.400,243.830,42.68,244.11,957.98,36970.0,11124.0,11124.0
542,42.400,243.830,42.6,244,957.98,38552.0,11430.0,11430.0
543,42.400,243.830,42.64,243.86,957.98,37279.0,11683.0,11683.0
544,42.400,243.830,42.4,244,957.98,30767.0,4981.0,4981.0
545,42.400,243.830,42.4,244,957.98,25805.0,1784.0,1784.0
546,42.400,243.830,42.42,244.24,957.98,35494.0,9647.0,9647.0
547,42.400,243.830,42.54,244.08,957.98,36122.0,10147.0,10147.0
548,42.400,243.830,42.58,244.25,957.98,34306.0,8877.0,8877.0
549,42.400,243.830,42.65,244.05,957.98,34668.0,8077.0,8077.0
550,42.400,243.830,42.37,244.05,957.98,36585.0,10275.0,10275.0
551,42.400,243.830,42.4,244,957.98,29431.0,5489.0,5489.0
552,42.400,243.830,42.19,243.94,957.98,34569.0,9479.0,9479.0
553,42.400,243.830,42.48,244.05,957.98,37210.0,10424.0,10424.0
554,42.400,243.830,42.35,243.71,957.98,37027.0,10810.0,10810.0
555,42.400,243.830,42.61,243.97,957.98,38367.0,11570.0,11570.0
556,42.400,243.830,42.68,244,957.98,37938.0,10634.0,10634.0
557,42.400,243.830,42.28,244.04,957.98,35483.0,8394.0,8394.0
558,42.400,243.830,42.51,243.67,957.98,36420.0,9618.0,9618.0
559,42.400,243.830,42.55,243.91,957.98,34475.0,8398.0,8398.0
560,42.400,243.830,42.4,244.03,957.98,35003.0,9530.0,9530.0
561,42.400,243.830,42.44,244.18,957.98,32017.0,6906.0,6906.0
562,42.400,243.830,42.36,243.94,957.98,33333.0,7863.0,7863.0
563,42.400,243.830,42.48,243.96,957.98,37998.0,11695.0,11695.0
564,42.400,243.830,42.31,244.05,957.98,37974.0,10534.0,10534.0
565,42.400,243.830,42.27,244.1,957.98,38153.0,11855.0,11855.0
566,42.400,243.830,42.27,243.9,957.98,33513.0,8362.0,8362.0
567,42.400,243.830,42.4,244,957.98,31801.0,5968.0,5968.0
568,42.400,243.830,42.4,244.03,957.98,36799.0,9774.0,9774.0
569,42.400,243.830,42.4,244,957.98,26579.0,1945.0,1945.0
570,42.400,243.830,42.55,243.87,957.98,31669.0,6847.0,6847.0
571,42.400,243.830,42.73,243.91,957.98,32361.0,6775.0,6775.0
572,42.400,243.830,42.4,244,957.98,31052.0,5564.0,5564.0
573,42.400,243.830,42.4,244,957.98,31222.0,6210.0,6210.0
574,42.400,243.830,42.44,244.03,957.98,35234.0,9069.0,9069.0
575,42.400,243.830,42.31,244.05,957.98,37817.0,11841.0,11841.0
576,42.400,243.830,42.62,244.05,957.98,34805.0,7922.0,7922.0
577,42.400,243.830,42.44,244.1,957.98,38948.0,11172.0,11172.0
578,42.400,243.830,42.3,243.89,957.98,33510.0,7618.0,7618.0
579,42.400,243.830,42.26,243.88,957.98,36555.0,11367.0,11367.0
580,42.400,243.830,42.35,243.92,957.98,35365.0,9729.0,9729.0
581,42.400,243.830,42.36,244.07,957.98,32236.0,6907.0,6907.0
582,42.400,243.830,42.34,243.98,957.98,34372.0,7883.0,7883.0
583,42.400,243.830,42.57,244,957.98,37665.0,10597.0,10597.0
584,42.400,243.830,42.45,243.95,957.98,37690.0,12305.0,12305.0
585,42.400,243.830,42.67,244.06,957.98,33432.0,7415.0,7415.0
586,42.400,243.830,42.61,244.07,957.98,37816.0,12431.0,12431.0
587,42.400,243.830,42.53,244.05,957.98,32224.0,6556.0,6556.0
588,42.400,243.830,42.4,244,957.98,30719.0,6201.0,6201.0
589,42.400,243.830,42.62,244.08,957.98,34948.0,9788.0,9788.0
590,42.400,243.830,42.46,244.02,957.98,37249.0,11266.0,11266.0
591,42.400,243.830,42.38,244.17,957.98,38569.0,12267.0,12267.0
592,42.400,243.830,42.58,243.93,957.98,37637.0,11511.0,11511.0
593,42.400,243.830,42.43,244.22,957.98,41074.0,14191.0,14191.0
594,42.400,243.830,42.4,244,957.98,31598.0,6296.0,6296.0
595,42.400,243.830,42.4,244,957.98,28866.0,4011.0,4011.0
596,42.400,243.830,42.4,244,957.98,29152.0,4172.0,4172.0
597,42.400,243.830,42.37,243.78,957.98,34386.0,9761.0,9761.0
598,42.400,243.830,42.59,244.07,957.98,36920.0,10930.0,10930.0
599,42.400,243.830,42.38,244.09,957.98,40104.0,12922.0,12922.0
600,42.400,243.830,42.37,243.86,957.98,40046.0,13310.0,13310.0
601,42.400,243.830,42.21,243.82,957.98,35627.0,9379.0,9379.0
602,42.400,243.830,42.59,243.89,957.98,39714.0,12982.0,12982.0
603,42.400,243.830,42.58,244.08,957.98,38371.0,12017.0,12017.0
604,42.400,243.830,42.48,243.99,957.98,43342.0,16409.0,16409.0
605,42.400,243.830,42.69,243.98,957.98,36742.0,10055.0,10055.0
606,42.400,243.830,42.37,243.98,957.98,37433.0,10723.0,10723.0
607,42.400,243.830,42.39,243.81,957.98,34145.0,8532.0,8532.0
608,42.400,243.830,42.55,244.03,957.98,35974.0,9722.0,9722.0
609,42.400,243.830,42.61,243.95,957.98,36598.0,10177.0,10177.0
610,42.400,243.830,42.43,243.92,957.98,32744.0,8515.0,8515.0
611,42.400,243.830,42.68,243.91,957.98,37898.0,11415.0,11415.0
612,42.400,243.830,42.41,244.07,957.98,33920.0,8994.0,8994.0
613,42.400,243.830,42.48,244.21,957.98,34557.0,9284.0,9284.0
614,42.400,243.830,42.53,243.92,957.98,33091.0,8331.0,8331.0
615,42.400,243.830,42.43,243.68,957.98,33276.0,7149.0,7149.0
616,42.400,243.830,42.37,243.9,957.98,33739.0,8650.0,8650.0
617,42.400,243.830,42.34,243.9,957.98,35850.0,9549.0,9549.0
618,42.400,243.830,42.35,243.84,957.98,36690.0,10886.0,10886.0
619,42.400,243.830,42.44,244.13,957.98,37059.0,10795.0,10795.0
620,42.400,243.830,42.67,244.08,957.98,39030.0,12586.0,12586.0
621,42.400,243.830,42.41,244.23,957.98,36615.0,10356.0,10356.0
622,42.400,243.830,42.61,244.01,957.98,35468.0,9747.0,9747.0
623,42.400,243.830,42.4,244,957.98,33963.0,6478.0,6478.0
624,42.400,243.830,42.4,244,957.98,30839.0,5030.0,5030.0
625,42.400,243.830,42.69,244.1,957.98,31741.0,6590.0,6590.0
626,42.400,243.830,42.4,244,957.98,30170.0,4272.0,4272.0
627,42.400,243.830,42.41,244.07,957.98,35468.0,10245.0,10245.0
628,42.400,243.830,42.5,244.26,957.98,35855.0,10989.0,10989.0
629,42.400,243.830,42.53,243.93,957.98,34905.0,9421.0,9421.0
630,42.400,243.830,42.69,244.02,957.98,36522.0,10936.0,10936.0
631,42.400,243.830,42.4,243.84,957.98,39198.0,13661.0,13661.0
632,42.400,243.830,42.51,243.92,957.98,37148.0,11663.0,11663.0
633,42.400,243.830,42.76,243.95,957.98,36017.0,10372.0,10372.0
634,42.400,243.830,42.58,244,957.98,37834.0,11765.0,11765.0
635,42.400,243.830,42.59,243.88,957.98,37475.0,11554.0,11554.0
636,42.400,243.830,42.37,243.98,957.98,36731.0,10724.0,10724.0
637,42.400,243.830,42.56,243.99,957.98,39027.0,12749.0,12749.0
638,42.400,243.830,42.76,243.86,957.98,36862.0,11390.0,11390.0
639,42.400,243.830,42.48,244.07,957.98,38529.0,11777.0,11777.0
640,42.400,243.830,42.44,244.03,957.98,40218.0,13264.0,13264.0
641,42.400,243.830,42.55,244.32,957.98,38631.0,12010.0,12010.0
642,42.400,243.830,42.71,244.03,957.98,35812.0,8945.0,8945.0
643,42.400,243.830,42.54,244.24,957.98,34555.0,8750.0,8750.0
644,42.400,243.830,42.5,244.08,957.98,39904.0,13514.0,13514.0
645,42.400,243.830,42.64,244.08,957.98,40192.0,14083.0,14083.0
646,42.400,243.830,42.35,244.01,957.98,41991.0,13921.0,13921.0
647,42.400,243.830,42.43,244.32,957.98,31677.0,6151.0,6151.0
648,42.400,243.830,42.52,243.84,957.98,40321.0,13382.0,13382.0
649,42.400,243.830,42.59,243.9,957.98,37770.0,12020.0,12020.0
650,42.400,243.830,42.53,243.73,957.98,33339.0,8529.0,8529.0
651,42.400,243.830,42.4,244,957.98,32777.0,7063.0,7063.0
652,42.400,243.830,42.7,244.08,957.98,34182.0,8478.0,8478.0
653,42.400,243.830,42.41,244.07,957.98,40715.0,14228.0,14228.0
654,42.400,243.830,42.61,244.08,957.98,35299.0,9933.0,9933.0
655,42.400,243.830,42.43,243.86,957.98,39524.0,12408.0,12408.0
656,42.400,243.830,42.29,243.91,957.98,40556.0,14161.0,14161.0
657,42.400,243.830,42.53,243.94,957.98,38326.0,11984.0,11984.0
658,42.400,243.830,42.55,244.03,957.98,38420.0,11649.0,11649.0
659,42.400,243.830,42.59,244,957.98,36815.0,10812.0,10812.0
660,42.400,243.830,42.54,244.04,957.98,38791.0,11623.0,11623.0
661,42.400,243.830,42.52,244,957.98,37146.0,11526.0,11526.0
662,42.400,243.830,42.52,244,957.98,37068.0,11718.0,11718.0
663,42.400,243.830,42.2,243.85,957.98,34809.0,8943.0,8943.0
664,42.400,243.830,42.4,244,957.98,30650.0,5075.0,5075.0
665,42.400,243.830,42.4,244,957.98,31415.0,5849.0,5849.0
666,42.400,243.830,42.68,243.94,957.98,36578.0,10565.0,10565.0
667,42.400,243.830,42.45,244.03,957.98,40540.0,14114.0,14114.0
668,42.400,243.830,42.69,244,957.98,34596.0,8863.0,8863.0
669,42.400,243.830,42.51,244.16,957.98,37988.0,12063.0,12063.0
670,42.400,243.830,42.73,244.01,957.98,39548.0,13195.0,13195.0
671,42.400,243.830,42.66,243.86,957.98,35866.0,10957.0,10957.0
672,42.400,243.830,42.54,243.94,957.98,38256.0,11890.0,11890.0
673,42.400,243.830,42.5,244.03,957.98,43754.0,15448.0,15448.0
674,42.400,243.830,42.35,243.98,957.98,37460.0,11048.0,11048.0
675,42.400,243.830,42.32,243.95,957.98,35451.0,9349.0,9349.0
676,42.400,243.830,42.66,244.03,957.98,35215.0,8211.0,8211.0
677,42.400,243.830,42.36,244.08,957.98,36200.0,9387.0,9387.0
678,42.400,243.830,42.68,244.01,957.98,37785.0,11334.0,11334.0
679,42.400,243.830,42.42,243.99,957.98,38513.0,10860.0,10860.0
680,42.400,243.830,42.49,243.86,957.98,34074.0,9090.0,9090.0
681,42.400,243.830,42.62,244,957.98,39447.0,12017.0,12017.0
682,42.400,243.830,42.51,243.86,957.98,36338.0,10920.0,10920.0
683,42.400,243.830,42.68,243.87,957.98,38560.0,12222.0,12222.0
684,42.400,243.830,42.59,244.01,957.98,39223.0,12152.0,12152.0
685,42.400,243.830,42.6,244.02,957.98,35537.0,8437.0,8437.0
686,42.400,243.830,42.6,243.97,957.98,38550.0,11302.0,11302.0
687,42.400,243.830,42.52,244.08,957.98,40553.0,13757.0,13757.0
688,42.400,243.830,42.49,243.97,957.98,39935.0,12429.0,12429.0
689,42.400,243.830,42.5,243.65,957.98,32882.0,7740.0,7740.0
690,42.400,243.830,42.33,244.09,957.98,34063.0,8092.0,8092.0
691,42.400,243.830,42.78,244.31,957.98,33185.0,8385.0,8385.0
692,42.400,243.830,42.25,244.02,957.98,31029.0,6222.0,6222.0
693,42.400,243.830,42.68,243.91,957.98,33508.0,8560.0,8560.0
694,42.400,243.830,42.55,244.1,957.98,33771.0,8838.0,8838.0
695,42.400,243.830,42.36,243.93,957.98,33200.0,7799.0,7799.0
696,42.400,243.830,42.49,243.67,957.98,35767.0,10117.0,10117.0
697,42.400,243.830,42.67,243.62,957.98,31805.0,7057.0,7057.0
698,42.400,243.830,42.4,244,957.98,29224.0,3965.0,3965.0
699,42.400,243.830,42.5,244.07,957.98,32094.0,6939.0,6939.0
700,42.400,243.830,42.43,244.02,957.98,34980.0,8556.0,8556.0
701,42.400,243.830,42.4,244,957.98,32835.0,6185.0,6185.0
702,42.400,243.830,42.67,243.81,957.98,31993.0,7354.0,7354.0
703,42.400,243.830,42.54,243.96,957.98,36527.0,9820.0,9820.0
704,42.400,243.830,42.34,244.44,957.98,32484.0,6970.0,6970.0
705,42.400,243.830,42.49,244.01,957.98,40590.0,13110.0,13110.0
706,42.400,243.830,42.37,243.78,957.98,37695.0,11983.0,11983.0
707,42.400,243.830,42.59,243.96,957.98,35830.0,9508.0,9508.0
708,42.400,243.830,42.62,243.97,957.98,38781.0,12216.0,12216.0
709,42.400,243.830,42.41,243.94,957.98,42540.0,15915.0,15915.0
710,42.400,243.830,42.55,243.86,957.98,38254.0,12380.0,12380.0
711,42.400,243.830,42.34,243.93,957.98,43548.0,16749.0,16749.0
712,42.400,243.830,42.47,243.92,957.98,38830.0,12195.0,12195.0
713,42.400,243.830,42.51,243.9,957.98,40471.0,14429.0,14429.0
714,42.400,243.830,42.54,244,957.98,39209.0,12183.0,12183.0
715,42.400,243.830,42.63,243.66,957.98,39412.0,13837.0,13837.0
716,42.400,243.830,42.49,244,957.98,42957.0,15126.0,15126.0
717,42.400,243.830,42.32,243.89,957.98,39448.0,12748.0,12748.0
718,42.400,243.830,42.64,243.84,957.98,39063.0,12612.0,12612.0
719,42.400,243.830,42.65,243.84,957.98,40987.0,13454.0,13454.0
720,42.400,243.830,42.57,244.01,957.98,48042.0,19028.0,19028.0
721,42.400,243.830,42.38,243.94,957.98,41069.0,14738.0,14738.0
722,42.400,243.830,42.79,244.03,957.98,35887.0,10479.0,10479.0
723,42.400,243.830,42.54,243.5,957.98,39422.0,12491.0,12491.0
724,42.400,243.830,42.45,243.83,957.98,36417.0,10203.0,10203.0
725,42.400,243.830,42.61,243.9,957.98,37613.0,11068.0,11068.0
726,42.400,243.830,42.41,244.08,957.98,33321.0,8774.0,8774.0
727,42.400,243.830,42.27,243.92,957.98,40582.0,13847.0,13847.0
728,42.400,243.830,42.43,243.94,957.98,41996.0,15394.0,15394.0
729,42.400,243.830,42.61,243.97,957.98,38784.0,12505.0,12505.0
730,42.400,243.830,42.68,243.93,957.98,33901.0,8053.0,8053.0
731,42.400,243.830,42.61,243.64,957.98,37448.0,11689.0,11689.0
732,42.400,243.830,42.48,244.15,957.98,38038.0,12415.0,12415.0
733,42.400,243.830,42.66,243.82,957.98,39102.0,13066.0,13066.0
734,42.400,243.830,42.66,243.92,957.98,46058.0,19218.0,19218.0
735,42.400,243.830,42.38,244.09,957.98,35058.0,10040.0,10040.0
736,42.400,243.830,42.48,244.09,957.98,38035.0,12793.0,12793.0
737,42.400,243.830,42.41,243.95,957.98,39387.0,11990.0,11990.0
738,42.400,243.830,42.73,243.94,957.98,36882.0,10464.0,10464.0
739,42.400,243.830,42.6,243.91,957.98,39070.0,13074.0,13074.0
740,42.400,243.830,42.45,243.99,957.98,42617.0,15231.0,15231.0
741,42.400,243.830,42.68,243.9,957.98,43797.0,17431.0,17431.0
742,42.400,243.830,42.55,244,957.98,43395.0,16108.0,16108.0
743,42.400,243.830,42.36,244.02,957.98,46390.0,18611.0,18611.0
744,42.400,243.830,42.66,243.94,957.98,47598.0,20163.0,20163.0
745,42.400,243.830,42.63,244.1,957.98,39727.0,12661.0,12661.0
746,42.400,243.830,42.55,244.07,957.98,39442.0,13139.0,13139.0
747,42.400,243.830,42.62,243.9,957.98,43092.0,16479.0,16479.0
748,42.400,243.830,42.42,243.73,957.98,36538.0,11002.0,11002.0
749,42.400,243.830,42.44,243.95,957.98,42997.0,14855.0,14855.0
750,42.400,243.830,42.58,243.94,957.98,39512.0,13575.0,13575.0
751,42.400,243.830,42.6,243.87,957.98,36864.0,11537.0,11537.0
752,42.400,243.830,42.41,243.98,957.98,43684.0,16338.0,16338.0
753,42.400,243.830,42.71,243.74,957.98,36506.0,10938.0,10938.0
754,42.400,243.830,42.41,243.88,957.98,38043.0,10597.0,10597.0
755,42.400,243.830,42.72,243.99,957.98,37295.0,10989.0,10989.0
756,42.400,243.830,42.69,243.9,957.98,36099.0,10985.0,10985.0
757,42.400,243.830,42.66,243.95,957.98,35478.0,10662.0,10662.0
758,42.400,243.830,42.68,243.99,957.98,37524.0,11787.0,11787.0
759,42.400,243.830,42.43,244.01,957.98,35680.0,9085.0,9085.0
760,42.400,243.830,42.5,243.97,957.98,40553.0,13990.0,13990.0
761,42.400,243.830,42.63,243.98,957.98,41439.0,15025.0,15025.0
762,42.400,243.830,42.28,244.06,957.98,36427.0,10833.0,10833.0
763,42.400,243.830,42.62,243.83,957.98,34241.0,8465.0,8465.0
764,42.400,243.830,42.71,243.96,957.98,34469.0,8881.0,8881.0
765,42.400,243.830,42.84,243.97,957.98,33829.0,7393.0,7393.0
766,42.400,243.830,42.32,243.84,957.98,37854.0,12336.0,12336.0
767,42.400,243.830,42.54,243.95,957.98,40537.0,13996.0,13996.0
768,42.400,243.830,42.6,244.01,957.98,47318.0,18135.0,18135.0
769,42.400,243.830,42.5,243.97,957.98,44392.0,16667.0,16667.0
770,42.400,243.830,42.56,243.89,957.98,38576.0,13233.0,13233.0
771,42.400,243.830,42.42,243.95,957.98,35882.0,9433.0,9433.0
772,42.400,243.830,42.55,243.91,957.98,33296.0,7708.0,7708.0
773,42.400,243.830,42.66,244.27,957.98,37366.0,11160.0,11160.0
774,42.400,243.830,42.64,244.01,957.98,35041.0,9686.0,9686.0
775,42.400,243.830,42.4,244,957.98,30175.0,5416.0,5416.0
776,42.400,243.830,42.4,244,957.98,31355.0,6692.0,6692.0
777,42.400,243.830,42.68,243.95,957.98,34436.0,8562.0,8562.0
778,42.400,243.830,41.49,244,957.98,34888.0,8757.0,8757.0
779,42.400,243.830,42.44,243.87,957.98,34640.0,8767.0,8767.0
780,42.400,243.830,42.59,243.61,957.98,36729.0,11011.0,11011.0
781,42.400,243.830,42.45,243.99,957.98,39170.0,12026.0,12026.0
782,42.400,243.830,42.06,243.76,957.98,40124.0,12988.0,12988.0
783,42.400,243.830,42.67,244.44,957.98,33191.0,7205.0,7205.0
784,42.400,243.830,42.28,243.79,957.98,36991.0,11226.0,11226.0
785,42.400,243.830,42.32,243.95,957.98,34210.0,8985.0,8985.0
786,42.400,243.830,42.25,244.02,957.98,32520.0,7378.0,7378.0
787,42.400,243.830,42.4,244,957.98,30063.0,4950.0,4950.0
788,42.400,243.830,42.55,243.57,957.98,35169.0,9665.0,9665.0
789,42.400,243.830,42.6,244.01,957.98,54669.0,26027.0,26027.0
790,42.400,243.830,42.51,243.59,957.98,35102.0,9877.0,9877.0
791,42.400,243.830,42.72,243.87,957.98,33904.0,8226.0,8226.0
792,42.400,243.830,42.47,243.6,957.98,33810.0,8463.0,8463.0
793,42.400,243.830,42.5,244.34,957.98,37010.0,10997.0,10997.0
794,42.400,243.830,42.46,243.95,957.98,35063.0,9009.0,9009.0
795,42.400,243.830,42.65,243.83,957.98,33488.0,7713.0,7713.0
796,42.400,243.830,42.74,244.02,957.98,34498.0,9070.0,9070.0
797,42.400,243.830,42.7,243.97,957.98,35143.0,9551.0,9551.0
798,42.400,243.830,42.44,244.06,957.98,35764.0,10161.0,10161.0
799,42.400,243.830,42.48,243.82,957.98,33224.0,7338.0,7338.0
800,42.400,243.830,42.72,243.98,957.98,36832.0,9554.0,9554.0
801,42.400,243.830,42.4,244,957.98,32292.0,6564.0,6564.0
802,42.400,243.830,42.51,243.98,957.98,34804.0,8826.0,8826.0
803,42.400,243.830,42.81,244.05,957.98,35173.0,10206.0,10206.0
804,42.400,243.830,42.63,243.93,957.98,31332.0,6590.0,6590.0
805,42.400,243.830,42.49,243.99,957.98,38761.0,12571.0,12571.0
806,42.400,243.830,42.43,243.84,957.98,33813.0,8740.0,8740.0
807,42.400,243.830,42.46,244.06,957.98,36273.0,10579.0,10579.0
808,42.400,243.830,42.68,244.11,957.98,34852.0,8447.0,8447.0
809,42.400,243.830,42.56,243.88,957.98,40139.0,13498.0,13498.0
810,42.400,243.830,42.52,243.87,957.98,36497.0,10356.0,10356.0
811,42.400,243.830,42.46,243.86,957.98,46214.0,18340.0,18340.0
812,42.400,243.830,42.65,243.77,957.98,37949.0,10416.0,10416.0
813,42.400,243.830,42.5,243.85,957.98,38809.0,13281.0,13281.0
814,42.400,243.830,42.37,243.86,957.98,37944.0,11535.0,11535.0
815,42.400,243.830,42.56,243.99,957.98,39509.0,12987.0,12987.0
816,42.400,243.830,42.38,244,957.98,36184.0,10239.0,10239.0
817,42.400,243.830,42.51,243.95,957.98,42732.0,15990.0,15990.0
818,42.400,243.830,42.47,243.55,957.98,36061.0,11061.0,11061.0
819,42.400,243.830,42.6,243.85,957.98,37365.0,10739.0,10739.0
820,42.400,243.830,42.78,243.81,957.98,38418.0,13089.0,13089.0
821,42.400,243.830,42.65,243.98,957.98,39271.0,11846.0,11846.0
822,42.400,243.830,42.4,243.98,957.98,40965.0,13648.0,13648.0
823,42.400,243.830,41.63,244.29,957.98,37633.0,11480.0,11480.0
824,42.400,243.830,42.81,243.75,957.98,38213.0,12548.0,12548.0
825,42.400,243.830,42.48,244.02,957.98,35238.0,8857.0,8857.0
826,42.400,243.830,42.68,244.01,957.98,37270.0,10901.0,10901.0
827,42.400,243.830,42.56,243.77,957.98,36738.0,11460.0,11460.0
828,42.400,243.830,42.52,243.75,957.98,33587.0,9183.0,9183.0
829,42.400,243.830,42.58,243.94,957.98,35752.0,10486.0,10486.0
830,42.400,243.830,42.45,243.92,957.98,33298.0,8343.0,8343.0
831,42.400,243.830,42.76,244.02,957.98,33077.0,8139.0,8139.0
832,42.400,243.830,42.4,243.98,957.98,36041.0,9818.0,9818.0
833,42.400,243.830,42.55,244.17,957.98,39591.0,13898.0,13898.0
834,42.400,243.830,42.62,243.71,957.98,39516.0,13491.0,13491.0
835,42.400,243.830,42.68,243.83,957.98,34548.0,9665.0,9665.0
836,42.400,243.830,42.48,243.82,957.98,33261.0,7274.0,7274.0
837,42.400,243.830,42.64,243.98,957.98,38127.0,11966.0,11966.0
838,42.400,243.830,42.48,243.93,957.98,37624.0,11593.0,11593.0
839,42.400,243.830,42.48,244.15,957.98,38466.0,12577.0,12577.0
840,42.400,243.830,42.49,243.9,957.98,31985.0,6487.0,6487.0
841,42.400,243.830,42.55,244.22,957.98,33212.0,7615.0,7615.0
842,42.400,243.830,42.4,244,957.98,31419.0,6863.0,6863.0
843,42.400,243.830,42.65,244.17,957.98,33498.0,7721.0,7721.0
844,42.400,243.830,42.76,243.96,957.98,35942.0,9701.0,9701.0
845,42.400,243.830,42.36,243.88,957.98,36772.0,11588.0,11588.0
846,42.400,243.830,42.77,244.01,957.98,34589.0,8854.0,8854.0
847,42.400,243.830,42.45,244.12,957.98,34612.0,9354.0,9354.0
848,42.400,243.830,42.99,244.17,957.98,33572.0,8863.0,8863.0
849,42.400,243.830,42.54,244.03,957.98,34626.0,8931.0,8931.0
850,42.400,243.830,42.24,243.9,957.98,38640.0,13050.0,13050.0
851,42.400,243.830,42.26,244.04,957.98,37293.0,10700.0,10700.0
852,42.400,243.830,42.38,243.83,957.98,36306.0,10884.0,10884.0
853,42.400,243.830,42.69,243.85,957.98,35969.0,11027.0,11027.0
854,42.400,243.830,42.58,243.98,957.98,36858.0,11515.0,11515.0
855,42.400,243.830,42.46,243.93,957.98,36373.0,10746.0,10746.0
856,42.400,243.830,42.54,243.96,957.98,38602.0,13517.0,13517.0
857,42.400,243.830,42.58,243.6,957.98,45404.0,19315.0,19315.0
858,42.400,243.830,42.33,244.11,957.98,41511.0,14897.0,14897.0
859,42.400,243.830,42.65,243.81,957.98,37093.0,10788.0,10788.0
860,42.400,243.830,42.57,243.99,957.98,37218.0,10454.0,10454.0
861,42.400,243.830,42.51,243.88,957.98,41556.0,14364.0,14364.0
862,42.400,243.830,42.39,243.82,957.98,45016.0,17495.0,17495.0
863,42.400,243.830,42.47,243.81,957.98,38113.0,12237.0,12237.0
864,42.400,243.830,42.49,243.96,957.98,38399.0,11957.0,11957.0
865,42.400,243.830,42.6,243.81,957.98,33112.0,7916.0,7916.0
866,42.400,243.830,42.49,243.93,957.98,44806.0,17521.0,17521.0
867,42.400,243.830,42.4,243.83,957.98,33444.0,7948.0,7948.0
868,42.400,243.830,42.4,243.83,957.98,21688.0,0.0,0.0
869,42.400,243.830,42.4,243.83,957.98,23816.0,298.0,298.0
870,42.400,243.830,42.4,243.83,957.98,25646.0,1607.0,1607.0
871,42.400,243.830,42.4,243.83,957.98,24925.0,529.0,529.0
872,42.400,243.830,42.4,243.83,957.98,21593.0,0.0,0.0
873,42.400,243.830,42.4,243.83,957.98,23514.0,79.0,79.0
874,42.400,243.830,42.4,243.83,957.98,22502.0,0.0,0.0
875,42.400,243.830,42.4,243.83,957.98,23919.0,315.0,315.0
876,42.400,243.830,42.4,243.83,957.98,24193.0,0.0,0.0
877,42.400,243.830,42.4,243.83,957.98,24834.0,1263.0,1263.0
878,42.400,243.830,42.4,243.83,957.98,24837.0,58.0,58.0
879,42.400,243.830,42.4,243.83,957.98,23449.0,0.0,0.0
880,42.400,243.830,42.4,243.83,957.98,25645.0,1722.0,1722.0
881,42.400,243.830,42.4,243.83,957.98,22407.0,0.0,0.0
882,42.400,243.830,42.4,243.83,957.98,22666.0,0.0,0.0
883,42.400,243.830,42.4,243.83,957.98,23319.0,83.0,83.0
884,42.400,243.830,42.4,243.83,957.98,22456.0,0.0,0.0
885,42.400,243.830,42.4,243.83,957.98,22892.0,0.0,0.0
886,42.400,243.830,42.4,243.83,957.98,23916.0,94.0,94.0
887,42.400,243.830,42.4,243.83,957.98,23239.0,0.0,0.0
888,42.400,243.830,42.4,243.83,957.98,23523.0,404.0,404.0
889,42.400,243.830,42.4,243.83,957.98,23009.0,0.0,0.0
890,42.400,243.830,42.4,243.83,957.98,22794.0,0.0,0.0
891,42.400,243.830,42.4,243.83,957.98,22984.0,0.0,0.0
892,42.400,243.830,42.4,243.83,957.98,24394.0,119.0,119.0
893,42.400,243.830,42.4,243.83,957.98,25765.0,1707.0,1707.0
894,42.400,243.830,42.4,243.83,957.98,23595.0,151.0,151.0
895,42.400,243.830,42.4,243.83,957.98,22738.0,0.0,0.0
896,42.400,243.830,42.4,243.83,957.98,23827.0,0.0,0.0
897,42.400,243.830,42.4,243.83,957.98,23710.0,0.0,0.0
898,42.400,243.830,42.4,243.83,957.98,24667.0,513.0,513.0
899,42.400,243.830,42.4,243.83,957.98,23257.0,0.0,0.0
900,42.400,243.830,42.4,243.83,957.98,24578.0,1082.0,1082.0
901,42.400,243.830,42.4,243.83,957.98,22941.0,0.0,0.0
902,42.400,243.830,42.4,243.83,957.98,23623.0,0.0,0.0
903,42.400,243.830,42.4,243.83,957.98,22193.0,0.0,0.0
904,42.400,243.830,42.4,243.83,957.98,23254.0,0.0,0.0
905,42.400,243.830,42.4,243.83,957.98,24077.0,0.0,0.0
906,42.400,243.830,42.4,243.83,957.98,25448.0,1434.0,1434.0
907,42.400,243.830,42.4,243.83,957.98,22057.0,0.0,0.0
908,42.400,243.830,42.4,243.83,957.98,22805.0,0.0,0.0
909,42.400,243.830,42.4,243.83,957.98,23491.0,48.0,48.0
910,42.400,243.830,42.4,243.83,957.98,24002.0,13.0,13.0
911,42.400,243.830,42.4,243.83,957.98,22254.0,0.0,0.0
912,42.400,243.830,42.4,243.83,957.98,23327.0,218.0,218.0
913,42.400,243.830,42.4,243.83,957.98,23713.0,603.0,603.0
914,42.400,243.830,42.4,243.83,957.98,23351.0,0.0,0.0
915,42.400,243.830,42.4,243.83,957.98,22387.0,0.0,0.0
916,42.400,243.830,42.4,243.83,957.98,22928.0,0.0,0.0
917,42.400,243.830,42.4,243.83,957.98,23098.0,35.0,35.0
918,42.400,243.830,42.4,243.83,957.98,22332.0,0.0,0.0
919,42.400,243.830,42.4,243.83,957.98,22633.0,0.0,0.0
920,42.400,243.830,42.4,243.83,957.98,22942.0,0.0,0.0
921,42.400,243.830,42.4,243.83,957.98,24288.0,1233.0,1233.0
922,42.400,243.830,42.4,243.83,957.98,23714.0,0.0,0.0
923,42.400,243.830,42.4,243.83,957.98,23540.0,796.0,796.0
924,42.400,243.830,42.4,243.83,957.98,23708.0,0.0,0.0
925,42.400,243.830,42.4,243.83,957.98,23993.0,0.0,0.0
926,42.400,243.830,42.4,243.83,957.98,24551.0,967.0,967.0
927,42.400,243.830,42.4,243.83,957.98,23775.0,204.0,204.0
928,42.400,243.830,42.4,243.83,957.98,23533.0,307.0,307.0
929,42.400,243.830,42.4,243.83,957.98,23938.0,0.0,0.0
930,42.400,243.830,42.4,243.83,957.98,27160.0,2670.0,2670.0
931,42.400,243.830,42.4,243.83,957.98,23400.0,448.0,448.0
932,42.400,243.830,42.4,243.83,957.98,24280.0,1019.0,1019.0
933,42.400,243.830,42.4,243.83,957.98,23916.0,508.0,508.0
934,42.400,243.830,42.4,243.83,957.98,21968.0,0.0,0.0
935,42.400,243.830,42.4,243.83,957.98,24388.0,56.0,56.0
936,42.400,243.830,42.4,243.83,957.98,23051.0,0.0,0.0
937,42.400,243.830,42.4,243.83,957.98,23232.0,197.0,197.0
938,42.400,243.830,42.4,243.83,957.98,22794.0,0.0,0.0
939,42.400,243.830,42.4,243.83,957.98,25079.0,541.0,541.0
940,42.400,243.830,42.4,243.83,957.98,23142.0,0.0,0.0
941,42.400,243.830,42.4,243.83,957.98,23398.0,0.0,0.0
942,42.400,243.830,42.4,243.83,957.98,23674.0,0.0,0.0
943,42.400,243.830,42.4,243.83,957.98,23839.0,1486.0,1486.0
944,42.400,243.830,42.4,243.83,957.98,22281.0,0.0,0.0
945,42.400,243.830,42.4,243.83,957.98,24327.0,696.0,696.0
946,42.400,243.830,42.4,243.83,957.98,22555.0,0.0,0.0
947,42.400,243.830,42.4,243.83,957.98,23894.0,859.0,859.0
948,42.400,243.830,42.4,243.83,957.98,22419.0,0.0,0.0
949,42.400,243.830,42.4,243.83,957.98,24113.0,543.0,543.0
950,42.400,243.830,42.4,243.83,957.98,23839.0,0.0,0.0
951,42.400,243.830,42.4,243.83,957.98,23806.0,1371.0,1371.0
952,42.400,243.830,42.4,243.83,957.98,23027.0,0.0,0.0
953,42.400,243.830,42.4,243.83,957.98,24548.0,0.0,0.0
954,42.400,243.830,42.4,243.83,957.98,24956.0,524.0,524.0
955,42.400,243.830,42.4,243.83,957.98,23360.0,0.0,0.0
956,42.400,243.830,42.4,243.83,957.98,23195.0,0.0,0.0
957,42.400,243.830,42.4,243.83,957.98,22038.0,0.0,0.0
958,42.400,243.830,42.4,243.83,957.98,22390.0,0.0,0.0
959,42.400,243.830,42.4,243.83,957.98,22929.0,0.0,0.0
960,42.400,243.830,42.4,243.83,957.98,22990.0,0.0,0.0
961,42.400,243.830,42.4,243.83,957.98,22671.0,0.0,0.0
962,42.400,243.830,42.4,243.83,957.98,22942.0,0.0,0.0
963,42.400,243.830,42.4,243.83,957.98,22533.0,0.0,0.0
964,42.400,243.830,42.4,243.83,957.98,22394.0,0.0,0.0
965,42.400,243.830,42.4,243.83,957.98,23136.0,370.0,370.0
966,42.400,243.830,42.4,243.83,957.98,23660.0,546.0,546.0
967,42.400,243.830,42.4,243.83,957.98,23640.0,0.0,0.0
968,42.400,243.830,42.4,243.83,957.98,22975.0,0.0,0.0
969,42.400,243.830,42.4,243.83,957.98,22442.0,0.0,0.0
970,42.400,243.830,42.4,243.83,957.98,23159.0,0.0,0.0
971,42.400,243.830,42.4,243.83,957.98,23180.0,0.0,0.0
972,42.400,243.830,42.4,243.83,957.98,24045.0,904.0,904.0
973,42.400,243.830,42.4,243.83,957.98,24075.0,1082.0,1082.0
974,42.400,243.830,42.4,243.83,957.98,24835.0,247.0,247.0
975,42.400,243.830,42.4,243.83,957.98,24139.0,0.0,0.0
976,42.400,243.830,42.4,243.83,957.98,22870.0,0.0,0.0
977,42.400,243.830,42.4,243.83,957.98,23565.0,0.0,0.0
978,42.400,243.830,42.4,243.83,957.98,22580.0,0.0,0.0
979,42.400,243.830,42.4,243.83,957.98,23446.0,212.0,212.0
980,42.400,243.830,42.4,243.83,957.98,23560.0,0.0,0.0
981,42.400,243.830,42.4,243.83,957.98,25695.0,671.0,671.0
982,42.400,243.830,42.4,243.83,957.98,23555.0,0.0,0.0
983,42.400,243.830,42.4,243.83,957.98,22640.0,0.0,0.0
984,42.400,243.830,42.4,243.83,957.98,22444.0,0.0,0.0
985,42.400,243.830,42.4,243.83,957.98,24262.0,562.0,562.0
986,42.400,243.830,42.4,243.83,957.98,23385.0,0.0,0.0
987,42.400,243.830,42.4,243.83,957.98,24463.0,951.0,951.0
988,42.400,243.830,42.4,243.83,957.98,24097.0,170.0,170.0
989,42.400,243.830,42.4,243.83,957.98,22791.0,0.0,0.0
990,42.400,243.830,42.4,243.83,957.98,24802.0,610.0,610.0
991,42.400,243.830,42.4,243.83,957.98,22909.0,0.0,0.0
992,42.400,243.830,42.4,243.83,957.98,22958.0,0.0,0.0
993,42.400,243.830,42.4,243.83,957.98,24379.0,695.0,695.0
994,42.400,243.830,42.4,243.83,957.98,22210.0,0.0,0.0
995,42.400,243.830,42.4,243.83,957.98,23553.0,293.0,293.0
996,42.400,243.830,42.4,243.83,957.98,23635.0,405.0,405.0
997,42.400,243.830,42.4,243.83,957.98,22222.0,0.0,0.0
998,42.400,243.830,42.4,243.83,957.98,22712.0,0.0,0.0
999,42.400,243.830,42.4,243.83,957.98,23507.0,0.0,0.0
1000,42.400,243.830,42.4,243.83,957.98,23506.0,143.0,143.0
1001,42.400,243.830,42.4,243.83,957.98,25035.0,960.0,960.0
1002,42.400,243.830,42.4,243.83,957.98,24736.0,1260.0,1260.0
1003,42.400,243.830,42.4,243.83,957.98,23206.0,0.0,0.0
1004,42.400,243.830,42.4,243.83,957.98,22335.0,0.0,0.0
1005,42.400,243.830,42.4,243.83,957.98,24047.0,31.0,31.0
1006,42.400,243.830,42.4,243.83,957.98,24060.0,91.0,91.0
1007,42.400,243.830,42.4,243.83,957.98,22934.0,0.0,0.0
1008,42.400,243.830,42.4,243.83,957.98,22717.0,0.0,0.0
1009,42.400,243.830,42.4,243.83,957.98,23625.0,668.0,668.0
1010,42.400,243.830,42.4,243.83,957.98,22075.0,0.0,0.0
1011,42.400,243.830,42.4,243.83,957.98,22882.0,0.0,0.0
1012,42.400,243.830,42.4,243.83,957.98,23554.0,130.0,130.0
1013,42.400,243.830,42.4,243.83,957.98,21540.0,0.0,0.0
1014,42.400,243.830,42.4,243.83,957.98,24943.0,301.0,301.0
1015,42.400,243.830,42.4,243.83,957.98,22776.0,0.0,0.0
1016,42.400,243.830,42.4,243.83,957.98,23612.0,602.0,602.0
1017,42.400,243.830,42.4,243.83,957.98,22657.0,0.0,0.0
1018,42.400,243.830,42.4,243.83,957.98,25072.0,1404.0,1404.0
1019,42.400,243.830,42.4,243.83,957.98,24130.0,906.0,906.0
1020,42.400,243.830,42.4,243.83,957.98,24362.0,39.0,39.0
1021,42.400,243.830,42.4,243.83,957.98,22571.0,0.0,0.0
1022,42.400,243.830,42.4,243.83,957.98,24741.0,1405.0,1405.0
1023,42.400,243.830,42.4,243.83,957.98,21894.0,0.0,0.0
1024,42.400,243.830,42.4,243.83,957.98,21970.0,0.0,0.0
1025,42.400,243.830,42.4,243.83,957.98,22723.0,0.0,0.0
1026,42.400,243.830,42.4,243.83,957.98,23460.0,78.0,78.0
1027,42.400,243.830,42.4,243.83,957.98,23799.0,443.0,443.0
1028,42.400,243.830,42.4,243.83,957.98,24721.0,468.0,468.0
1029,42.400,243.830,42.4,243.83,957.98,23826.0,368.0,368.0
1030,42.400,243.830,42.4,243.83,957.98,22918.0,0.0,0.0
1031,42.400,243.830,42.4,243.83,957.98,23728.0,888.0,888.0
1032,42.400,243.830,42.4,243.83,957.98,23557.0,0.0,0.0
1033,42.400,243.830,42.4,243.83,957.98,25017.0,602.0,602.0
1034,42.400,243.830,42.4,243.83,957.98,23292.0,416.0,416.0
1035,42.400,243.830,42.4,243.83,957.98,22775.0,0.0,0.0
1036,42.400,243.830,42.4,243.83,957.98,22900.0,244.0,244.0
1037,42.400,243.830,42.4,243.83,957.98,24396.0,130.0,130.0
1038,42.400,243.830,42.4,243.83,957.98,22612.0,0.0,0.0
1039,42.400,243.830,42.4,243.83,957.98,22783.0,0.0,0.0
1040,42.400,243.830,42.4,243.83,957.98,23304.0,282.0,282.0
1041,42.400,243.830,42.4,243.83,957.98,22332.0,0.0,0.0
1042,42.400,243.830,42.4,243.83,957.98,23936.0,731.0,731.0
1043,42.400,243.830,42.4,243.83,957.98,22397.0,0.0,0.0
1044,42.400,243.830,42.4,243.83,957.98,23796.0,587.0,587.0
1045,42.400,243.830,42.4,243.83,957.98,22255.0,0.0,0.0
1046,42.400,243.830,42.4,243.83,957.98,23829.0,0.0,0.0
1047,42.400,243.830,42.4,243.83,957.98,22384.0,0.0,0.0
1048,42.400,243.830,42.4,243.83,957.98,23431.0,0.0,0.0
1049,42.400,243.830,42.4,243.83,957.98,25243.0,1107.0,1107.0
1050,42.400,243.830,42.4,243.83,957.98,22296.0,0.0,0.0
1051,42.400,243.830,42.4,243.83,957.98,22927.0,0.0,0.0
1052,42.400,243.830,42.4,243.83,957.98,22804.0,0.0,0.0
1053,42.400,243.830,42.4,243.83,957.98,22975.0,298.0,298.0
1054,42.400,243.830,42.4,243.83,957.98,24542.0,867.0,867.0
1055,42.400,243.830,42.4,243.83,957.98,23838.0,0.0,0.0
1056,42.400,243.830,42.4,243.83,957.98,23490.0,208.0,208.0
1057,42.400,243.830,42.4,243.83,957.98,21868.0,0.0,0.0
1058,42.400,243.830,42.4,243.83,957.98,23159.0,0.0,0.0
1059,42.400,243.830,42.4,243.83,957.98,23371.0,0.0,0.0
1060,42.400,243.830,42.4,243.83,957.98,23646.0,603.0,603.0
1061,42.400,243.830,42.4,243.83,957.98,24238.0,147.0,147.0
1062,42.400,243.830,42.4,243.83,957.98,22411.0,0.0,0.0
1063,42.400,243.830,42.4,243.83,957.98,23749.0,0.0,0.0
1064,42.400,243.830,42.4,243.83,957.98,22650.0,0.0,0.0
1065,42.400,243.830,42.4,243.83,957.98,22358.0,0.0,0.0
1066,42.400,243.830,42.4,243.83,957.98,22557.0,445.0,445.0
1067,42.400,243.830,42.4,243.83,957.98,23248.0,0.0,0.0
