id,avg_x,avg_y,x,y,bg,Square_intensity,circular_intensity,Gaussian_intensity
469,215.870,8.140,216.55,8.41,1097.68,31317.0,0.0,0.0
470,215.870,8.140,216.55,8.41,1097.68,33507.0,130.0,130.0
471,215.870,8.140,216.55,8.41,1097.68,32243.0,0.0,0.0
472,215.870,8.140,216.55,8.41,1097.68,34373.0,1023.0,1023.0
473,215.870,8.140,216.55,8.41,1097.68,31190.0,0.0,0.0
474,215.870,8.140,216.55,8.41,1097.68,32481.0,679.0,679.0
475,215.870,8.140,216.55,8.41,1097.68,31896.0,0.0,0.0
476,215.870,8.140,216.55,8.41,1097.68,34262.0,2570.0,2570.0
477,215.870,8.140,216.55,8.41,1097.68,30904.0,0.0,0.0
478,215.870,8.140,216.55,8.41,1097.68,30855.0,0.0,0.0
479,215.870,8.140,216.55,8.41,1097.68,32727.0,0.0,0.0
480,215.870,8.140,216.55,8.41,1097.68,31927.0,0.0,0.0
481,215.870,8.140,216.55,8.41,1097.68,32163.0,465.0,465.0
482,215.870,8.140,216.55,8.41,1097.68,32828.0,994.0,994.0
483,215.870,8.140,216.55,8.41,1097.68,32260.0,0.0,0.0
484,215.870,8.140,216.55,8.41,1097.68,29716.0,0.0,0.0
485,215.870,8.140,216.55,8.41,1097.68,31783.0,0.0,0.0
486,215.870,8.140,216.55,8.41,1097.68,33755.0,659.0,659.0
487,215.870,8.140,216.55,8.41,1097.68,32950.0,0.0,0.0
488,215.870,8.140,216.55,8.41,1097.68,34855.0,971.0,971.0
489,215.870,8.140,216.55,8.41,1097.68,32662.0,104.0,104.0
490,215.870,8.140,216.55,8.41,1097.68,32678.0,0.0,0.0
491,215.870,8.140,216.55,8.41,1097.68,34515.0,825.0,825.0
492,215.870,8.140,216.55,8.41,1097.68,36186.0,1772.0,1772.0
493,215.870,8.140,216.55,8.41,1097.68,33742.0,57.0,57.0
494,215.870,8.140,216.55,8.41,1097.68,35338.0,1601.0,1601.0
495,215.870,8.140,216.55,8.41,1097.68,31771.0,0.0,0.0
496,215.870,8.140,216.55,8.41,1097.68,35181.0,1925.0,1925.0
497,215.870,8.140,216.55,8.41,1097.68,32486.0,791.0,791.0
498,215.870,8.140,216.55,8.41,1097.68,32591.0,1029.0,1029.0
499,215.870,8.140,216.55,8.41,1097.68,37580.0,5988.0,5988.0
500,215.870,8.140,216.55,8.41,1097.68,33276.0,975.0,975.0
501,215.870,8.140,216.55,8.41,1097.68,32338.0,0.0,0.0
502,215.870,8.140,216.55,8.41,1097.68,35530.0,2250.0,2250.0
503,215.870,8.140,216.55,8.41,1097.68,34714.0,2391.0,2391.0
504,215.870,8.140,216.55,8.41,1097.68,33630.0,1621.0,1621.0
505,215.870,8.140,216.55,8.41,1097.68,33797.0,673.0,673.0
506,215.870,8.140,216.55,8.41,1097.68,36104.0,3365.0,3365.0
507,215.870,8.140,216.55,8.41,1097.68,38447.0,5978.0,5978.0
508,215.870,8.140,216.55,8.41,1097.68,36299.0,3897.0,3897.0
509,215.870,8.140,216.55,8.41,1097.68,38443.0,6084.0,6084.0
510,215.870,8.140,216.55,8.41,1097.68,35172.0,3993.0,3993.0
511,215.870,8.140,216.55,8.41,1097.68,32616.0,1538.0,1538.0
512,215.870,8.140,216.55,8.41,1097.68,33938.0,0.0,0.0
513,215.870,8.140,216.55,8.41,1097.68,38183.0,5343.0,5343.0
514,215.870,8.140,216.55,8.41,1097.68,33845.0,619.0,619.0
515,215.870,8.140,216.55,8.41,1097.68,34369.0,1004.0,1004.0
516,215.870,8.140,216.55,8.41,1097.68,33743.0,0.0,0.0
517,215.870,8.140,216.55,8.41,1097.68,36815.0,3552.0,3552.0
518,215.870,8.140,216.55,8.41,1097.68,32982.0,0.0,0.0
519,215.870,8.140,216.55,8.41,1097.68,33589.0,595.0,595.0
520,215.870,8.140,216.55,8.41,1097.68,33376.0,0.0,0.0
521,215.870,8.140,216.55,8.41,1097.68,35139.0,1508.0,1508.0
522,215.870,8.140,216.55,8.41,1097.68,34771.0,1396.0,1396.0
523,215.870,8.140,216.55,8.41,1097.68,32601.0,0.0,0.0
524,215.870,8.140,216.55,8.41,1097.68,33948.0,916.0,916.0
525,215.870,8.140,216.55,8.41,1097.68,32458.0,0.0,0.0
526,215.870,8.140,216.55,8.41,1097.68,32297.0,0.0,0.0
527,215.870,8.140,216.55,8.41,1097.68,34160.0,605.0,605.0
528,215.870,8.140,216.55,8.41,1097.68,34587.0,630.0,630.0
529,215.870,8.140,216.55,8.41,1097.68,37955.0,4435.0,4435.0
530,215.870,8.140,216.55,8.41,1097.68,35230.0,1866.0,1866.0
531,215.870,8.140,216.55,8.41,1097.68,34479.0,1035.0,1035.0
532,215.870,8.140,216.55,8.41,1097.68,37342.0,3399.0,3399.0
533,215.870,8.140,216.55,8.41,1097.68,33011.0,0.0,0.0
534,215.870,8.140,216.55,8.41,1097.68,36658.0,3535.0,3535.0
535,215.870,8.140,216.55,8.41,1097.68,37043.0,3372.0,3372.0
536,215.870,8.140,216.55,8.41,1097.68,39122.0,5167.0,5167.0
537,215.870,8.140,216.55,8.41,1097.68,36290.0,5892.0,5892.0
538,215.870,8.140,216.55,8.41,1097.68,33446.0,795.0,795.0
539,215.870,8.140,216.55,8.41,1097.68,34290.0,575.0,575.0
540,215.870,8.140,216.55,8.41,1097.68,31350.0,0.0,0.0
541,215.870,8.140,216.55,8.41,1097.68,34052.0,1581.0,1581.0
542,215.870,8.140,216.55,8.41,1097.68,33607.0,0.0,0.0
543,215.870,8.140,216.55,8.41,1097.68,32075.0,0.0,0.0
544,215.870,8.140,216.55,8.41,1097.68,34839.0,1332.0,1332.0
545,215.870,8.140,216.55,8.41,1097.68,35448.0,2139.0,2139.0
546,215.870,8.140,216.55,8.41,1097.68,32948.0,1246.0,1246.0
547,215.870,8.140,216.55,8.41,1097.68,35502.0,2874.0,2874.0
548,215.870,8.140,216.55,8.41,1097.68,36011.0,2356.0,2356.0
549,215.870,8.140,216.55,8.41,1097.68,35679.0,2261.0,2261.0
550,215.870,8.140,216.55,8.41,1097.68,34610.0,3567.0,3567.0
551,215.870,8.140,216.55,8.41,1097.68,38710.0,4576.0,4576.0
552,215.870,8.140,216.55,8.41,1097.68,36632.0,4086.0,4086.0
553,215.870,8.140,216.55,8.41,1097.68,35844.0,3734.0,3734.0
554,215.870,8.140,216.55,8.41,1097.68,35423.0,3647.0,3647.0
555,215.870,8.140,216.55,8.41,1097.68,35735.0,2126.0,2126.0
556,215.870,8.140,216.55,8.41,1097.68,35973.0,2484.0,2484.0
557,215.870,8.140,216.55,8.41,1097.68,36118.0,3519.0,3519.0
558,215.870,8.140,216.55,8.41,1097.68,32147.0,787.0,787.0
559,215.870,8.140,216.55,8.41,1097.68,36311.0,2166.0,2166.0
560,215.870,8.140,216.55,8.41,1097.68,37216.0,3377.0,3377.0
561,215.870,8.140,216.55,8.41,1097.68,35107.0,2921.0,2921.0
562,215.870,8.140,216.55,8.41,1097.68,36056.0,3406.0,3406.0
563,215.870,8.140,216.55,8.41,1097.68,33547.0,1456.0,1456.0
564,215.870,8.140,216.55,8.41,1097.68,35143.0,2524.0,2524.0
565,215.870,8.140,216.55,8.41,1097.68,33315.0,0.0,0.0
566,215.870,8.140,216.55,8.41,1097.68,35012.0,2539.0,2539.0
567,215.870,8.140,216.55,8.41,1097.68,33379.0,1386.0,1386.0
568,215.870,8.140,216.55,8.41,1097.68,30247.0,0.0,0.0
569,215.870,8.140,216.55,8.41,1097.68,33170.0,1255.0,1255.0
570,215.870,8.140,216.55,8.41,1097.68,30619.0,0.0,0.0
571,215.870,8.140,216.55,8.41,1097.68,34549.0,3474.0,3474.0
572,215.870,8.140,216.55,8.41,1097.68,38060.0,9819.0,9819.0
573,215.870,8.140,216.55,8.41,1097.68,35461.0,7860.0,7860.0
574,215.870,8.140,216.55,8.41,1097.68,31134.0,4678.0,4678.0
575,215.870,8.140,216.55,8.41,1097.68,35390.0,8317.0,8317.0
576,215.870,8.140,216.55,8.41,1097.68,34064.0,7470.0,7470.0
577,215.870,8.140,216.55,8.41,1097.68,33752.0,7793.0,7793.0
578,215.870,8.140,216.55,8.41,1097.68,35956.0,9217.0,9217.0
579,215.870,8.140,216.55,8.41,1097.68,33123.0,5380.0,5380.0
580,215.870,8.140,216.55,8.41,1097.68,38800.0,11433.0,11433.0
581,215.870,8.140,216.55,8.41,1097.68,34271.0,7676.0,7676.0
582,215.870,8.140,216.55,8.41,1097.68,39637.0,11162.0,11162.0
583,215.870,8.140,216.55,8.41,1097.68,35234.0,6859.0,6859.0
584,215.870,8.140,216.55,8.41,1097.68,35929.0,3090.0,3090.0
585,215.870,8.140,216.55,8.41,1097.68,36530.0,5565.0,5565.0
586,215.870,8.140,216.55,8.41,1097.68,32713.0,467.0,467.0
587,215.870,8.140,216.55,8.41,1097.68,35010.0,2198.0,2198.0
588,215.870,8.140,216.55,8.41,1097.68,33381.0,1807.0,1807.0
589,215.870,8.140,216.55,8.41,1097.68,31109.0,0.0,0.0
590,215.870,8.140,216.55,8.41,1097.68,31957.0,0.0,0.0
591,215.870,8.140,216.55,8.41,1097.68,35005.0,2132.0,2132.0
592,215.870,8.140,216.55,8.41,1097.68,34505.0,4652.0,4652.0
593,215.870,8.140,216.55,8.41,1097.68,35317.0,2845.0,2845.0
594,215.870,8.140,216.55,8.41,1097.68,33416.0,2005.0,2005.0
595,215.870,8.140,216.55,8.41,1097.68,34374.0,1158.0,1158.0
596,215.870,8.140,216.55,8.41,1097.68,34258.0,2022.0,2022.0
597,215.870,8.140,216.55,8.41,1097.68,37121.0,3737.0,3737.0
598,215.870,8.140,216.55,8.41,1097.68,33769.0,496.0,496.0
599,215.870,8.140,216.55,8.41,1097.68,33922.0,926.0,926.0
600,215.870,8.140,216.55,8.41,1097.68,35765.0,3293.0,3293.0
601,215.870,8.140,216.55,8.41,1097.68,35677.0,3481.0,3481.0
602,215.870,8.140,216.55,8.41,1097.68,30662.0,0.0,0.0
603,215.870,8.140,216.55,8.41,1097.68,30643.0,0.0,0.0
604,215.870,8.140,216.55,8.41,1097.68,31217.0,165.0,165.0
605,215.870,8.140,216.55,8.41,1097.68,34947.0,2122.0,2122.0
606,215.870,8.140,216.55,8.41,1097.68,33349.0,0.0,0.0
607,215.870,8.140,216.55,8.41,1097.68,37969.0,3711.0,3711.0
608,215.870,8.140,216.55,8.41,1097.68,37800.0,5738.0,5738.0
609,215.870,8.140,216.55,8.41,1097.68,38929.0,6174.0,6174.0
610,215.870,8.140,216.55,8.41,1097.68,32794.0,0.0,0.0
611,215.870,8.140,216.55,8.41,1097.68,34122.0,643.0,643.0
612,215.870,8.140,216.55,8.41,1097.68,33395.0,6.0,6.0
613,215.870,8.140,216.55,8.41,1097.68,33748.0,1138.0,1138.0
614,215.870,8.140,216.55,8.41,1097.68,32478.0,0.0,0.0
615,215.870,8.140,216.55,8.41,1097.68,34783.0,737.0,737.0
616,215.870,8.140,216.55,8.41,1097.68,35373.0,2672.0,2672.0
617,215.870,8.140,216.55,8.41,1097.68,37038.0,3589.0,3589.0
618,215.870,8.140,216.55,8.41,1097.68,36137.0,3840.0,3840.0
619,215.870,8.140,216.55,8.41,1097.68,35166.0,1772.0,1772.0
620,215.870,8.140,216.55,8.41,1097.68,34355.0,1307.0,1307.0
621,215.870,8.140,216.55,8.41,1097.68,35499.0,2642.0,2642.0
622,215.870,8.140,216.55,8.41,1097.68,36279.0,3106.0,3106.0
623,215.870,8.140,216.55,8.41,1097.68,33289.0,1275.0,1275.0
624,215.870,8.140,216.55,8.41,1097.68,37652.0,4421.0,4421.0
625,215.870,8.140,216.55,8.41,1097.68,35096.0,1201.0,1201.0
626,215.870,8.140,216.55,8.41,1097.68,33491.0,965.0,965.0
627,215.870,8.140,216.55,8.41,1097.68,34327.0,1153.0,1153.0
628,215.870,8.140,216.55,8.41,1097.68,38663.0,5711.0,5711.0
629,215.870,8.140,216.55,8.41,1097.68,33347.0,58.0,58.0
630,215.870,8.140,216.55,8.41,1097.68,35906.0,3517.0,3517.0
631,215.870,8.140,216.55,8.41,1097.68,36466.0,2619.0,2619.0
632,215.870,8.140,216.55,8.41,1097.68,34549.0,1278.0,1278.0
633,215.870,8.140,216.55,8.41,1097.68,33643.0,461.0,461.0
634,215.870,8.140,216.55,8.41,1097.68,32990.0,774.0,774.0
635,215.870,8.140,216.55,8.41,1097.68,37267.0,4527.0,4527.0
636,215.870,8.140,216.55,8.41,1097.68,36876.0,4334.0,4334.0
637,215.870,8.140,216.55,8.41,1097.68,36338.0,2559.0,2559.0
638,215.870,8.140,216.55,8.41,1097.68,35688.0,3382.0,3382.0
639,215.870,8.140,216.55,8.41,1097.68,38311.0,4556.0,4556.0
640,215.870,8.140,216.55,8.41,1097.68,38696.0,3996.0,3996.0
641,215.870,8.140,216.55,8.41,1097.68,36944.0,3353.0,3353.0
642,215.870,8.140,216.55,8.41,1097.68,35792.0,2484.0,2484.0
643,215.870,8.140,216.55,8.41,1097.68,34740.0,8081.0,8081.0
644,215.870,8.140,216.55,8.41,1097.68,34018.0,7495.0,7495.0
645,215.870,8.140,216.55,8.41,1097.68,34752.0,8263.0,8263.0
646,215.870,8.140,216.55,8.41,1097.68,34272.0,7716.0,7716.0
647,215.870,8.140,216.55,8.41,1097.68,34268.0,7590.0,7590.0
648,215.870,8.140,216.55,8.41,1097.68,36357.0,8985.0,8985.0
649,215.870,8.140,216.55,8.41,1097.68,34414.0,7606.0,7606.0
650,215.870,8.140,216.55,8.41,1097.68,37775.0,9885.0,9885.0
651,215.870,8.140,216.55,8.41,1097.68,33826.0,7938.0,7938.0
652,215.870,8.140,216.55,8.41,1097.68,33508.0,7703.0,7703.0
653,215.870,8.140,216.55,8.41,1097.68,36884.0,9074.0,9074.0
654,215.870,8.140,216.55,8.41,1097.68,35994.0,7919.0,7919.0
655,215.870,8.140,216.55,8.41,1097.68,37375.0,10554.0,10554.0
656,215.870,8.140,216.55,8.41,1097.68,36850.0,9743.0,9743.0
657,215.870,8.140,216.55,8.41,1097.68,36504.0,9535.0,9535.0
658,215.870,8.140,216.55,8.41,1097.68,36495.0,8940.0,8940.0
659,215.870,8.140,216.55,8.41,1097.68,35077.0,7900.0,7900.0
660,215.870,8.140,216.55,8.41,1097.68,33153.0,6569.0,6569.0
661,215.870,8.140,216.55,8.41,1097.68,34321.0,6595.0,6595.0
662,215.870,8.140,216.55,8.41,1097.68,36225.0,8662.0,8662.0
663,215.870,8.140,216.55,8.41,1097.68,34810.0,8107.0,8107.0
664,215.870,8.140,216.55,8.41,1097.68,36177.0,8932.0,8932.0
665,215.870,8.140,216.55,8.41,1097.68,33948.0,7581.0,7581.0
666,215.870,8.140,216.55,8.41,1097.68,36992.0,9875.0,9875.0
667,215.870,8.140,216.55,8.41,1097.68,34879.0,7900.0,7900.0
668,215.870,8.140,216.55,8.41,1097.68,34626.0,8124.0,8124.0
669,215.870,8.140,216.55,8.41,1097.68,38181.0,11060.0,11060.0
670,215.870,8.140,216.55,8.41,1097.68,37885.0,10912.0,10912.0
671,215.870,8.140,216.55,8.41,1097.68,36915.0,8944.0,8944.0
672,215.870,8.140,216.55,8.41,1097.68,32342.0,6729.0,6729.0
673,215.870,8.140,216.55,8.41,1097.68,34429.0,6703.0,6703.0
674,215.870,8.140,216.55,8.41,1097.68,33592.0,7790.0,7790.0
675,215.870,8.140,216.55,8.41,1097.68,31054.0,5040.0,5040.0
676,215.870,8.140,216.55,8.41,1097.68,32022.0,5612.0,5612.0
677,215.870,8.140,216.55,8.41,1097.68,33478.0,5578.0,5578.0
678,215.870,8.140,216.55,8.41,1097.68,35250.0,7840.0,7840.0
679,215.870,8.140,216.55,8.41,1097.68,33923.0,6584.0,6584.0
680,215.870,8.140,216.55,8.41,1097.68,36485.0,8148.0,8148.0
681,215.870,8.140,216.55,8.41,1097.68,33118.0,6415.0,6415.0
682,215.870,8.140,216.55,8.41,1097.68,34988.0,8126.0,8126.0
683,215.870,8.140,216.55,8.41,1097.68,34029.0,7310.0,7310.0
684,215.870,8.140,216.55,8.41,1097.68,35016.0,7972.0,7972.0
685,215.870,8.140,216.55,8.41,1097.68,35614.0,8438.0,8438.0
686,215.870,8.140,216.55,8.41,1097.68,34298.0,7461.0,7461.0
687,215.870,8.140,216.55,8.41,1097.68,35203.0,8407.0,8407.0
688,215.870,8.140,216.55,8.41,1097.68,37464.0,9874.0,9874.0
689,215.870,8.140,216.55,8.41,1097.68,35996.0,8601.0,8601.0
690,215.870,8.140,216.55,8.41,1097.68,38347.0,11263.0,11263.0
691,215.870,8.140,216.55,8.41,1097.68,34569.0,8142.0,8142.0
692,215.870,8.140,216.55,8.41,1097.68,35335.0,8360.0,8360.0
693,215.870,8.140,216.55,8.41,1097.68,34812.0,6738.0,6738.0
694,215.870,8.140,216.55,8.41,1097.68,35987.0,8955.0,8955.0
695,215.870,8.140,216.55,8.41,1097.68,34801.0,7683.0,7683.0
696,215.870,8.140,216.55,8.41,1097.68,35927.0,8214.0,8214.0
697,215.870,8.140,216.55,8.41,1097.68,32913.0,7112.0,7112.0
698,215.870,8.140,216.55,8.41,1097.68,35716.0,8598.0,8598.0
699,215.870,8.140,216.55,8.41,1097.68,38441.0,11350.0,11350.0
700,215.870,8.140,216.55,8.41,1097.68,35404.0,8643.0,8643.0
701,215.870,8.140,216.55,8.41,1097.68,33193.0,6373.0,6373.0
702,215.870,8.140,216.55,8.41,1097.68,36218.0,9209.0,9209.0
703,215.870,8.140,216.55,8.41,1097.68,35745.0,8842.0,8842.0
704,215.870,8.140,216.55,8.41,1097.68,33831.0,7577.0,7577.0
705,215.870,8.140,216.55,8.41,1097.68,35410.0,8877.0,8877.0
706,215.870,8.140,216.55,8.41,1097.68,33304.0,6469.0,6469.0
707,215.870,8.140,216.55,8.41,1097.68,36270.0,9905.0,9905.0
708,215.870,8.140,216.55,8.41,1097.68,33263.0,6668.0,6668.0
709,215.870,8.140,216.55,8.41,1097.68,35088.0,8494.0,8494.0
710,215.870,8.140,216.55,8.41,1097.68,37704.0,10354.0,10354.0
711,215.870,8.140,216.55,8.41,1097.68,35242.0,8289.0,8289.0
712,215.870,8.140,216.55,8.41,1097.68,36327.0,8867.0,8867.0
713,215.870,8.140,216.55,8.41,1097.68,34950.0,8610.0,8610.0
714,215.870,8.140,216.55,8.41,1097.68,33116.0,6440.0,6440.0
715,215.870,8.140,216.55,8.41,1097.68,38362.0,10913.0,10913.0
716,215.870,8.140,216.55,8.41,1097.68,32095.0,5813.0,5813.0
717,215.870,8.140,216.55,8.41,1097.68,32968.0,6902.0,6902.0
718,215.870,8.140,216.55,8.41,1097.68,31544.0,4942.0,4942.0
719,215.870,8.140,216.55,8.41,1097.68,35141.0,8165.0,8165.0
720,215.870,8.140,216.55,8.41,1097.68,34829.0,7984.0,7984.0
721,215.870,8.140,216.55,8.41,1097.68,29116.0,3635.0,3635.0
722,215.870,8.140,216.55,8.41,1097.68,30293.0,4301.0,4301.0
723,215.870,8.140,216.55,8.41,1097.68,27554.0,2009.0,2009.0
724,215.870,8.140,216.55,8.41,1097.68,31197.0,5086.0,5086.0
725,215.870,8.140,216.55,8.41,1097.68,32100.0,5935.0,5935.0
726,215.870,8.140,216.55,8.41,1097.68,30600.0,5298.0,5298.0
727,215.870,8.140,216.55,8.41,1097.68,30928.0,4907.0,4907.0
728,215.870,8.140,216.55,8.41,1097.68,31931.0,5843.0,5843.0
729,215.870,8.140,216.55,8.41,1097.68,29596.0,3614.0,3614.0
730,215.870,8.140,216.55,8.41,1097.68,29353.0,3425.0,3425.0
731,215.870,8.140,216.55,8.41,1097.68,31400.0,5611.0,5611.0
732,215.870,8.140,216.55,8.41,1097.68,33068.0,6927.0,6927.0
733,215.870,8.140,216.55,8.41,1097.68,31203.0,4472.0,4472.0
734,215.870,8.140,216.55,8.41,1097.68,30083.0,3889.0,3889.0
735,215.870,8.140,216.55,8.41,1097.68,32530.0,6746.0,6746.0
736,215.870,8.140,216.55,8.41,1097.68,30672.0,5264.0,5264.0
737,215.870,8.140,216.55,8.41,1097.68,31951.0,5549.0,5549.0
738,215.870,8.140,216.55,8.41,1097.68,31818.0,5105.0,5105.0
739,215.870,8.140,216.55,8.41,1097.68,35483.0,8969.0,8969.0
740,215.870,8.140,216.55,8.41,1097.68,35026.0,9468.0,9468.0
741,215.870,8.140,216.55,8.41,1097.68,36094.0,9587.0,9587.0
742,215.870,8.140,216.55,8.41,1097.68,34134.0,7967.0,7967.0
743,215.870,8.140,216.55,8.41,1097.68,31884.0,5626.0,5626.0
744,215.870,8.140,216.55,8.41,1097.68,35731.0,8343.0,8343.0
745,215.870,8.140,216.55,8.41,1097.68,35203.0,8867.0,8867.0
746,215.870,8.140,216.55,8.41,1097.68,34377.0,8249.0,8249.0
747,215.870,8.140,216.55,8.41,1097.68,32510.0,6062.0,6062.0
748,215.870,8.140,216.55,8.41,1097.68,34416.0,7437.0,7437.0
749,215.870,8.140,216.55,8.41,1097.68,34138.0,7794.0,7794.0
750,215.870,8.140,216.55,8.41,1097.68,35069.0,7646.0,7646.0
751,215.870,8.140,216.55,8.41,1097.68,35313.0,9369.0,9369.0
752,215.870,8.140,216.55,8.41,1097.68,32664.0,6572.0,6572.0
753,215.870,8.140,216.55,8.41,1097.68,35405.0,9293.0,9293.0
754,215.870,8.140,216.55,8.41,1097.68,32662.0,6855.0,6855.0
755,215.870,8.140,216.55,8.41,1097.68,34000.0,7096.0,7096.0
756,215.870,8.140,216.55,8.41,1097.68,32768.0,6515.0,6515.0
757,215.870,8.140,216.55,8.41,1097.68,34956.0,9046.0,9046.0
758,215.870,8.140,216.55,8.41,1097.68,34802.0,7670.0,7670.0
759,215.870,8.140,216.55,8.41,1097.68,34324.0,7820.0,7820.0
760,215.870,8.140,216.55,8.41,1097.68,32236.0,6327.0,6327.0
761,215.870,8.140,216.55,8.41,1097.68,35737.0,9209.0,9209.0
762,215.870,8.140,216.55,8.41,1097.68,35103.0,8570.0,8570.0
763,215.870,8.140,216.55,8.41,1097.68,33517.0,6559.0,6559.0
764,215.870,8.140,216.55,8.41,1097.68,35120.0,7870.0,7870.0
765,215.870,8.140,216.55,8.41,1097.68,33185.0,6989.0,6989.0
766,215.870,8.140,216.55,8.41,1097.68,31546.0,5523.0,5523.0
767,215.870,8.140,216.55,8.41,1097.68,35093.0,7623.0,7623.0
768,215.870,8.140,216.55,8.41,1097.68,32655.0,6006.0,6006.0
769,215.870,8.140,216.55,8.41,1097.68,36298.0,9626.0,9626.0
770,215.870,8.140,216.57,8.26,1097.68,35146.0,7937.0,7937.0
771,215.870,8.140,216.55,8.41,1097.68,32005.0,5420.0,5420.0
772,215.870,8.140,216.44,8.47,1097.68,34628.0,8411.0,8411.0
773,215.870,8.140,216.55,8.41,1097.68,32181.0,5843.0,5843.0
774,215.870,8.140,216.55,8.41,1097.68,32570.0,6032.0,6032.0
775,215.870,8.140,216.52,8.77,1097.68,33634.0,7726.0,7726.0
776,215.870,8.140,216.55,8.41,1097.68,32081.0,5341.0,5341.0
777,215.870,8.140,216.48,8.36,1097.68,37645.0,10243.0,10243.0
778,215.870,8.140,216.54,8.35,1097.68,36966.0,10219.0,10219.0
779,215.870,8.140,216.38,8.64,1097.68,36043.0,9449.0,9449.0
780,215.870,8.140,216.43,8.47,1097.68,36554.0,10666.0,10666.0
781,215.870,8.140,216.77,8.45,1097.68,36939.0,10191.0,10191.0
782,215.870,8.140,216.66,8.21,1097.68,36792.0,10303.0,10303.0
783,215.870,8.140,216.6,8.51,1097.68,38263.0,11303.0,11303.0
784,215.870,8.140,216.52,8.46,1097.68,38898.0,11584.0,11584.0
785,215.870,8.140,216.44,8.33,1097.68,37974.0,10390.0,10390.0
786,215.870,8.140,216.43,8.43,1097.68,37257.0,9774.0,9774.0
787,215.870,8.140,216.54,8.4,1097.68,34644.0,7879.0,7879.0
788,215.870,8.140,216.39,8.22,1097.68,36051.0,9147.0,9147.0
789,215.870,8.140,216.7,8.34,1097.68,35967.0,9240.0,9240.0
790,215.870,8.140,216.39,8.2,1097.68,37690.0,11437.0,11437.0
791,215.870,8.140,216.38,8.39,1097.68,38374.0,11343.0,11343.0
792,215.870,8.140,216.55,8.41,1097.68,32414.0,6192.0,6192.0
793,215.870,8.140,216.55,8.41,1097.68,33038.0,6481.0,6481.0
794,215.870,8.140,216.14,8.12,1097.68,31474.0,6732.0,6732.0
795,215.870,8.140,216.28,8.44,1097.68,35369.0,8694.0,8694.0
796,215.870,8.140,216.39,8.51,1097.68,35414.0,8811.0,8811.0
797,215.870,8.140,216.55,8.41,1097.68,33416.0,7387.0,7387.0
798,215.870,8.140,216.55,8.41,1097.68,35781.0,8663.0,8663.0
799,215.870,8.140,216.55,8.41,1097.68,35823.0,8003.0,8003.0
800,215.870,8.140,216.37,8.33,1097.68,37552.0,10382.0,10382.0
801,215.870,8.140,216.32,8.33,1097.68,35998.0,9359.0,9359.0
802,215.870,8.140,216.39,8.25,1097.68,34479.0,7973.0,7973.0
803,215.870,8.140,216.55,8.41,1097.68,30708.0,4565.0,4565.0
804,215.870,8.140,216.55,8.41,1097.68,32123.0,5841.0,5841.0
805,215.870,8.140,216.55,8.41,1097.68,31192.0,5181.0,5181.0
806,215.870,8.140,216.58,8.17,1097.68,38472.0,12238.0,12238.0
807,215.870,8.140,216.55,8.56,1097.68,36693.0,9233.0,9233.0
808,215.870,8.140,216.51,8.37,1097.68,40446.0,13066.0,13066.0
809,215.870,8.140,216.32,8.3,1097.68,36315.0,9885.0,9885.0
810,215.870,8.140,216.53,8.48,1097.68,37343.0,10495.0,10495.0
811,215.870,8.140,216.44,8.35,1097.68,37228.0,9716.0,9716.0
812,215.870,8.140,216.51,8.39,1097.68,37533.0,10587.0,10587.0
813,215.870,8.140,216.53,8.33,1097.68,37503.0,11324.0,11324.0
814,215.870,8.140,216.53,8.45,1097.68,40687.0,14311.0,14311.0
815,215.870,8.140,216.59,8.47,1097.68,37141.0,10983.0,10983.0
816,215.870,8.140,216.39,8.57,1097.68,37287.0,10285.0,10285.0
817,215.870,8.140,216.69,8.1,1097.68,35312.0,8455.0,8455.0
818,215.870,8.140,216.51,8.54,1097.68,38965.0,12651.0,12651.0
819,215.870,8.140,216.45,8.47,1097.68,35779.0,10176.0,10176.0
820,215.870,8.140,216.55,8.41,1097.68,33775.0,6819.0,6819.0
821,215.870,8.140,216.34,8.24,1097.68,40633.0,13464.0,13464.0
822,215.870,8.140,216.47,8.43,1097.68,39527.0,12698.0,12698.0
823,215.870,8.140,216.64,8.31,1097.68,33039.0,7502.0,7502.0
824,215.870,8.140,216.5,8.56,1097.68,35383.0,8767.0,8767.0
825,215.870,8.140,216.45,8.33,1097.68,36678.0,9774.0,9774.0
826,215.870,8.140,216.52,8.45,1097.68,36148.0,9055.0,9055.0
827,215.870,8.140,216.54,8.38,1097.68,40115.0,12141.0,12141.0
828,215.870,8.140,216.49,8.58,1097.68,36487.0,9556.0,9556.0
829,215.870,8.140,216.54,8.46,1097.68,39392.0,12549.0,12549.0
830,215.870,8.140,216.49,8.58,1097.68,34228.0,8448.0,8448.0
831,215.870,8.140,216.51,8.4,1097.68,38293.0,10145.0,10145.0
832,215.870,8.140,216.4,8.44,1097.68,35327.0,9044.0,9044.0
833,215.870,8.140,216.6,8.57,1097.68,37673.0,11387.0,11387.0
834,215.870,8.140,216.58,8.48,1097.68,34958.0,8626.0,8626.0
835,215.870,8.140,216.28,8.38,1097.68,34406.0,8645.0,8645.0
836,215.870,8.140,216.52,8.41,1097.68,37841.0,11194.0,11194.0
837,215.870,8.140,216.4,8.2,1097.68,40342.0,12095.0,12095.0
838,215.870,8.140,216.22,8.31,1097.68,37983.0,11235.0,11235.0
839,215.870,8.140,216.5,8.24,1097.68,37334.0,10623.0,10623.0
840,215.870,8.140,216.29,8.33,1097.68,39981.0,12821.0,12821.0
841,215.870,8.140,216.39,8.33,1097.68,37325.0,10060.0,10060.0
842,215.870,8.140,216.74,8.29,1097.68,39240.0,12124.0,12124.0
843,215.870,8.140,216.63,8.62,1097.68,37597.0,10407.0,10407.0
844,215.870,8.140,216.72,8.21,1097.68,37788.0,9613.0,9613.0
845,215.870,8.140,216.4,8.26,1097.68,37641.0,10809.0,10809.0
846,215.870,8.140,216.57,8.37,1097.68,36766.0,10632.0,10632.0
847,215.870,8.140,216.38,8.36,1097.68,37306.0,10757.0,10757.0
848,215.870,8.140,216.46,8.34,1097.68,33714.0,7726.0,7726.0
849,215.870,8.140,216.49,8.24,1097.68,40072.0,12542.0,12542.0
850,215.870,8.140,216.6,8.48,1097.68,38366.0,10931.0,10931.0
851,215.870,8.140,216.53,8.25,1097.68,36631.0,9597.0,9597.0
852,215.870,8.140,216.47,8.24,1097.68,38107.0,9897.0,9897.0
853,215.870,8.140,216.49,8.41,1097.68,39568.0,12585.0,12585.0
854,215.870,8.140,216.52,8.34,1097.68,38188.0,10667.0,10667.0
855,215.870,8.140,216.64,8.26,1097.68,36631.0,10304.0,10304.0
856,215.870,8.140,216.48,8.56,1097.68,37872.0,11826.0,11826.0
857,215.870,8.140,216.82,8.42,1097.68,37601.0,10529.0,10529.0
858,215.870,8.140,216.57,8.33,1097.68,40880.0,13731.0,13731.0
859,215.870,8.140,216.5,8.25,1097.68,34357.0,7145.0,7145.0
860,215.870,8.140,216.57,8.3,1097.68,38885.0,10641.0,10641.0
861,215.870,8.140,216.44,8.39,1097.68,39538.0,12066.0,12066.0
862,215.870,8.140,216.41,8.48,1097.68,39434.0,12634.0,12634.0
863,215.870,8.140,216.33,8.27,1097.68,39650.0,12354.0,12354.0
864,215.870,8.140,216.37,8.34,1097.68,37883.0,11581.0,11581.0
865,215.870,8.140,216.6,8.5,1097.68,34940.0,8811.0,8811.0
866,215.870,8.140,216.59,8.36,1097.68,36384.0,9217.0,9217.0
867,215.870,8.140,216.35,8.61,1097.68,35527.0,8541.0,8541.0
868,215.870,8.140,216.6,8.12,1097.68,42093.0,13674.0,13674.0
869,215.870,8.140,216.53,8.42,1097.68,37521.0,10849.0,10849.0
870,215.870,8.140,216.57,8.34,1097.68,37186.0,10764.0,10764.0
871,215.870,8.140,216.32,8.13,1097.68,36590.0,9875.0,9875.0
872,215.870,8.140,216.44,8.4,1097.68,42736.0,15278.0,15278.0
873,215.870,8.140,216.33,8.36,1097.68,43090.0,16615.0,16615.0
874,215.870,8.140,216.62,8.32,1097.68,40613.0,13537.0,13537.0
875,215.870,8.140,216.45,8.48,1097.68,41407.0,14554.0,14554.0
876,215.870,8.140,216.27,8.35,1097.68,37561.0,10912.0,10912.0
877,215.870,8.140,216.39,8.15,1097.68,43582.0,15774.0,15774.0
878,215.870,8.140,216.58,8.42,1097.68,39632.0,11539.0,11539.0
879,215.870,8.140,216.36,8.32,1097.68,43918.0,15663.0,15663.0
880,215.870,8.140,216.92,8.14,1097.68,41552.0,12857.0,12857.0
881,215.870,8.140,216.56,8.28,1097.68,37863.0,10663.0,10663.0
882,215.870,8.140,216.48,8.21,1097.68,40758.0,12600.0,12600.0
883,215.870,8.140,216.53,8.14,1097.68,42150.0,13782.0,13782.0
884,215.870,8.140,216.48,8.45,1097.68,35160.0,7945.0,7945.0
885,215.870,8.140,216.57,8.47,1097.68,37746.0,11208.0,11208.0
886,215.870,8.140,216.54,8.33,1097.68,41749.0,14797.0,14797.0
887,215.870,8.140,216.32,8.14,1097.68,42033.0,14863.0,14863.0
888,215.870,8.140,216.13,8.13,1097.68,42745.0,14554.0,14554.0
889,215.870,8.140,216.48,8.32,1097.68,42112.0,15081.0,15081.0
890,215.870,8.140,216.48,8.41,1097.68,40038.0,12736.0,12736.0
891,215.870,8.140,216.6,8.28,1097.68,41030.0,13564.0,13564.0
892,215.870,8.140,216.31,8.19,1097.68,40031.0,12899.0,12899.0
893,215.870,8.140,216.46,8.5,1097.68,38657.0,12538.0,12538.0
894,215.870,8.140,216.49,8.3,1097.68,37316.0,9742.0,9742.0
895,215.870,8.140,216.45,8.37,1097.68,38921.0,12294.0,12294.0
896,215.870,8.140,216.34,8.26,1097.68,39199.0,12499.0,12499.0
897,215.870,8.140,216.47,8.36,1097.68,41434.0,15076.0,15076.0
898,215.870,8.140,216.61,8.49,1097.68,35810.0,9496.0,9496.0
899,215.870,8.140,216.5,8.2,1097.68,38504.0,11664.0,11664.0
900,215.870,8.140,216.5,8.36,1097.68,39407.0,12364.0,12364.0
901,215.870,8.140,216.58,8.21,1097.68,36922.0,9787.0,9787.0
902,215.870,8.140,216.55,8.41,1097.68,32112.0,5650.0,5650.0
903,215.870,8.140,216.62,8.25,1097.68,38514.0,11294.0,11294.0
904,215.870,8.140,216.55,8.41,1097.68,32351.0,6013.0,6013.0
905,215.870,8.140,216.55,8.41,1097.68,33738.0,6707.0,6707.0
906,215.870,8.140,216.57,8.24,1097.68,58716.0,28895.0,28895.0
907,215.870,8.140,216.55,8.41,1097.68,32779.0,5759.0,5759.0
908,215.870,8.140,216.57,8.29,1097.68,35697.0,8959.0,8959.0
909,215.870,8.140,215.87,8.14,1097.68,36806.0,9768.0,9768.0
910,215.870,8.140,215.87,8.14,1097.68,29146.0,3911.0,3911.0
911,215.870,8.140,215.87,8.14,1097.68,30929.0,5754.0,5754.0
912,215.870,8.140,215.87,8.14,1097.68,28656.0,1978.0,1978.0
913,215.870,8.140,215.87,8.14,1097.68,32483.0,6237.0,6237.0
914,215.870,8.140,215.87,8.14,1097.68,35671.0,8284.0,8284.0
915,215.870,8.140,215.87,8.14,1097.68,28414.0,2776.0,2776.0
916,215.870,8.140,215.87,8.14,1097.68,29043.0,3476.0,3476.0
917,215.870,8.140,215.87,8.14,1097.68,30237.0,3506.0,3506.0
918,215.870,8.140,215.87,8.14,1097.68,28861.0,2381.0,2381.0
919,215.870,8.140,215.87,8.14,1097.68,27846.0,1925.0,1925.0
920,215.870,8.140,215.87,8.14,1097.68,30437.0,3889.0,3889.0
921,215.870,8.140,215.87,8.14,1097.68,27534.0,2796.0,2796.0
922,215.870,8.140,215.87,8.14,1097.68,28712.0,3088.0,3088.0
923,215.870,8.140,215.87,8.14,1097.68,28305.0,2298.0,2298.0
924,215.870,8.140,215.87,8.14,1097.68,27615.0,1763.0,1763.0
925,215.870,8.140,215.87,8.14,1097.68,27437.0,2096.0,2096.0
926,215.870,8.140,215.87,8.14,1097.68,27359.0,1250.0,1250.0
927,215.870,8.140,215.87,8.14,1097.68,31391.0,5597.0,5597.0
928,215.870,8.140,215.87,8.14,1097.68,34306.0,6345.0,6345.0
929,215.870,8.140,215.87,8.14,1097.68,29485.0,4220.0,4220.0
930,215.870,8.140,215.87,8.14,1097.68,30521.0,4097.0,4097.0
931,215.870,8.140,215.87,8.14,1097.68,27524.0,1955.0,1955.0
932,215.870,8.140,215.87,8.14,1097.68,30758.0,4914.0,4914.0
933,215.870,8.140,215.87,8.14,1097.68,26704.0,1504.0,1504.0
934,215.870,8.140,215.87,8.14,1097.68,27022.0,2190.0,2190.0
935,215.870,8.140,215.87,8.14,1097.68,27374.0,1699.0,1699.0
936,215.870,8.140,215.87,8.14,1097.68,30527.0,4385.0,4385.0
937,215.870,8.140,215.87,8.14,1097.68,27505.0,997.0,997.0
938,215.870,8.140,215.87,8.14,1097.68,29291.0,4528.0,4528.0
939,215.870,8.140,215.87,8.14,1097.68,26152.0,292.0,292.0
940,215.870,8.140,215.87,8.14,1097.68,28383.0,2649.0,2649.0
941,215.870,8.140,215.87,8.14,1097.68,28557.0,2757.0,2757.0
942,215.870,8.140,215.87,8.14,1097.68,26591.0,1653.0,1653.0
943,215.870,8.140,215.87,8.14,1097.68,28958.0,4114.0,4114.0
944,215.870,8.140,215.87,8.14,1097.68,29534.0,3630.0,3630.0
945,215.870,8.140,215.87,8.14,1097.68,28983.0,2126.0,2126.0
946,215.870,8.140,215.87,8.14,1097.68,28606.0,2885.0,2885.0
947,215.870,8.140,215.87,8.14,1097.68,28773.0,3297.0,3297.0
948,215.870,8.140,215.87,8.14,1097.68,39329.0,11932.0,11932.0
949,215.870,8.140,215.87,8.14,1097.68,39988.0,11200.0,11200.0
950,215.870,8.140,215.87,8.14,1097.68,41669.0,13521.0,13521.0
951,215.870,8.140,215.87,8.14,1097.68,41572.0,13270.0,13270.0
952,215.870,8.140,215.87,8.14,1097.68,39445.0,11646.0,11646.0
953,215.870,8.140,215.87,8.14,1097.68,27517.0,1238.0,1238.0
954,215.870,8.140,215.87,8.14,1097.68,26444.0,1810.0,1810.0
955,215.870,8.140,215.87,8.14,1097.68,31231.0,5759.0,5759.0
956,215.870,8.140,215.87,8.14,1097.68,34282.0,6862.0,6862.0
957,215.870,8.140,215.87,8.14,1097.68,28537.0,2761.0,2761.0
958,215.870,8.140,215.87,8.14,1097.68,30329.0,4289.0,4289.0
959,215.870,8.140,215.87,8.14,1097.68,26849.0,1308.0,1308.0
960,215.870,8.140,215.87,8.14,1097.68,27601.0,1827.0,1827.0
961,215.870,8.140,215.87,8.14,1097.68,27902.0,2360.0,2360.0
962,215.870,8.140,215.87,8.14,1097.68,27405.0,1800.0,1800.0
963,215.870,8.140,215.87,8.14,1097.68,30325.0,4368.0,4368.0
964,215.870,8.140,215.87,8.14,1097.68,28046.0,2520.0,2520.0
965,215.870,8.140,215.87,8.14,1097.68,28490.0,3568.0,3568.0
966,215.870,8.140,215.87,8.14,1097.68,34314.0,7558.0,7558.0
967,215.870,8.140,215.87,8.14,1097.68,39249.0,11573.0,11573.0
968,215.870,8.140,215.87,8.14,1097.68,25403.0,911.0,911.0
969,215.870,8.140,215.87,8.14,1097.68,28046.0,2581.0,2581.0
970,215.870,8.140,215.87,8.14,1097.68,30805.0,4928.0,4928.0
971,215.870,8.140,215.87,8.14,1097.68,28306.0,2657.0,2657.0
972,215.870,8.140,215.87,8.14,1097.68,32234.0,5977.0,5977.0
973,215.870,8.140,215.87,8.14,1097.68,32979.0,7294.0,7294.0
974,215.870,8.140,215.87,8.14,1097.68,41997.0,12836.0,12836.0
975,215.870,8.140,215.87,8.14,1097.68,38573.0,10916.0,10916.0
976,215.870,8.140,215.87,8.14,1097.68,28677.0,2914.0,2914.0
977,215.870,8.140,215.87,8.14,1097.68,40293.0,12828.0,12828.0
978,215.870,8.140,215.87,8.14,1097.68,40360.0,12677.0,12677.0
979,215.870,8.140,215.87,8.14,1097.68,32544.0,6962.0,6962.0
980,215.870,8.140,215.87,8.14,1097.68,27825.0,2479.0,2479.0
981,215.870,8.140,215.87,8.14,1097.68,28057.0,2559.0,2559.0
982,215.870,8.140,215.87,8.14,1097.68,28147.0,2831.0,2831.0
983,215.870,8.140,215.87,8.14,1097.68,28037.0,2478.0,2478.0
984,215.870,8.140,215.87,8.14,1097.68,31200.0,4935.0,4935.0
985,215.870,8.140,215.87,8.14,1097.68,27730.0,2691.0,2691.0
986,215.870,8.140,215.87,8.14,1097.68,28097.0,2887.0,2887.0
987,215.870,8.140,215.87,8.14,1097.68,25851.0,651.0,651.0
988,215.870,8.140,215.87,8.14,1097.68,34308.0,7524.0,7524.0
989,215.870,8.140,215.87,8.14,1097.68,32885.0,6675.0,6675.0
990,215.870,8.140,215.87,8.14,1097.68,28435.0,3021.0,3021.0
991,215.870,8.140,215.87,8.14,1097.68,40084.0,12344.0,12344.0
992,215.870,8.140,215.87,8.14,1097.68,29727.0,4003.0,4003.0
993,215.870,8.140,215.87,8.14,1097.68,26629.0,1284.0,1284.0
994,215.870,8.140,215.87,8.14,1097.68,28390.0,3210.0,3210.0
995,215.870,8.140,215.87,8.14,1097.68,27183.0,1851.0,1851.0
996,215.870,8.140,215.87,8.14,1097.68,31420.0,5170.0,5170.0
997,215.870,8.140,215.87,8.14,1097.68,28515.0,2592.0,2592.0
998,215.870,8.140,215.87,8.14,1097.68,32567.0,6580.0,6580.0
999,215.870,8.140,215.87,8.14,1097.68,29609.0,3281.0,3281.0
1000,215.870,8.140,215.87,8.14,1097.68,27180.0,1929.0,1929.0
1001,215.870,8.140,215.87,8.14,1097.68,28940.0,3408.0,3408.0
1002,215.870,8.140,215.87,8.14,1097.68,31931.0,5229.0,5229.0
1003,215.870,8.140,215.87,8.14,1097.68,27938.0,2754.0,2754.0
1004,215.870,8.140,215.87,8.14,1097.68,27851.0,2336.0,2336.0
1005,215.870,8.140,215.87,8.14,1097.68,29711.0,3686.0,3686.0
1006,215.870,8.140,215.87,8.14,1097.68,30894.0,4245.0,4245.0
1007,215.870,8.140,215.87,8.14,1097.68,27529.0,3388.0,3388.0
1008,215.870,8.140,215.87,8.14,1097.68,29050.0,3081.0,3081.0
1009,215.870,8.140,215.87,8.14,1097.68,26455.0,1413.0,1413.0
1010,215.870,8.140,215.87,8.14,1097.68,27121.0,1552.0,1552.0
1011,215.870,8.140,215.87,8.14,1097.68,30326.0,3411.0,3411.0
1012,215.870,8.140,215.87,8.14,1097.68,28340.0,2549.0,2549.0
1013,215.870,8.140,215.87,8.14,1097.68,29012.0,3630.0,3630.0
1014,215.870,8.140,215.87,8.14,1097.68,28378.0,2246.0,2246.0
1015,215.870,8.140,215.87,8.14,1097.68,28208.0,2361.0,2361.0
1016,215.870,8.140,215.87,8.14,1097.68,28969.0,3223.0,3223.0
1017,215.870,8.140,215.87,8.14,1097.68,28131.0,2444.0,2444.0
1018,215.870,8.140,215.87,8.14,1097.68,29022.0,3654.0,3654.0
1019,215.870,8.140,215.87,8.14,1097.68,30851.0,5401.0,5401.0
1020,215.870,8.140,215.87,8.14,1097.68,32473.0,5281.0,5281.0
1021,215.870,8.140,215.87,8.14,1097.68,36562.0,8882.0,8882.0
1022,215.870,8.140,215.87,8.14,1097.68,27581.0,2353.0,2353.0
1023,215.870,8.140,215.87,8.14,1097.68,28155.0,3765.0,3765.0
1024,215.870,8.140,215.87,8.14,1097.68,27710.0,2701.0,2701.0
1025,215.870,8.140,215.87,8.14,1097.68,26049.0,820.0,820.0
1026,215.870,8.140,215.87,8.14,1097.68,28075.0,2191.0,2191.0
1027,215.870,8.140,215.87,8.14,1097.68,26013.0,1165.0,1165.0
1028,215.870,8.140,215.87,8.14,1097.68,28217.0,2596.0,2596.0
1029,215.870,8.140,215.87,8.14,1097.68,28312.0,2578.0,2578.0
1030,215.870,8.140,215.87,8.14,1097.68,27410.0,1829.0,1829.0
1031,215.870,8.140,215.87,8.14,1097.68,27118.0,2801.0,2801.0
1032,215.870,8.140,215.87,8.14,1097.68,27750.0,2637.0,2637.0
1033,215.870,8.140,215.87,8.14,1097.68,28283.0,3178.0,3178.0
1034,215.870,8.140,215.87,8.14,1097.68,28911.0,3181.0,3181.0
1035,215.870,8.140,215.87,8.14,1097.68,29570.0,3948.0,3948.0
1036,215.870,8.140,215.87,8.14,1097.68,36136.0,9154.0,9154.0
1037,215.870,8.140,215.87,8.14,1097.68,29076.0,3640.0,3640.0
1038,215.870,8.140,215.87,8.14,1097.68,27211.0,2406.0,2406.0
1039,215.870,8.140,215.87,8.14,1097.68,30725.0,4687.0,4687.0
1040,215.870,8.140,215.87,8.14,1097.68,41425.0,13179.0,13179.0
1041,215.870,8.140,215.87,8.14,1097.68,37543.0,10247.0,10247.0
1042,215.870,8.140,215.87,8.14,1097.68,28482.0,2449.0,2449.0
1043,215.870,8.140,215.87,8.14,1097.68,27214.0,2042.0,2042.0
1044,215.870,8.140,215.87,8.14,1097.68,30516.0,4175.0,4175.0
1045,215.870,8.140,215.87,8.14,1097.68,30919.0,3899.0,3899.0
1046,215.870,8.140,215.87,8.14,1097.68,29740.0,2652.0,2652.0
1047,215.870,8.140,215.87,8.14,1097.68,27762.0,2158.0,2158.0
1048,215.870,8.140,215.87,8.14,1097.68,28123.0,3028.0,3028.0
1049,215.870,8.140,215.87,8.14,1097.68,26635.0,1559.0,1559.0
1050,215.870,8.140,215.87,8.14,1097.68,31688.0,5148.0,5148.0
1051,215.870,8.140,215.87,8.14,1097.68,25837.0,102.0,102.0
1052,215.870,8.140,215.87,8.14,1097.68,35455.0,7513.0,7513.0
1053,215.870,8.140,215.87,8.14,1097.68,27479.0,995.0,995.0
1054,215.870,8.140,215.87,8.14,1097.68,26960.0,1725.0,1725.0
1055,215.870,8.140,215.87,8.14,1097.68,30306.0,3666.0,3666.0
1056,215.870,8.140,215.87,8.14,1097.68,31157.0,4251.0,4251.0
1057,215.870,8.140,215.87,8.14,1097.68,27697.0,1287.0,1287.0
1058,215.870,8.140,215.87,8.14,1097.68,30993.0,4349.0,4349.0
1059,215.870,8.140,215.87,8.14,1097.68,34793.0,7770.0,7770.0
1060,215.870,8.140,215.87,8.14,1097.68,36242.0,8914.0,8914.0
1061,215.870,8.140,215.87,8.14,1097.68,37952.0,10648.0,10648.0
1062,215.870,8.140,215.87,8.14,1097.68,34787.0,7642.0,7642.0
1063,215.870,8.140,215.87,8.14,1097.68,37987.0,10400.0,10400.0
1064,215.870,8.140,215.87,8.14,1097.68,39193.0,11738.0,11738.0
1065,215.870,8.140,215.87,8.14,1097.68,38390.0,11225.0,11225.0
1066,215.870,8.140,215.87,8.14,1097.68,32769.0,5801.0,5801.0
1067,215.870,8.140,215.87,8.14,1097.68,30270.0,4473.0,4473.0
1068,215.870,8.140,215.87,8.14,1097.68,26501.0,1732.0,1732.0
1069,215.870,8.140,215.87,8.14,1097.68,27643.0,1812.0,1812.0
1070,215.870,8.140,215.87,8.14,1097.68,28941.0,2417.0,2417.0
1071,215.870,8.140,215.87,8.14,1097.68,27814.0,1447.0,1447.0
1072,215.870,8.140,215.87,8.14,1097.68,28140.0,2214.0,2214.0
1073,215.870,8.140,215.87,8.14,1097.68,27456.0,1938.0,1938.0
1074,215.870,8.140,215.87,8.14,1097.68,28212.0,1740.0,1740.0
1075,215.870,8.140,215.87,8.14,1097.68,26924.0,2108.0,2108.0
1076,215.870,8.140,215.87,8.14,1097.68,29589.0,3810.0,3810.0
1077,215.870,8.140,215.87,8.14,1097.68,27588.0,2899.0,2899.0
1078,215.870,8.140,215.87,8.14,1097.68,27758.0,1245.0,1245.0
1079,215.870,8.140,215.87,8.14,1097.68,25257.0,805.0,805.0
1080,215.870,8.140,215.87,8.14,1097.68,27168.0,1773.0,1773.0
1081,215.870,8.140,215.87,8.14,1097.68,26059.0,1620.0,1620.0
1082,215.870,8.140,215.87,8.14,1097.68,32673.0,6381.0,6381.0
1083,215.870,8.140,215.87,8.14,1097.68,26156.0,666.0,666.0
1084,215.870,8.140,215.87,8.14,1097.68,34953.0,7012.0,7012.0
1085,215.870,8.140,215.87,8.14,1097.68,28021.0,2272.0,2272.0
1086,215.870,8.140,215.87,8.14,1097.68,26859.0,1688.0,1688.0
1087,215.870,8.140,215.87,8.14,1097.68,25794.0,1501.0,1501.0
1088,215.870,8.140,215.87,8.14,1097.68,27069.0,1958.0,1958.0
1089,215.870,8.140,215.87,8.14,1097.68,28442.0,3648.0,3648.0
1090,215.870,8.140,215.87,8.14,1097.68,27632.0,1835.0,1835.0
1091,215.870,8.140,215.87,8.14,1097.68,27712.0,2135.0,2135.0
1092,215.870,8.140,215.87,8.14,1097.68,27011.0,1887.0,1887.0
1093,215.870,8.140,215.87,8.14,1097.68,29000.0,3668.0,3668.0
1094,215.870,8.140,215.87,8.14,1097.68,31272.0,4840.0,4840.0
1095,215.870,8.140,215.87,8.14,1097.68,43572.0,14232.0,14232.0
1096,215.870,8.140,215.87,8.14,1097.68,44667.0,16293.0,16293.0
1097,215.870,8.140,215.87,8.14,1097.68,47723.0,17571.0,17571.0
1098,215.870,8.140,215.87,8.14,1097.68,40747.0,12235.0,12235.0
1099,215.870,8.140,215.87,8.14,1097.68,39682.0,11939.0,11939.0
1100,215.870,8.140,215.87,8.14,1097.68,46112.0,16559.0,16559.0
1101,215.870,8.140,215.87,8.14,1097.68,43235.0,15117.0,15117.0
1102,215.870,8.140,215.87,8.14,1097.68,45727.0,14923.0,14923.0
1103,215.870,8.140,215.87,8.14,1097.68,41872.0,13919.0,13919.0
1104,215.870,8.140,215.87,8.14,1097.68,42613.0,13790.0,13790.0
1105,215.870,8.140,215.87,8.14,1097.68,42878.0,15252.0,15252.0
1106,215.870,8.140,215.87,8.14,1097.68,43769.0,14864.0,14864.0
1107,215.870,8.140,215.87,8.14,1097.68,42120.0,13150.0,13150.0
1108,215.870,8.140,215.87,8.14,1097.68,38342.0,10024.0,10024.0
1109,215.870,8.140,215.87,8.14,1097.68,36237.0,9770.0,9770.0
1110,215.870,8.140,215.87,8.14,1097.68,32979.0,5260.0,5260.0
1111,215.870,8.140,215.87,8.14,1097.68,26493.0,1863.0,1863.0
1112,215.870,8.140,215.87,8.14,1097.68,27482.0,2060.0,2060.0
1113,215.870,8.140,215.87,8.14,1097.68,27001.0,1791.0,1791.0
1114,215.870,8.140,215.87,8.14,1097.68,27469.0,2292.0,2292.0
1115,215.870,8.140,215.87,8.14,1097.68,28386.0,2798.0,2798.0
1116,215.870,8.140,215.87,8.14,1097.68,32743.0,5871.0,5871.0
1117,215.870,8.140,215.87,8.14,1097.68,27560.0,2009.0,2009.0
1118,215.870,8.140,215.87,8.14,1097.68,37280.0,9681.0,9681.0
1119,215.870,8.140,215.87,8.14,1097.68,29324.0,3705.0,3705.0
1120,215.870,8.140,215.87,8.14,1097.68,30426.0,3825.0,3825.0
1121,215.870,8.140,215.87,8.14,1097.68,28165.0,3036.0,3036.0
1122,215.870,8.140,215.87,8.14,1097.68,38056.0,10245.0,10245.0
1123,215.870,8.140,215.87,8.14,1097.68,35399.0,7268.0,7268.0
1124,215.870,8.140,215.87,8.14,1097.68,29999.0,4208.0,4208.0
1125,215.870,8.140,215.87,8.14,1097.68,38955.0,11587.0,11587.0
1126,215.870,8.140,215.87,8.14,1097.68,40100.0,11771.0,11771.0
1127,215.870,8.140,215.87,8.14,1097.68,28306.0,3024.0,3024.0
1128,215.870,8.140,215.87,8.14,1097.68,29956.0,3533.0,3533.0
1129,215.870,8.140,215.87,8.14,1097.68,28234.0,2828.0,2828.0
1130,215.870,8.140,215.87,8.14,1097.68,27689.0,2422.0,2422.0
1131,215.870,8.140,215.87,8.14,1097.68,45609.0,16519.0,16519.0
1132,215.870,8.140,215.87,8.14,1097.68,47863.0,17289.0,17289.0
1133,215.870,8.140,215.87,8.14,1097.68,44648.0,15158.0,15158.0
1134,215.870,8.140,215.87,8.14,1097.68,32295.0,6367.0,6367.0
