id,avg_x,avg_y,x,y,bg,Square_intensity,circular_intensity,Gaussian_intensity
484,8.580,128.370,9.01,128.24,997.79,25110.0,545.0,545.0
485,8.580,128.370,9.01,128.24,997.79,25574.0,646.0,646.0
486,8.580,128.370,9.01,128.24,997.79,24461.0,0.0,0.0
487,8.580,128.370,9.01,128.24,997.79,24036.0,0.0,0.0
488,8.580,128.370,9.01,128.24,997.79,23944.0,0.0,0.0
489,8.580,128.370,9.01,128.24,997.79,24808.0,0.0,0.0
490,8.580,128.370,9.01,128.24,997.79,25490.0,502.0,502.0
491,8.580,128.370,9.01,128.24,997.79,24236.0,0.0,0.0
492,8.580,128.370,9.01,128.24,997.79,22951.0,0.0,0.0
493,8.580,128.370,9.01,128.24,997.79,25520.0,1196.0,1196.0
494,8.580,128.370,9.01,128.24,997.79,24938.0,597.0,597.0
495,8.580,128.370,9.01,128.24,997.79,23620.0,0.0,0.0
496,8.580,128.370,9.01,128.24,997.79,24826.0,321.0,321.0
497,8.580,128.370,9.01,128.24,997.79,25114.0,129.0,129.0
498,8.580,128.370,9.01,128.24,997.79,24406.0,0.0,0.0
499,8.580,128.370,9.01,128.24,997.79,24568.0,667.0,667.0
500,8.580,128.370,9.01,128.24,997.79,22559.0,0.0,0.0
501,8.580,128.370,9.01,128.24,997.79,25598.0,1010.0,1010.0
502,8.580,128.370,9.01,128.24,997.79,24060.0,97.0,97.0
503,8.580,128.370,9.01,128.24,997.79,24458.0,33.0,33.0
504,8.580,128.370,9.01,128.24,997.79,24447.0,306.0,306.0
505,8.580,128.370,9.01,128.24,997.79,25578.0,1388.0,1388.0
506,8.580,128.370,9.01,128.24,997.79,22898.0,0.0,0.0
507,8.580,128.370,9.01,128.24,997.79,26607.0,1696.0,1696.0
508,8.580,128.370,9.01,128.24,997.79,24847.0,510.0,510.0
509,8.580,128.370,9.01,128.24,997.79,23233.0,0.0,0.0
510,8.580,128.370,9.01,128.24,997.79,22160.0,0.0,0.0
511,8.580,128.370,9.01,128.24,997.79,21441.0,0.0,0.0
512,8.580,128.370,9.01,128.24,997.79,24171.0,230.0,230.0
513,8.580,128.370,9.01,128.24,997.79,22546.0,0.0,0.0
514,8.580,128.370,9.01,128.24,997.79,23897.0,0.0,0.0
515,8.580,128.370,9.01,128.24,997.79,25003.0,437.0,437.0
516,8.580,128.370,9.01,128.24,997.79,24585.0,23.0,23.0
517,8.580,128.370,9.01,128.24,997.79,24893.0,602.0,602.0
518,8.580,128.370,9.01,128.24,997.79,24405.0,0.0,0.0
519,8.580,128.370,9.01,128.24,997.79,25334.0,1316.0,1316.0
520,8.580,128.370,9.01,128.24,997.79,24163.0,51.0,51.0
521,8.580,128.370,9.01,128.24,997.79,23994.0,0.0,0.0
522,8.580,128.370,9.01,128.24,997.79,23944.0,0.0,0.0
523,8.580,128.370,9.01,128.24,997.79,25759.0,926.0,926.0
524,8.580,128.370,9.01,128.24,997.79,24043.0,0.0,0.0
525,8.580,128.370,9.01,128.24,997.79,23281.0,0.0,0.0
526,8.580,128.370,9.01,128.24,997.79,22989.0,0.0,0.0
527,8.580,128.370,9.01,128.24,997.79,24393.0,20.0,20.0
528,8.580,128.370,9.01,128.24,997.79,24506.0,59.0,59.0
529,8.580,128.370,9.01,128.24,997.79,24004.0,0.0,0.0
530,8.580,128.370,9.01,128.24,997.79,23195.0,0.0,0.0
531,8.580,128.370,9.01,128.24,997.79,24193.0,0.0,0.0
532,8.580,128.370,9.01,128.24,997.79,24619.0,0.0,0.0
533,8.580,128.370,9.01,128.24,997.79,25234.0,1148.0,1148.0
534,8.580,128.370,9.01,128.24,997.79,25310.0,398.0,398.0
535,8.580,128.370,9.01,128.24,997.79,24216.0,0.0,0.0
536,8.580,128.370,9.01,128.24,997.79,22144.0,0.0,0.0
537,8.580,128.370,9.01,128.24,997.79,24641.0,434.0,434.0
538,8.580,128.370,9.01,128.24,997.79,24884.0,335.0,335.0
539,8.580,128.370,9.01,128.24,997.79,22860.0,0.0,0.0
540,8.580,128.370,9.01,128.24,997.79,24887.0,515.0,515.0
541,8.580,128.370,9.01,128.24,997.79,23594.0,0.0,0.0
542,8.580,128.370,9.01,128.24,997.79,24987.0,572.0,572.0
543,8.580,128.370,9.01,128.24,997.79,24484.0,0.0,0.0
544,8.580,128.370,9.01,128.24,997.79,23493.0,0.0,0.0
545,8.580,128.370,9.01,128.24,997.79,24892.0,79.0,79.0
546,8.580,128.370,9.01,128.24,997.79,24497.0,0.0,0.0
547,8.580,128.370,9.01,128.24,997.79,23660.0,0.0,0.0
548,8.580,128.370,9.01,128.24,997.79,24093.0,469.0,469.0
549,8.580,128.370,9.01,128.24,997.79,25479.0,783.0,783.0
550,8.580,128.370,9.01,128.24,997.79,23841.0,0.0,0.0
551,8.580,128.370,9.01,128.24,997.79,24580.0,339.0,339.0
552,8.580,128.370,9.01,128.24,997.79,24127.0,0.0,0.0
553,8.580,128.370,9.01,128.24,997.79,24404.0,581.0,581.0
554,8.580,128.370,9.01,128.24,997.79,23795.0,0.0,0.0
555,8.580,128.370,9.01,128.24,997.79,25070.0,491.0,491.0
556,8.580,128.370,9.01,128.24,997.79,24137.0,0.0,0.0
557,8.580,128.370,9.01,128.24,997.79,25139.0,175.0,175.0
558,8.580,128.370,9.01,128.24,997.79,23844.0,247.0,247.0
559,8.580,128.370,9.01,128.24,997.79,23149.0,0.0,0.0
560,8.580,128.370,9.01,128.24,997.79,24568.0,0.0,0.0
561,8.580,128.370,9.01,128.24,997.79,24232.0,0.0,0.0
562,8.580,128.370,9.01,128.24,997.79,24709.0,87.0,87.0
563,8.580,128.370,9.01,128.24,997.79,24369.0,171.0,171.0
564,8.580,128.370,9.01,128.24,997.79,26429.0,732.0,732.0
565,8.580,128.370,9.01,128.24,997.79,24709.0,0.0,0.0
566,8.580,128.370,9.01,128.24,997.79,25013.0,413.0,413.0
567,8.580,128.370,9.01,128.24,997.79,24394.0,1012.0,1012.0
568,8.580,128.370,9.01,128.24,997.79,23980.0,308.0,308.0
569,8.580,128.370,9.01,128.24,997.79,23768.0,64.0,64.0
570,8.580,128.370,9.01,128.24,997.79,24156.0,911.0,911.0
571,8.580,128.370,9.01,128.24,997.79,24428.0,662.0,662.0
572,8.580,128.370,9.01,128.24,997.79,26027.0,1083.0,1083.0
573,8.580,128.370,9.01,128.24,997.79,24123.0,0.0,0.0
574,8.580,128.370,9.01,128.24,997.79,23332.0,0.0,0.0
575,8.580,128.370,9.01,128.24,997.79,25297.0,80.0,80.0
576,8.580,128.370,9.01,128.24,997.79,24121.0,0.0,0.0
577,8.580,128.370,9.01,128.24,997.79,24238.0,228.0,228.0
578,8.580,128.370,9.01,128.24,997.79,23073.0,0.0,0.0
579,8.580,128.370,9.01,128.24,997.79,23168.0,0.0,0.0
580,8.580,128.370,9.01,128.24,997.79,23604.0,39.0,39.0
581,8.580,128.370,9.01,128.24,997.79,24921.0,0.0,0.0
582,8.580,128.370,9.01,128.24,997.79,23981.0,0.0,0.0
583,8.580,128.370,9.01,128.24,997.79,22953.0,0.0,0.0
584,8.580,128.370,9.01,128.24,997.79,23786.0,0.0,0.0
585,8.580,128.370,9.01,128.24,997.79,24603.0,313.0,313.0
586,8.580,128.370,9.01,128.24,997.79,26342.0,57.0,57.0
587,8.580,128.370,9.01,128.24,997.79,23499.0,0.0,0.0
588,8.580,128.370,9.01,128.24,997.79,24002.0,0.0,0.0
589,8.580,128.370,9.01,128.24,997.79,25367.0,1682.0,1682.0
590,8.580,128.370,9.01,128.24,997.79,23714.0,0.0,0.0
591,8.580,128.370,9.01,128.24,997.79,25502.0,240.0,240.0
592,8.580,128.370,9.01,128.24,997.79,23947.0,0.0,0.0
593,8.580,128.370,9.01,128.24,997.79,24052.0,262.0,262.0
594,8.580,128.370,9.01,128.24,997.79,23778.0,231.0,231.0
595,8.580,128.370,9.01,128.24,997.79,24502.0,0.0,0.0
596,8.580,128.370,9.01,128.24,997.79,24388.0,0.0,0.0
597,8.580,128.370,9.01,128.24,997.79,24088.0,0.0,0.0
598,8.580,128.370,9.01,128.24,997.79,23869.0,0.0,0.0
599,8.580,128.370,9.01,128.24,997.79,23835.0,0.0,0.0
600,8.580,128.370,9.01,128.24,997.79,24057.0,0.0,0.0
601,8.580,128.370,9.01,128.24,997.79,25614.0,1235.0,1235.0
602,8.580,128.370,9.01,128.24,997.79,23425.0,0.0,0.0
603,8.580,128.370,9.01,128.24,997.79,23246.0,0.0,0.0
604,8.580,128.370,9.01,128.24,997.79,24233.0,969.0,969.0
605,8.580,128.370,9.01,128.24,997.79,24314.0,1063.0,1063.0
606,8.580,128.370,9.01,128.24,997.79,23094.0,0.0,0.0
607,8.580,128.370,9.01,128.24,997.79,23692.0,0.0,0.0
608,8.580,128.370,9.01,128.24,997.79,24765.0,191.0,191.0
609,8.580,128.370,9.01,128.24,997.79,24793.0,80.0,80.0
610,8.580,128.370,9.01,128.24,997.79,22369.0,0.0,0.0
611,8.580,128.370,9.01,128.24,997.79,24614.0,0.0,0.0
612,8.580,128.370,9.01,128.24,997.79,24248.0,0.0,0.0
613,8.580,128.370,9.01,128.24,997.79,23568.0,0.0,0.0
614,8.580,128.370,9.01,128.24,997.79,23336.0,0.0,0.0
615,8.580,128.370,9.01,128.24,997.79,24802.0,754.0,754.0
616,8.580,128.370,9.01,128.24,997.79,23792.0,0.0,0.0
617,8.580,128.370,9.01,128.24,997.79,21896.0,0.0,0.0
618,8.580,128.370,9.01,128.24,997.79,25356.0,1095.0,1095.0
619,8.580,128.370,9.01,128.24,997.79,23361.0,0.0,0.0
620,8.580,128.370,9.01,128.24,997.79,23713.0,0.0,0.0
621,8.580,128.370,9.01,128.24,997.79,22012.0,0.0,0.0
622,8.580,128.370,9.01,128.24,997.79,22539.0,0.0,0.0
623,8.580,128.370,9.01,128.24,997.79,24791.0,362.0,362.0
624,8.580,128.370,9.01,128.24,997.79,24733.0,388.0,388.0
625,8.580,128.370,9.01,128.24,997.79,24204.0,0.0,0.0
626,8.580,128.370,9.01,128.24,997.79,23038.0,0.0,0.0
627,8.580,128.370,9.01,128.24,997.79,24208.0,0.0,0.0
628,8.580,128.370,9.01,128.24,997.79,24012.0,359.0,359.0
629,8.580,128.370,9.01,128.24,997.79,24748.0,0.0,0.0
630,8.580,128.370,9.01,128.24,997.79,24313.0,606.0,606.0
631,8.580,128.370,9.01,128.24,997.79,23065.0,0.0,0.0
632,8.580,128.370,9.01,128.24,997.79,23218.0,0.0,0.0
633,8.580,128.370,9.01,128.24,997.79,24255.0,435.0,435.0
634,8.580,128.370,9.01,128.24,997.79,24104.0,912.0,912.0
635,8.580,128.370,9.01,128.24,997.79,23317.0,0.0,0.0
636,8.580,128.370,9.01,128.24,997.79,23103.0,0.0,0.0
637,8.580,128.370,9.01,128.24,997.79,23113.0,120.0,120.0
638,8.580,128.370,9.01,128.24,997.79,24209.0,0.0,0.0
639,8.580,128.370,9.01,128.24,997.79,27042.0,1488.0,1488.0
640,8.580,128.370,9.01,128.24,997.79,24919.0,975.0,975.0
641,8.580,128.370,9.01,128.24,997.79,24620.0,139.0,139.0
642,8.580,128.370,9.01,128.24,997.79,25247.0,630.0,630.0
643,8.580,128.370,9.01,128.24,997.79,23969.0,56.0,56.0
644,8.580,128.370,9.01,128.24,997.79,26629.0,1681.0,1681.0
645,8.580,128.370,9.01,128.24,997.79,24695.0,36.0,36.0
646,8.580,128.370,9.01,128.24,997.79,24085.0,247.0,247.0
647,8.580,128.370,9.01,128.24,997.79,23804.0,0.0,0.0
648,8.580,128.370,9.01,128.24,997.79,22115.0,0.0,0.0
649,8.580,128.370,9.01,128.24,997.79,23568.0,0.0,0.0
650,8.580,128.370,9.01,128.24,997.79,23906.0,1.0,1.0
651,8.580,128.370,9.01,128.24,997.79,25642.0,886.0,886.0
652,8.580,128.370,9.01,128.24,997.79,24621.0,0.0,0.0
653,8.580,128.370,9.01,128.24,997.79,24855.0,569.0,569.0
654,8.580,128.370,9.01,128.24,997.79,25223.0,668.0,668.0
655,8.580,128.370,9.01,128.24,997.79,23822.0,0.0,0.0
656,8.580,128.370,9.01,128.24,997.79,24629.0,574.0,574.0
657,8.580,128.370,9.01,128.24,997.79,23874.0,44.0,44.0
658,8.580,128.370,9.01,128.24,997.79,23212.0,0.0,0.0
659,8.580,128.370,9.01,128.24,997.79,24704.0,0.0,0.0
660,8.580,128.370,9.01,128.24,997.79,25678.0,1104.0,1104.0
661,8.580,128.370,9.01,128.24,997.79,25269.0,176.0,176.0
662,8.580,128.370,9.01,128.24,997.79,23344.0,0.0,0.0
663,8.580,128.370,9.01,128.24,997.79,23772.0,0.0,0.0
664,8.580,128.370,9.01,128.24,997.79,24257.0,91.0,91.0
665,8.580,128.370,9.01,128.24,997.79,23906.0,0.0,0.0
666,8.580,128.370,9.01,128.24,997.79,23908.0,0.0,0.0
667,8.580,128.370,9.01,128.24,997.79,22868.0,0.0,0.0
668,8.580,128.370,9.01,128.24,997.79,22678.0,0.0,0.0
669,8.580,128.370,9.01,128.24,997.79,23758.0,328.0,328.0
670,8.580,128.370,9.01,128.24,997.79,23945.0,0.0,0.0
671,8.580,128.370,9.01,128.24,997.79,23068.0,0.0,0.0
672,8.580,128.370,9.01,128.24,997.79,24537.0,683.0,683.0
673,8.580,128.370,9.01,128.24,997.79,24528.0,0.0,0.0
674,8.580,128.370,9.01,128.24,997.79,24307.0,604.0,604.0
675,8.580,128.370,9.01,128.24,997.79,23727.0,0.0,0.0
676,8.580,128.370,9.01,128.24,997.79,23553.0,0.0,0.0
677,8.580,128.370,9.01,128.24,997.79,22683.0,0.0,0.0
678,8.580,128.370,9.01,128.24,997.79,24619.0,1153.0,1153.0
679,8.580,128.370,9.01,128.24,997.79,22276.0,0.0,0.0
680,8.580,128.370,9.01,128.24,997.79,23644.0,0.0,0.0
681,8.580,128.370,9.01,128.24,997.79,24165.0,0.0,0.0
682,8.580,128.370,9.01,128.24,997.79,24481.0,638.0,638.0
683,8.580,128.370,9.01,128.24,997.79,26041.0,33.0,33.0
684,8.580,128.370,9.01,128.24,997.79,23412.0,0.0,0.0
685,8.580,128.370,9.01,128.24,997.79,22889.0,207.0,207.0
686,8.580,128.370,9.01,128.24,997.79,23795.0,347.0,347.0
687,8.580,128.370,9.01,128.24,997.79,25666.0,968.0,968.0
688,8.580,128.370,9.01,128.24,997.79,24503.0,349.0,349.0
689,8.580,128.370,9.01,128.24,997.79,23030.0,551.0,551.0
690,8.580,128.370,9.01,128.24,997.79,23460.0,0.0,0.0
691,8.580,128.370,9.01,128.24,997.79,24551.0,0.0,0.0
692,8.580,128.370,9.01,128.24,997.79,23341.0,0.0,0.0
693,8.580,128.370,9.01,128.24,997.79,22680.0,0.0,0.0
694,8.580,128.370,9.01,128.24,997.79,22832.0,0.0,0.0
695,8.580,128.370,9.01,128.24,997.79,24668.0,1128.0,1128.0
696,8.580,128.370,9.01,128.24,997.79,23309.0,0.0,0.0
697,8.580,128.370,9.01,128.24,997.79,23691.0,0.0,0.0
698,8.580,128.370,9.01,128.24,997.79,25212.0,0.0,0.0
699,8.580,128.370,9.01,128.24,997.79,23742.0,280.0,280.0
700,8.580,128.370,9.01,128.24,997.79,24374.0,0.0,0.0
701,8.580,128.370,9.01,128.24,997.79,26058.0,1687.0,1687.0
702,8.580,128.370,9.01,128.24,997.79,22486.0,0.0,0.0
703,8.580,128.370,9.01,128.24,997.79,22849.0,0.0,0.0
704,8.580,128.370,9.01,128.24,997.79,24190.0,611.0,611.0
705,8.580,128.370,9.01,128.24,997.79,23607.0,0.0,0.0
706,8.580,128.370,9.01,128.24,997.79,24053.0,456.0,456.0
707,8.580,128.370,9.01,128.24,997.79,24419.0,374.0,374.0
708,8.580,128.370,9.01,128.24,997.79,25550.0,1246.0,1246.0
709,8.580,128.370,9.01,128.24,997.79,23325.0,0.0,0.0
710,8.580,128.370,9.01,128.24,997.79,24376.0,362.0,362.0
711,8.580,128.370,9.01,128.24,997.79,38514.0,11425.0,11425.0
712,8.580,128.370,9.01,128.24,997.79,42668.0,15111.0,15111.0
713,8.580,128.370,9.01,128.24,997.79,47944.0,19674.0,19674.0
714,8.580,128.370,9.01,128.24,997.79,48035.0,19301.0,19301.0
715,8.580,128.370,9.01,128.24,997.79,49668.0,20744.0,20744.0
716,8.580,128.370,9.01,128.24,997.79,46230.0,18117.0,18117.0
717,8.580,128.370,9.01,128.24,997.79,43061.0,15505.0,15505.0
718,8.580,128.370,9.01,128.24,997.79,44792.0,17574.0,17574.0
719,8.580,128.370,9.01,128.24,997.79,42896.0,15147.0,15147.0
720,8.580,128.370,9.01,128.24,997.79,44684.0,15671.0,15671.0
721,8.580,128.370,9.01,128.24,997.79,46816.0,17836.0,17836.0
722,8.580,128.370,9.01,128.24,997.79,42540.0,13836.0,13836.0
723,8.580,128.370,9.01,128.24,997.79,36676.0,9755.0,9755.0
724,8.580,128.370,9.01,128.24,997.79,50713.0,21988.0,21988.0
725,8.580,128.370,9.01,128.24,997.79,52632.0,23544.0,23544.0
726,8.580,128.370,9.01,128.24,997.79,42738.0,15032.0,15032.0
727,8.580,128.370,9.01,128.24,997.79,42041.0,14995.0,14995.0
728,8.580,128.370,9.01,128.24,997.79,45737.0,17506.0,17506.0
729,8.580,128.370,9.01,128.24,997.79,40720.0,13798.0,13798.0
730,8.580,128.370,9.01,128.24,997.79,41540.0,15353.0,15353.0
731,8.580,128.370,9.01,128.24,997.79,42554.0,15844.0,15844.0
732,8.580,128.370,9.01,128.24,997.79,40421.0,14352.0,14352.0
733,8.580,128.370,9.01,128.24,997.79,41854.0,14553.0,14553.0
734,8.580,128.370,9.01,128.24,997.79,41161.0,13890.0,13890.0
735,8.580,128.370,9.01,128.24,997.79,42875.0,16056.0,16056.0
736,8.580,128.370,9.01,128.24,997.79,37735.0,12109.0,12109.0
737,8.580,128.370,9.01,128.24,997.79,41022.0,13879.0,13879.0
738,8.580,128.370,9.01,128.24,997.79,44917.0,16519.0,16519.0
739,8.580,128.370,9.01,128.24,997.79,45365.0,18038.0,18038.0
740,8.580,128.370,9.01,128.24,997.79,38668.0,11176.0,11176.0
741,8.580,128.370,9.01,128.24,997.79,36760.0,10614.0,10614.0
742,8.580,128.370,9.01,128.24,997.79,37921.0,12179.0,12179.0
743,8.580,128.370,9.01,128.24,997.79,39045.0,12503.0,12503.0
744,8.580,128.370,9.01,128.24,997.79,44351.0,16600.0,16600.0
745,8.580,128.370,9.01,128.24,997.79,37543.0,11306.0,11306.0
746,8.580,128.370,9.01,128.24,997.79,37303.0,10177.0,10177.0
747,8.580,128.370,9.01,128.24,997.79,40939.0,13907.0,13907.0
748,8.580,128.370,9.01,128.24,997.79,44921.0,17486.0,17486.0
749,8.580,128.370,9.01,128.24,997.79,38040.0,11530.0,11530.0
750,8.580,128.370,9.01,128.24,997.79,35062.0,9364.0,9364.0
751,8.580,128.370,9.01,128.24,997.79,22888.0,0.0,0.0
752,8.580,128.370,9.01,128.24,997.79,23431.0,331.0,331.0
753,8.580,128.370,9.01,128.24,997.79,22134.0,0.0,0.0
754,8.580,128.370,9.01,128.24,997.79,23127.0,0.0,0.0
755,8.580,128.370,9.01,128.24,997.79,24004.0,286.0,286.0
756,8.580,128.370,9.01,128.24,997.79,24059.0,0.0,0.0
757,8.580,128.370,9.01,128.24,997.79,24856.0,1038.0,1038.0
758,8.580,128.370,9.01,128.24,997.79,24905.0,340.0,340.0
759,8.580,128.370,9.01,128.24,997.79,24026.0,0.0,0.0
760,8.580,128.370,9.01,128.24,997.79,23195.0,174.0,174.0
761,8.580,128.370,9.01,128.24,997.79,25445.0,804.0,804.0
762,8.580,128.370,9.01,128.24,997.79,23800.0,0.0,0.0
763,8.580,128.370,9.01,128.24,997.79,23676.0,0.0,0.0
764,8.580,128.370,9.01,128.24,997.79,23028.0,0.0,0.0
765,8.580,128.370,9.01,128.24,997.79,23400.0,0.0,0.0
766,8.580,128.370,9.01,128.24,997.79,23235.0,0.0,0.0
767,8.580,128.370,9.01,128.24,997.79,23455.0,0.0,0.0
768,8.580,128.370,9.01,128.24,997.79,22667.0,0.0,0.0
769,8.580,128.370,9.01,128.24,997.79,23368.0,152.0,152.0
770,8.580,128.370,9.01,128.24,997.79,23735.0,0.0,0.0
771,8.580,128.370,9.01,128.24,997.79,22267.0,0.0,0.0
772,8.580,128.370,9.01,128.24,997.79,22908.0,0.0,0.0
773,8.580,128.370,9.01,128.24,997.79,23439.0,0.0,0.0
774,8.580,128.370,9.01,128.24,997.79,23094.0,0.0,0.0
775,8.580,128.370,9.01,128.24,997.79,23316.0,0.0,0.0
776,8.580,128.370,9.01,128.24,997.79,24061.0,777.0,777.0
777,8.580,128.370,9.01,128.24,997.79,24312.0,0.0,0.0
778,8.580,128.370,9.01,128.24,997.79,23998.0,0.0,0.0
779,8.580,128.370,9.01,128.24,997.79,23504.0,387.0,387.0
780,8.580,128.370,9.01,128.24,997.79,24728.0,527.0,527.0
781,8.580,128.370,9.01,128.24,997.79,23911.0,0.0,0.0
782,8.580,128.370,9.01,128.24,997.79,24996.0,1481.0,1481.0
783,8.580,128.370,9.01,128.24,997.79,23990.0,700.0,700.0
784,8.580,128.370,9.01,128.24,997.79,36023.0,9205.0,9205.0
785,8.580,128.370,8.71,128.51,997.79,45999.0,18549.0,18549.0
786,8.580,128.370,8.9,128.17,997.79,39269.0,13128.0,13128.0
787,8.580,128.370,9.03,128.28,997.79,37998.0,11831.0,11831.0
788,8.580,128.370,8.94,128.12,997.79,53152.0,24281.0,24281.0
789,8.580,128.370,8.88,128.12,997.79,53926.0,25923.0,25923.0
790,8.580,128.370,8.67,128.25,997.79,59519.0,31475.0,31475.0
791,8.580,128.370,8.87,128.17,997.79,54148.0,24726.0,24726.0
792,8.580,128.370,8.87,128.24,997.79,41902.0,15062.0,15062.0
793,8.580,128.370,8.83,128.17,997.79,44953.0,18670.0,18670.0
794,8.580,128.370,8.52,128.28,997.79,42568.0,16645.0,16645.0
795,8.580,128.370,8.78,128.1,997.79,42772.0,16725.0,16725.0
796,8.580,128.370,8.81,128.13,997.79,45041.0,17925.0,17925.0
797,8.580,128.370,8.6,128.26,997.79,36019.0,11024.0,11024.0
798,8.580,128.370,8.54,128.24,997.79,42410.0,14985.0,14985.0
799,8.580,128.370,8.71,128.22,997.79,43107.0,16106.0,16106.0
800,8.580,128.370,8.76,128.05,997.79,39626.0,13020.0,13020.0
801,8.580,128.370,8.62,128.35,997.79,37406.0,11699.0,11699.0
802,8.580,128.370,9.17,128.36,997.79,33657.0,7646.0,7646.0
803,8.580,128.370,8.87,128.07,997.79,44269.0,16781.0,16781.0
804,8.580,128.370,8.54,128.36,997.79,44745.0,17842.0,17842.0
805,8.580,128.370,8.88,128.32,997.79,41508.0,14728.0,14728.0
806,8.580,128.370,8.59,128.26,997.79,46962.0,20219.0,20219.0
807,8.580,128.370,8.73,128.02,997.79,36671.0,10273.0,10273.0
808,8.580,128.370,8.95,128.18,997.79,43263.0,16960.0,16960.0
809,8.580,128.370,8.78,128.32,997.79,43953.0,16860.0,16860.0
810,8.580,128.370,9.02,128.3,997.79,35098.0,9605.0,9605.0
811,8.580,128.370,8.84,128.19,997.79,33340.0,8004.0,8004.0
812,8.580,128.370,8.9,128.3,997.79,39425.0,13419.0,13419.0
813,8.580,128.370,8.76,128.01,997.79,33407.0,7716.0,7716.0
814,8.580,128.370,8.6,128.36,997.79,33949.0,9285.0,9285.0
815,8.580,128.370,8.99,128.19,997.79,40046.0,13518.0,13518.0
816,8.580,128.370,8.7,128.48,997.79,39772.0,13242.0,13242.0
817,8.580,128.370,8.79,127.88,997.79,38853.0,12443.0,12443.0
818,8.580,128.370,8.8,128.03,997.79,37515.0,11783.0,11783.0
819,8.580,128.370,8.79,128.2,997.79,41353.0,14302.0,14302.0
820,8.580,128.370,8.88,128.14,997.79,39797.0,13655.0,13655.0
821,8.580,128.370,8.82,128.45,997.79,40875.0,13788.0,13788.0
822,8.580,128.370,8.86,128.09,997.79,40106.0,13659.0,13659.0
823,8.580,128.370,9.38,128.19,997.79,33832.0,8072.0,8072.0
824,8.580,128.370,8.84,128.32,997.79,38601.0,12682.0,12682.0
825,8.580,128.370,8.62,128.46,997.79,38990.0,13437.0,13437.0
826,8.580,128.370,8.93,128.36,997.79,37868.0,11763.0,11763.0
827,8.580,128.370,8.77,128.15,997.79,40394.0,14554.0,14554.0
828,8.580,128.370,8.84,128.14,997.79,39266.0,12400.0,12400.0
829,8.580,128.370,8.6,128.43,997.79,38452.0,12549.0,12549.0
830,8.580,128.370,8.72,128.18,997.79,36103.0,10396.0,10396.0
831,8.580,128.370,8.86,128.28,997.79,36652.0,10803.0,10803.0
832,8.580,128.370,8.78,128.25,997.79,49241.0,21118.0,21118.0
833,8.580,128.370,8.96,128.34,997.79,41455.0,15440.0,15440.0
834,8.580,128.370,8.82,128.41,997.79,40869.0,14779.0,14779.0
835,8.580,128.370,8.76,128.48,997.79,33303.0,8351.0,8351.0
836,8.580,128.370,8.84,128.3,997.79,38708.0,12936.0,12936.0
837,8.580,128.370,8.68,128.31,997.79,47284.0,20382.0,20382.0
838,8.580,128.370,8.89,128.43,997.79,47079.0,20129.0,20129.0
839,8.580,128.370,8.67,128.25,997.79,41749.0,15110.0,15110.0
840,8.580,128.370,8.81,128.22,997.79,43324.0,16848.0,16848.0
841,8.580,128.370,8.82,128.18,997.79,33992.0,8943.0,8943.0
842,8.580,128.370,8.72,128.13,997.79,37175.0,11199.0,11199.0
843,8.580,128.370,8.66,128.17,997.79,38292.0,12377.0,12377.0
844,8.580,128.370,8.85,128.43,997.79,43011.0,16048.0,16048.0
845,8.580,128.370,8.76,128.12,997.79,34773.0,9314.0,9314.0
846,8.580,128.370,8.85,128.12,997.79,36570.0,11583.0,11583.0
847,8.580,128.370,8.86,128.24,997.79,41063.0,14667.0,14667.0
848,8.580,128.370,8.9,128.2,997.79,39949.0,12851.0,12851.0
849,8.580,128.370,8.83,128.23,997.79,40163.0,13653.0,13653.0
850,8.580,128.370,8.71,128.14,997.79,39819.0,13615.0,13615.0
851,8.580,128.370,8.79,128.18,997.79,39928.0,12388.0,12388.0
852,8.580,128.370,8.86,128.42,997.79,37875.0,12503.0,12503.0
853,8.580,128.370,8.56,128.45,997.79,36587.0,11169.0,11169.0
854,8.580,128.370,8.88,128.15,997.79,41153.0,14571.0,14571.0
855,8.580,128.370,8.65,128.12,997.79,39272.0,13038.0,13038.0
856,8.580,128.370,8.93,128.12,997.79,41740.0,14941.0,14941.0
857,8.580,128.370,8.59,128.03,997.79,37993.0,12014.0,12014.0
858,8.580,128.370,8.78,128.14,997.79,40261.0,14139.0,14139.0
859,8.580,128.370,9.03,128.24,997.79,34293.0,8393.0,8393.0
860,8.580,128.370,8.77,128.28,997.79,41692.0,15308.0,15308.0
861,8.580,128.370,8.84,128.2,997.79,47294.0,19881.0,19881.0
862,8.580,128.370,8.74,128.09,997.79,38568.0,12710.0,12710.0
863,8.580,128.370,8.51,128.08,997.79,40027.0,13472.0,13472.0
864,8.580,128.370,8.86,128.23,997.79,42191.0,16007.0,16007.0
865,8.580,128.370,8.72,128.1,997.79,37934.0,12202.0,12202.0
866,8.580,128.370,9.1,128.01,997.79,37090.0,10441.0,10441.0
867,8.580,128.370,8.62,128.01,997.79,38432.0,11981.0,11981.0
868,8.580,128.370,8.45,128.12,997.79,37078.0,10718.0,10718.0
869,8.580,128.370,8.98,128.13,997.79,37289.0,11619.0,11619.0
870,8.580,128.370,9.01,128.11,997.79,33111.0,6930.0,6930.0
871,8.580,128.370,8.39,128.45,997.79,34263.0,9067.0,9067.0
872,8.580,128.370,8.74,128.06,997.79,38667.0,12234.0,12234.0
873,8.580,128.370,9.05,128.37,997.79,36545.0,10391.0,10391.0
874,8.580,128.370,8.6,128.05,997.79,34344.0,9296.0,9296.0
875,8.580,128.370,8.97,128.18,997.79,37038.0,10898.0,10898.0
876,8.580,128.370,8.82,128.64,997.79,37808.0,11393.0,11393.0
877,8.580,128.370,8.58,128.37,997.79,35055.0,10392.0,10392.0
878,8.580,128.370,8.58,128.37,997.79,30114.0,5477.0,5477.0
879,8.580,128.370,8.58,128.37,997.79,27988.0,3454.0,3454.0
880,8.580,128.370,8.58,128.37,997.79,27976.0,3042.0,3042.0
881,8.580,128.370,8.58,128.37,997.79,28969.0,5414.0,5414.0
882,8.580,128.370,8.58,128.37,997.79,29369.0,5396.0,5396.0
883,8.580,128.370,8.58,128.37,997.79,29061.0,5493.0,5493.0
884,8.580,128.370,8.58,128.37,997.79,29682.0,5447.0,5447.0
885,8.580,128.370,8.58,128.37,997.79,29765.0,4971.0,4971.0
886,8.580,128.370,8.58,128.37,997.79,29167.0,5098.0,5098.0
887,8.580,128.370,8.58,128.37,997.79,28419.0,3947.0,3947.0
888,8.580,128.370,8.58,128.37,997.79,27401.0,3441.0,3441.0
889,8.580,128.370,8.58,128.37,997.79,28645.0,4057.0,4057.0
890,8.580,128.370,8.58,128.37,997.79,28328.0,4188.0,4188.0
891,8.580,128.370,8.58,128.37,997.79,27935.0,3545.0,3545.0
892,8.580,128.370,8.58,128.37,997.79,26849.0,3740.0,3740.0
893,8.580,128.370,8.58,128.37,997.79,29651.0,5217.0,5217.0
894,8.580,128.370,8.58,128.37,997.79,28335.0,4474.0,4474.0
895,8.580,128.370,8.58,128.37,997.79,27806.0,3024.0,3024.0
896,8.580,128.370,8.58,128.37,997.79,28428.0,4127.0,4127.0
897,8.580,128.370,8.58,128.37,997.79,28531.0,3239.0,3239.0
898,8.580,128.370,8.58,128.37,997.79,26993.0,2608.0,2608.0
899,8.580,128.370,8.58,128.37,997.79,27743.0,4016.0,4016.0
900,8.580,128.370,8.58,128.37,997.79,30453.0,5169.0,5169.0
901,8.580,128.370,8.58,128.37,997.79,28504.0,3581.0,3581.0
902,8.580,128.370,8.58,128.37,997.79,27963.0,2982.0,2982.0
903,8.580,128.370,8.58,128.37,997.79,28321.0,3865.0,3865.0
904,8.580,128.370,8.58,128.37,997.79,28643.0,4627.0,4627.0
905,8.580,128.370,8.58,128.37,997.79,27461.0,2721.0,2721.0
906,8.580,128.370,8.58,128.37,997.79,28154.0,4177.0,4177.0
907,8.580,128.370,8.58,128.37,997.79,30607.0,4860.0,4860.0
908,8.580,128.370,8.58,128.37,997.79,29530.0,5374.0,5374.0
909,8.580,128.370,8.58,128.37,997.79,30110.0,4654.0,4654.0
910,8.580,128.370,8.58,128.37,997.79,31142.0,5920.0,5920.0
911,8.580,128.370,8.58,128.37,997.79,28325.0,3130.0,3130.0
912,8.580,128.370,8.58,128.37,997.79,29068.0,4105.0,4105.0
913,8.580,128.370,8.58,128.37,997.79,27475.0,2709.0,2709.0
914,8.580,128.370,8.58,128.37,997.79,29553.0,4620.0,4620.0
915,8.580,128.370,8.58,128.37,997.79,32846.0,7504.0,7504.0
916,8.580,128.370,8.58,128.37,997.79,30635.0,6095.0,6095.0
917,8.580,128.370,8.58,128.37,997.79,31280.0,6621.0,6621.0
918,8.580,128.370,8.58,128.37,997.79,29603.0,5540.0,5540.0
919,8.580,128.370,8.58,128.37,997.79,30167.0,5526.0,5526.0
920,8.580,128.370,8.58,128.37,997.79,31086.0,5362.0,5362.0
921,8.580,128.370,8.58,128.37,997.79,30067.0,5511.0,5511.0
922,8.580,128.370,8.58,128.37,997.79,29959.0,4518.0,4518.0
923,8.580,128.370,8.58,128.37,997.79,29209.0,4679.0,4679.0
924,8.580,128.370,8.58,128.37,997.79,30329.0,4800.0,4800.0
925,8.580,128.370,8.58,128.37,997.79,29102.0,5526.0,5526.0
926,8.580,128.370,8.58,128.37,997.79,28455.0,2794.0,2794.0
927,8.580,128.370,8.58,128.37,997.79,29908.0,4946.0,4946.0
928,8.580,128.370,8.58,128.37,997.79,26288.0,1971.0,1971.0
929,8.580,128.370,8.58,128.37,997.79,28034.0,4138.0,4138.0
930,8.580,128.370,8.58,128.37,997.79,29169.0,4846.0,4846.0
931,8.580,128.370,8.58,128.37,997.79,28741.0,4728.0,4728.0
932,8.580,128.370,8.58,128.37,997.79,28022.0,3986.0,3986.0
933,8.580,128.370,8.58,128.37,997.79,29953.0,5160.0,5160.0
934,8.580,128.370,8.58,128.37,997.79,30490.0,5568.0,5568.0
935,8.580,128.370,8.58,128.37,997.79,29754.0,5005.0,5005.0
936,8.580,128.370,8.58,128.37,997.79,28087.0,3319.0,3319.0
937,8.580,128.370,8.58,128.37,997.79,29527.0,4980.0,4980.0
938,8.580,128.370,8.58,128.37,997.79,29372.0,5284.0,5284.0
939,8.580,128.370,8.58,128.37,997.79,29159.0,5091.0,5091.0
940,8.580,128.370,8.58,128.37,997.79,28628.0,4293.0,4293.0
941,8.580,128.370,8.58,128.37,997.79,30127.0,4767.0,4767.0
942,8.580,128.370,8.58,128.37,997.79,28201.0,3772.0,3772.0
943,8.580,128.370,8.58,128.37,997.79,30356.0,5564.0,5564.0
944,8.580,128.370,8.58,128.37,997.79,28183.0,4310.0,4310.0
945,8.580,128.370,8.58,128.37,997.79,31263.0,5165.0,5165.0
946,8.580,128.370,8.58,128.37,997.79,28569.0,4075.0,4075.0
947,8.580,128.370,8.58,128.37,997.79,29901.0,5670.0,5670.0
948,8.580,128.370,8.58,128.37,997.79,30770.0,5635.0,5635.0
949,8.580,128.370,8.58,128.37,997.79,27670.0,2127.0,2127.0
950,8.580,128.370,8.58,128.37,997.79,29857.0,5760.0,5760.0
951,8.580,128.370,8.58,128.37,997.79,30861.0,6133.0,6133.0
952,8.580,128.370,8.58,128.37,997.79,26687.0,2649.0,2649.0
953,8.580,128.370,8.58,128.37,997.79,28459.0,4324.0,4324.0
954,8.580,128.370,8.58,128.37,997.79,29410.0,5307.0,5307.0
955,8.580,128.370,8.58,128.37,997.79,29334.0,4928.0,4928.0
956,8.580,128.370,8.58,128.37,997.79,30549.0,6386.0,6386.0
957,8.580,128.370,8.58,128.37,997.79,29098.0,4732.0,4732.0
958,8.580,128.370,8.58,128.37,997.79,31173.0,6419.0,6419.0
959,8.580,128.370,8.58,128.37,997.79,29194.0,5514.0,5514.0
960,8.580,128.370,8.58,128.37,997.79,27561.0,3812.0,3812.0
961,8.580,128.370,8.58,128.37,997.79,27332.0,3991.0,3991.0
962,8.580,128.370,8.58,128.37,997.79,28127.0,3428.0,3428.0
963,8.580,128.370,8.58,128.37,997.79,28787.0,4171.0,4171.0
964,8.580,128.370,8.58,128.37,997.79,30125.0,5481.0,5481.0
965,8.580,128.370,8.58,128.37,997.79,28728.0,5192.0,5192.0
966,8.580,128.370,8.58,128.37,997.79,31459.0,6173.0,6173.0
967,8.580,128.370,8.58,128.37,997.79,28534.0,4701.0,4701.0
968,8.580,128.370,8.58,128.37,997.79,27285.0,2004.0,2004.0
969,8.580,128.370,8.58,128.37,997.79,28815.0,3998.0,3998.0
970,8.580,128.370,8.58,128.37,997.79,30692.0,6203.0,6203.0
971,8.580,128.370,8.58,128.37,997.79,29509.0,5119.0,5119.0
972,8.580,128.370,8.58,128.37,997.79,27250.0,2827.0,2827.0
973,8.580,128.370,8.58,128.37,997.79,29798.0,5027.0,5027.0
974,8.580,128.370,8.58,128.37,997.79,28423.0,3986.0,3986.0
975,8.580,128.370,8.58,128.37,997.79,31431.0,6219.0,6219.0
976,8.580,128.370,8.58,128.37,997.79,28894.0,4430.0,4430.0
977,8.580,128.370,8.58,128.37,997.79,29089.0,6000.0,6000.0
978,8.580,128.370,8.58,128.37,997.79,28955.0,4341.0,4341.0
979,8.580,128.370,8.58,128.37,997.79,29433.0,5229.0,5229.0
980,8.580,128.370,8.58,128.37,997.79,28609.0,4539.0,4539.0
981,8.580,128.370,8.58,128.37,997.79,28530.0,4040.0,4040.0
982,8.580,128.370,8.58,128.37,997.79,29565.0,4349.0,4349.0
983,8.580,128.370,8.58,128.37,997.79,27550.0,3713.0,3713.0
984,8.580,128.370,8.58,128.37,997.79,30338.0,6304.0,6304.0
985,8.580,128.370,8.58,128.37,997.79,29905.0,4294.0,4294.0
986,8.580,128.370,8.58,128.37,997.79,32120.0,6748.0,6748.0
987,8.580,128.370,8.58,128.37,997.79,28106.0,3598.0,3598.0
988,8.580,128.370,8.58,128.37,997.79,28455.0,4309.0,4309.0
989,8.580,128.370,8.58,128.37,997.79,28217.0,3281.0,3281.0
990,8.580,128.370,8.58,128.37,997.79,30055.0,5539.0,5539.0
991,8.580,128.370,8.58,128.37,997.79,29624.0,5245.0,5245.0
992,8.580,128.370,8.58,128.37,997.79,32103.0,7529.0,7529.0
993,8.580,128.370,8.58,128.37,997.79,29225.0,3688.0,3688.0
994,8.580,128.370,8.58,128.37,997.79,28284.0,4088.0,4088.0
995,8.580,128.370,8.58,128.37,997.79,31016.0,6437.0,6437.0
996,8.580,128.370,8.58,128.37,997.79,30001.0,5816.0,5816.0
997,8.580,128.370,8.58,128.37,997.79,28584.0,5034.0,5034.0
998,8.580,128.370,8.58,128.37,997.79,26786.0,3068.0,3068.0
999,8.580,128.370,8.58,128.37,997.79,28519.0,3960.0,3960.0
1000,8.580,128.370,8.58,128.37,997.79,27039.0,2969.0,2969.0
1001,8.580,128.370,8.58,128.37,997.79,27768.0,2864.0,2864.0
1002,8.580,128.370,8.58,128.37,997.79,28331.0,3796.0,3796.0
1003,8.580,128.370,8.58,128.37,997.79,28110.0,3282.0,3282.0
1004,8.580,128.370,8.58,128.37,997.79,28518.0,4366.0,4366.0
1005,8.580,128.370,8.58,128.37,997.79,28474.0,4054.0,4054.0
1006,8.580,128.370,8.58,128.37,997.79,30556.0,5874.0,5874.0
1007,8.580,128.370,8.58,128.37,997.79,29630.0,4591.0,4591.0
1008,8.580,128.370,8.58,128.37,997.79,27436.0,3510.0,3510.0
1009,8.580,128.370,8.58,128.37,997.79,27450.0,2586.0,2586.0
1010,8.580,128.370,8.58,128.37,997.79,30448.0,5486.0,5486.0
1011,8.580,128.370,8.58,128.37,997.79,28257.0,4881.0,4881.0
1012,8.580,128.370,8.58,128.37,997.79,28444.0,4359.0,4359.0
1013,8.580,128.370,8.58,128.37,997.79,28477.0,4212.0,4212.0
1014,8.580,128.370,8.58,128.37,997.79,29485.0,4606.0,4606.0
1015,8.580,128.370,8.58,128.37,997.79,29314.0,4693.0,4693.0
1016,8.580,128.370,8.58,128.37,997.79,31030.0,5806.0,5806.0
1017,8.580,128.370,8.58,128.37,997.79,28120.0,4129.0,4129.0
1018,8.580,128.370,8.58,128.37,997.79,28355.0,4134.0,4134.0
1019,8.580,128.370,8.58,128.37,997.79,26527.0,3313.0,3313.0
1020,8.580,128.370,8.58,128.37,997.79,27915.0,3827.0,3827.0
1021,8.580,128.370,8.58,128.37,997.79,27840.0,3315.0,3315.0
1022,8.580,128.370,8.58,128.37,997.79,27184.0,2984.0,2984.0
1023,8.580,128.370,8.58,128.37,997.79,30101.0,5624.0,5624.0
1024,8.580,128.370,8.58,128.37,997.79,28915.0,5303.0,5303.0
1025,8.580,128.370,8.58,128.37,997.79,27303.0,3552.0,3552.0
1026,8.580,128.370,8.58,128.37,997.79,28800.0,4689.0,4689.0
1027,8.580,128.370,8.58,128.37,997.79,26724.0,2494.0,2494.0
1028,8.580,128.370,8.58,128.37,997.79,29838.0,5003.0,5003.0
1029,8.580,128.370,8.58,128.37,997.79,28049.0,3647.0,3647.0
1030,8.580,128.370,8.58,128.37,997.79,28474.0,3881.0,3881.0
1031,8.580,128.370,8.58,128.37,997.79,26592.0,1887.0,1887.0
1032,8.580,128.370,8.58,128.37,997.79,27431.0,3689.0,3689.0
1033,8.580,128.370,8.58,128.37,997.79,27765.0,3405.0,3405.0
1034,8.580,128.370,8.58,128.37,997.79,28816.0,4462.0,4462.0
1035,8.580,128.370,8.58,128.37,997.79,27992.0,4556.0,4556.0
1036,8.580,128.370,8.58,128.37,997.79,26750.0,2970.0,2970.0
1037,8.580,128.370,8.58,128.37,997.79,26935.0,2880.0,2880.0
1038,8.580,128.370,8.58,128.37,997.79,28793.0,4411.0,4411.0
1039,8.580,128.370,8.58,128.37,997.79,28326.0,3000.0,3000.0
1040,8.580,128.370,8.58,128.37,997.79,26330.0,2731.0,2731.0
1041,8.580,128.370,8.58,128.37,997.79,29055.0,6162.0,6162.0
1042,8.580,128.370,8.58,128.37,997.79,29977.0,5199.0,5199.0
1043,8.580,128.370,8.58,128.37,997.79,30910.0,5682.0,5682.0
1044,8.580,128.370,8.58,128.37,997.79,27928.0,3625.0,3625.0
1045,8.580,128.370,8.58,128.37,997.79,27885.0,4424.0,4424.0
1046,8.580,128.370,8.58,128.37,997.79,27248.0,2676.0,2676.0
1047,8.580,128.370,8.58,128.37,997.79,28807.0,4023.0,4023.0
1048,8.580,128.370,8.58,128.37,997.79,29708.0,5644.0,5644.0
1049,8.580,128.370,8.58,128.37,997.79,27248.0,2845.0,2845.0
1050,8.580,128.370,8.58,128.37,997.79,27234.0,3100.0,3100.0
1051,8.580,128.370,8.58,128.37,997.79,28089.0,4159.0,4159.0
1052,8.580,128.370,8.58,128.37,997.79,28201.0,3966.0,3966.0
1053,8.580,128.370,8.58,128.37,997.79,28509.0,2839.0,2839.0
1054,8.580,128.370,8.58,128.37,997.79,27195.0,3066.0,3066.0
1055,8.580,128.370,8.58,128.37,997.79,30589.0,5367.0,5367.0
1056,8.580,128.370,8.58,128.37,997.79,28944.0,4404.0,4404.0
1057,8.580,128.370,8.58,128.37,997.79,29151.0,5214.0,5214.0
1058,8.580,128.370,8.58,128.37,997.79,26181.0,2087.0,2087.0
1059,8.580,128.370,8.58,128.37,997.79,30753.0,6012.0,6012.0
1060,8.580,128.370,8.58,128.37,997.79,29127.0,4022.0,4022.0
1061,8.580,128.370,8.58,128.37,997.79,30862.0,5821.0,5821.0
1062,8.580,128.370,8.58,128.37,997.79,31151.0,6657.0,6657.0
1063,8.580,128.370,8.58,128.37,997.79,28823.0,4199.0,4199.0
1064,8.580,128.370,8.58,128.37,997.79,30071.0,5681.0,5681.0
1065,8.580,128.370,8.58,128.37,997.79,28355.0,4868.0,4868.0
1066,8.580,128.370,8.58,128.37,997.79,29216.0,5732.0,5732.0
1067,8.580,128.370,8.58,128.37,997.79,28896.0,4274.0,4274.0
1068,8.580,128.370,8.58,128.37,997.79,27337.0,3695.0,3695.0
1069,8.580,128.370,8.58,128.37,997.79,30308.0,5769.0,5769.0
1070,8.580,128.370,8.58,128.37,997.79,28477.0,3992.0,3992.0
1071,8.580,128.370,8.58,128.37,997.79,27759.0,3430.0,3430.0
1072,8.580,128.370,8.58,128.37,997.79,28813.0,4191.0,4191.0
1073,8.580,128.370,8.58,128.37,997.79,28093.0,3639.0,3639.0
1074,8.580,128.370,8.58,128.37,997.79,28252.0,4136.0,4136.0
1075,8.580,128.370,8.58,128.37,997.79,30439.0,6038.0,6038.0
1076,8.580,128.370,8.58,128.37,997.79,29376.0,5209.0,5209.0
1077,8.580,128.370,8.58,128.37,997.79,29677.0,5358.0,5358.0
1078,8.580,128.370,8.58,128.37,997.79,28831.0,4743.0,4743.0
1079,8.580,128.370,8.58,128.37,997.79,30535.0,5496.0,5496.0
1080,8.580,128.370,8.58,128.37,997.79,27881.0,3312.0,3312.0
1081,8.580,128.370,8.58,128.37,997.79,29154.0,4759.0,4759.0
1082,8.580,128.370,8.58,128.37,997.79,29364.0,5052.0,5052.0
1083,8.580,128.370,8.58,128.37,997.79,30003.0,5637.0,5637.0
1084,8.580,128.370,8.58,128.37,997.79,30104.0,5015.0,5015.0
1085,8.580,128.370,8.58,128.37,997.79,30797.0,6389.0,6389.0
1086,8.580,128.370,8.58,128.37,997.79,29653.0,4780.0,4780.0
1087,8.580,128.370,8.58,128.37,997.79,30946.0,5979.0,5979.0
1088,8.580,128.370,8.58,128.37,997.79,29718.0,4125.0,4125.0
1089,8.580,128.370,8.58,128.37,997.79,30902.0,5917.0,5917.0
1090,8.580,128.370,8.58,128.37,997.79,29532.0,5218.0,5218.0
1091,8.580,128.370,8.58,128.37,997.79,26430.0,2358.0,2358.0
1092,8.580,128.370,8.58,128.37,997.79,29014.0,4883.0,4883.0
1093,8.580,128.370,8.58,128.37,997.79,27259.0,3707.0,3707.0
1094,8.580,128.370,8.58,128.37,997.79,28995.0,4919.0,4919.0
1095,8.580,128.370,8.58,128.37,997.79,28950.0,4118.0,4118.0
1096,8.580,128.370,8.58,128.37,997.79,32438.0,7691.0,7691.0
1097,8.580,128.370,8.58,128.37,997.79,30741.0,6001.0,6001.0
1098,8.580,128.370,8.58,128.37,997.79,32199.0,7471.0,7471.0
1099,8.580,128.370,8.58,128.37,997.79,29873.0,5430.0,5430.0
1100,8.580,128.370,8.58,128.37,997.79,28798.0,4857.0,4857.0
1101,8.580,128.370,8.58,128.37,997.79,31173.0,6447.0,6447.0
1102,8.580,128.370,8.58,128.37,997.79,31534.0,6474.0,6474.0
1103,8.580,128.370,8.58,128.37,997.79,30912.0,6457.0,6457.0
1104,8.580,128.370,8.58,128.37,997.79,30517.0,5858.0,5858.0
1105,8.580,128.370,8.58,128.37,997.79,31609.0,6282.0,6282.0
1106,8.580,128.370,8.58,128.37,997.79,31921.0,6736.0,6736.0
1107,8.580,128.370,8.58,128.37,997.79,30285.0,5830.0,5830.0
1108,8.580,128.370,8.58,128.37,997.79,32509.0,6880.0,6880.0
1109,8.580,128.370,8.58,128.37,997.79,29257.0,4144.0,4144.0
1110,8.580,128.370,8.58,128.37,997.79,33202.0,7909.0,7909.0
1111,8.580,128.370,8.58,128.37,997.79,33171.0,7553.0,7553.0
1112,8.580,128.370,8.58,128.37,997.79,31143.0,5671.0,5671.0
1113,8.580,128.370,8.58,128.37,997.79,30012.0,5672.0,5672.0
1114,8.580,128.370,8.58,128.37,997.79,29430.0,4854.0,4854.0
1115,8.580,128.370,8.58,128.37,997.79,29279.0,4342.0,4342.0
1116,8.580,128.370,8.58,128.37,997.79,30060.0,4197.0,4197.0
1117,8.580,128.370,8.58,128.37,997.79,31373.0,5744.0,5744.0
