id,avg_x,avg_y,x,y,bg,Square_intensity,circular_intensity,Gaussian_intensity
312,239.120,63.290,238.82,63.51,1155.5,25759.0,363.0,363.0
313,239.120,63.290,238.82,63.51,1155.5,27586.0,349.0,349.0
314,239.120,63.290,238.82,63.51,1155.5,25085.0,0.0,0.0
315,239.120,63.290,238.82,63.51,1155.5,26784.0,249.0,249.0
316,239.120,63.290,238.82,63.51,1155.5,25917.0,258.0,258.0
317,239.120,63.290,238.82,63.51,1155.5,27451.0,1382.0,1382.0
318,239.120,63.290,238.82,63.51,1155.5,28125.0,2070.0,2070.0
319,239.120,63.290,238.82,63.51,1155.5,24421.0,0.0,0.0
320,239.120,63.290,238.82,63.51,1155.5,25916.0,206.0,206.0
321,239.120,63.290,238.82,63.51,1155.5,23955.0,0.0,0.0
322,239.120,63.290,238.82,63.51,1155.5,26111.0,24.0,24.0
323,239.120,63.290,238.82,63.51,1155.5,25663.0,0.0,0.0
324,239.120,63.290,238.82,63.51,1155.5,25290.0,180.0,180.0
325,239.120,63.290,238.82,63.51,1155.5,25689.0,0.0,0.0
326,239.120,63.290,238.82,63.51,1155.5,25497.0,0.0,0.0
327,239.120,63.290,238.82,63.51,1155.5,26645.0,0.0,0.0
328,239.120,63.290,238.82,63.51,1155.5,23935.0,0.0,0.0
329,239.120,63.290,238.82,63.51,1155.5,24251.0,0.0,0.0
330,239.120,63.290,238.82,63.51,1155.5,24761.0,0.0,0.0
331,239.120,63.290,238.82,63.51,1155.5,25229.0,0.0,0.0
332,239.120,63.290,238.82,63.51,1155.5,25469.0,0.0,0.0
333,239.120,63.290,238.82,63.51,1155.5,24464.0,0.0,0.0
334,239.120,63.290,238.82,63.51,1155.5,26040.0,0.0,0.0
335,239.120,63.290,238.82,63.51,1155.5,25644.0,0.0,0.0
336,239.120,63.290,238.82,63.51,1155.5,26351.0,0.0,0.0
337,239.120,63.290,238.82,63.51,1155.5,26186.0,0.0,0.0
338,239.120,63.290,238.82,63.51,1155.5,27327.0,78.0,78.0
339,239.120,63.290,238.82,63.51,1155.5,25817.0,179.0,179.0
340,239.120,63.290,238.82,63.51,1155.5,25397.0,0.0,0.0
341,239.120,63.290,238.82,63.51,1155.5,25722.0,0.0,0.0
342,239.120,63.290,238.82,63.51,1155.5,24974.0,0.0,0.0
343,239.120,63.290,238.82,63.51,1155.5,26055.0,0.0,0.0
344,239.120,63.290,238.82,63.51,1155.5,24949.0,0.0,0.0
345,239.120,63.290,238.82,63.51,1155.5,26478.0,0.0,0.0
346,239.120,63.290,238.82,63.51,1155.5,25478.0,226.0,226.0
347,239.120,63.290,238.82,63.51,1155.5,25977.0,0.0,0.0
348,239.120,63.290,238.82,63.51,1155.5,26917.0,87.0,87.0
349,239.120,63.290,238.82,63.51,1155.5,24815.0,0.0,0.0
350,239.120,63.290,238.82,63.51,1155.5,24067.0,0.0,0.0
351,239.120,63.290,238.82,63.51,1155.5,26337.0,0.0,0.0
352,239.120,63.290,238.82,63.51,1155.5,26642.0,0.0,0.0
353,239.120,63.290,238.82,63.51,1155.5,24063.0,0.0,0.0
354,239.120,63.290,238.82,63.51,1155.5,25412.0,0.0,0.0
355,239.120,63.290,238.82,63.51,1155.5,27595.0,0.0,0.0
356,239.120,63.290,238.82,63.51,1155.5,25753.0,0.0,0.0
357,239.120,63.290,238.82,63.51,1155.5,26037.0,0.0,0.0
358,239.120,63.290,238.82,63.51,1155.5,25695.0,0.0,0.0
359,239.120,63.290,238.82,63.51,1155.5,25729.0,0.0,0.0
360,239.120,63.290,238.82,63.51,1155.5,27213.0,0.0,0.0
361,239.120,63.290,238.82,63.51,1155.5,26451.0,0.0,0.0
362,239.120,63.290,238.82,63.51,1155.5,26433.0,0.0,0.0
363,239.120,63.290,238.82,63.51,1155.5,27525.0,0.0,0.0
364,239.120,63.290,238.82,63.51,1155.5,27400.0,35.0,35.0
365,239.120,63.290,238.82,63.51,1155.5,26064.0,0.0,0.0
366,239.120,63.290,238.82,63.51,1155.5,27018.0,102.0,102.0
367,239.120,63.290,238.82,63.51,1155.5,25018.0,0.0,0.0
368,239.120,63.290,238.82,63.51,1155.5,25878.0,0.0,0.0
369,239.120,63.290,238.82,63.51,1155.5,25440.0,0.0,0.0
370,239.120,63.290,238.82,63.51,1155.5,24829.0,0.0,0.0
371,239.120,63.290,238.82,63.51,1155.5,26590.0,0.0,0.0
372,239.120,63.290,238.82,63.51,1155.5,25920.0,0.0,0.0
373,239.120,63.290,238.82,63.51,1155.5,26237.0,0.0,0.0
374,239.120,63.290,238.82,63.51,1155.5,24792.0,0.0,0.0
375,239.120,63.290,238.82,63.51,1155.5,25921.0,0.0,0.0
376,239.120,63.290,238.82,63.51,1155.5,28073.0,904.0,904.0
377,239.120,63.290,238.82,63.51,1155.5,24447.0,0.0,0.0
378,239.120,63.290,238.82,63.51,1155.5,27630.0,0.0,0.0
379,239.120,63.290,238.82,63.51,1155.5,26349.0,0.0,0.0
380,239.120,63.290,238.82,63.51,1155.5,25730.0,0.0,0.0
381,239.120,63.290,238.82,63.51,1155.5,25398.0,0.0,0.0
382,239.120,63.290,238.82,63.51,1155.5,25747.0,0.0,0.0
383,239.120,63.290,238.82,63.51,1155.5,27134.0,0.0,0.0
384,239.120,63.290,238.82,63.51,1155.5,26870.0,0.0,0.0
385,239.120,63.290,238.82,63.51,1155.5,26485.0,0.0,0.0
386,239.120,63.290,238.82,63.51,1155.5,26994.0,0.0,0.0
387,239.120,63.290,238.82,63.51,1155.5,28401.0,0.0,0.0
388,239.120,63.290,238.82,63.51,1155.5,25524.0,0.0,0.0
389,239.120,63.290,238.82,63.51,1155.5,25161.0,0.0,0.0
390,239.120,63.290,238.82,63.51,1155.5,27587.0,0.0,0.0
391,239.120,63.290,238.82,63.51,1155.5,26843.0,0.0,0.0
392,239.120,63.290,238.82,63.51,1155.5,27730.0,0.0,0.0
393,239.120,63.290,238.82,63.51,1155.5,26316.0,0.0,0.0
394,239.120,63.290,238.82,63.51,1155.5,28562.0,0.0,0.0
395,239.120,63.290,238.82,63.51,1155.5,25294.0,0.0,0.0
396,239.120,63.290,238.82,63.51,1155.5,24830.0,0.0,0.0
397,239.120,63.290,238.82,63.51,1155.5,27282.0,0.0,0.0
398,239.120,63.290,238.82,63.51,1155.5,26236.0,0.0,0.0
399,239.120,63.290,238.82,63.51,1155.5,27469.0,480.0,480.0
400,239.120,63.290,238.82,63.51,1155.5,25659.0,0.0,0.0
401,239.120,63.290,238.82,63.51,1155.5,26490.0,0.0,0.0
402,239.120,63.290,238.82,63.51,1155.5,25003.0,0.0,0.0
403,239.120,63.290,238.82,63.51,1155.5,25059.0,0.0,0.0
404,239.120,63.290,238.82,63.51,1155.5,27138.0,18.0,18.0
405,239.120,63.290,238.82,63.51,1155.5,25023.0,0.0,0.0
406,239.120,63.290,238.82,63.51,1155.5,25832.0,0.0,0.0
407,239.120,63.290,238.82,63.51,1155.5,26574.0,0.0,0.0
408,239.120,63.290,238.82,63.51,1155.5,25124.0,0.0,0.0
409,239.120,63.290,238.82,63.51,1155.5,25582.0,0.0,0.0
410,239.120,63.290,238.82,63.51,1155.5,25316.0,0.0,0.0
411,239.120,63.290,238.82,63.51,1155.5,27600.0,762.0,762.0
412,239.120,63.290,238.82,63.51,1155.5,26606.0,0.0,0.0
413,239.120,63.290,238.82,63.51,1155.5,26699.0,0.0,0.0
414,239.120,63.290,238.82,63.51,1155.5,27298.0,0.0,0.0
415,239.120,63.290,238.82,63.51,1155.5,26136.0,0.0,0.0
416,239.120,63.290,238.82,63.51,1155.5,26085.0,0.0,0.0
417,239.120,63.290,238.82,63.51,1155.5,24541.0,0.0,0.0
418,239.120,63.290,238.82,63.51,1155.5,26783.0,0.0,0.0
419,239.120,63.290,238.82,63.51,1155.5,25618.0,0.0,0.0
420,239.120,63.290,238.82,63.51,1155.5,25826.0,0.0,0.0
421,239.120,63.290,238.82,63.51,1155.5,25778.0,0.0,0.0
422,239.120,63.290,238.82,63.51,1155.5,26328.0,0.0,0.0
423,239.120,63.290,238.82,63.51,1155.5,24345.0,0.0,0.0
424,239.120,63.290,238.82,63.51,1155.5,25151.0,0.0,0.0
425,239.120,63.290,238.82,63.51,1155.5,24933.0,0.0,0.0
426,239.120,63.290,238.82,63.51,1155.5,25493.0,0.0,0.0
427,239.120,63.290,238.82,63.51,1155.5,25879.0,0.0,0.0
428,239.120,63.290,238.82,63.51,1155.5,26353.0,0.0,0.0
429,239.120,63.290,238.82,63.51,1155.5,24279.0,0.0,0.0
430,239.120,63.290,238.82,63.51,1155.5,25152.0,0.0,0.0
431,239.120,63.290,238.82,63.51,1155.5,24464.0,0.0,0.0
432,239.120,63.290,238.82,63.51,1155.5,26159.0,0.0,0.0
433,239.120,63.290,238.82,63.51,1155.5,24557.0,0.0,0.0
434,239.120,63.290,238.82,63.51,1155.5,25867.0,0.0,0.0
435,239.120,63.290,238.82,63.51,1155.5,24759.0,0.0,0.0
436,239.120,63.290,238.82,63.51,1155.5,25824.0,0.0,0.0
437,239.120,63.290,238.82,63.51,1155.5,25857.0,0.0,0.0
438,239.120,63.290,238.82,63.51,1155.5,24776.0,0.0,0.0
439,239.120,63.290,238.82,63.51,1155.5,26359.0,0.0,0.0
440,239.120,63.290,238.82,63.51,1155.5,25424.0,0.0,0.0
441,239.120,63.290,238.82,63.51,1155.5,26537.0,0.0,0.0
442,239.120,63.290,238.82,63.51,1155.5,25786.0,0.0,0.0
443,239.120,63.290,238.82,63.51,1155.5,24335.0,0.0,0.0
444,239.120,63.290,238.82,63.51,1155.5,27924.0,590.0,590.0
445,239.120,63.290,238.82,63.51,1155.5,23883.0,0.0,0.0
446,239.120,63.290,238.82,63.51,1155.5,24590.0,0.0,0.0
447,239.120,63.290,238.82,63.51,1155.5,25251.0,0.0,0.0
448,239.120,63.290,238.82,63.51,1155.5,24633.0,0.0,0.0
449,239.120,63.290,238.82,63.51,1155.5,25857.0,0.0,0.0
450,239.120,63.290,238.82,63.51,1155.5,26152.0,0.0,0.0
451,239.120,63.290,238.82,63.51,1155.5,24448.0,0.0,0.0
452,239.120,63.290,238.82,63.51,1155.5,23556.0,0.0,0.0
453,239.120,63.290,238.82,63.51,1155.5,26593.0,0.0,0.0
454,239.120,63.290,238.82,63.51,1155.5,25349.0,0.0,0.0
455,239.120,63.290,238.82,63.51,1155.5,25162.0,0.0,0.0
456,239.120,63.290,238.82,63.51,1155.5,26262.0,0.0,0.0
457,239.120,63.290,238.82,63.51,1155.5,26080.0,0.0,0.0
458,239.120,63.290,238.82,63.51,1155.5,24349.0,0.0,0.0
459,239.120,63.290,238.82,63.51,1155.5,25419.0,0.0,0.0
460,239.120,63.290,238.82,63.51,1155.5,24873.0,0.0,0.0
461,239.120,63.290,238.82,63.51,1155.5,25065.0,0.0,0.0
462,239.120,63.290,238.82,63.51,1155.5,24555.0,0.0,0.0
463,239.120,63.290,238.82,63.51,1155.5,25314.0,0.0,0.0
464,239.120,63.290,238.82,63.51,1155.5,26126.0,0.0,0.0
465,239.120,63.290,238.82,63.51,1155.5,26445.0,0.0,0.0
466,239.120,63.290,238.82,63.51,1155.5,25385.0,0.0,0.0
467,239.120,63.290,238.82,63.51,1155.5,24749.0,0.0,0.0
468,239.120,63.290,238.82,63.51,1155.5,24061.0,0.0,0.0
469,239.120,63.290,238.82,63.51,1155.5,25785.0,0.0,0.0
470,239.120,63.290,238.82,63.51,1155.5,27125.0,176.0,176.0
471,239.120,63.290,238.82,63.51,1155.5,23673.0,0.0,0.0
472,239.120,63.290,238.82,63.51,1155.5,26036.0,0.0,0.0
473,239.120,63.290,238.82,63.51,1155.5,24860.0,0.0,0.0
474,239.120,63.290,238.82,63.51,1155.5,26882.0,0.0,0.0
475,239.120,63.290,238.82,63.51,1155.5,26488.0,0.0,0.0
476,239.120,63.290,238.82,63.51,1155.5,25108.0,0.0,0.0
477,239.120,63.290,238.82,63.51,1155.5,26747.0,825.0,825.0
478,239.120,63.290,238.82,63.51,1155.5,27028.0,1017.0,1017.0
479,239.120,63.290,238.82,63.51,1155.5,23971.0,0.0,0.0
480,239.120,63.290,238.82,63.51,1155.5,26785.0,0.0,0.0
481,239.120,63.290,238.82,63.51,1155.5,24640.0,0.0,0.0
482,239.120,63.290,238.82,63.51,1155.5,24215.0,0.0,0.0
483,239.120,63.290,238.82,63.51,1155.5,24243.0,0.0,0.0
484,239.120,63.290,238.82,63.51,1155.5,24307.0,0.0,0.0
485,239.120,63.290,238.82,63.51,1155.5,25893.0,0.0,0.0
486,239.120,63.290,238.82,63.51,1155.5,25518.0,0.0,0.0
487,239.120,63.290,238.82,63.51,1155.5,25163.0,0.0,0.0
488,239.120,63.290,238.82,63.51,1155.5,24874.0,0.0,0.0
489,239.120,63.290,238.82,63.51,1155.5,23999.0,0.0,0.0
490,239.120,63.290,238.82,63.51,1155.5,25568.0,0.0,0.0
491,239.120,63.290,238.82,63.51,1155.5,22844.0,0.0,0.0
492,239.120,63.290,238.82,63.51,1155.5,26030.0,0.0,0.0
493,239.120,63.290,238.82,63.51,1155.5,25159.0,0.0,0.0
494,239.120,63.290,238.82,63.51,1155.5,26396.0,0.0,0.0
495,239.120,63.290,238.82,63.51,1155.5,25568.0,0.0,0.0
496,239.120,63.290,238.82,63.51,1155.5,26456.0,0.0,0.0
497,239.120,63.290,238.82,63.51,1155.5,24053.0,0.0,0.0
498,239.120,63.290,238.82,63.51,1155.5,26091.0,0.0,0.0
499,239.120,63.290,238.82,63.51,1155.5,26477.0,0.0,0.0
500,239.120,63.290,238.82,63.51,1155.5,25130.0,0.0,0.0
501,239.120,63.290,238.82,63.51,1155.5,24936.0,0.0,0.0
502,239.120,63.290,238.82,63.51,1155.5,25160.0,0.0,0.0
503,239.120,63.290,238.82,63.51,1155.5,26649.0,0.0,0.0
504,239.120,63.290,238.82,63.51,1155.5,26880.0,0.0,0.0
505,239.120,63.290,238.82,63.51,1155.5,26698.0,0.0,0.0
506,239.120,63.290,238.82,63.51,1155.5,25676.0,0.0,0.0
507,239.120,63.290,238.82,63.51,1155.5,25281.0,0.0,0.0
508,239.120,63.290,238.82,63.51,1155.5,26207.0,0.0,0.0
509,239.120,63.290,238.82,63.51,1155.5,25940.0,0.0,0.0
510,239.120,63.290,238.82,63.51,1155.5,25095.0,0.0,0.0
511,239.120,63.290,238.82,63.51,1155.5,25627.0,0.0,0.0
512,239.120,63.290,238.82,63.51,1155.5,24991.0,0.0,0.0
513,239.120,63.290,238.82,63.51,1155.5,26503.0,0.0,0.0
514,239.120,63.290,238.82,63.51,1155.5,24727.0,0.0,0.0
515,239.120,63.290,238.82,63.51,1155.5,25241.0,0.0,0.0
516,239.120,63.290,238.82,63.51,1155.5,24927.0,0.0,0.0
517,239.120,63.290,238.82,63.51,1155.5,26299.0,0.0,0.0
518,239.120,63.290,238.82,63.51,1155.5,24632.0,0.0,0.0
519,239.120,63.290,238.82,63.51,1155.5,25360.0,0.0,0.0
520,239.120,63.290,238.82,63.51,1155.5,26726.0,208.0,208.0
521,239.120,63.290,238.82,63.51,1155.5,24492.0,0.0,0.0
522,239.120,63.290,238.82,63.51,1155.5,25394.0,0.0,0.0
523,239.120,63.290,238.82,63.51,1155.5,25122.0,0.0,0.0
524,239.120,63.290,238.82,63.51,1155.5,24462.0,0.0,0.0
525,239.120,63.290,238.82,63.51,1155.5,26192.0,0.0,0.0
526,239.120,63.290,238.82,63.51,1155.5,24790.0,0.0,0.0
527,239.120,63.290,238.82,63.51,1155.5,25738.0,0.0,0.0
528,239.120,63.290,238.82,63.51,1155.5,24783.0,0.0,0.0
529,239.120,63.290,238.82,63.51,1155.5,25773.0,0.0,0.0
530,239.120,63.290,238.82,63.51,1155.5,25612.0,0.0,0.0
531,239.120,63.290,238.82,63.51,1155.5,25219.0,0.0,0.0
532,239.120,63.290,238.82,63.51,1155.5,28541.0,977.0,977.0
533,239.120,63.290,238.82,63.51,1155.5,26014.0,116.0,116.0
534,239.120,63.290,238.82,63.51,1155.5,25642.0,0.0,0.0
535,239.120,63.290,238.82,63.51,1155.5,25065.0,0.0,0.0
536,239.120,63.290,238.82,63.51,1155.5,25114.0,0.0,0.0
537,239.120,63.290,238.82,63.51,1155.5,24439.0,0.0,0.0
538,239.120,63.290,238.82,63.51,1155.5,24596.0,0.0,0.0
539,239.120,63.290,238.82,63.51,1155.5,26352.0,0.0,0.0
540,239.120,63.290,238.82,63.51,1155.5,26200.0,0.0,0.0
541,239.120,63.290,238.82,63.51,1155.5,25570.0,0.0,0.0
542,239.120,63.290,238.82,63.51,1155.5,24761.0,0.0,0.0
543,239.120,63.290,238.82,63.51,1155.5,24699.0,0.0,0.0
544,239.120,63.290,238.82,63.51,1155.5,26807.0,0.0,0.0
545,239.120,63.290,238.82,63.51,1155.5,25381.0,0.0,0.0
546,239.120,63.290,238.82,63.51,1155.5,24419.0,0.0,0.0
547,239.120,63.290,238.82,63.51,1155.5,25823.0,0.0,0.0
548,239.120,63.290,238.82,63.51,1155.5,26661.0,0.0,0.0
549,239.120,63.290,238.82,63.51,1155.5,26671.0,0.0,0.0
550,239.120,63.290,238.82,63.51,1155.5,25534.0,0.0,0.0
551,239.120,63.290,238.82,63.51,1155.5,25350.0,0.0,0.0
552,239.120,63.290,238.82,63.51,1155.5,26156.0,0.0,0.0
553,239.120,63.290,238.82,63.51,1155.5,25374.0,0.0,0.0
554,239.120,63.290,238.82,63.51,1155.5,23936.0,0.0,0.0
555,239.120,63.290,238.82,63.51,1155.5,23653.0,0.0,0.0
556,239.120,63.290,238.82,63.51,1155.5,25551.0,0.0,0.0
557,239.120,63.290,238.82,63.51,1155.5,26529.0,0.0,0.0
558,239.120,63.290,238.82,63.51,1155.5,26286.0,0.0,0.0
559,239.120,63.290,238.82,63.51,1155.5,26320.0,0.0,0.0
560,239.120,63.290,238.82,63.51,1155.5,24579.0,0.0,0.0
561,239.120,63.290,238.82,63.51,1155.5,33342.0,4455.0,4455.0
562,239.120,63.290,238.82,63.51,1155.5,37499.0,9557.0,9557.0
563,239.120,63.290,238.97,63.32,1155.5,34576.0,4970.0,4970.0
564,239.120,63.290,238.61,63.44,1155.5,36624.0,7994.0,7994.0
565,239.120,63.290,238.76,63.52,1155.5,37869.0,9829.0,9829.0
566,239.120,63.290,238.99,63.57,1155.5,39322.0,10631.0,10631.0
567,239.120,63.290,238.98,63.61,1155.5,38571.0,9238.0,9238.0
568,239.120,63.290,238.98,63.45,1155.5,34909.0,6057.0,6057.0
569,239.120,63.290,239.13,63.53,1155.5,36250.0,6988.0,6988.0
570,239.120,63.290,238.99,63.26,1155.5,38261.0,7777.0,7777.0
571,239.120,63.290,238.73,63.52,1155.5,37902.0,8208.0,8208.0
572,239.120,63.290,239.18,63.41,1155.5,34697.0,7120.0,7120.0
573,239.120,63.290,238.71,63.29,1155.5,36463.0,7780.0,7780.0
574,239.120,63.290,238.89,63.39,1155.5,37168.0,7928.0,7928.0
575,239.120,63.290,239.14,63.45,1155.5,34704.0,5867.0,5867.0
576,239.120,63.290,239.07,63.48,1155.5,36621.0,7559.0,7559.0
577,239.120,63.290,238.59,63.41,1155.5,37745.0,9248.0,9248.0
578,239.120,63.290,239.27,63.49,1155.5,35886.0,7387.0,7387.0
579,239.120,63.290,239.08,63.48,1155.5,41078.0,11588.0,11588.0
580,239.120,63.290,238.94,63.63,1155.5,39940.0,10899.0,10899.0
581,239.120,63.290,239.08,63.13,1155.5,35862.0,7415.0,7415.0
582,239.120,63.290,238.91,63.26,1155.5,38245.0,8886.0,8886.0
583,239.120,63.290,239.05,63.82,1155.5,37539.0,9810.0,9810.0
584,239.120,63.290,239.05,63.24,1155.5,36293.0,9249.0,9249.0
585,239.120,63.290,239.03,63.42,1155.5,39335.0,9453.0,9453.0
586,239.120,63.290,238.88,63.39,1155.5,40266.0,12672.0,12672.0
587,239.120,63.290,238.99,63.52,1155.5,41124.0,12420.0,12420.0
588,239.120,63.290,238.89,63.55,1155.5,41458.0,13153.0,13153.0
589,239.120,63.290,238.82,63.51,1155.5,33288.0,5644.0,5644.0
590,239.120,63.290,238.88,63.45,1155.5,36786.0,8569.0,8569.0
591,239.120,63.290,239.21,63.53,1155.5,37934.0,9603.0,9603.0
592,239.120,63.290,238.82,63.51,1155.5,31696.0,5098.0,5098.0
593,239.120,63.290,238.82,63.51,1155.5,31637.0,4245.0,4245.0
594,239.120,63.290,238.94,63.27,1155.5,36303.0,8310.0,8310.0
595,239.120,63.290,239.03,63.37,1155.5,37401.0,8670.0,8670.0
596,239.120,63.290,238.94,63.1,1155.5,33715.0,6814.0,6814.0
597,239.120,63.290,239.16,63.47,1155.5,34975.0,6593.0,6593.0
598,239.120,63.290,238.81,63.51,1155.5,34865.0,7228.0,7228.0
599,239.120,63.290,238.97,63.58,1155.5,34517.0,6608.0,6608.0
600,239.120,63.290,238.6,63.41,1155.5,38082.0,10420.0,10420.0
601,239.120,63.290,238.89,63.34,1155.5,36736.0,8926.0,8926.0
602,239.120,63.290,239.15,63.48,1155.5,35906.0,8591.0,8591.0
603,239.120,63.290,239.05,63.27,1155.5,34224.0,6488.0,6488.0
604,239.120,63.290,238.8,63.46,1155.5,33544.0,6133.0,6133.0
605,239.120,63.290,238.86,63.67,1155.5,34697.0,7204.0,7204.0
606,239.120,63.290,238.6,63.41,1155.5,35630.0,9090.0,9090.0
607,239.120,63.290,239.03,63.65,1155.5,33340.0,6380.0,6380.0
608,239.120,63.290,238.82,63.51,1155.5,31591.0,3764.0,3764.0
609,239.120,63.290,238.82,63.51,1155.5,33359.0,5915.0,5915.0
610,239.120,63.290,239.37,63.41,1155.5,33442.0,5164.0,5164.0
611,239.120,63.290,238.82,63.51,1155.5,30817.0,3468.0,3468.0
612,239.120,63.290,239.07,63.25,1155.5,38796.0,10433.0,10433.0
613,239.120,63.290,238.75,63.5,1155.5,38321.0,10956.0,10956.0
614,239.120,63.290,239.03,63.38,1155.5,38410.0,10804.0,10804.0
615,239.120,63.290,238.82,63.51,1155.5,33559.0,5322.0,5322.0
616,239.120,63.290,239.3,63.51,1155.5,39432.0,10609.0,10609.0
617,239.120,63.290,239,63.34,1155.5,41701.0,11238.0,11238.0
618,239.120,63.290,239.31,63.49,1155.5,36277.0,7530.0,7530.0
619,239.120,63.290,239.08,63.37,1155.5,38865.0,9335.0,9335.0
620,239.120,63.290,239.05,63.22,1155.5,33717.0,6387.0,6387.0
621,239.120,63.290,239.05,63.6,1155.5,39126.0,9579.0,9579.0
622,239.120,63.290,239.19,63.34,1155.5,37058.0,9376.0,9376.0
623,239.120,63.290,239.04,63.57,1155.5,34498.0,6665.0,6665.0
624,239.120,63.290,239.15,63.43,1155.5,36787.0,9818.0,9818.0
625,239.120,63.290,239.09,63.38,1155.5,40377.0,11363.0,11363.0
626,239.120,63.290,238.95,63.22,1155.5,39251.0,10390.0,10390.0
627,239.120,63.290,239.03,63.33,1155.5,42377.0,12743.0,12743.0
628,239.120,63.290,238.99,63.52,1155.5,39769.0,11579.0,11579.0
629,239.120,63.290,239.33,62.97,1155.5,39246.0,8897.0,8897.0
630,239.120,63.290,238.8,63.61,1155.5,38703.0,10080.0,10080.0
631,239.120,63.290,239,63.3,1155.5,38658.0,10223.0,10223.0
632,239.120,63.290,239.17,63.31,1155.5,37266.0,9194.0,9194.0
633,239.120,63.290,239.41,63.45,1155.5,37289.0,8764.0,8764.0
634,239.120,63.290,239.07,63.42,1155.5,40389.0,12203.0,12203.0
635,239.120,63.290,238.88,63.34,1155.5,34184.0,6423.0,6423.0
636,239.120,63.290,239,63.61,1155.5,36190.0,7034.0,7034.0
637,239.120,63.290,239.08,63.38,1155.5,34424.0,8271.0,8271.0
638,239.120,63.290,239.17,63.43,1155.5,38760.0,10886.0,10886.0
639,239.120,63.290,239.29,63.34,1155.5,37208.0,9229.0,9229.0
640,239.120,63.290,239.18,63.31,1155.5,37363.0,8595.0,8595.0
641,239.120,63.290,239.08,63.48,1155.5,36960.0,9522.0,9522.0
642,239.120,63.290,238.94,63.6,1155.5,38934.0,10409.0,10409.0
643,239.120,63.290,238.98,63.24,1155.5,38116.0,9990.0,9990.0
644,239.120,63.290,239.12,63.5,1155.5,38816.0,10908.0,10908.0
645,239.120,63.290,238.94,63.35,1155.5,35918.0,8485.0,8485.0
646,239.120,63.290,239.02,63.25,1155.5,38017.0,10091.0,10091.0
647,239.120,63.290,239.09,63.5,1155.5,37663.0,10079.0,10079.0
648,239.120,63.290,239.09,63.55,1155.5,37783.0,9822.0,9822.0
649,239.120,63.290,239.1,63.68,1155.5,35233.0,6885.0,6885.0
650,239.120,63.290,239,63.55,1155.5,35680.0,7623.0,7623.0
651,239.120,63.290,239.31,63.27,1155.5,36897.0,8994.0,8994.0
652,239.120,63.290,238.98,63.6,1155.5,35745.0,7828.0,7828.0
653,239.120,63.290,239.13,63.31,1155.5,40769.0,12768.0,12768.0
654,239.120,63.290,239.08,63.59,1155.5,37428.0,10335.0,10335.0
655,239.120,63.290,239.11,63.31,1155.5,41884.0,12332.0,12332.0
656,239.120,63.290,239.18,63.53,1155.5,39704.0,11212.0,11212.0
657,239.120,63.290,238.67,63.3,1155.5,38807.0,10755.0,10755.0
658,239.120,63.290,239.01,63.3,1155.5,35612.0,8387.0,8387.0
659,239.120,63.290,239.02,63.6,1155.5,40390.0,11645.0,11645.0
660,239.120,63.290,239.26,63.36,1155.5,36475.0,8643.0,8643.0
661,239.120,63.290,238.99,63.54,1155.5,39693.0,12217.0,12217.0
662,239.120,63.290,239.04,63.66,1155.5,37560.0,9946.0,9946.0
663,239.120,63.290,239.03,63.22,1155.5,39303.0,10232.0,10232.0
664,239.120,63.290,239.3,63.47,1155.5,39828.0,11144.0,11144.0
665,239.120,63.290,239.15,63.32,1155.5,36747.0,10836.0,10836.0
666,239.120,63.290,238.9,63.2,1155.5,36974.0,10043.0,10043.0
667,239.120,63.290,239.23,63.24,1155.5,33950.0,7271.0,7271.0
668,239.120,63.290,239.01,63.37,1155.5,38185.0,9890.0,9890.0
669,239.120,63.290,238.97,63.64,1155.5,37901.0,9708.0,9708.0
670,239.120,63.290,239.21,63.35,1155.5,37269.0,9878.0,9878.0
671,239.120,63.290,239.09,63.29,1155.5,38561.0,12054.0,12054.0
672,239.120,63.290,239.35,63.5,1155.5,38200.0,11229.0,11229.0
673,239.120,63.290,239.01,63.22,1155.5,39495.0,12425.0,12425.0
674,239.120,63.290,239.15,63.39,1155.5,44816.0,16071.0,16071.0
675,239.120,63.290,239.03,63.55,1155.5,39000.0,12184.0,12184.0
676,239.120,63.290,239.1,63.22,1155.5,41947.0,14155.0,14155.0
677,239.120,63.290,239.06,63.58,1155.5,43104.0,14436.0,14436.0
678,239.120,63.290,239.1,63.59,1155.5,43845.0,15230.0,15230.0
679,239.120,63.290,239.14,63.3,1155.5,41688.0,12747.0,12747.0
680,239.120,63.290,239.04,63.36,1155.5,39441.0,12018.0,12018.0
681,239.120,63.290,239.13,63.54,1155.5,40769.0,12886.0,12886.0
682,239.120,63.290,239.2,63.44,1155.5,42956.0,13806.0,13806.0
683,239.120,63.290,239.09,63.41,1155.5,42835.0,14433.0,14433.0
684,239.120,63.290,239.04,63.47,1155.5,44887.0,16972.0,16972.0
685,239.120,63.290,239.22,63.3,1155.5,44675.0,16884.0,16884.0
686,239.120,63.290,238.98,63.27,1155.5,41102.0,13578.0,13578.0
687,239.120,63.290,239.1,63.18,1155.5,37365.0,9938.0,9938.0
688,239.120,63.290,238.97,63.41,1155.5,46873.0,18443.0,18443.0
689,239.120,63.290,239.16,63.41,1155.5,45366.0,17184.0,17184.0
690,239.120,63.290,239.09,63.44,1155.5,49849.0,22315.0,22315.0
691,239.120,63.290,239.12,63.57,1155.5,52507.0,23477.0,23477.0
692,239.120,63.290,238.94,63.37,1155.5,54386.0,26487.0,26487.0
693,239.120,63.290,239.02,63.26,1155.5,48347.0,18766.0,18766.0
694,239.120,63.290,239.07,63.41,1155.5,53474.0,24189.0,24189.0
695,239.120,63.290,239,63.36,1155.5,49994.0,20448.0,20448.0
696,239.120,63.290,239.06,63.48,1155.5,53107.0,23801.0,23801.0
697,239.120,63.290,239.03,63.4,1155.5,47348.0,18302.0,18302.0
698,239.120,63.290,239.17,63.47,1155.5,49203.0,21363.0,21363.0
699,239.120,63.290,239.09,63.37,1155.5,44355.0,15811.0,15811.0
700,239.120,63.290,239.06,63.48,1155.5,39406.0,12049.0,12049.0
701,239.120,63.290,239.11,63.22,1155.5,43342.0,14867.0,14867.0
702,239.120,63.290,238.92,63.31,1155.5,42507.0,14746.0,14746.0
703,239.120,63.290,239.1,63.63,1155.5,44050.0,15215.0,15215.0
704,239.120,63.290,239.04,63.47,1155.5,44066.0,15745.0,15745.0
705,239.120,63.290,239.06,63.44,1155.5,39929.0,10536.0,10536.0
706,239.120,63.290,238.78,63.46,1155.5,39119.0,11438.0,11438.0
707,239.120,63.290,239.18,63.41,1155.5,36764.0,9033.0,9033.0
708,239.120,63.290,238.94,63.58,1155.5,39887.0,10770.0,10770.0
709,239.120,63.290,239.18,63.46,1155.5,40429.0,11657.0,11657.0
710,239.120,63.290,239.15,63.42,1155.5,38693.0,11013.0,11013.0
711,239.120,63.290,239.25,63.57,1155.5,44911.0,14649.0,14649.0
712,239.120,63.290,239.17,63.5,1155.5,42480.0,13933.0,13933.0
713,239.120,63.290,239.09,63.39,1155.5,43823.0,15379.0,15379.0
714,239.120,63.290,238.98,63.64,1155.5,45723.0,15600.0,15600.0
715,239.120,63.290,239.01,63.26,1155.5,41326.0,12124.0,12124.0
716,239.120,63.290,239.05,63.3,1155.5,44459.0,14622.0,14622.0
717,239.120,63.290,238.78,63.29,1155.5,39056.0,10215.0,10215.0
718,239.120,63.290,238.95,63.32,1155.5,47453.0,17476.0,17476.0
719,239.120,63.290,239.03,63.41,1155.5,44567.0,15145.0,15145.0
720,239.120,63.290,239,63.4,1155.5,49243.0,18760.0,18760.0
721,239.120,63.290,238.99,63.43,1155.5,46349.0,17256.0,17256.0
722,239.120,63.290,239.01,63.47,1155.5,47085.0,18293.0,18293.0
723,239.120,63.290,239.14,63.45,1155.5,46283.0,17156.0,17156.0
724,239.120,63.290,239.03,63.35,1155.5,49079.0,18301.0,18301.0
725,239.120,63.290,239.34,63.49,1155.5,47772.0,18150.0,18150.0
726,239.120,63.290,238.97,63.54,1155.5,43653.0,15210.0,15210.0
727,239.120,63.290,238.97,63.49,1155.5,45982.0,16813.0,16813.0
728,239.120,63.290,239.13,63.56,1155.5,43294.0,14704.0,14704.0
729,239.120,63.290,239.02,63.46,1155.5,46716.0,18113.0,18113.0
730,239.120,63.290,239.07,63.47,1155.5,47892.0,19822.0,19822.0
731,239.120,63.290,239.02,63.25,1155.5,44403.0,16435.0,16435.0
732,239.120,63.290,239.1,63.52,1155.5,49274.0,20849.0,20849.0
733,239.120,63.290,239.02,63.4,1155.5,46823.0,18412.0,18412.0
734,239.120,63.290,239.16,63.39,1155.5,42550.0,15595.0,15595.0
735,239.120,63.290,239.02,63.54,1155.5,39386.0,12132.0,12132.0
736,239.120,63.290,239.17,63.54,1155.5,48047.0,19645.0,19645.0
737,239.120,63.290,239.02,63.63,1155.5,46112.0,17845.0,17845.0
738,239.120,63.290,238.99,63.32,1155.5,44729.0,16192.0,16192.0
739,239.120,63.290,239.13,63.44,1155.5,47311.0,19128.0,19128.0
740,239.120,63.290,239.03,63.49,1155.5,44753.0,16455.0,16455.0
741,239.120,63.290,239.15,63.61,1155.5,43985.0,16376.0,16376.0
742,239.120,63.290,239.13,63.48,1155.5,46565.0,17701.0,17701.0
743,239.120,63.290,239,63.52,1155.5,42244.0,14823.0,14823.0
744,239.120,63.290,239.17,63.6,1155.5,44444.0,16636.0,16636.0
745,239.120,63.290,238.82,63.51,1155.5,31807.0,5281.0,5281.0
746,239.120,63.290,239.02,63.22,1155.5,36593.0,10449.0,10449.0
747,239.120,63.290,239.07,63.3,1155.5,44882.0,18628.0,18628.0
748,239.120,63.290,239.26,63.35,1155.5,43403.0,15140.0,15140.0
749,239.120,63.290,239.16,63.46,1155.5,43405.0,16037.0,16037.0
750,239.120,63.290,239.09,63.49,1155.5,46595.0,18959.0,18959.0
751,239.120,63.290,239.2,63.35,1155.5,47868.0,19713.0,19713.0
752,239.120,63.290,239.1,63.52,1155.5,53509.0,23325.0,23325.0
753,239.120,63.290,239.1,63.37,1155.5,52262.0,23601.0,23601.0
754,239.120,63.290,239.19,63.54,1155.5,58985.0,30790.0,30790.0
755,239.120,63.290,239.05,63.35,1155.5,49326.0,20741.0,20741.0
756,239.120,63.290,239.31,63.45,1155.5,44521.0,16587.0,16587.0
757,239.120,63.290,239.08,63.4,1155.5,47257.0,19402.0,19402.0
758,239.120,63.290,239.14,63.55,1155.5,50103.0,21590.0,21590.0
759,239.120,63.290,239.1,63.37,1155.5,44169.0,17053.0,17053.0
760,239.120,63.290,239.11,63.28,1155.5,46214.0,18359.0,18359.0
761,239.120,63.290,239.14,63.56,1155.5,49319.0,21544.0,21544.0
762,239.120,63.290,239.14,63.4,1155.5,45440.0,18095.0,18095.0
763,239.120,63.290,239.13,63.48,1155.5,45760.0,18185.0,18185.0
764,239.120,63.290,239.11,63.34,1155.5,46835.0,18865.0,18865.0
765,239.120,63.290,239.1,63.36,1155.5,42287.0,14995.0,14995.0
766,239.120,63.290,239,63.44,1155.5,41791.0,15849.0,15849.0
767,239.120,63.290,239.22,63.45,1155.5,39379.0,12246.0,12246.0
768,239.120,63.290,239.09,63.37,1155.5,39591.0,12684.0,12684.0
769,239.120,63.290,239.33,63.43,1155.5,44870.0,17798.0,17798.0
770,239.120,63.290,239.01,63.38,1155.5,45051.0,16400.0,16400.0
771,239.120,63.290,239.1,63.32,1155.5,45814.0,17764.0,17764.0
772,239.120,63.290,239.04,63.55,1155.5,54762.0,25952.0,25952.0
773,239.120,63.290,239.1,63.48,1155.5,54641.0,26213.0,26213.0
774,239.120,63.290,239.07,63.46,1155.5,52809.0,24015.0,24015.0
775,239.120,63.290,238.99,63.38,1155.5,51459.0,22468.0,22468.0
776,239.120,63.290,239.14,63.44,1155.5,42545.0,16003.0,16003.0
777,239.120,63.290,239.16,63.28,1155.5,47844.0,19010.0,19010.0
778,239.120,63.290,239.06,63.28,1155.5,49600.0,21229.0,21229.0
779,239.120,63.290,238.97,63.54,1155.5,48613.0,20109.0,20109.0
780,239.120,63.290,239.08,63.49,1155.5,46333.0,18592.0,18592.0
781,239.120,63.290,239.02,63.65,1155.5,51946.0,24168.0,24168.0
782,239.120,63.290,239.06,63.47,1155.5,42284.0,14672.0,14672.0
783,239.120,63.290,239.18,63.46,1155.5,47215.0,19252.0,19252.0
784,239.120,63.290,239.09,63.43,1155.5,44910.0,16826.0,16826.0
785,239.120,63.290,238.65,63.42,1155.5,41898.0,14764.0,14764.0
786,239.120,63.290,238.97,63.33,1155.5,44548.0,16395.0,16395.0
787,239.120,63.290,239.15,63.34,1155.5,47989.0,19657.0,19657.0
788,239.120,63.290,239.15,63.56,1155.5,42446.0,14963.0,14963.0
789,239.120,63.290,239.05,63.45,1155.5,47199.0,20295.0,20295.0
790,239.120,63.290,238.98,63.36,1155.5,46778.0,18182.0,18182.0
791,239.120,63.290,239.15,63.35,1155.5,48262.0,20348.0,20348.0
792,239.120,63.290,239.13,63.42,1155.5,46470.0,18137.0,18137.0
793,239.120,63.290,238.92,63.51,1155.5,45869.0,18066.0,18066.0
794,239.120,63.290,239.19,63.35,1155.5,51589.0,23067.0,23067.0
795,239.120,63.290,239.06,63.45,1155.5,49773.0,21058.0,21058.0
796,239.120,63.290,239.07,63.42,1155.5,52796.0,23995.0,23995.0
797,239.120,63.290,239.17,63.37,1155.5,49302.0,21546.0,21546.0
798,239.120,63.290,239.05,63.46,1155.5,45696.0,18019.0,18019.0
799,239.120,63.290,239.08,63.5,1155.5,51017.0,22605.0,22605.0
800,239.120,63.290,239.11,63.28,1155.5,53958.0,25177.0,25177.0
801,239.120,63.290,239.1,63.38,1155.5,52558.0,24160.0,24160.0
802,239.120,63.290,239.02,63.44,1155.5,48757.0,21110.0,21110.0
803,239.120,63.290,239.19,63.42,1155.5,45856.0,18220.0,18220.0
804,239.120,63.290,238.99,63.42,1155.5,41467.0,13665.0,13665.0
805,239.120,63.290,239.2,63.3,1155.5,47299.0,19756.0,19756.0
806,239.120,63.290,239.19,63.34,1155.5,55213.0,26697.0,26697.0
807,239.120,63.290,239.09,63.47,1155.5,54128.0,25085.0,25085.0
808,239.120,63.290,239.23,63.47,1155.5,49535.0,21087.0,21087.0
809,239.120,63.290,239.02,63.41,1155.5,51035.0,20832.0,20832.0
810,239.120,63.290,238.99,63.34,1155.5,43287.0,16186.0,16186.0
811,239.120,63.290,239.01,63.41,1155.5,48932.0,20640.0,20640.0
812,239.120,63.290,239.04,63.47,1155.5,45454.0,16240.0,16240.0
813,239.120,63.290,239.06,63.45,1155.5,46428.0,18991.0,18991.0
814,239.120,63.290,239.11,63.42,1155.5,44666.0,16958.0,16958.0
815,239.120,63.290,239.13,63.47,1155.5,52997.0,24746.0,24746.0
816,239.120,63.290,239.09,63.37,1155.5,47599.0,19712.0,19712.0
817,239.120,63.290,239.16,63.39,1155.5,51217.0,23138.0,23138.0
818,239.120,63.290,239.09,63.4,1155.5,47830.0,19559.0,19559.0
819,239.120,63.290,239.09,63.28,1155.5,46706.0,18841.0,18841.0
820,239.120,63.290,239.11,63.26,1155.5,51029.0,22918.0,22918.0
821,239.120,63.290,239.16,63.47,1155.5,53096.0,24454.0,24454.0
822,239.120,63.290,239.18,63.45,1155.5,48473.0,19797.0,19797.0
823,239.120,63.290,239.08,63.27,1155.5,48060.0,19687.0,19687.0
824,239.120,63.290,239.22,63.4,1155.5,39381.0,13391.0,13391.0
825,239.120,63.290,239.13,63.54,1155.5,37896.0,12104.0,12104.0
826,239.120,63.290,239.25,63.66,1155.5,39639.0,14061.0,14061.0
827,239.120,63.290,238.95,63.31,1155.5,42265.0,14706.0,14706.0
828,239.120,63.290,239.05,63.35,1155.5,39883.0,12429.0,12429.0
829,239.120,63.290,239.11,63.53,1155.5,38214.0,10735.0,10735.0
830,239.120,63.290,239.07,63.44,1155.5,42077.0,15038.0,15038.0
831,239.120,63.290,239.04,63.45,1155.5,47086.0,19501.0,19501.0
832,239.120,63.290,239.17,63.54,1155.5,50438.0,22748.0,22748.0
833,239.120,63.290,239.04,63.39,1155.5,51547.0,23350.0,23350.0
834,239.120,63.290,239.14,63.46,1155.5,46003.0,18345.0,18345.0
835,239.120,63.290,239.01,63.27,1155.5,52798.0,23546.0,23546.0
836,239.120,63.290,239.09,63.68,1155.5,51717.0,22909.0,22909.0
837,239.120,63.290,239.08,63.46,1155.5,54475.0,25466.0,25466.0
838,239.120,63.290,239.04,63.4,1155.5,51710.0,22837.0,22837.0
839,239.120,63.290,239.02,63.46,1155.5,49668.0,21515.0,21515.0
840,239.120,63.290,238.97,63.39,1155.5,51858.0,24450.0,24450.0
841,239.120,63.290,239.16,63.65,1155.5,45269.0,17251.0,17251.0
842,239.120,63.290,239.19,63.27,1155.5,45562.0,18584.0,18584.0
843,239.120,63.290,239.02,63.42,1155.5,51050.0,22125.0,22125.0
844,239.120,63.290,239.09,63.42,1155.5,48630.0,20307.0,20307.0
845,239.120,63.290,239.02,63.56,1155.5,45142.0,17327.0,17327.0
846,239.120,63.290,239.09,63.37,1155.5,46666.0,18459.0,18459.0
847,239.120,63.290,239.2,63.36,1155.5,48156.0,20893.0,20893.0
848,239.120,63.290,239.04,63.44,1155.5,44842.0,17622.0,17622.0
849,239.120,63.290,238.99,63.28,1155.5,50517.0,21583.0,21583.0
850,239.120,63.290,239.12,63.38,1155.5,49933.0,21312.0,21312.0
851,239.120,63.290,239.05,63.31,1155.5,47462.0,18771.0,18771.0
852,239.120,63.290,238.98,63.49,1155.5,49884.0,21838.0,21838.0
853,239.120,63.290,238.97,63.44,1155.5,45175.0,18488.0,18488.0
854,239.120,63.290,239.11,63.55,1155.5,44294.0,17508.0,17508.0
855,239.120,63.290,239.03,63.47,1155.5,44241.0,17426.0,17426.0
856,239.120,63.290,238.91,63.48,1155.5,43104.0,15914.0,15914.0
857,239.120,63.290,239.15,63.48,1155.5,45094.0,17001.0,17001.0
858,239.120,63.290,239.1,63.37,1155.5,44681.0,17468.0,17468.0
859,239.120,63.290,239.15,63.34,1155.5,46313.0,18130.0,18130.0
860,239.120,63.290,239.11,63.4,1155.5,51222.0,21736.0,21736.0
861,239.120,63.290,238.94,63.45,1155.5,50811.0,21627.0,21627.0
862,239.120,63.290,239.1,63.38,1155.5,45917.0,18568.0,18568.0
863,239.120,63.290,239.03,63.3,1155.5,46676.0,17935.0,17935.0
864,239.120,63.290,239,63.4,1155.5,49808.0,21361.0,21361.0
865,239.120,63.290,239.15,63.37,1155.5,47364.0,19777.0,19777.0
866,239.120,63.290,239.08,63.38,1155.5,52492.0,24206.0,24206.0
867,239.120,63.290,239.08,63.4,1155.5,46698.0,19242.0,19242.0
868,239.120,63.290,239.02,63.35,1155.5,44519.0,16893.0,16893.0
869,239.120,63.290,238.94,63.41,1155.5,48657.0,21832.0,21832.0
870,239.120,63.290,239.16,63.38,1155.5,48870.0,21303.0,21303.0
871,239.120,63.290,239.01,63.42,1155.5,48351.0,20102.0,20102.0
872,239.120,63.290,239.28,63.46,1155.5,48790.0,20815.0,20815.0
873,239.120,63.290,239.02,63.35,1155.5,46038.0,17795.0,17795.0
874,239.120,63.290,239.02,63.44,1155.5,46399.0,17144.0,17144.0
875,239.120,63.290,238.95,63.49,1155.5,41297.0,14636.0,14636.0
876,239.120,63.290,239.08,63.46,1155.5,46420.0,18255.0,18255.0
877,239.120,63.290,238.97,63.37,1155.5,45472.0,18200.0,18200.0
878,239.120,63.290,239.39,63.37,1155.5,45606.0,17955.0,17955.0
879,239.120,63.290,239.21,63.37,1155.5,46962.0,19109.0,19109.0
880,239.120,63.290,238.95,63.52,1155.5,49335.0,20553.0,20553.0
881,239.120,63.290,239.15,63.19,1155.5,46750.0,18583.0,18583.0
882,239.120,63.290,239.13,63.43,1155.5,50311.0,22314.0,22314.0
883,239.120,63.290,238.99,63.55,1155.5,46485.0,17603.0,17603.0
884,239.120,63.290,239.1,63.32,1155.5,46615.0,18177.0,18177.0
885,239.120,63.290,239.22,63.24,1155.5,46969.0,19326.0,19326.0
886,239.120,63.290,239.05,63.27,1155.5,44023.0,16971.0,16971.0
887,239.120,63.290,239.03,63.46,1155.5,47158.0,19278.0,19278.0
888,239.120,63.290,239.02,63.35,1155.5,48260.0,19407.0,19407.0
889,239.120,63.290,239.29,63.49,1155.5,45701.0,17737.0,17737.0
890,239.120,63.290,239.16,63.42,1155.5,44967.0,18095.0,18095.0
891,239.120,63.290,239.17,63.48,1155.5,43173.0,16134.0,16134.0
892,239.120,63.290,239.2,63.3,1155.5,42884.0,14675.0,14675.0
893,239.120,63.290,239.29,63.35,1155.5,43053.0,14972.0,14972.0
894,239.120,63.290,239.08,63.37,1155.5,49645.0,21536.0,21536.0
895,239.120,63.290,239.08,63.35,1155.5,46705.0,19692.0,19692.0
896,239.120,63.290,239.1,63.35,1155.5,42782.0,14146.0,14146.0
897,239.120,63.290,239.07,63.27,1155.5,44629.0,17587.0,17587.0
898,239.120,63.290,238.93,63.35,1155.5,50392.0,22087.0,22087.0
899,239.120,63.290,239.18,63.34,1155.5,48775.0,21232.0,21232.0
900,239.120,63.290,239.03,63.44,1155.5,49019.0,20450.0,20450.0
901,239.120,63.290,239.12,63.41,1155.5,45705.0,17520.0,17520.0
902,239.120,63.290,239.27,63.31,1155.5,46682.0,18769.0,18769.0
903,239.120,63.290,239.22,63.36,1155.5,49382.0,20936.0,20936.0
904,239.120,63.290,239.16,63.56,1155.5,42046.0,14954.0,14954.0
905,239.120,63.290,239.13,63.28,1155.5,46743.0,18811.0,18811.0
906,239.120,63.290,239.22,63.56,1155.5,48723.0,20871.0,20871.0
907,239.120,63.290,239.08,63.29,1155.5,47569.0,19128.0,19128.0
908,239.120,63.290,239.22,63.44,1155.5,46947.0,19018.0,19018.0
909,239.120,63.290,239.09,63.44,1155.5,47418.0,18339.0,18339.0
910,239.120,63.290,239.1,63.41,1155.5,45091.0,17940.0,17940.0
911,239.120,63.290,239.22,63.44,1155.5,48553.0,19525.0,19525.0
912,239.120,63.290,239.07,63.31,1155.5,49475.0,22357.0,22357.0
913,239.120,63.290,239.07,63.42,1155.5,47433.0,20358.0,20358.0
914,239.120,63.290,239.05,63.34,1155.5,49217.0,22152.0,22152.0
915,239.120,63.290,239.03,63.42,1155.5,46521.0,19275.0,19275.0
916,239.120,63.290,239.18,63.35,1155.5,45712.0,18139.0,18139.0
917,239.120,63.290,238.97,63.38,1155.5,47592.0,19203.0,19203.0
918,239.120,63.290,239.08,63.35,1155.5,48071.0,20913.0,20913.0
919,239.120,63.290,239.02,63.44,1155.5,48079.0,19857.0,19857.0
920,239.120,63.290,239.11,63.26,1155.5,44573.0,17094.0,17094.0
921,239.120,63.290,239.08,63.29,1155.5,46267.0,18159.0,18159.0
922,239.120,63.290,239.22,63.46,1155.5,44977.0,17124.0,17124.0
923,239.120,63.290,238.93,63.27,1155.5,41308.0,14890.0,14890.0
924,239.120,63.290,239.05,63.43,1155.5,45103.0,17630.0,17630.0
925,239.120,63.290,239.1,63.48,1155.5,51284.0,22864.0,22864.0
926,239.120,63.290,239.13,63.32,1155.5,46485.0,19058.0,19058.0
927,239.120,63.290,239.04,63.28,1155.5,47217.0,20388.0,20388.0
928,239.120,63.290,239.23,63.2,1155.5,47270.0,20082.0,20082.0
929,239.120,63.290,239.15,63.3,1155.5,47178.0,20792.0,20792.0
930,239.120,63.290,239.1,63.39,1155.5,47476.0,19636.0,19636.0
931,239.120,63.290,239.01,63.25,1155.5,49376.0,21145.0,21145.0
932,239.120,63.290,239.16,63.43,1155.5,49514.0,21810.0,21810.0
933,239.120,63.290,238.99,63.48,1155.5,52110.0,22154.0,22154.0
934,239.120,63.290,238.98,63.27,1155.5,50381.0,22715.0,22715.0
935,239.120,63.290,239.14,63.3,1155.5,56189.0,27334.0,27334.0
936,239.120,63.290,239.14,63.34,1155.5,52722.0,24297.0,24297.0
937,239.120,63.290,239.18,63.33,1155.5,52783.0,25496.0,25496.0
938,239.120,63.290,239.21,63.44,1155.5,52436.0,24512.0,24512.0
939,239.120,63.290,238.93,63.34,1155.5,51355.0,22949.0,22949.0
940,239.120,63.290,239.08,63.39,1155.5,49580.0,20669.0,20669.0
941,239.120,63.290,239.22,63.41,1155.5,50081.0,22358.0,22358.0
942,239.120,63.290,239.06,63.19,1155.5,44769.0,16249.0,16249.0
943,239.120,63.290,239.09,63.41,1155.5,49041.0,21738.0,21738.0
944,239.120,63.290,239.06,63.34,1155.5,49786.0,21807.0,21807.0
945,239.120,63.290,239.08,63.27,1155.5,48365.0,20273.0,20273.0
946,239.120,63.290,239.24,63.35,1155.5,47831.0,20361.0,20361.0
947,239.120,63.290,239.07,63.39,1155.5,49188.0,20736.0,20736.0
948,239.120,63.290,238.96,63.34,1155.5,48149.0,19811.0,19811.0
949,239.120,63.290,239.08,63.49,1155.5,49738.0,21314.0,21314.0
950,239.120,63.290,239.11,63.39,1155.5,54573.0,25461.0,25461.0
951,239.120,63.290,239.15,63.33,1155.5,43127.0,15372.0,15372.0
952,239.120,63.290,239.14,63.27,1155.5,48558.0,22101.0,22101.0
953,239.120,63.290,238.99,63.23,1155.5,49933.0,21138.0,21138.0
954,239.120,63.290,239.07,63.27,1155.5,52212.0,23640.0,23640.0
955,239.120,63.290,239.12,63.3,1155.5,51343.0,23939.0,23939.0
956,239.120,63.290,239.3,63.43,1155.5,50898.0,22908.0,22908.0
957,239.120,63.290,239.13,63.44,1155.5,49038.0,19777.0,19777.0
958,239.120,63.290,239.06,63.42,1155.5,53491.0,24347.0,24347.0
959,239.120,63.290,239.1,63.38,1155.5,51580.0,23339.0,23339.0
960,239.120,63.290,239.1,63.14,1155.5,53506.0,24662.0,24662.0
961,239.120,63.290,239.15,63.36,1155.5,50578.0,22350.0,22350.0
962,239.120,63.290,239.05,63.29,1155.5,49907.0,21168.0,21168.0
963,239.120,63.290,239.27,63.32,1155.5,47891.0,21194.0,21194.0
964,239.120,63.290,239.18,63.42,1155.5,50407.0,22396.0,22396.0
965,239.120,63.290,239.17,63.39,1155.5,50417.0,22388.0,22388.0
966,239.120,63.290,239.18,63.42,1155.5,51404.0,23875.0,23875.0
967,239.120,63.290,239.05,63.29,1155.5,46624.0,19177.0,19177.0
968,239.120,63.290,239.05,63.34,1155.5,46225.0,18433.0,18433.0
969,239.120,63.290,239.31,63.34,1155.5,46556.0,18996.0,18996.0
970,239.120,63.290,239.2,63.45,1155.5,49094.0,21795.0,21795.0
971,239.120,63.290,239.13,63.32,1155.5,51041.0,23132.0,23132.0
972,239.120,63.290,239,63.47,1155.5,50497.0,21426.0,21426.0
973,239.120,63.290,239.16,63.35,1155.5,48313.0,21347.0,21347.0
974,239.120,63.290,239.17,63.38,1155.5,49211.0,20782.0,20782.0
975,239.120,63.290,239.08,63.42,1155.5,47036.0,18654.0,18654.0
976,239.120,63.290,239.12,63.49,1155.5,43768.0,16969.0,16969.0
977,239.120,63.290,238.85,63.53,1155.5,47503.0,20156.0,20156.0
978,239.120,63.290,239.28,63.41,1155.5,49913.0,21967.0,21967.0
979,239.120,63.290,239.12,63.46,1155.5,45526.0,18578.0,18578.0
980,239.120,63.290,239.21,63.25,1155.5,43979.0,16854.0,16854.0
981,239.120,63.290,239.16,63.25,1155.5,48572.0,21204.0,21204.0
982,239.120,63.290,239.19,63.43,1155.5,47648.0,18486.0,18486.0
983,239.120,63.290,239.13,63.24,1155.5,46905.0,20237.0,20237.0
984,239.120,63.290,239,63.4,1155.5,50478.0,21733.0,21733.0
985,239.120,63.290,239.14,63.28,1155.5,48606.0,21660.0,21660.0
986,239.120,63.290,239.16,63.27,1155.5,47430.0,19826.0,19826.0
987,239.120,63.290,239.15,63.25,1155.5,48923.0,21138.0,21138.0
988,239.120,63.290,239.12,63.29,1155.5,44318.0,17233.0,17233.0
989,239.120,63.290,239.12,63.29,1155.5,26414.0,3578.0,3578.0
990,239.120,63.290,239.12,63.29,1155.5,24870.0,627.0,627.0
991,239.120,63.290,239.12,63.29,1155.5,24189.0,0.0,0.0
992,239.120,63.290,239.12,63.29,1155.5,24826.0,895.0,895.0
993,239.120,63.290,239.12,63.29,1155.5,22919.0,22.0,22.0
994,239.120,63.290,239.12,63.29,1155.5,23993.0,139.0,139.0
995,239.120,63.290,239.12,63.29,1155.5,22664.0,0.0,0.0
996,239.120,63.290,239.12,63.29,1155.5,23106.0,0.0,0.0
997,239.120,63.290,239.12,63.29,1155.5,25531.0,896.0,896.0
998,239.120,63.290,239.12,63.29,1155.5,24214.0,936.0,936.0
999,239.120,63.290,239.12,63.29,1155.5,24382.0,0.0,0.0
1000,239.120,63.290,239.12,63.29,1155.5,22505.0,0.0,0.0
1001,239.120,63.290,239.12,63.29,1155.5,24462.0,1224.0,1224.0
1002,239.120,63.290,239.12,63.29,1155.5,24414.0,367.0,367.0
1003,239.120,63.290,239.12,63.29,1155.5,23640.0,0.0,0.0
1004,239.120,63.290,239.12,63.29,1155.5,24073.0,0.0,0.0
1005,239.120,63.290,239.12,63.29,1155.5,24977.0,1690.0,1690.0
1006,239.120,63.290,239.12,63.29,1155.5,23806.0,91.0,91.0
1007,239.120,63.290,239.12,63.29,1155.5,24237.0,0.0,0.0
1008,239.120,63.290,239.12,63.29,1155.5,24150.0,756.0,756.0
1009,239.120,63.290,239.12,63.29,1155.5,24335.0,0.0,0.0
1010,239.120,63.290,239.12,63.29,1155.5,23822.0,727.0,727.0
1011,239.120,63.290,239.12,63.29,1155.5,24597.0,0.0,0.0
1012,239.120,63.290,239.12,63.29,1155.5,24155.0,20.0,20.0
1013,239.120,63.290,239.12,63.29,1155.5,25260.0,0.0,0.0
1014,239.120,63.290,239.12,63.29,1155.5,24421.0,1031.0,1031.0
1015,239.120,63.290,239.12,63.29,1155.5,23813.0,180.0,180.0
1016,239.120,63.290,239.12,63.29,1155.5,24255.0,0.0,0.0
1017,239.120,63.290,239.12,63.29,1155.5,24441.0,294.0,294.0
1018,239.120,63.290,239.12,63.29,1155.5,22821.0,0.0,0.0
1019,239.120,63.290,239.12,63.29,1155.5,24064.0,349.0,349.0
1020,239.120,63.290,239.12,63.29,1155.5,24002.0,172.0,172.0
1021,239.120,63.290,239.12,63.29,1155.5,23063.0,0.0,0.0
1022,239.120,63.290,239.12,63.29,1155.5,24171.0,174.0,174.0
1023,239.120,63.290,239.12,63.29,1155.5,23954.0,581.0,581.0
1024,239.120,63.290,239.12,63.29,1155.5,21921.0,0.0,0.0
1025,239.120,63.290,239.12,63.29,1155.5,24793.0,1065.0,1065.0
1026,239.120,63.290,239.12,63.29,1155.5,24549.0,338.0,338.0
1027,239.120,63.290,239.12,63.29,1155.5,22628.0,0.0,0.0
1028,239.120,63.290,239.12,63.29,1155.5,25340.0,644.0,644.0
1029,239.120,63.290,239.12,63.29,1155.5,24471.0,601.0,601.0
1030,239.120,63.290,239.12,63.29,1155.5,24083.0,0.0,0.0
1031,239.120,63.290,239.12,63.29,1155.5,24047.0,0.0,0.0
1032,239.120,63.290,239.12,63.29,1155.5,24831.0,1376.0,1376.0
1033,239.120,63.290,239.12,63.29,1155.5,24616.0,310.0,310.0
1034,239.120,63.290,239.12,63.29,1155.5,24624.0,199.0,199.0
1035,239.120,63.290,239.12,63.29,1155.5,23033.0,0.0,0.0
1036,239.120,63.290,239.12,63.29,1155.5,21679.0,0.0,0.0
1037,239.120,63.290,239.12,63.29,1155.5,23052.0,0.0,0.0
1038,239.120,63.290,239.12,63.29,1155.5,23720.0,69.0,69.0
1039,239.120,63.290,239.12,63.29,1155.5,24838.0,339.0,339.0
1040,239.120,63.290,239.12,63.29,1155.5,23437.0,8.0,8.0
1041,239.120,63.290,239.12,63.29,1155.5,23972.0,43.0,43.0
1042,239.120,63.290,239.12,63.29,1155.5,23543.0,0.0,0.0
1043,239.120,63.290,239.12,63.29,1155.5,23108.0,0.0,0.0
1044,239.120,63.290,239.12,63.29,1155.5,23907.0,0.0,0.0
1045,239.120,63.290,239.12,63.29,1155.5,23069.0,0.0,0.0
1046,239.120,63.290,239.12,63.29,1155.5,23437.0,0.0,0.0
1047,239.120,63.290,239.12,63.29,1155.5,24412.0,0.0,0.0
1048,239.120,63.290,239.12,63.29,1155.5,22890.0,0.0,0.0
1049,239.120,63.290,239.12,63.29,1155.5,23698.0,16.0,16.0
1050,239.120,63.290,239.12,63.29,1155.5,22070.0,0.0,0.0
1051,239.120,63.290,239.12,63.29,1155.5,22809.0,0.0,0.0
1052,239.120,63.290,239.12,63.29,1155.5,22442.0,0.0,0.0
1053,239.120,63.290,239.12,63.29,1155.5,23471.0,0.0,0.0
1054,239.120,63.290,239.12,63.29,1155.5,23019.0,0.0,0.0
1055,239.120,63.290,239.12,63.29,1155.5,23603.0,563.0,563.0
1056,239.120,63.290,239.12,63.29,1155.5,23860.0,0.0,0.0
1057,239.120,63.290,239.12,63.29,1155.5,21790.0,0.0,0.0
1058,239.120,63.290,239.12,63.29,1155.5,25189.0,697.0,697.0
1059,239.120,63.290,239.12,63.29,1155.5,24542.0,0.0,0.0
1060,239.120,63.290,239.12,63.29,1155.5,23113.0,0.0,0.0
1061,239.120,63.290,239.12,63.29,1155.5,24200.0,778.0,778.0
1062,239.120,63.290,239.12,63.29,1155.5,25163.0,1173.0,1173.0
1063,239.120,63.290,239.12,63.29,1155.5,24177.0,213.0,213.0
1064,239.120,63.290,239.12,63.29,1155.5,24381.0,196.0,196.0
1065,239.120,63.290,239.12,63.29,1155.5,23356.0,0.0,0.0
1066,239.120,63.290,239.12,63.29,1155.5,22206.0,0.0,0.0
1067,239.120,63.290,239.12,63.29,1155.5,23053.0,0.0,0.0
1068,239.120,63.290,239.12,63.29,1155.5,23345.0,0.0,0.0
1069,239.120,63.290,239.12,63.29,1155.5,23677.0,0.0,0.0
1070,239.120,63.290,239.12,63.29,1155.5,25305.0,396.0,396.0
1071,239.120,63.290,239.12,63.29,1155.5,24512.0,312.0,312.0
1072,239.120,63.290,239.12,63.29,1155.5,22887.0,0.0,0.0
1073,239.120,63.290,239.12,63.29,1155.5,23543.0,0.0,0.0
1074,239.120,63.290,239.12,63.29,1155.5,24568.0,676.0,676.0
1075,239.120,63.290,239.12,63.29,1155.5,23839.0,197.0,197.0
1076,239.120,63.290,239.12,63.29,1155.5,24837.0,1255.0,1255.0
1077,239.120,63.290,239.12,63.29,1155.5,22808.0,0.0,0.0
1078,239.120,63.290,239.12,63.29,1155.5,22651.0,0.0,0.0
1079,239.120,63.290,239.12,63.29,1155.5,24745.0,725.0,725.0
1080,239.120,63.290,239.12,63.29,1155.5,22890.0,0.0,0.0
1081,239.120,63.290,239.12,63.29,1155.5,24097.0,209.0,209.0
1082,239.120,63.290,239.12,63.29,1155.5,24544.0,433.0,433.0
1083,239.120,63.290,239.12,63.29,1155.5,23539.0,0.0,0.0
1084,239.120,63.290,239.12,63.29,1155.5,24945.0,622.0,622.0
1085,239.120,63.290,239.12,63.29,1155.5,23521.0,391.0,391.0
1086,239.120,63.290,239.12,63.29,1155.5,23131.0,453.0,453.0
1087,239.120,63.290,239.12,63.29,1155.5,24014.0,200.0,200.0
1088,239.120,63.290,239.12,63.29,1155.5,23263.0,318.0,318.0
1089,239.120,63.290,239.12,63.29,1155.5,24032.0,0.0,0.0
1090,239.120,63.290,239.12,63.29,1155.5,24757.0,785.0,785.0
1091,239.120,63.290,239.12,63.29,1155.5,24711.0,241.0,241.0
1092,239.120,63.290,239.12,63.29,1155.5,23440.0,0.0,0.0
1093,239.120,63.290,239.12,63.29,1155.5,23386.0,0.0,0.0
1094,239.120,63.290,239.12,63.29,1155.5,23384.0,0.0,0.0
1095,239.120,63.290,239.12,63.29,1155.5,24084.0,835.0,835.0
1096,239.120,63.290,239.12,63.29,1155.5,23487.0,0.0,0.0
1097,239.120,63.290,239.12,63.29,1155.5,24946.0,1099.0,1099.0
1098,239.120,63.290,239.12,63.29,1155.5,25396.0,328.0,328.0
1099,239.120,63.290,239.12,63.29,1155.5,25693.0,853.0,853.0
1100,239.120,63.290,239.12,63.29,1155.5,22661.0,0.0,0.0
1101,239.120,63.290,239.12,63.29,1155.5,24474.0,0.0,0.0
1102,239.120,63.290,239.12,63.29,1155.5,23322.0,0.0,0.0
1103,239.120,63.290,239.12,63.29,1155.5,23008.0,0.0,0.0
1104,239.120,63.290,239.12,63.29,1155.5,25017.0,624.0,624.0
1105,239.120,63.290,239.12,63.29,1155.5,23697.0,339.0,339.0
1106,239.120,63.290,239.12,63.29,1155.5,25861.0,929.0,929.0
1107,239.120,63.290,239.12,63.29,1155.5,24050.0,0.0,0.0
1108,239.120,63.290,239.12,63.29,1155.5,22531.0,0.0,0.0
1109,239.120,63.290,239.12,63.29,1155.5,23069.0,0.0,0.0
1110,239.120,63.290,239.12,63.29,1155.5,23800.0,0.0,0.0
1111,239.120,63.290,239.12,63.29,1155.5,24210.0,365.0,365.0
1112,239.120,63.290,239.12,63.29,1155.5,22585.0,0.0,0.0
1113,239.120,63.290,239.12,63.29,1155.5,24037.0,9.0,9.0
1114,239.120,63.290,239.12,63.29,1155.5,22473.0,0.0,0.0
1115,239.120,63.290,239.12,63.29,1155.5,23212.0,0.0,0.0
1116,239.120,63.290,239.12,63.29,1155.5,24191.0,430.0,430.0
1117,239.120,63.290,239.12,63.29,1155.5,23388.0,0.0,0.0
1118,239.120,63.290,239.12,63.29,1155.5,23518.0,0.0,0.0
1119,239.120,63.290,239.12,63.29,1155.5,24331.0,0.0,0.0
1120,239.120,63.290,239.12,63.29,1155.5,22001.0,0.0,0.0
1121,239.120,63.290,239.12,63.29,1155.5,24554.0,0.0,0.0
1122,239.120,63.290,239.12,63.29,1155.5,24390.0,0.0,0.0
1123,239.120,63.290,239.12,63.29,1155.5,23780.0,0.0,0.0
1124,239.120,63.290,239.12,63.29,1155.5,24500.0,559.0,559.0
1125,239.120,63.290,239.12,63.29,1155.5,24351.0,719.0,719.0
1126,239.120,63.290,239.12,63.29,1155.5,23138.0,0.0,0.0
1127,239.120,63.290,239.12,63.29,1155.5,25200.0,634.0,634.0
1128,239.120,63.290,239.12,63.29,1155.5,23316.0,0.0,0.0
1129,239.120,63.290,239.12,63.29,1155.5,23524.0,71.0,71.0
1130,239.120,63.290,239.12,63.29,1155.5,24342.0,448.0,448.0
1131,239.120,63.290,239.12,63.29,1155.5,23976.0,0.0,0.0
1132,239.120,63.290,239.12,63.29,1155.5,25227.0,959.0,959.0
1133,239.120,63.290,239.12,63.29,1155.5,24983.0,476.0,476.0
1134,239.120,63.290,239.12,63.29,1155.5,22957.0,0.0,0.0
1135,239.120,63.290,239.12,63.29,1155.5,23875.0,0.0,0.0
1136,239.120,63.290,239.12,63.29,1155.5,26082.0,406.0,406.0
1137,239.120,63.290,239.12,63.29,1155.5,26569.0,2368.0,2368.0
1138,239.120,63.290,239.12,63.29,1155.5,24490.0,401.0,401.0
1139,239.120,63.290,239.12,63.29,1155.5,25158.0,405.0,405.0
1140,239.120,63.290,239.12,63.29,1155.5,23682.0,608.0,608.0
1141,239.120,63.290,239.12,63.29,1155.5,25445.0,1435.0,1435.0
1142,239.120,63.290,239.12,63.29,1155.5,24156.0,1068.0,1068.0
1143,239.120,63.290,239.12,63.29,1155.5,24908.0,293.0,293.0
1144,239.120,63.290,239.12,63.29,1155.5,25172.0,1054.0,1054.0
1145,239.120,63.290,239.12,63.29,1155.5,23601.0,0.0,0.0
1146,239.120,63.290,239.12,63.29,1155.5,24691.0,49.0,49.0
1147,239.120,63.290,239.12,63.29,1155.5,21572.0,0.0,0.0
1148,239.120,63.290,239.12,63.29,1155.5,25209.0,1132.0,1132.0
1149,239.120,63.290,239.12,63.29,1155.5,25547.0,1589.0,1589.0
1150,239.120,63.290,239.12,63.29,1155.5,23049.0,0.0,0.0
1151,239.120,63.290,239.12,63.29,1155.5,23727.0,0.0,0.0
1152,239.120,63.290,239.12,63.29,1155.5,25085.0,1297.0,1297.0
1153,239.120,63.290,239.12,63.29,1155.5,24286.0,456.0,456.0
1154,239.120,63.290,239.12,63.29,1155.5,25031.0,1061.0,1061.0
1155,239.120,63.290,239.12,63.29,1155.5,23984.0,0.0,0.0
1156,239.120,63.290,239.12,63.29,1155.5,25204.0,1332.0,1332.0
1157,239.120,63.290,239.12,63.29,1155.5,25060.0,933.0,933.0
1158,239.120,63.290,239.12,63.29,1155.5,23370.0,0.0,0.0
1159,239.120,63.290,239.12,63.29,1155.5,23392.0,0.0,0.0
1160,239.120,63.290,239.12,63.29,1155.5,25869.0,888.0,888.0
1161,239.120,63.290,239.12,63.29,1155.5,23008.0,96.0,96.0
1162,239.120,63.290,239.12,63.29,1155.5,24480.0,0.0,0.0
1163,239.120,63.290,239.12,63.29,1155.5,23600.0,199.0,199.0
1164,239.120,63.290,239.12,63.29,1155.5,24389.0,426.0,426.0
1165,239.120,63.290,239.12,63.29,1155.5,23410.0,0.0,0.0
1166,239.120,63.290,239.12,63.29,1155.5,23345.0,35.0,35.0
1167,239.120,63.290,239.12,63.29,1155.5,25992.0,1600.0,1600.0
1168,239.120,63.290,239.12,63.29,1155.5,25401.0,686.0,686.0
1169,239.120,63.290,239.12,63.29,1155.5,23105.0,0.0,0.0
1170,239.120,63.290,239.12,63.29,1155.5,23707.0,0.0,0.0
1171,239.120,63.290,239.12,63.29,1155.5,24181.0,78.0,78.0
1172,239.120,63.290,239.12,63.29,1155.5,24823.0,869.0,869.0
1173,239.120,63.290,239.12,63.29,1155.5,24933.0,523.0,523.0
1174,239.120,63.290,239.12,63.29,1155.5,26481.0,2442.0,2442.0
1175,239.120,63.290,239.12,63.29,1155.5,24368.0,1122.0,1122.0
1176,239.120,63.290,239.12,63.29,1155.5,25636.0,1304.0,1304.0
1177,239.120,63.290,239.12,63.29,1155.5,23185.0,0.0,0.0
1178,239.120,63.290,239.12,63.29,1155.5,23132.0,0.0,0.0
1179,239.120,63.290,239.12,63.29,1155.5,23606.0,0.0,0.0
1180,239.120,63.290,239.12,63.29,1155.5,24943.0,876.0,876.0
1181,239.120,63.290,239.12,63.29,1155.5,24256.0,301.0,301.0
1182,239.120,63.290,239.12,63.29,1155.5,24226.0,372.0,372.0
1183,239.120,63.290,239.12,63.29,1155.5,23002.0,0.0,0.0
1184,239.120,63.290,239.12,63.29,1155.5,24713.0,977.0,977.0
1185,239.120,63.290,239.12,63.29,1155.5,22460.0,0.0,0.0
1186,239.120,63.290,239.12,63.29,1155.5,23635.0,811.0,811.0
1187,239.120,63.290,239.12,63.29,1155.5,23900.0,332.0,332.0
1188,239.120,63.290,239.12,63.29,1155.5,25435.0,1054.0,1054.0
