id,avg_x,avg_y,x,y,bg,Square_intensity,circular_intensity,Gaussian_intensity
205,170.950,131.800,170.92,132.07,1183.29,25711.0,0.0,0.0
206,170.950,131.800,170.92,132.07,1183.29,25851.0,0.0,0.0
207,170.950,131.800,170.92,132.07,1183.29,25174.0,0.0,0.0
208,170.950,131.800,170.92,132.07,1183.29,25382.0,0.0,0.0
209,170.950,131.800,170.92,132.07,1183.29,25409.0,0.0,0.0
210,170.950,131.800,170.92,132.07,1183.29,25088.0,0.0,0.0
211,170.950,131.800,170.92,132.07,1183.29,26231.0,213.0,213.0
212,170.950,131.800,170.92,132.07,1183.29,26197.0,123.0,123.0
213,170.950,131.800,170.92,132.07,1183.29,25738.0,0.0,0.0
214,170.950,131.800,170.92,132.07,1183.29,26765.0,0.0,0.0
215,170.950,131.800,170.92,132.07,1183.29,26979.0,348.0,348.0
216,170.950,131.800,170.92,132.07,1183.29,25345.0,0.0,0.0
217,170.950,131.800,170.92,132.07,1183.29,25742.0,0.0,0.0
218,170.950,131.800,170.92,132.07,1183.29,26432.0,176.0,176.0
219,170.950,131.800,170.92,132.07,1183.29,28817.0,1274.0,1274.0
220,170.950,131.800,170.92,132.07,1183.29,26572.0,0.0,0.0
221,170.950,131.800,170.92,132.07,1183.29,27084.0,0.0,0.0
222,170.950,131.800,170.92,132.07,1183.29,26045.0,0.0,0.0
223,170.950,131.800,170.92,132.07,1183.29,27426.0,823.0,823.0
224,170.950,131.800,170.92,132.07,1183.29,27079.0,594.0,594.0
225,170.950,131.800,170.92,132.07,1183.29,26977.0,176.0,176.0
226,170.950,131.800,170.92,132.07,1183.29,24413.0,0.0,0.0
227,170.950,131.800,170.92,132.07,1183.29,25936.0,0.0,0.0
228,170.950,131.800,170.92,132.07,1183.29,26822.0,368.0,368.0
229,170.950,131.800,170.92,132.07,1183.29,24106.0,0.0,0.0
230,170.950,131.800,170.92,132.07,1183.29,24572.0,0.0,0.0
231,170.950,131.800,170.92,132.07,1183.29,27190.0,186.0,186.0
232,170.950,131.800,170.92,132.07,1183.29,24838.0,0.0,0.0
233,170.950,131.800,170.92,132.07,1183.29,25595.0,0.0,0.0
234,170.950,131.800,170.92,132.07,1183.29,26383.0,384.0,384.0
235,170.950,131.800,170.92,132.07,1183.29,24592.0,0.0,0.0
236,170.950,131.800,170.92,132.07,1183.29,25413.0,0.0,0.0
237,170.950,131.800,170.92,132.07,1183.29,25255.0,0.0,0.0
238,170.950,131.800,170.92,132.07,1183.29,24869.0,0.0,0.0
239,170.950,131.800,170.92,132.07,1183.29,26596.0,1117.0,1117.0
240,170.950,131.800,170.92,132.07,1183.29,25357.0,0.0,0.0
241,170.950,131.800,170.92,132.07,1183.29,28420.0,1238.0,1238.0
242,170.950,131.800,170.92,132.07,1183.29,26339.0,412.0,412.0
243,170.950,131.800,170.92,132.07,1183.29,28497.0,1219.0,1219.0
244,170.950,131.800,170.92,132.07,1183.29,24133.0,0.0,0.0
245,170.950,131.800,170.92,132.07,1183.29,25720.0,0.0,0.0
246,170.950,131.800,170.92,132.07,1183.29,26696.0,799.0,799.0
247,170.950,131.800,170.92,132.07,1183.29,24678.0,0.0,0.0
248,170.950,131.800,170.92,132.07,1183.29,26968.0,0.0,0.0
249,170.950,131.800,170.92,132.07,1183.29,25603.0,0.0,0.0
250,170.950,131.800,170.92,132.07,1183.29,26011.0,368.0,368.0
251,170.950,131.800,170.92,132.07,1183.29,26324.0,217.0,217.0
252,170.950,131.800,170.92,132.07,1183.29,26117.0,354.0,354.0
253,170.950,131.800,170.92,132.07,1183.29,24909.0,0.0,0.0
254,170.950,131.800,170.92,132.07,1183.29,25325.0,0.0,0.0
255,170.950,131.800,170.92,132.07,1183.29,26777.0,708.0,708.0
256,170.950,131.800,170.92,132.07,1183.29,25586.0,188.0,188.0
257,170.950,131.800,170.92,132.07,1183.29,26026.0,0.0,0.0
258,170.950,131.800,170.92,132.07,1183.29,26198.0,0.0,0.0
259,170.950,131.800,170.92,132.07,1183.29,24166.0,0.0,0.0
260,170.950,131.800,170.92,132.07,1183.29,26305.0,0.0,0.0
261,170.950,131.800,170.92,132.07,1183.29,25392.0,0.0,0.0
262,170.950,131.800,170.92,132.07,1183.29,26143.0,111.0,111.0
263,170.950,131.800,170.92,132.07,1183.29,26181.0,0.0,0.0
264,170.950,131.800,170.92,132.07,1183.29,26290.0,0.0,0.0
265,170.950,131.800,170.92,132.07,1183.29,24070.0,0.0,0.0
266,170.950,131.800,170.92,132.07,1183.29,23538.0,0.0,0.0
267,170.950,131.800,170.92,132.07,1183.29,24940.0,0.0,0.0
268,170.950,131.800,170.92,132.07,1183.29,24149.0,0.0,0.0
269,170.950,131.800,170.92,132.07,1183.29,24017.0,0.0,0.0
270,170.950,131.800,170.92,132.07,1183.29,25891.0,0.0,0.0
271,170.950,131.800,170.92,132.07,1183.29,23022.0,0.0,0.0
272,170.950,131.800,170.92,132.07,1183.29,26299.0,333.0,333.0
273,170.950,131.800,170.92,132.07,1183.29,26161.0,0.0,0.0
274,170.950,131.800,170.92,132.07,1183.29,25288.0,0.0,0.0
275,170.950,131.800,170.92,132.07,1183.29,25268.0,0.0,0.0
276,170.950,131.800,170.92,132.07,1183.29,26317.0,759.0,759.0
277,170.950,131.800,170.92,132.07,1183.29,27228.0,1023.0,1023.0
278,170.950,131.800,170.92,132.07,1183.29,26364.0,253.0,253.0
279,170.950,131.800,170.92,132.07,1183.29,25186.0,0.0,0.0
280,170.950,131.800,170.92,132.07,1183.29,24579.0,0.0,0.0
281,170.950,131.800,170.92,132.07,1183.29,25989.0,0.0,0.0
282,170.950,131.800,170.92,132.07,1183.29,25113.0,0.0,0.0
283,170.950,131.800,170.92,132.07,1183.29,23689.0,0.0,0.0
284,170.950,131.800,170.92,132.07,1183.29,26456.0,75.0,75.0
285,170.950,131.800,170.92,132.07,1183.29,26731.0,877.0,877.0
286,170.950,131.800,170.92,132.07,1183.29,25029.0,0.0,0.0
287,170.950,131.800,170.92,132.07,1183.29,25376.0,0.0,0.0
288,170.950,131.800,170.92,132.07,1183.29,25040.0,0.0,0.0
289,170.950,131.800,170.92,132.07,1183.29,24250.0,0.0,0.0
290,170.950,131.800,170.92,132.07,1183.29,26560.0,382.0,382.0
291,170.950,131.800,170.92,132.07,1183.29,25513.0,120.0,120.0
292,170.950,131.800,170.92,132.07,1183.29,24982.0,0.0,0.0
293,170.950,131.800,170.92,132.07,1183.29,26281.0,0.0,0.0
294,170.950,131.800,170.92,132.07,1183.29,27123.0,1025.0,1025.0
295,170.950,131.800,170.92,132.07,1183.29,25301.0,122.0,122.0
296,170.950,131.800,170.92,132.07,1183.29,25513.0,436.0,436.0
297,170.950,131.800,170.92,132.07,1183.29,25630.0,0.0,0.0
298,170.950,131.800,170.92,132.07,1183.29,24087.0,0.0,0.0
299,170.950,131.800,170.92,132.07,1183.29,26599.0,1149.0,1149.0
300,170.950,131.800,170.92,132.07,1183.29,24414.0,0.0,0.0
301,170.950,131.800,170.92,132.07,1183.29,26158.0,479.0,479.0
302,170.950,131.800,170.92,132.07,1183.29,24772.0,0.0,0.0
303,170.950,131.800,170.92,132.07,1183.29,25573.0,0.0,0.0
304,170.950,131.800,170.92,132.07,1183.29,24797.0,124.0,124.0
305,170.950,131.800,170.92,132.07,1183.29,27444.0,1156.0,1156.0
306,170.950,131.800,170.92,132.07,1183.29,24798.0,0.0,0.0
307,170.950,131.800,170.92,132.07,1183.29,25096.0,0.0,0.0
308,170.950,131.800,170.92,132.07,1183.29,26906.0,0.0,0.0
309,170.950,131.800,170.92,132.07,1183.29,26170.0,351.0,351.0
310,170.950,131.800,170.92,132.07,1183.29,27053.0,391.0,391.0
311,170.950,131.800,170.92,132.07,1183.29,26818.0,124.0,124.0
312,170.950,131.800,170.92,132.07,1183.29,26277.0,0.0,0.0
313,170.950,131.800,170.92,132.07,1183.29,28535.0,2271.0,2271.0
314,170.950,131.800,170.92,132.07,1183.29,26608.0,725.0,725.0
315,170.950,131.800,170.92,132.07,1183.29,27126.0,1031.0,1031.0
316,170.950,131.800,170.92,132.07,1183.29,25835.0,0.0,0.0
317,170.950,131.800,170.92,132.07,1183.29,25592.0,222.0,222.0
318,170.950,131.800,170.92,132.07,1183.29,24501.0,0.0,0.0
319,170.950,131.800,170.92,132.07,1183.29,25127.0,0.0,0.0
320,170.950,131.800,170.92,132.07,1183.29,27205.0,1000.0,1000.0
321,170.950,131.800,170.92,132.07,1183.29,25800.0,0.0,0.0
322,170.950,131.800,170.92,132.07,1183.29,23156.0,0.0,0.0
323,170.950,131.800,170.92,132.07,1183.29,24872.0,0.0,0.0
324,170.950,131.800,170.92,132.07,1183.29,27059.0,37.0,37.0
325,170.950,131.800,170.92,132.07,1183.29,24737.0,0.0,0.0
326,170.950,131.800,170.92,132.07,1183.29,24693.0,0.0,0.0
327,170.950,131.800,170.92,132.07,1183.29,24630.0,0.0,0.0
328,170.950,131.800,170.92,132.07,1183.29,23414.0,0.0,0.0
329,170.950,131.800,170.92,132.07,1183.29,23638.0,0.0,0.0
330,170.950,131.800,170.92,132.07,1183.29,23010.0,0.0,0.0
331,170.950,131.800,170.92,132.07,1183.29,24615.0,0.0,0.0
332,170.950,131.800,170.92,132.07,1183.29,23671.0,0.0,0.0
333,170.950,131.800,170.92,132.07,1183.29,26807.0,45.0,45.0
334,170.950,131.800,170.92,132.07,1183.29,24460.0,0.0,0.0
335,170.950,131.800,170.92,132.07,1183.29,24708.0,0.0,0.0
336,170.950,131.800,170.92,132.07,1183.29,24535.0,0.0,0.0
337,170.950,131.800,170.92,132.07,1183.29,23628.0,0.0,0.0
338,170.950,131.800,170.92,132.07,1183.29,25671.0,0.0,0.0
339,170.950,131.800,170.92,132.07,1183.29,25930.0,227.0,227.0
340,170.950,131.800,170.92,132.07,1183.29,24286.0,0.0,0.0
341,170.950,131.800,170.92,132.07,1183.29,26739.0,553.0,553.0
342,170.950,131.800,170.92,132.07,1183.29,26278.0,434.0,434.0
343,170.950,131.800,170.92,132.07,1183.29,24320.0,0.0,0.0
344,170.950,131.800,170.92,132.07,1183.29,22741.0,0.0,0.0
345,170.950,131.800,170.92,132.07,1183.29,24521.0,0.0,0.0
346,170.950,131.800,170.92,132.07,1183.29,25384.0,720.0,720.0
347,170.950,131.800,170.92,132.07,1183.29,26748.0,306.0,306.0
348,170.950,131.800,170.92,132.07,1183.29,25933.0,0.0,0.0
349,170.950,131.800,170.92,132.07,1183.29,23934.0,0.0,0.0
350,170.950,131.800,170.92,132.07,1183.29,25406.0,0.0,0.0
351,170.950,131.800,170.92,132.07,1183.29,26322.0,0.0,0.0
352,170.950,131.800,170.92,132.07,1183.29,22929.0,0.0,0.0
353,170.950,131.800,170.92,132.07,1183.29,24766.0,0.0,0.0
354,170.950,131.800,170.92,132.07,1183.29,26749.0,810.0,810.0
355,170.950,131.800,170.92,132.07,1183.29,23508.0,0.0,0.0
356,170.950,131.800,170.92,132.07,1183.29,26274.0,457.0,457.0
357,170.950,131.800,170.92,132.07,1183.29,24280.0,0.0,0.0
358,170.950,131.800,170.92,132.07,1183.29,25314.0,0.0,0.0
359,170.950,131.800,170.92,132.07,1183.29,24801.0,0.0,0.0
360,170.950,131.800,170.92,132.07,1183.29,25893.0,0.0,0.0
361,170.950,131.800,170.92,132.07,1183.29,24456.0,0.0,0.0
362,170.950,131.800,170.92,132.07,1183.29,24691.0,0.0,0.0
363,170.950,131.800,170.92,132.07,1183.29,24102.0,0.0,0.0
364,170.950,131.800,170.92,132.07,1183.29,25561.0,109.0,109.0
365,170.950,131.800,170.92,132.07,1183.29,25706.0,0.0,0.0
366,170.950,131.800,170.92,132.07,1183.29,26655.0,1374.0,1374.0
367,170.950,131.800,170.92,132.07,1183.29,27803.0,1782.0,1782.0
368,170.950,131.800,170.92,132.07,1183.29,26263.0,527.0,527.0
369,170.950,131.800,170.92,132.07,1183.29,25083.0,0.0,0.0
370,170.950,131.800,170.92,132.07,1183.29,25887.0,23.0,23.0
371,170.950,131.800,170.92,132.07,1183.29,26193.0,0.0,0.0
372,170.950,131.800,170.92,132.07,1183.29,26014.0,599.0,599.0
373,170.950,131.800,170.92,132.07,1183.29,24880.0,0.0,0.0
374,170.950,131.800,170.92,132.07,1183.29,26803.0,895.0,895.0
375,170.950,131.800,170.92,132.07,1183.29,27101.0,1158.0,1158.0
376,170.950,131.800,170.92,132.07,1183.29,24716.0,0.0,0.0
377,170.950,131.800,170.92,132.07,1183.29,26234.0,0.0,0.0
378,170.950,131.800,170.92,132.07,1183.29,27401.0,1061.0,1061.0
379,170.950,131.800,170.92,132.07,1183.29,24758.0,0.0,0.0
380,170.950,131.800,170.92,132.07,1183.29,25151.0,0.0,0.0
381,170.950,131.800,170.92,132.07,1183.29,24684.0,0.0,0.0
382,170.950,131.800,170.92,132.07,1183.29,25188.0,0.0,0.0
383,170.950,131.800,170.92,132.07,1183.29,24131.0,0.0,0.0
384,170.950,131.800,170.92,132.07,1183.29,24055.0,0.0,0.0
385,170.950,131.800,170.92,132.07,1183.29,26368.0,144.0,144.0
386,170.950,131.800,170.92,132.07,1183.29,24308.0,0.0,0.0
387,170.950,131.800,170.92,132.07,1183.29,25913.0,649.0,649.0
388,170.950,131.800,170.92,132.07,1183.29,25501.0,0.0,0.0
389,170.950,131.800,170.92,132.07,1183.29,25735.0,664.0,664.0
390,170.950,131.800,170.92,132.07,1183.29,27119.0,686.0,686.0
391,170.950,131.800,170.92,132.07,1183.29,24338.0,0.0,0.0
392,170.950,131.800,170.92,132.07,1183.29,26114.0,0.0,0.0
393,170.950,131.800,170.92,132.07,1183.29,24431.0,0.0,0.0
394,170.950,131.800,170.92,132.07,1183.29,28070.0,966.0,966.0
395,170.950,131.800,170.92,132.07,1183.29,24094.0,0.0,0.0
396,170.950,131.800,170.92,132.07,1183.29,26312.0,437.0,437.0
397,170.950,131.800,170.92,132.07,1183.29,25753.0,0.0,0.0
398,170.950,131.800,170.92,132.07,1183.29,25346.0,0.0,0.0
399,170.950,131.800,170.92,132.07,1183.29,23099.0,0.0,0.0
400,170.950,131.800,170.92,132.07,1183.29,26642.0,373.0,373.0
401,170.950,131.800,170.92,132.07,1183.29,24801.0,0.0,0.0
402,170.950,131.800,170.92,132.07,1183.29,24938.0,0.0,0.0
403,170.950,131.800,170.92,132.07,1183.29,24105.0,0.0,0.0
404,170.950,131.800,170.92,132.07,1183.29,26185.0,0.0,0.0
405,170.950,131.800,170.92,132.07,1183.29,24859.0,0.0,0.0
406,170.950,131.800,170.92,132.07,1183.29,24187.0,0.0,0.0
407,170.950,131.800,170.92,132.07,1183.29,25475.0,0.0,0.0
408,170.950,131.800,170.92,132.07,1183.29,24406.0,0.0,0.0
409,170.950,131.800,170.92,132.07,1183.29,24228.0,0.0,0.0
410,170.950,131.800,170.92,132.07,1183.29,25782.0,0.0,0.0
411,170.950,131.800,170.92,132.07,1183.29,25654.0,0.0,0.0
412,170.950,131.800,170.92,132.07,1183.29,26635.0,271.0,271.0
413,170.950,131.800,170.92,132.07,1183.29,27036.0,1292.0,1292.0
414,170.950,131.800,170.92,132.07,1183.29,24365.0,0.0,0.0
415,170.950,131.800,170.92,132.07,1183.29,25456.0,0.0,0.0
416,170.950,131.800,170.92,132.07,1183.29,24955.0,0.0,0.0
417,170.950,131.800,170.92,132.07,1183.29,25324.0,0.0,0.0
418,170.950,131.800,170.92,132.07,1183.29,25764.0,385.0,385.0
419,170.950,131.800,170.92,132.07,1183.29,25787.0,860.0,860.0
420,170.950,131.800,170.92,132.07,1183.29,24722.0,0.0,0.0
421,170.950,131.800,170.92,132.07,1183.29,26095.0,194.0,194.0
422,170.950,131.800,170.92,132.07,1183.29,24521.0,0.0,0.0
423,170.950,131.800,170.92,132.07,1183.29,25245.0,240.0,240.0
424,170.950,131.800,170.92,132.07,1183.29,25989.0,380.0,380.0
425,170.950,131.800,170.92,132.07,1183.29,25477.0,221.0,221.0
426,170.950,131.800,170.92,132.07,1183.29,25079.0,0.0,0.0
427,170.950,131.800,170.92,132.07,1183.29,25093.0,0.0,0.0
428,170.950,131.800,170.92,132.07,1183.29,24426.0,0.0,0.0
429,170.950,131.800,170.92,132.07,1183.29,25339.0,340.0,340.0
430,170.950,131.800,170.92,132.07,1183.29,24202.0,0.0,0.0
431,170.950,131.800,170.92,132.07,1183.29,28009.0,2527.0,2527.0
432,170.950,131.800,170.92,132.07,1183.29,24450.0,0.0,0.0
433,170.950,131.800,170.92,132.07,1183.29,25095.0,0.0,0.0
434,170.950,131.800,170.92,132.07,1183.29,23576.0,0.0,0.0
435,170.950,131.800,170.92,132.07,1183.29,25610.0,0.0,0.0
436,170.950,131.800,170.92,132.07,1183.29,26065.0,828.0,828.0
437,170.950,131.800,170.92,132.07,1183.29,22912.0,0.0,0.0
438,170.950,131.800,170.92,132.07,1183.29,26569.0,352.0,352.0
439,170.950,131.800,170.92,132.07,1183.29,25658.0,623.0,623.0
440,170.950,131.800,170.92,132.07,1183.29,24889.0,0.0,0.0
441,170.950,131.800,170.92,132.07,1183.29,25841.0,102.0,102.0
442,170.950,131.800,170.92,132.07,1183.29,24232.0,0.0,0.0
443,170.950,131.800,170.92,132.07,1183.29,24140.0,0.0,0.0
444,170.950,131.800,170.92,132.07,1183.29,24949.0,0.0,0.0
445,170.950,131.800,170.92,132.07,1183.29,23975.0,0.0,0.0
446,170.950,131.800,170.92,132.07,1183.29,26196.0,336.0,336.0
447,170.950,131.800,170.92,132.07,1183.29,24729.0,0.0,0.0
448,170.950,131.800,170.92,132.07,1183.29,25034.0,0.0,0.0
449,170.950,131.800,170.92,132.07,1183.29,24695.0,0.0,0.0
450,170.950,131.800,170.92,132.07,1183.29,24808.0,0.0,0.0
451,170.950,131.800,170.92,132.07,1183.29,24840.0,0.0,0.0
452,170.950,131.800,170.92,132.07,1183.29,23619.0,0.0,0.0
453,170.950,131.800,170.92,132.07,1183.29,25501.0,197.0,197.0
454,170.950,131.800,170.92,132.07,1183.29,24368.0,0.0,0.0
455,170.950,131.800,170.92,132.07,1183.29,49719.0,19655.0,19655.0
456,170.950,131.800,170.94,131.92,1183.29,44566.0,15737.0,15737.0
457,170.950,131.800,171,131.98,1183.29,49054.0,18983.0,18983.0
458,170.950,131.800,170.93,131.94,1183.29,42264.0,13081.0,13081.0
459,170.950,131.800,170.85,131.97,1183.29,49815.0,19946.0,19946.0
460,170.950,131.800,170.88,131.99,1183.29,51054.0,20896.0,20896.0
461,170.950,131.800,170.88,131.79,1183.29,51533.0,21812.0,21812.0
462,170.950,131.800,170.79,132.01,1183.29,58407.0,24918.0,24918.0
463,170.950,131.800,171.02,132.02,1183.29,53049.0,21432.0,21432.0
464,170.950,131.800,170.99,131.89,1183.29,47884.0,17542.0,17542.0
465,170.950,131.800,170.93,132.03,1183.29,45782.0,16224.0,16224.0
466,170.950,131.800,171.04,131.96,1183.29,45444.0,15906.0,15906.0
467,170.950,131.800,170.96,132,1183.29,47014.0,17235.0,17235.0
468,170.950,131.800,170.62,131.67,1183.29,64011.0,31199.0,31199.0
469,170.950,131.800,170.96,131.85,1183.29,46040.0,16869.0,16869.0
470,170.950,131.800,171.15,132.09,1183.29,45441.0,16176.0,16176.0
471,170.950,131.800,170.99,131.9,1183.29,45780.0,15985.0,15985.0
472,170.950,131.800,171.2,132.08,1183.29,45406.0,15965.0,15965.0
473,170.950,131.800,170.92,132.15,1183.29,50427.0,21062.0,21062.0
474,170.950,131.800,170.97,132.1,1183.29,53410.0,23505.0,23505.0
475,170.950,131.800,171,132,1183.29,48384.0,17804.0,17804.0
476,170.950,131.800,170.86,132.21,1183.29,43344.0,15351.0,15351.0
477,170.950,131.800,170.89,131.99,1183.29,47949.0,17963.0,17963.0
478,170.950,131.800,170.89,131.88,1183.29,47681.0,17848.0,17848.0
479,170.950,131.800,170.89,131.99,1183.29,47769.0,18236.0,18236.0
480,170.950,131.800,170.94,132.08,1183.29,61608.0,29309.0,29309.0
481,170.950,131.800,171,132.01,1183.29,63653.0,30857.0,30857.0
482,170.950,131.800,171,131.97,1183.29,45295.0,16512.0,16512.0
483,170.950,131.800,170.97,132.12,1183.29,56665.0,26703.0,26703.0
484,170.950,131.800,170.96,131.89,1183.29,53523.0,22678.0,22678.0
485,170.950,131.800,170.95,131.85,1183.29,50317.0,20728.0,20728.0
486,170.950,131.800,170.96,131.98,1183.29,61757.0,28784.0,28784.0
487,170.950,131.800,170.93,132,1183.29,48738.0,19913.0,19913.0
488,170.950,131.800,170.98,131.91,1183.29,50221.0,20267.0,20267.0
489,170.950,131.800,170.91,131.75,1183.29,46463.0,17329.0,17329.0
490,170.950,131.800,170.98,132.12,1183.29,47196.0,18568.0,18568.0
491,170.950,131.800,170.91,132.06,1183.29,47074.0,17776.0,17776.0
492,170.950,131.800,170.97,132.04,1183.29,46182.0,16360.0,16360.0
493,170.950,131.800,170.91,132.04,1183.29,44173.0,15563.0,15563.0
494,170.950,131.800,170.98,131.9,1183.29,53669.0,22525.0,22525.0
495,170.950,131.800,170.88,131.99,1183.29,54549.0,23395.0,23395.0
496,170.950,131.800,170.99,132.04,1183.29,54781.0,23895.0,23895.0
497,170.950,131.800,171.07,131.98,1183.29,50660.0,19512.0,19512.0
498,170.950,131.800,171.24,132,1183.29,51009.0,20221.0,20221.0
499,170.950,131.800,170.94,131.97,1183.29,45544.0,16189.0,16189.0
500,170.950,131.800,170.95,131.91,1183.29,57372.0,26734.0,26734.0
501,170.950,131.800,170.93,132.04,1183.29,53762.0,23788.0,23788.0
502,170.950,131.800,170.94,132.06,1183.29,63953.0,32296.0,32296.0
503,170.950,131.800,171.03,131.93,1183.29,58801.0,27367.0,27367.0
504,170.950,131.800,170.89,131.87,1183.29,61405.0,29221.0,29221.0
505,170.950,131.800,170.81,131.97,1183.29,62597.0,30812.0,30812.0
506,170.950,131.800,170.8,131.97,1183.29,58376.0,26882.0,26882.0
507,170.950,131.800,170.92,131.98,1183.29,65535.0,31326.0,31326.0
508,170.950,131.800,171.04,131.96,1183.29,62432.0,29277.0,29277.0
509,170.950,131.800,170.94,132,1183.29,61448.0,29999.0,29999.0
510,170.950,131.800,170.81,131.98,1183.29,60056.0,29734.0,29734.0
511,170.950,131.800,170.9,132.02,1183.29,52216.0,21172.0,21172.0
512,170.950,131.800,170.92,132.07,1183.29,34589.0,6950.0,6950.0
513,170.950,131.800,171.19,132,1183.29,49549.0,20296.0,20296.0
514,170.950,131.800,170.9,131.87,1183.29,60034.0,29408.0,29408.0
515,170.950,131.800,170.55,131.98,1183.29,51666.0,20489.0,20489.0
516,170.950,131.800,171.02,132.06,1183.29,58196.0,25585.0,25585.0
517,170.950,131.800,170.94,131.93,1183.29,59424.0,27507.0,27507.0
518,170.950,131.800,170.78,131.86,1183.29,45470.0,17045.0,17045.0
519,170.950,131.800,171.11,132,1183.29,52614.0,22307.0,22307.0
520,170.950,131.800,170.92,131.97,1183.29,55356.0,24176.0,24176.0
521,170.950,131.800,171.06,131.93,1183.29,55142.0,23576.0,23576.0
522,170.950,131.800,170.98,131.89,1183.29,59341.0,28167.0,28167.0
523,170.950,131.800,170.97,131.98,1183.29,52613.0,22880.0,22880.0
524,170.950,131.800,170.99,132.09,1183.29,52546.0,21682.0,21682.0
525,170.950,131.800,170.91,131.88,1183.29,60712.0,28524.0,28524.0
526,170.950,131.800,170.88,132.03,1183.29,62125.0,29631.0,29631.0
527,170.950,131.800,171.07,131.98,1183.29,54157.0,22896.0,22896.0
528,170.950,131.800,170.91,132.01,1183.29,55688.0,24585.0,24585.0
529,170.950,131.800,170.86,131.83,1183.29,54463.0,25181.0,25181.0
530,170.950,131.800,170.89,131.89,1183.29,47551.0,17351.0,17351.0
531,170.950,131.800,171.05,132.08,1183.29,45018.0,16640.0,16640.0
532,170.950,131.800,170.92,131.97,1183.29,52746.0,22134.0,22134.0
533,170.950,131.800,171.01,132.04,1183.29,51177.0,21215.0,21215.0
534,170.950,131.800,170.96,132.03,1183.29,49311.0,18413.0,18413.0
535,170.950,131.800,170.84,132.01,1183.29,47596.0,18023.0,18023.0
536,170.950,131.800,171.06,131.98,1183.29,51374.0,20796.0,20796.0
537,170.950,131.800,171.06,131.96,1183.29,58015.0,26127.0,26127.0
538,170.950,131.800,170.93,131.86,1183.29,55813.0,24978.0,24978.0
539,170.950,131.800,171.04,131.92,1183.29,53346.0,22535.0,22535.0
540,170.950,131.800,170.93,131.96,1183.29,51098.0,20604.0,20604.0
541,170.950,131.800,170.91,131.95,1183.29,56187.0,24760.0,24760.0
542,170.950,131.800,170.95,132.04,1183.29,62391.0,29730.0,29730.0
543,170.950,131.800,170.91,132,1183.29,53921.0,22692.0,22692.0
544,170.950,131.800,171.02,132.03,1183.29,48136.0,18031.0,18031.0
545,170.950,131.800,171.01,132.06,1183.29,52506.0,22029.0,22029.0
546,170.950,131.800,171.14,131.95,1183.29,51942.0,22415.0,22415.0
547,170.950,131.800,170.94,131.77,1183.29,52808.0,22394.0,22394.0
548,170.950,131.800,170.87,132.02,1183.29,56365.0,24824.0,24824.0
549,170.950,131.800,170.93,132.04,1183.29,54637.0,24111.0,24111.0
550,170.950,131.800,171.12,131.53,1183.29,46493.0,17436.0,17436.0
551,170.950,131.800,170.9,132.02,1183.29,45179.0,16429.0,16429.0
552,170.950,131.800,170.95,132.05,1183.29,52008.0,21058.0,21058.0
553,170.950,131.800,170.93,131.86,1183.29,55156.0,24822.0,24822.0
554,170.950,131.800,171.09,132.08,1183.29,55005.0,24296.0,24296.0
555,170.950,131.800,170.85,131.86,1183.29,59825.0,27018.0,27018.0
556,170.950,131.800,170.96,132.05,1183.29,58706.0,27049.0,27049.0
557,170.950,131.800,170.89,132.01,1183.29,51229.0,21844.0,21844.0
558,170.950,131.800,170.76,132.15,1183.29,54625.0,24540.0,24540.0
559,170.950,131.800,170.91,131.95,1183.29,52511.0,22156.0,22156.0
560,170.950,131.800,170.8,132.11,1183.29,50979.0,20606.0,20606.0
561,170.950,131.800,170.9,131.81,1183.29,52466.0,22037.0,22037.0
562,170.950,131.800,170.81,132,1183.29,57879.0,26321.0,26321.0
563,170.950,131.800,170.98,131.93,1183.29,53999.0,22783.0,22783.0
564,170.950,131.800,171.15,131.93,1183.29,57988.0,27792.0,27792.0
565,170.950,131.800,170.99,131.94,1183.29,63980.0,30557.0,30557.0
566,170.950,131.800,170.92,132,1183.29,58480.0,27085.0,27085.0
567,170.950,131.800,170.94,131.98,1183.29,59240.0,26866.0,26866.0
568,170.950,131.800,170.74,132,1183.29,52209.0,22351.0,22351.0
569,170.950,131.800,170.98,131.88,1183.29,64323.0,32324.0,32324.0
570,170.950,131.800,170.89,131.91,1183.29,61925.0,29302.0,29302.0
571,170.950,131.800,170.9,132.04,1183.29,59888.0,28921.0,28921.0
572,170.950,131.800,171.05,131.97,1183.29,65024.0,31881.0,31881.0
573,170.950,131.800,171.03,132.06,1183.29,56520.0,24266.0,24266.0
574,170.950,131.800,171.05,132.02,1183.29,61282.0,28995.0,28995.0
575,170.950,131.800,170.99,131.96,1183.29,58369.0,25883.0,25883.0
576,170.950,131.800,170.86,131.92,1183.29,60401.0,29265.0,29265.0
577,170.950,131.800,170.94,131.92,1183.29,59268.0,27098.0,27098.0
578,170.950,131.800,171.05,132.11,1183.29,57082.0,25289.0,25289.0
579,170.950,131.800,171.1,131.92,1183.29,58945.0,27897.0,27897.0
580,170.950,131.800,171.13,131.87,1183.29,55768.0,25512.0,25512.0
581,170.950,131.800,171.08,131.99,1183.29,59524.0,27512.0,27512.0
582,170.950,131.800,170.86,131.99,1183.29,52851.0,21506.0,21506.0
583,170.950,131.800,170.83,131.81,1183.29,53121.0,23142.0,23142.0
584,170.950,131.800,171.02,131.76,1183.29,46607.0,17825.0,17825.0
585,170.950,131.800,170.85,132.03,1183.29,50435.0,21353.0,21353.0
586,170.950,131.800,171.07,131.9,1183.29,52243.0,22098.0,22098.0
587,170.950,131.800,170.95,131.86,1183.29,53996.0,24457.0,24457.0
588,170.950,131.800,170.96,131.86,1183.29,47785.0,19176.0,19176.0
589,170.950,131.800,170.94,131.87,1183.29,53974.0,24169.0,24169.0
590,170.950,131.800,170.94,131.98,1183.29,56189.0,25596.0,25596.0
591,170.950,131.800,170.96,131.98,1183.29,49589.0,19650.0,19650.0
592,170.950,131.800,170.91,131.93,1183.29,53889.0,22807.0,22807.0
593,170.950,131.800,170.97,131.81,1183.29,48429.0,18102.0,18102.0
594,170.950,131.800,170.84,131.99,1183.29,47152.0,17972.0,17972.0
595,170.950,131.800,171.1,131.97,1183.29,47364.0,18611.0,18611.0
596,170.950,131.800,170.87,131.72,1183.29,46785.0,18720.0,18720.0
597,170.950,131.800,171.14,131.87,1183.29,45104.0,16953.0,16953.0
598,170.950,131.800,171.04,131.83,1183.29,43859.0,15636.0,15636.0
599,170.950,131.800,171.08,132.07,1183.29,43442.0,14754.0,14754.0
600,170.950,131.800,170.99,132,1183.29,45707.0,16409.0,16409.0
601,170.950,131.800,170.96,131.82,1183.29,49193.0,20618.0,20618.0
602,170.950,131.800,170.95,131.81,1183.29,51911.0,21325.0,21325.0
603,170.950,131.800,170.95,131.99,1183.29,51161.0,21602.0,21602.0
604,170.950,131.800,170.99,131.88,1183.29,49379.0,20062.0,20062.0
605,170.950,131.800,170.88,131.99,1183.29,52454.0,23173.0,23173.0
606,170.950,131.800,170.95,131.8,1183.29,50069.0,20427.0,20427.0
607,170.950,131.800,170.95,131.8,1183.29,24933.0,77.0,77.0
608,170.950,131.800,170.95,131.8,1183.29,24056.0,0.0,0.0
609,170.950,131.800,170.95,131.8,1183.29,25556.0,0.0,0.0
610,170.950,131.800,170.95,131.8,1183.29,27545.0,1481.0,1481.0
611,170.950,131.800,170.95,131.8,1183.29,24793.0,43.0,43.0
612,170.950,131.800,170.95,131.8,1183.29,23901.0,0.0,0.0
613,170.950,131.800,170.95,131.8,1183.29,25496.0,584.0,584.0
614,170.950,131.800,170.95,131.8,1183.29,23328.0,0.0,0.0
615,170.950,131.800,170.95,131.8,1183.29,25160.0,378.0,378.0
616,170.950,131.800,170.95,131.8,1183.29,25545.0,1196.0,1196.0
617,170.950,131.800,170.95,131.8,1183.29,24478.0,0.0,0.0
618,170.950,131.800,170.95,131.8,1183.29,24344.0,0.0,0.0
619,170.950,131.800,170.95,131.8,1183.29,23864.0,0.0,0.0
620,170.950,131.800,170.95,131.8,1183.29,24205.0,0.0,0.0
621,170.950,131.800,170.95,131.8,1183.29,25338.0,281.0,281.0
622,170.950,131.800,170.95,131.8,1183.29,24328.0,0.0,0.0
623,170.950,131.800,170.95,131.8,1183.29,23489.0,0.0,0.0
624,170.950,131.800,170.95,131.8,1183.29,23990.0,0.0,0.0
625,170.950,131.800,170.95,131.8,1183.29,26925.0,555.0,555.0
626,170.950,131.800,170.95,131.8,1183.29,26270.0,0.0,0.0
627,170.950,131.800,170.95,131.8,1183.29,24678.0,0.0,0.0
628,170.950,131.800,170.95,131.8,1183.29,24229.0,404.0,404.0
629,170.950,131.800,170.95,131.8,1183.29,24423.0,231.0,231.0
630,170.950,131.800,170.95,131.8,1183.29,23683.0,0.0,0.0
631,170.950,131.800,170.95,131.8,1183.29,24737.0,0.0,0.0
632,170.950,131.800,170.95,131.8,1183.29,23638.0,0.0,0.0
633,170.950,131.800,170.95,131.8,1183.29,24058.0,0.0,0.0
634,170.950,131.800,170.95,131.8,1183.29,24225.0,0.0,0.0
635,170.950,131.800,170.95,131.8,1183.29,24435.0,0.0,0.0
636,170.950,131.800,170.95,131.8,1183.29,24507.0,0.0,0.0
637,170.950,131.800,170.95,131.8,1183.29,24252.0,0.0,0.0
638,170.950,131.800,170.95,131.8,1183.29,24482.0,105.0,105.0
639,170.950,131.800,170.95,131.8,1183.29,23943.0,0.0,0.0
640,170.950,131.800,170.95,131.8,1183.29,26996.0,1367.0,1367.0
641,170.950,131.800,170.95,131.8,1183.29,24165.0,0.0,0.0
642,170.950,131.800,170.95,131.8,1183.29,24020.0,0.0,0.0
643,170.950,131.800,170.95,131.8,1183.29,24433.0,0.0,0.0
644,170.950,131.800,170.95,131.8,1183.29,24109.0,0.0,0.0
645,170.950,131.800,170.95,131.8,1183.29,23622.0,0.0,0.0
646,170.950,131.800,170.95,131.8,1183.29,23630.0,0.0,0.0
647,170.950,131.800,170.95,131.8,1183.29,25461.0,232.0,232.0
648,170.950,131.800,170.95,131.8,1183.29,25901.0,551.0,551.0
649,170.950,131.800,170.95,131.8,1183.29,26388.0,693.0,693.0
650,170.950,131.800,170.95,131.8,1183.29,23126.0,0.0,0.0
651,170.950,131.800,170.95,131.8,1183.29,25260.0,0.0,0.0
652,170.950,131.800,170.95,131.8,1183.29,25047.0,436.0,436.0
653,170.950,131.800,170.95,131.8,1183.29,25478.0,54.0,54.0
654,170.950,131.800,170.95,131.8,1183.29,23150.0,0.0,0.0
655,170.950,131.800,170.95,131.8,1183.29,26740.0,1017.0,1017.0
656,170.950,131.800,170.95,131.8,1183.29,25222.0,0.0,0.0
657,170.950,131.800,170.95,131.8,1183.29,25541.0,790.0,790.0
658,170.950,131.800,170.95,131.8,1183.29,24806.0,0.0,0.0
659,170.950,131.800,170.95,131.8,1183.29,22792.0,0.0,0.0
660,170.950,131.800,170.95,131.8,1183.29,24558.0,0.0,0.0
661,170.950,131.800,170.95,131.8,1183.29,24142.0,0.0,0.0
662,170.950,131.800,170.95,131.8,1183.29,24723.0,0.0,0.0
663,170.950,131.800,170.95,131.8,1183.29,23747.0,0.0,0.0
664,170.950,131.800,170.95,131.8,1183.29,24676.0,0.0,0.0
665,170.950,131.800,170.95,131.8,1183.29,23916.0,0.0,0.0
666,170.950,131.800,170.95,131.8,1183.29,23522.0,0.0,0.0
667,170.950,131.800,170.95,131.8,1183.29,24585.0,580.0,580.0
668,170.950,131.800,170.95,131.8,1183.29,23598.0,0.0,0.0
669,170.950,131.800,170.95,131.8,1183.29,24752.0,0.0,0.0
670,170.950,131.800,170.95,131.8,1183.29,24327.0,0.0,0.0
671,170.950,131.800,170.95,131.8,1183.29,25589.0,418.0,418.0
672,170.950,131.800,170.95,131.8,1183.29,24944.0,232.0,232.0
673,170.950,131.800,170.95,131.8,1183.29,25111.0,0.0,0.0
674,170.950,131.800,170.95,131.8,1183.29,24575.0,0.0,0.0
675,170.950,131.800,170.95,131.8,1183.29,23625.0,0.0,0.0
676,170.950,131.800,170.95,131.8,1183.29,24611.0,0.0,0.0
677,170.950,131.800,170.95,131.8,1183.29,25520.0,0.0,0.0
678,170.950,131.800,170.95,131.8,1183.29,24395.0,0.0,0.0
679,170.950,131.800,170.95,131.8,1183.29,23206.0,0.0,0.0
680,170.950,131.800,170.95,131.8,1183.29,24440.0,0.0,0.0
681,170.950,131.800,170.95,131.8,1183.29,25129.0,234.0,234.0
682,170.950,131.800,170.95,131.8,1183.29,25050.0,0.0,0.0
683,170.950,131.800,170.95,131.8,1183.29,27214.0,1914.0,1914.0
684,170.950,131.800,170.95,131.8,1183.29,24709.0,0.0,0.0
685,170.950,131.800,170.95,131.8,1183.29,24662.0,0.0,0.0
686,170.950,131.800,170.95,131.8,1183.29,27729.0,1451.0,1451.0
687,170.950,131.800,170.95,131.8,1183.29,24180.0,0.0,0.0
688,170.950,131.800,170.95,131.8,1183.29,26116.0,235.0,235.0
689,170.950,131.800,170.95,131.8,1183.29,24394.0,0.0,0.0
690,170.950,131.800,170.95,131.8,1183.29,24861.0,0.0,0.0
691,170.950,131.800,170.95,131.8,1183.29,25915.0,75.0,75.0
692,170.950,131.800,170.95,131.8,1183.29,25930.0,26.0,26.0
693,170.950,131.800,170.95,131.8,1183.29,24328.0,0.0,0.0
694,170.950,131.800,170.95,131.8,1183.29,24296.0,0.0,0.0
695,170.950,131.800,170.95,131.8,1183.29,24902.0,0.0,0.0
696,170.950,131.800,170.95,131.8,1183.29,24682.0,881.0,881.0
697,170.950,131.800,170.95,131.8,1183.29,24488.0,0.0,0.0
698,170.950,131.800,170.95,131.8,1183.29,24554.0,0.0,0.0
699,170.950,131.800,170.95,131.8,1183.29,23572.0,0.0,0.0
700,170.950,131.800,170.95,131.8,1183.29,24407.0,0.0,0.0
701,170.950,131.800,170.95,131.8,1183.29,25629.0,460.0,460.0
702,170.950,131.800,170.95,131.8,1183.29,24526.0,0.0,0.0
703,170.950,131.800,170.95,131.8,1183.29,25167.0,351.0,351.0
704,170.950,131.800,170.95,131.8,1183.29,24630.0,0.0,0.0
705,170.950,131.800,170.95,131.8,1183.29,24038.0,0.0,0.0
706,170.950,131.800,170.95,131.8,1183.29,26137.0,765.0,765.0
707,170.950,131.800,170.95,131.8,1183.29,25915.0,1384.0,1384.0
708,170.950,131.800,170.95,131.8,1183.29,26002.0,927.0,927.0
709,170.950,131.800,170.95,131.8,1183.29,23629.0,0.0,0.0
710,170.950,131.800,170.95,131.8,1183.29,26309.0,777.0,777.0
711,170.950,131.800,170.95,131.8,1183.29,24856.0,1091.0,1091.0
712,170.950,131.800,170.95,131.8,1183.29,26246.0,1901.0,1901.0
713,170.950,131.800,170.95,131.8,1183.29,24917.0,162.0,162.0
714,170.950,131.800,170.95,131.8,1183.29,27987.0,1690.0,1690.0
715,170.950,131.800,170.95,131.8,1183.29,24446.0,0.0,0.0
716,170.950,131.800,170.95,131.8,1183.29,24222.0,108.0,108.0
717,170.950,131.800,170.95,131.8,1183.29,27059.0,1429.0,1429.0
718,170.950,131.800,170.95,131.8,1183.29,23489.0,0.0,0.0
719,170.950,131.800,170.95,131.8,1183.29,25712.0,473.0,473.0
720,170.950,131.800,170.95,131.8,1183.29,24739.0,198.0,198.0
721,170.950,131.800,170.95,131.8,1183.29,24004.0,0.0,0.0
722,170.950,131.800,170.95,131.8,1183.29,24518.0,98.0,98.0
723,170.950,131.800,170.95,131.8,1183.29,24866.0,277.0,277.0
724,170.950,131.800,170.95,131.8,1183.29,23662.0,0.0,0.0
725,170.950,131.800,170.95,131.8,1183.29,25948.0,679.0,679.0
726,170.950,131.800,170.95,131.8,1183.29,25058.0,0.0,0.0
727,170.950,131.800,170.95,131.8,1183.29,25709.0,622.0,622.0
728,170.950,131.800,170.95,131.8,1183.29,24032.0,0.0,0.0
729,170.950,131.800,170.95,131.8,1183.29,24151.0,0.0,0.0
730,170.950,131.800,170.95,131.8,1183.29,25077.0,639.0,639.0
731,170.950,131.800,170.95,131.8,1183.29,24703.0,154.0,154.0
732,170.950,131.800,170.95,131.8,1183.29,23200.0,0.0,0.0
733,170.950,131.800,170.95,131.8,1183.29,25945.0,413.0,413.0
734,170.950,131.800,170.95,131.8,1183.29,24908.0,0.0,0.0
735,170.950,131.800,170.95,131.8,1183.29,25921.0,241.0,241.0
736,170.950,131.800,170.95,131.8,1183.29,24115.0,0.0,0.0
737,170.950,131.800,170.95,131.8,1183.29,25172.0,0.0,0.0
738,170.950,131.800,170.95,131.8,1183.29,23509.0,0.0,0.0
739,170.950,131.800,170.95,131.8,1183.29,26160.0,325.0,325.0
740,170.950,131.800,170.95,131.8,1183.29,23558.0,0.0,0.0
741,170.950,131.800,170.95,131.8,1183.29,24912.0,0.0,0.0
742,170.950,131.800,170.95,131.8,1183.29,24674.0,0.0,0.0
743,170.950,131.800,170.95,131.8,1183.29,24362.0,0.0,0.0
744,170.950,131.800,170.95,131.8,1183.29,23305.0,0.0,0.0
745,170.950,131.800,170.95,131.8,1183.29,25210.0,429.0,429.0
746,170.950,131.800,170.95,131.8,1183.29,24310.0,0.0,0.0
747,170.950,131.800,170.95,131.8,1183.29,24483.0,0.0,0.0
748,170.950,131.800,170.95,131.8,1183.29,25864.0,362.0,362.0
749,170.950,131.800,170.95,131.8,1183.29,23530.0,0.0,0.0
750,170.950,131.800,170.95,131.8,1183.29,24177.0,0.0,0.0
751,170.950,131.800,170.95,131.8,1183.29,24058.0,0.0,0.0
752,170.950,131.800,170.95,131.8,1183.29,25090.0,7.0,7.0
753,170.950,131.800,170.95,131.8,1183.29,26789.0,198.0,198.0
754,170.950,131.800,170.95,131.8,1183.29,22653.0,0.0,0.0
755,170.950,131.800,170.95,131.8,1183.29,25118.0,210.0,210.0
756,170.950,131.800,170.95,131.8,1183.29,24544.0,0.0,0.0
757,170.950,131.800,170.95,131.8,1183.29,25987.0,465.0,465.0
758,170.950,131.800,170.95,131.8,1183.29,23808.0,0.0,0.0
759,170.950,131.800,170.95,131.8,1183.29,23497.0,0.0,0.0
760,170.950,131.800,170.95,131.8,1183.29,25851.0,0.0,0.0
761,170.950,131.800,170.95,131.8,1183.29,25565.0,192.0,192.0
762,170.950,131.800,170.95,131.8,1183.29,24426.0,0.0,0.0
763,170.950,131.800,170.95,131.8,1183.29,24595.0,297.0,297.0
764,170.950,131.800,170.95,131.8,1183.29,25014.0,53.0,53.0
765,170.950,131.800,170.95,131.8,1183.29,25539.0,515.0,515.0
766,170.950,131.800,170.95,131.8,1183.29,26102.0,570.0,570.0
767,170.950,131.800,170.95,131.8,1183.29,24525.0,696.0,696.0
768,170.950,131.800,170.95,131.8,1183.29,24498.0,0.0,0.0
769,170.950,131.800,170.95,131.8,1183.29,25058.0,201.0,201.0
770,170.950,131.800,170.95,131.8,1183.29,24382.0,0.0,0.0
771,170.950,131.800,170.95,131.8,1183.29,26407.0,1328.0,1328.0
772,170.950,131.800,170.95,131.8,1183.29,24456.0,0.0,0.0
773,170.950,131.800,170.95,131.8,1183.29,24862.0,0.0,0.0
774,170.950,131.800,170.95,131.8,1183.29,26254.0,381.0,381.0
775,170.950,131.800,170.95,131.8,1183.29,24798.0,208.0,208.0
776,170.950,131.800,170.95,131.8,1183.29,23973.0,0.0,0.0
777,170.950,131.800,170.95,131.8,1183.29,24690.0,0.0,0.0
778,170.950,131.800,170.95,131.8,1183.29,26328.0,29.0,29.0
779,170.950,131.800,170.95,131.8,1183.29,23804.0,33.0,33.0
780,170.950,131.800,170.95,131.8,1183.29,23315.0,0.0,0.0
781,170.950,131.800,170.95,131.8,1183.29,23879.0,0.0,0.0
782,170.950,131.800,170.95,131.8,1183.29,24439.0,199.0,199.0
783,170.950,131.800,170.95,131.8,1183.29,25032.0,44.0,44.0
784,170.950,131.800,170.95,131.8,1183.29,24791.0,0.0,0.0
785,170.950,131.800,170.95,131.8,1183.29,23959.0,350.0,350.0
786,170.950,131.800,170.95,131.8,1183.29,24521.0,0.0,0.0
787,170.950,131.800,170.95,131.8,1183.29,23709.0,0.0,0.0
788,170.950,131.800,170.95,131.8,1183.29,26373.0,971.0,971.0
789,170.950,131.800,170.95,131.8,1183.29,25119.0,460.0,460.0
790,170.950,131.800,170.95,131.8,1183.29,25116.0,1187.0,1187.0
791,170.950,131.800,170.95,131.8,1183.29,23988.0,0.0,0.0
792,170.950,131.800,170.95,131.8,1183.29,25165.0,0.0,0.0
793,170.950,131.800,170.95,131.8,1183.29,24668.0,0.0,0.0
794,170.950,131.800,170.95,131.8,1183.29,24516.0,348.0,348.0
795,170.950,131.800,170.95,131.8,1183.29,24116.0,78.0,78.0
796,170.950,131.800,170.95,131.8,1183.29,24743.0,224.0,224.0
797,170.950,131.800,170.95,131.8,1183.29,26346.0,492.0,492.0
798,170.950,131.800,170.95,131.8,1183.29,25598.0,697.0,697.0
799,170.950,131.800,170.95,131.8,1183.29,24914.0,0.0,0.0
800,170.950,131.800,170.95,131.8,1183.29,22000.0,0.0,0.0
801,170.950,131.800,170.95,131.8,1183.29,24303.0,299.0,299.0
802,170.950,131.800,170.95,131.8,1183.29,24067.0,0.0,0.0
803,170.950,131.800,170.95,131.8,1183.29,24800.0,0.0,0.0
804,170.950,131.800,170.95,131.8,1183.29,25356.0,499.0,499.0
805,170.950,131.800,170.95,131.8,1183.29,25156.0,313.0,313.0
806,170.950,131.800,170.95,131.8,1183.29,25086.0,344.0,344.0
