id,avg_x,avg_y,x,y,bg,Square_intensity,circular_intensity,Gaussian_intensity
82,157.370,54.760,157.53,55.14,1147.7,36977.0,6793.0,6793.0
83,157.370,54.760,157.53,55.14,1147.7,35509.0,5512.0,5512.0
84,157.370,54.760,157.53,55.14,1147.7,32020.0,1404.0,1404.0
85,157.370,54.760,157.53,55.14,1147.7,33010.0,2752.0,2752.0
86,157.370,54.760,157.53,55.14,1147.7,36652.0,5921.0,5921.0
87,157.370,54.760,157.53,55.14,1147.7,41210.0,9855.0,9855.0
88,157.370,54.760,157.53,55.14,1147.7,44059.0,12679.0,12679.0
89,157.370,54.760,157.53,55.14,1147.7,32852.0,3679.0,3679.0
90,157.370,54.760,157.53,55.14,1147.7,41012.0,9098.0,9098.0
91,157.370,54.760,157.53,55.14,1147.7,46290.0,13888.0,13888.0
92,157.370,54.760,157.53,55.14,1147.7,41564.0,10014.0,10014.0
93,157.370,54.760,157.53,55.14,1147.7,42750.0,10061.0,10061.0
94,157.370,54.760,157.53,55.14,1147.7,42852.0,11424.0,11424.0
95,157.370,54.760,157.53,55.14,1147.7,39973.0,8567.0,8567.0
96,157.370,54.760,157.53,55.14,1147.7,37848.0,6842.0,6842.0
97,157.370,54.760,157.53,55.14,1147.7,41049.0,9219.0,9219.0
98,157.370,54.760,157.53,55.14,1147.7,41961.0,9965.0,9965.0
99,157.370,54.760,157.53,55.14,1147.7,40329.0,9701.0,9701.0
100,157.370,54.760,157.53,55.14,1147.7,41560.0,9987.0,9987.0
101,157.370,54.760,157.53,55.14,1147.7,42115.0,10827.0,10827.0
102,157.370,54.760,157.53,55.14,1147.7,39544.0,8570.0,8570.0
103,157.370,54.760,157.53,55.14,1147.7,38567.0,8343.0,8343.0
104,157.370,54.760,157.53,55.14,1147.7,39306.0,8547.0,8547.0
105,157.370,54.760,157.53,55.14,1147.7,39605.0,8959.0,8959.0
106,157.370,54.760,157.53,55.14,1147.7,38021.0,8115.0,8115.0
107,157.370,54.760,157.53,55.14,1147.7,40458.0,10841.0,10841.0
108,157.370,54.760,157.53,55.14,1147.7,38377.0,6804.0,6804.0
109,157.370,54.760,157.53,55.14,1147.7,36882.0,6873.0,6873.0
110,157.370,54.760,157.53,55.14,1147.7,40670.0,8716.0,8716.0
111,157.370,54.760,157.53,55.14,1147.7,36167.0,5881.0,5881.0
112,157.370,54.760,157.53,55.14,1147.7,34866.0,5207.0,5207.0
113,157.370,54.760,157.53,55.14,1147.7,41411.0,9994.0,9994.0
114,157.370,54.760,157.53,55.14,1147.7,39431.0,8650.0,8650.0
115,157.370,54.760,157.53,55.14,1147.7,41187.0,9749.0,9749.0
116,157.370,54.760,157.53,55.14,1147.7,39925.0,9593.0,9593.0
117,157.370,54.760,157.53,55.14,1147.7,38344.0,8208.0,8208.0
118,157.370,54.760,157.53,55.14,1147.7,35423.0,4557.0,4557.0
119,157.370,54.760,157.53,55.14,1147.7,38990.0,8816.0,8816.0
120,157.370,54.760,157.53,55.14,1147.7,38776.0,8942.0,8942.0
121,157.370,54.760,157.53,55.14,1147.7,36478.0,6499.0,6499.0
122,157.370,54.760,157.53,55.14,1147.7,42424.0,11410.0,11410.0
123,157.370,54.760,157.53,55.14,1147.7,39678.0,9013.0,9013.0
124,157.370,54.760,157.53,55.14,1147.7,35282.0,6273.0,6273.0
125,157.370,54.760,157.53,55.14,1147.7,40320.0,10086.0,10086.0
126,157.370,54.760,157.53,55.14,1147.7,33078.0,3384.0,3384.0
127,157.370,54.760,157.53,55.14,1147.7,35626.0,6595.0,6595.0
128,157.370,54.760,157.53,55.14,1147.7,34930.0,5688.0,5688.0
129,157.370,54.760,157.53,55.14,1147.7,36640.0,7495.0,7495.0
130,157.370,54.760,157.53,55.14,1147.7,36612.0,6553.0,6553.0
131,157.370,54.760,157.53,55.14,1147.7,37071.0,6134.0,6134.0
132,157.370,54.760,157.53,55.14,1147.7,33506.0,4478.0,4478.0
133,157.370,54.760,157.53,55.14,1147.7,34176.0,4653.0,4653.0
134,157.370,54.760,157.53,55.14,1147.7,32840.0,4339.0,4339.0
135,157.370,54.760,157.53,55.14,1147.7,37280.0,7561.0,7561.0
136,157.370,54.760,157.53,55.14,1147.7,40875.0,11457.0,11457.0
137,157.370,54.760,157.53,55.14,1147.7,41738.0,11032.0,11032.0
138,157.370,54.760,157.53,55.14,1147.7,39807.0,8983.0,8983.0
139,157.370,54.760,157.53,55.14,1147.7,35955.0,7281.0,7281.0
140,157.370,54.760,157.53,55.14,1147.7,32950.0,3739.0,3739.0
141,157.370,54.760,157.53,55.14,1147.7,36430.0,6251.0,6251.0
142,157.370,54.760,157.53,55.14,1147.7,34782.0,5496.0,5496.0
143,157.370,54.760,157.53,55.14,1147.7,36028.0,7082.0,7082.0
144,157.370,54.760,157.53,55.14,1147.7,34486.0,4854.0,4854.0
145,157.370,54.760,157.53,55.14,1147.7,35876.0,7459.0,7459.0
146,157.370,54.760,157.53,55.14,1147.7,33792.0,3765.0,3765.0
147,157.370,54.760,157.53,55.14,1147.7,34590.0,5123.0,5123.0
148,157.370,54.760,157.53,55.14,1147.7,33144.0,4519.0,4519.0
149,157.370,54.760,157.53,55.14,1147.7,35814.0,6397.0,6397.0
150,157.370,54.760,157.53,55.14,1147.7,34905.0,5593.0,5593.0
151,157.370,54.760,157.53,55.14,1147.7,35627.0,5845.0,5845.0
152,157.370,54.760,157.53,55.14,1147.7,34937.0,5904.0,5904.0
153,157.370,54.760,157.53,55.14,1147.7,35578.0,5271.0,5271.0
154,157.370,54.760,157.53,55.14,1147.7,34223.0,3560.0,3560.0
155,157.370,54.760,157.53,55.14,1147.7,39299.0,10162.0,10162.0
156,157.370,54.760,157.53,55.14,1147.7,35855.0,5755.0,5755.0
157,157.370,54.760,157.53,55.14,1147.7,32456.0,2690.0,2690.0
158,157.370,54.760,157.53,55.14,1147.7,32264.0,2617.0,2617.0
159,157.370,54.760,157.53,55.14,1147.7,31697.0,3869.0,3869.0
160,157.370,54.760,157.53,55.14,1147.7,31860.0,4183.0,4183.0
161,157.370,54.760,157.53,55.14,1147.7,33888.0,5402.0,5402.0
162,157.370,54.760,157.53,55.14,1147.7,32553.0,3991.0,3991.0
163,157.370,54.760,157.53,55.14,1147.7,34513.0,4980.0,4980.0
164,157.370,54.760,157.53,55.14,1147.7,37197.0,8014.0,8014.0
165,157.370,54.760,157.53,55.14,1147.7,38790.0,8840.0,8840.0
166,157.370,54.760,157.53,55.14,1147.7,33645.0,6091.0,6091.0
167,157.370,54.760,157.53,55.14,1147.7,34313.0,5189.0,5189.0
168,157.370,54.760,157.53,55.14,1147.7,33994.0,5296.0,5296.0
169,157.370,54.760,157.53,55.14,1147.7,33730.0,5340.0,5340.0
170,157.370,54.760,157.53,55.14,1147.7,34097.0,4853.0,4853.0
171,157.370,54.760,157.53,55.14,1147.7,34596.0,6724.0,6724.0
172,157.370,54.760,157.53,55.14,1147.7,39163.0,9685.0,9685.0
173,157.370,54.760,157.53,55.14,1147.7,38253.0,8749.0,8749.0
174,157.370,54.760,157.29,54.99,1147.7,36943.0,8293.0,8293.0
175,157.370,54.760,157.43,55.35,1147.7,40404.0,10278.0,10278.0
176,157.370,54.760,157.47,55.04,1147.7,44224.0,14432.0,14432.0
177,157.370,54.760,157.42,54.92,1147.7,40965.0,11786.0,11786.0
178,157.370,54.760,157.52,55.2,1147.7,37359.0,8440.0,8440.0
179,157.370,54.760,157.5,54.83,1147.7,38860.0,9713.0,9713.0
180,157.370,54.760,157.17,54.86,1147.7,43892.0,13746.0,13746.0
181,157.370,54.760,157.43,54.9,1147.7,40423.0,11195.0,11195.0
182,157.370,54.760,157.51,54.96,1147.7,36336.0,8091.0,8091.0
183,157.370,54.760,157.4,54.72,1147.7,39009.0,9813.0,9813.0
184,157.370,54.760,157.11,55.04,1147.7,39469.0,9666.0,9666.0
185,157.370,54.760,157.66,54.77,1147.7,39917.0,11953.0,11953.0
186,157.370,54.760,157.28,55.46,1147.7,39141.0,9836.0,9836.0
187,157.370,54.760,157.38,54.7,1147.7,41011.0,11273.0,11273.0
188,157.370,54.760,157.47,55.24,1147.7,37282.0,7797.0,7797.0
189,157.370,54.760,157.69,54.7,1147.7,38745.0,10305.0,10305.0
190,157.370,54.760,157.43,54.86,1147.7,43143.0,14309.0,14309.0
191,157.370,54.760,157.45,54.65,1147.7,43599.0,14161.0,14161.0
192,157.370,54.760,157.53,54.81,1147.7,45197.0,16642.0,16642.0
193,157.370,54.760,157.12,54.93,1147.7,46590.0,16698.0,16698.0
194,157.370,54.760,157.42,54.95,1147.7,41550.0,12013.0,12013.0
195,157.370,54.760,157.28,55.08,1147.7,46988.0,16639.0,16639.0
196,157.370,54.760,157.28,54.99,1147.7,51367.0,19976.0,19976.0
197,157.370,54.760,157.5,54.8,1147.7,45076.0,15204.0,15204.0
198,157.370,54.760,157.39,54.97,1147.7,44281.0,13979.0,13979.0
199,157.370,54.760,157.34,54.87,1147.7,46151.0,15373.0,15373.0
200,157.370,54.760,157.31,54.86,1147.7,43439.0,13141.0,13141.0
201,157.370,54.760,157.24,54.98,1147.7,49107.0,17314.0,17314.0
202,157.370,54.760,157.53,55.04,1147.7,41961.0,13411.0,13411.0
203,157.370,54.760,157.24,54.79,1147.7,41953.0,12297.0,12297.0
204,157.370,54.760,157.56,54.58,1147.7,43991.0,14231.0,14231.0
205,157.370,54.760,157.37,55.13,1147.7,40006.0,10647.0,10647.0
206,157.370,54.760,157.28,54.45,1147.7,39531.0,10291.0,10291.0
207,157.370,54.760,157.42,54.97,1147.7,45230.0,14735.0,14735.0
208,157.370,54.760,157.42,55.03,1147.7,41047.0,11141.0,11141.0
209,157.370,54.760,157.5,54.9,1147.7,46394.0,16486.0,16486.0
210,157.370,54.760,157.59,54.97,1147.7,46936.0,16763.0,16763.0
211,157.370,54.760,157.52,54.78,1147.7,38825.0,9064.0,9064.0
212,157.370,54.760,157.24,54.97,1147.7,36517.0,7379.0,7379.0
213,157.370,54.760,157.25,54.98,1147.7,39733.0,10584.0,10584.0
214,157.370,54.760,157.24,54.54,1147.7,39198.0,10064.0,10064.0
215,157.370,54.760,157.53,54.83,1147.7,45162.0,14754.0,14754.0
216,157.370,54.760,157.23,54.88,1147.7,43620.0,13518.0,13518.0
217,157.370,54.760,157.44,54.6,1147.7,44687.0,14692.0,14692.0
218,157.370,54.760,157.6,54.76,1147.7,45863.0,16123.0,16123.0
219,157.370,54.760,157.21,55.05,1147.7,43560.0,13192.0,13192.0
220,157.370,54.760,157.62,54.93,1147.7,42542.0,13228.0,13228.0
221,157.370,54.760,157.65,54.87,1147.7,46025.0,16427.0,16427.0
222,157.370,54.760,157.36,55.15,1147.7,45597.0,15124.0,15124.0
223,157.370,54.760,157.33,54.89,1147.7,42591.0,12522.0,12522.0
224,157.370,54.760,157.39,55.05,1147.7,42368.0,12135.0,12135.0
225,157.370,54.760,157.34,54.6,1147.7,40333.0,10500.0,10500.0
226,157.370,54.760,157.33,54.88,1147.7,46549.0,16746.0,16746.0
227,157.370,54.760,157.56,54.94,1147.7,36767.0,8276.0,8276.0
228,157.370,54.760,157.19,54.85,1147.7,38637.0,9625.0,9625.0
229,157.370,54.760,157.48,54.84,1147.7,41771.0,12414.0,12414.0
230,157.370,54.760,157.45,54.74,1147.7,45567.0,15448.0,15448.0
231,157.370,54.760,157.55,54.99,1147.7,42718.0,12364.0,12364.0
232,157.370,54.760,157.47,55.03,1147.7,41704.0,12792.0,12792.0
233,157.370,54.760,157.31,54.84,1147.7,43138.0,13221.0,13221.0
234,157.370,54.760,157.51,54.6,1147.7,41110.0,11953.0,11953.0
235,157.370,54.760,157.39,54.94,1147.7,53054.0,21784.0,21784.0
236,157.370,54.760,157.18,54.99,1147.7,48245.0,17485.0,17485.0
237,157.370,54.760,157.31,54.78,1147.7,47440.0,17518.0,17518.0
238,157.370,54.760,157.17,55,1147.7,43355.0,12543.0,12543.0
239,157.370,54.760,157.4,54.91,1147.7,42336.0,12267.0,12267.0
240,157.370,54.760,157.2,54.88,1147.7,50810.0,19495.0,19495.0
241,157.370,54.760,157.26,54.67,1147.7,49291.0,18762.0,18762.0
242,157.370,54.760,157.25,54.87,1147.7,50381.0,19467.0,19467.0
243,157.370,54.760,157.43,54.84,1147.7,46539.0,16926.0,16926.0
244,157.370,54.760,157.62,54.92,1147.7,41099.0,11897.0,11897.0
245,157.370,54.760,157.29,55.02,1147.7,51357.0,19503.0,19503.0
246,157.370,54.760,157.43,54.66,1147.7,48695.0,18376.0,18376.0
247,157.370,54.760,157.27,54.85,1147.7,46774.0,16457.0,16457.0
248,157.370,54.760,157.41,55.13,1147.7,50430.0,19058.0,19058.0
249,157.370,54.760,157.51,54.81,1147.7,46676.0,16560.0,16560.0
250,157.370,54.760,157.3,54.84,1147.7,46853.0,18200.0,18200.0
251,157.370,54.760,157.2,54.87,1147.7,42783.0,14225.0,14225.0
252,157.370,54.760,157.36,54.99,1147.7,39540.0,10998.0,10998.0
253,157.370,54.760,157.05,54.84,1147.7,36662.0,8540.0,8540.0
254,157.370,54.760,157.32,54.75,1147.7,42042.0,12908.0,12908.0
255,157.370,54.760,157.5,54.97,1147.7,39637.0,10441.0,10441.0
256,157.370,54.760,157.33,54.94,1147.7,40820.0,10501.0,10501.0
257,157.370,54.760,157.34,54.82,1147.7,40480.0,10918.0,10918.0
258,157.370,54.760,157.41,54.79,1147.7,41152.0,11597.0,11597.0
259,157.370,54.760,157.3,54.86,1147.7,43460.0,14587.0,14587.0
260,157.370,54.760,157.3,54.95,1147.7,45294.0,14601.0,14601.0
261,157.370,54.760,157.22,54.98,1147.7,46370.0,16895.0,16895.0
262,157.370,54.760,157.3,55.1,1147.7,44027.0,14422.0,14422.0
263,157.370,54.760,157.4,54.68,1147.7,39492.0,10980.0,10980.0
264,157.370,54.760,157.3,54.69,1147.7,40620.0,11643.0,11643.0
265,157.370,54.760,157.28,54.88,1147.7,40734.0,11205.0,11205.0
266,157.370,54.760,157.64,54.98,1147.7,41710.0,11823.0,11823.0
267,157.370,54.760,157.38,55.09,1147.7,42144.0,13879.0,13879.0
268,157.370,54.760,157.39,54.82,1147.7,41234.0,12840.0,12840.0
269,157.370,54.760,157.51,54.88,1147.7,41515.0,11907.0,11907.0
270,157.370,54.760,157.68,55.17,1147.7,43174.0,14242.0,14242.0
271,157.370,54.760,157.4,54.92,1147.7,40895.0,11135.0,11135.0
272,157.370,54.760,157.09,54.96,1147.7,43776.0,13317.0,13317.0
273,157.370,54.760,157.33,54.87,1147.7,41362.0,12699.0,12699.0
274,157.370,54.760,157.34,54.81,1147.7,41267.0,12767.0,12767.0
275,157.370,54.760,157.39,54.53,1147.7,39437.0,11973.0,11973.0
276,157.370,54.760,157.6,54.8,1147.7,45035.0,15977.0,15977.0
277,157.370,54.760,157.46,54.97,1147.7,40363.0,11266.0,11266.0
278,157.370,54.760,157.09,54.83,1147.7,40678.0,11394.0,11394.0
279,157.370,54.760,157.43,54.88,1147.7,40597.0,11935.0,11935.0
280,157.370,54.760,157.29,55.17,1147.7,42287.0,12844.0,12844.0
281,157.370,54.760,157.27,54.8,1147.7,45827.0,15590.0,15590.0
282,157.370,54.760,157.28,54.9,1147.7,47981.0,17922.0,17922.0
283,157.370,54.760,157.24,54.74,1147.7,46471.0,16254.0,16254.0
284,157.370,54.760,157.21,54.99,1147.7,44584.0,15244.0,15244.0
285,157.370,54.760,157.26,54.83,1147.7,53233.0,22230.0,22230.0
286,157.370,54.760,157.26,54.86,1147.7,56955.0,25444.0,25444.0
287,157.370,54.760,157.22,54.71,1147.7,60155.0,29216.0,29216.0
288,157.370,54.760,157.35,54.96,1147.7,61347.0,28778.0,28778.0
289,157.370,54.760,157.24,54.82,1147.7,55937.0,24573.0,24573.0
290,157.370,54.760,157.05,54.83,1147.7,53444.0,22791.0,22791.0
291,157.370,54.760,157.39,54.84,1147.7,55089.0,23292.0,23292.0
292,157.370,54.760,157.35,54.74,1147.7,46835.0,16881.0,16881.0
293,157.370,54.760,157.15,54.83,1147.7,45163.0,15563.0,15563.0
294,157.370,54.760,157.37,54.61,1147.7,45260.0,16016.0,16016.0
295,157.370,54.760,157.51,55.04,1147.7,43027.0,11928.0,11928.0
296,157.370,54.760,157.35,54.74,1147.7,50921.0,21162.0,21162.0
297,157.370,54.760,157.24,54.87,1147.7,54343.0,23253.0,23253.0
298,157.370,54.760,157.37,54.76,1147.7,43072.0,13789.0,13789.0
299,157.370,54.760,157.35,54.85,1147.7,48342.0,18080.0,18080.0
300,157.370,54.760,157.26,54.96,1147.7,45942.0,16397.0,16397.0
301,157.370,54.760,157.25,54.75,1147.7,47599.0,19133.0,19133.0
302,157.370,54.760,157.47,54.66,1147.7,48140.0,17356.0,17356.0
303,157.370,54.760,157.33,54.97,1147.7,55212.0,22576.0,22576.0
304,157.370,54.760,157.26,54.83,1147.7,53694.0,22682.0,22682.0
305,157.370,54.760,157.24,54.92,1147.7,51108.0,19946.0,19946.0
306,157.370,54.760,157.34,54.84,1147.7,50390.0,19406.0,19406.0
307,157.370,54.760,157.41,54.91,1147.7,52674.0,22127.0,22127.0
308,157.370,54.760,157.25,54.82,1147.7,50457.0,20697.0,20697.0
309,157.370,54.760,157.21,54.65,1147.7,48140.0,18052.0,18052.0
310,157.370,54.760,157.32,54.82,1147.7,50908.0,20488.0,20488.0
311,157.370,54.760,157.13,54.91,1147.7,49161.0,18841.0,18841.0
312,157.370,54.760,157.17,54.92,1147.7,51400.0,21152.0,21152.0
313,157.370,54.760,157.22,54.9,1147.7,47762.0,17627.0,17627.0
314,157.370,54.760,157.24,54.78,1147.7,50657.0,20940.0,20940.0
315,157.370,54.760,157.23,54.98,1147.7,46079.0,16205.0,16205.0
316,157.370,54.760,157.28,54.81,1147.7,52241.0,22256.0,22256.0
317,157.370,54.760,157.3,54.83,1147.7,55570.0,23987.0,23987.0
318,157.370,54.760,157.41,54.9,1147.7,53258.0,22051.0,22051.0
319,157.370,54.760,157.32,54.96,1147.7,53835.0,22091.0,22091.0
320,157.370,54.760,157.3,54.81,1147.7,53287.0,22120.0,22120.0
321,157.370,54.760,157.28,54.81,1147.7,57095.0,25897.0,25897.0
322,157.370,54.760,157.36,54.76,1147.7,55495.0,24636.0,24636.0
323,157.370,54.760,157.47,54.74,1147.7,57567.0,26745.0,26745.0
324,157.370,54.760,157.3,54.72,1147.7,54009.0,23681.0,23681.0
325,157.370,54.760,157.41,54.79,1147.7,50911.0,20719.0,20719.0
326,157.370,54.760,157.35,54.89,1147.7,58043.0,25745.0,25745.0
327,157.370,54.760,157.28,54.8,1147.7,63498.0,29575.0,29575.0
328,157.370,54.760,157.35,54.87,1147.7,65535.0,30479.0,30479.0
329,157.370,54.760,157.29,54.54,1147.7,62504.0,29575.0,29575.0
330,157.370,54.760,157.28,54.77,1147.7,64825.0,29082.0,29082.0
331,157.370,54.760,157.32,54.66,1147.7,62639.0,29625.0,29625.0
332,157.370,54.760,157.16,54.71,1147.7,54591.0,23497.0,23497.0
333,157.370,54.760,157.22,54.92,1147.7,54328.0,22744.0,22744.0
334,157.370,54.760,157.23,54.72,1147.7,65535.0,29546.0,29546.0
335,157.370,54.760,157.31,54.54,1147.7,54419.0,23260.0,23260.0
336,157.370,54.760,157.34,54.77,1147.7,52192.0,21623.0,21623.0
337,157.370,54.760,157.34,54.79,1147.7,51526.0,21168.0,21168.0
338,157.370,54.760,157.25,54.76,1147.7,51938.0,21841.0,21841.0
339,157.370,54.760,157.15,54.9,1147.7,52588.0,20595.0,20595.0
340,157.370,54.760,157.48,54.82,1147.7,49846.0,19888.0,19888.0
341,157.370,54.760,157.42,54.57,1147.7,41178.0,12790.0,12790.0
342,157.370,54.760,157.16,54.82,1147.7,39169.0,11037.0,11037.0
343,157.370,54.760,157.37,54.88,1147.7,39785.0,11394.0,11394.0
344,157.370,54.760,157.1,54.73,1147.7,37366.0,9782.0,9782.0
345,157.370,54.760,157.28,54.66,1147.7,40204.0,11813.0,11813.0
346,157.370,54.760,157.37,54.63,1147.7,42425.0,13531.0,13531.0
347,157.370,54.760,157.33,54.8,1147.7,43206.0,15360.0,15360.0
348,157.370,54.760,157.21,54.86,1147.7,36382.0,8878.0,8878.0
349,157.370,54.760,157.42,54.66,1147.7,35435.0,7741.0,7741.0
350,157.370,54.760,157.34,54.56,1147.7,36451.0,9226.0,9226.0
351,157.370,54.760,157.49,54.6,1147.7,36094.0,9287.0,9287.0
352,157.370,54.760,157.52,54.56,1147.7,37612.0,10182.0,10182.0
353,157.370,54.760,157.27,54.52,1147.7,39284.0,10746.0,10746.0
354,157.370,54.760,157.11,54.93,1147.7,40012.0,11518.0,11518.0
355,157.370,54.760,157.18,55.13,1147.7,40758.0,12022.0,12022.0
356,157.370,54.760,157.41,54.7,1147.7,41815.0,13773.0,13773.0
357,157.370,54.760,157.23,54.8,1147.7,42101.0,13831.0,13831.0
358,157.370,54.760,157.24,54.41,1147.7,36925.0,9177.0,9177.0
359,157.370,54.760,157.19,54.62,1147.7,41376.0,14354.0,14354.0
360,157.370,54.760,157.41,54.79,1147.7,47800.0,17758.0,17758.0
361,157.370,54.760,157.33,54.71,1147.7,42627.0,14152.0,14152.0
362,157.370,54.760,157.26,54.73,1147.7,45597.0,16134.0,16134.0
363,157.370,54.760,157.42,54.78,1147.7,48868.0,19450.0,19450.0
364,157.370,54.760,157.17,54.54,1147.7,50741.0,20311.0,20311.0
365,157.370,54.760,157.29,54.63,1147.7,52013.0,22659.0,22659.0
366,157.370,54.760,157.27,54.82,1147.7,45986.0,16452.0,16452.0
367,157.370,54.760,157.36,54.86,1147.7,45289.0,16616.0,16616.0
368,157.370,54.760,157.53,55.14,1147.7,30988.0,3910.0,3910.0
369,157.370,54.760,157.53,55.14,1147.7,33396.0,6107.0,6107.0
370,157.370,54.760,157.53,55.14,1147.7,33896.0,6262.0,6262.0
371,157.370,54.760,157.21,54.85,1147.7,35466.0,9150.0,9150.0
372,157.370,54.760,157.19,54.75,1147.7,45676.0,17233.0,17233.0
373,157.370,54.760,157.23,54.79,1147.7,43914.0,14677.0,14677.0
374,157.370,54.760,157.31,54.88,1147.7,43953.0,14913.0,14913.0
375,157.370,54.760,157.39,54.89,1147.7,42242.0,13162.0,13162.0
376,157.370,54.760,157.22,54.86,1147.7,42957.0,14576.0,14576.0
377,157.370,54.760,157.46,54.72,1147.7,43564.0,15300.0,15300.0
378,157.370,54.760,157.44,54.61,1147.7,45170.0,15616.0,15616.0
379,157.370,54.760,157.08,54.74,1147.7,37989.0,10012.0,10012.0
380,157.370,54.760,157.41,54.79,1147.7,45537.0,17407.0,17407.0
381,157.370,54.760,156.99,54.93,1147.7,42683.0,13018.0,13018.0
382,157.370,54.760,157.35,54.77,1147.7,42577.0,12952.0,12952.0
383,157.370,54.760,157.38,54.81,1147.7,42191.0,13959.0,13959.0
384,157.370,54.760,157.29,54.89,1147.7,44764.0,15454.0,15454.0
385,157.370,54.760,157.31,54.64,1147.7,40750.0,12711.0,12711.0
386,157.370,54.760,157.49,54.95,1147.7,39631.0,11885.0,11885.0
387,157.370,54.760,157.41,54.78,1147.7,41749.0,12697.0,12697.0
388,157.370,54.760,157.27,54.69,1147.7,41476.0,13239.0,13239.0
389,157.370,54.760,157.1,54.68,1147.7,42777.0,14321.0,14321.0
390,157.370,54.760,157.18,54.8,1147.7,41159.0,13392.0,13392.0
391,157.370,54.760,157.15,54.78,1147.7,44496.0,15323.0,15323.0
392,157.370,54.760,157.32,54.59,1147.7,47580.0,17530.0,17530.0
393,157.370,54.760,157.27,54.97,1147.7,40162.0,11649.0,11649.0
394,157.370,54.760,157.43,54.88,1147.7,39137.0,11535.0,11535.0
395,157.370,54.760,157.51,54.84,1147.7,41336.0,12445.0,12445.0
396,157.370,54.760,157.35,54.82,1147.7,43432.0,15487.0,15487.0
397,157.370,54.760,157.42,54.75,1147.7,45126.0,15293.0,15293.0
398,157.370,54.760,157.38,54.7,1147.7,51851.0,22069.0,22069.0
399,157.370,54.760,157.44,54.73,1147.7,39677.0,12433.0,12433.0
400,157.370,54.760,157.29,54.79,1147.7,43150.0,14250.0,14250.0
401,157.370,54.760,157.33,54.63,1147.7,45751.0,17423.0,17423.0
402,157.370,54.760,157.27,54.71,1147.7,45572.0,16749.0,16749.0
403,157.370,54.760,157.21,54.9,1147.7,47302.0,18258.0,18258.0
404,157.370,54.760,157.23,54.67,1147.7,43013.0,14978.0,14978.0
405,157.370,54.760,157.48,54.79,1147.7,41371.0,12388.0,12388.0
406,157.370,54.760,157.24,54.77,1147.7,42117.0,13142.0,13142.0
407,157.370,54.760,157.36,54.56,1147.7,41948.0,13605.0,13605.0
408,157.370,54.760,157.45,54.8,1147.7,42560.0,14040.0,14040.0
409,157.370,54.760,157.18,54.91,1147.7,44528.0,15434.0,15434.0
410,157.370,54.760,157.3,54.58,1147.7,42012.0,14491.0,14491.0
411,157.370,54.760,157.4,54.85,1147.7,45396.0,16298.0,16298.0
412,157.370,54.760,157.4,54.73,1147.7,47151.0,17345.0,17345.0
413,157.370,54.760,157.22,54.68,1147.7,43449.0,14492.0,14492.0
414,157.370,54.760,157.18,54.77,1147.7,47654.0,17265.0,17265.0
415,157.370,54.760,157.33,54.59,1147.7,49765.0,20919.0,20919.0
416,157.370,54.760,157.45,54.69,1147.7,47642.0,19066.0,19066.0
417,157.370,54.760,157.44,54.75,1147.7,47016.0,16808.0,16808.0
418,157.370,54.760,157.23,54.82,1147.7,47258.0,18186.0,18186.0
419,157.370,54.760,157.47,54.58,1147.7,39280.0,11865.0,11865.0
420,157.370,54.760,157.32,54.59,1147.7,43094.0,15098.0,15098.0
421,157.370,54.760,157.6,54.71,1147.7,42721.0,14588.0,14588.0
422,157.370,54.760,157.21,54.66,1147.7,47393.0,17983.0,17983.0
423,157.370,54.760,157.14,54.89,1147.7,44549.0,15390.0,15390.0
424,157.370,54.760,157.5,54.58,1147.7,47967.0,18442.0,18442.0
425,157.370,54.760,157.38,54.76,1147.7,45939.0,16007.0,16007.0
426,157.370,54.760,157.19,54.88,1147.7,46790.0,17070.0,17070.0
427,157.370,54.760,157.14,54.67,1147.7,43936.0,15292.0,15292.0
428,157.370,54.760,157.38,54.59,1147.7,46633.0,18238.0,18238.0
429,157.370,54.760,157.04,54.61,1147.7,38962.0,10481.0,10481.0
430,157.370,54.760,157.15,54.77,1147.7,44162.0,15253.0,15253.0
431,157.370,54.760,157.18,54.63,1147.7,45427.0,16950.0,16950.0
432,157.370,54.760,157.13,54.8,1147.7,48141.0,19187.0,19187.0
433,157.370,54.760,157.42,54.44,1147.7,46731.0,16952.0,16952.0
434,157.370,54.760,157.4,54.76,1147.7,46149.0,16860.0,16860.0
435,157.370,54.760,157.19,54.79,1147.7,46847.0,18647.0,18647.0
436,157.370,54.760,157.26,54.86,1147.7,47236.0,18072.0,18072.0
437,157.370,54.760,157.45,54.64,1147.7,37123.0,10057.0,10057.0
438,157.370,54.760,157.7,54.74,1147.7,39332.0,11577.0,11577.0
439,157.370,54.760,157.33,54.71,1147.7,38085.0,9755.0,9755.0
440,157.370,54.760,157.24,54.79,1147.7,43120.0,14931.0,14931.0
441,157.370,54.760,157.24,54.74,1147.7,47887.0,18017.0,18017.0
442,157.370,54.760,157.16,54.65,1147.7,41401.0,13880.0,13880.0
443,157.370,54.760,157.28,54.73,1147.7,38534.0,10454.0,10454.0
444,157.370,54.760,157.17,54.66,1147.7,45967.0,16694.0,16694.0
445,157.370,54.760,157.3,54.73,1147.7,49078.0,19873.0,19873.0
446,157.370,54.760,157.37,54.72,1147.7,50395.0,20954.0,20954.0
447,157.370,54.760,157.3,54.69,1147.7,42508.0,14047.0,14047.0
448,157.370,54.760,157.69,54.67,1147.7,37521.0,10161.0,10161.0
449,157.370,54.760,157.73,54.67,1147.7,37728.0,10945.0,10945.0
450,157.370,54.760,157.25,54.65,1147.7,38048.0,9855.0,9855.0
451,157.370,54.760,157.3,54.23,1147.7,39191.0,10497.0,10497.0
452,157.370,54.760,157.27,54.7,1147.7,45843.0,16947.0,16947.0
453,157.370,54.760,157.36,54.69,1147.7,41982.0,12651.0,12651.0
454,157.370,54.760,157.42,54.48,1147.7,38019.0,10987.0,10987.0
455,157.370,54.760,157.38,54.53,1147.7,41204.0,13176.0,13176.0
456,157.370,54.760,157.2,54.46,1147.7,38848.0,10935.0,10935.0
457,157.370,54.760,157.23,54.6,1147.7,40153.0,11694.0,11694.0
458,157.370,54.760,157.41,54.3,1147.7,37767.0,10658.0,10658.0
459,157.370,54.760,157.14,54.81,1147.7,40041.0,11345.0,11345.0
460,157.370,54.760,157.35,54.58,1147.7,38629.0,10312.0,10312.0
461,157.370,54.760,157.25,54.55,1147.7,39114.0,10838.0,10838.0
462,157.370,54.760,157.23,54.7,1147.7,46454.0,16835.0,16835.0
463,157.370,54.760,157.22,54.63,1147.7,52834.0,23099.0,23099.0
464,157.370,54.760,157.45,54.58,1147.7,46572.0,16477.0,16477.0
465,157.370,54.760,157.3,54.84,1147.7,46515.0,16949.0,16949.0
466,157.370,54.760,157.28,54.76,1147.7,54314.0,23830.0,23830.0
467,157.370,54.760,157.37,54.7,1147.7,46576.0,17149.0,17149.0
468,157.370,54.760,157.27,54.61,1147.7,45091.0,16960.0,16960.0
469,157.370,54.760,157.3,54.9,1147.7,46095.0,17328.0,17328.0
470,157.370,54.760,157.17,54.68,1147.7,47691.0,17670.0,17670.0
471,157.370,54.760,157.29,54.8,1147.7,43916.0,14936.0,14936.0
472,157.370,54.760,157.37,55.16,1147.7,35829.0,8468.0,8468.0
473,157.370,54.760,157.14,54.82,1147.7,46587.0,17419.0,17419.0
474,157.370,54.760,157.37,54.78,1147.7,51190.0,21681.0,21681.0
475,157.370,54.760,157.43,54.63,1147.7,48780.0,19872.0,19872.0
476,157.370,54.760,157.24,54.71,1147.7,49112.0,20212.0,20212.0
477,157.370,54.760,157.45,54.7,1147.7,54412.0,23780.0,23780.0
478,157.370,54.760,157.3,54.65,1147.7,55674.0,26054.0,26054.0
479,157.370,54.760,157.4,54.81,1147.7,54166.0,23764.0,23764.0
480,157.370,54.760,157.33,54.7,1147.7,55326.0,25181.0,25181.0
481,157.370,54.760,157.39,54.71,1147.7,54303.0,24014.0,24014.0
482,157.370,54.760,157.33,54.74,1147.7,50630.0,20682.0,20682.0
483,157.370,54.760,157.26,54.69,1147.7,59652.0,27979.0,27979.0
484,157.370,54.760,157.23,54.73,1147.7,55074.0,25729.0,25729.0
485,157.370,54.760,157.45,54.59,1147.7,54424.0,24550.0,24550.0
486,157.370,54.760,157.39,54.82,1147.7,51478.0,21579.0,21579.0
487,157.370,54.760,157.16,54.64,1147.7,51670.0,21866.0,21866.0
488,157.370,54.760,157.34,54.85,1147.7,51621.0,21459.0,21459.0
489,157.370,54.760,157.23,54.73,1147.7,52770.0,22561.0,22561.0
490,157.370,54.760,157.33,54.71,1147.7,51332.0,21336.0,21336.0
491,157.370,54.760,157.41,54.61,1147.7,52301.0,23250.0,23250.0
492,157.370,54.760,157.32,54.6,1147.7,53346.0,23268.0,23268.0
493,157.370,54.760,157.46,54.74,1147.7,50819.0,21615.0,21615.0
494,157.370,54.760,157.37,54.76,1147.7,52664.0,22380.0,22380.0
495,157.370,54.760,157.37,54.76,1147.7,36171.0,9436.0,9436.0
496,157.370,54.760,157.37,54.76,1147.7,24819.0,0.0,0.0
497,157.370,54.760,157.37,54.76,1147.7,27456.0,1854.0,1854.0
498,157.370,54.760,157.37,54.76,1147.7,26057.0,684.0,684.0
499,157.370,54.760,157.37,54.76,1147.7,24928.0,0.0,0.0
500,157.370,54.760,157.37,54.76,1147.7,25752.0,486.0,486.0
501,157.370,54.760,157.37,54.76,1147.7,26828.0,568.0,568.0
502,157.370,54.760,157.37,54.76,1147.7,26995.0,1478.0,1478.0
503,157.370,54.760,157.37,54.76,1147.7,24794.0,0.0,0.0
504,157.370,54.760,157.37,54.76,1147.7,25846.0,0.0,0.0
505,157.370,54.760,157.37,54.76,1147.7,26766.0,910.0,910.0
506,157.370,54.760,157.37,54.76,1147.7,25976.0,786.0,786.0
507,157.370,54.760,157.37,54.76,1147.7,24735.0,0.0,0.0
508,157.370,54.760,157.37,54.76,1147.7,26284.0,938.0,938.0
509,157.370,54.760,157.37,54.76,1147.7,25344.0,0.0,0.0
510,157.370,54.760,157.37,54.76,1147.7,27591.0,2143.0,2143.0
511,157.370,54.760,157.37,54.76,1147.7,24861.0,0.0,0.0
512,157.370,54.760,157.37,54.76,1147.7,26301.0,261.0,261.0
513,157.370,54.760,157.37,54.76,1147.7,26767.0,1179.0,1179.0
514,157.370,54.760,157.37,54.76,1147.7,26670.0,0.0,0.0
515,157.370,54.760,157.37,54.76,1147.7,26862.0,1151.0,1151.0
516,157.370,54.760,157.37,54.76,1147.7,26098.0,412.0,412.0
517,157.370,54.760,157.37,54.76,1147.7,28116.0,1196.0,1196.0
518,157.370,54.760,157.37,54.76,1147.7,25880.0,0.0,0.0
519,157.370,54.760,157.37,54.76,1147.7,23856.0,0.0,0.0
520,157.370,54.760,157.37,54.76,1147.7,27267.0,1883.0,1883.0
521,157.370,54.760,157.37,54.76,1147.7,26687.0,1884.0,1884.0
522,157.370,54.760,157.37,54.76,1147.7,24996.0,0.0,0.0
523,157.370,54.760,157.37,54.76,1147.7,25391.0,36.0,36.0
524,157.370,54.760,157.37,54.76,1147.7,25655.0,7.0,7.0
525,157.370,54.760,157.37,54.76,1147.7,27191.0,1848.0,1848.0
526,157.370,54.760,157.37,54.76,1147.7,25259.0,0.0,0.0
527,157.370,54.760,157.37,54.76,1147.7,26597.0,1873.0,1873.0
528,157.370,54.760,157.37,54.76,1147.7,26777.0,1133.0,1133.0
529,157.370,54.760,157.37,54.76,1147.7,25840.0,0.0,0.0
530,157.370,54.760,157.37,54.76,1147.7,27356.0,1557.0,1557.0
531,157.370,54.760,157.37,54.76,1147.7,24587.0,0.0,0.0
532,157.370,54.760,157.37,54.76,1147.7,26315.0,527.0,527.0
533,157.370,54.760,157.37,54.76,1147.7,25711.0,0.0,0.0
534,157.370,54.760,157.37,54.76,1147.7,25705.0,790.0,790.0
535,157.370,54.760,157.37,54.76,1147.7,24852.0,0.0,0.0
536,157.370,54.760,157.37,54.76,1147.7,24389.0,0.0,0.0
537,157.370,54.760,157.37,54.76,1147.7,25399.0,0.0,0.0
538,157.370,54.760,157.37,54.76,1147.7,26772.0,278.0,278.0
539,157.370,54.760,157.37,54.76,1147.7,26298.0,984.0,984.0
540,157.370,54.760,157.37,54.76,1147.7,25158.0,0.0,0.0
541,157.370,54.760,157.37,54.76,1147.7,24787.0,0.0,0.0
542,157.370,54.760,157.37,54.76,1147.7,24906.0,0.0,0.0
543,157.370,54.760,157.37,54.76,1147.7,24544.0,0.0,0.0
544,157.370,54.760,157.37,54.76,1147.7,26284.0,10.0,10.0
545,157.370,54.760,157.37,54.76,1147.7,24777.0,0.0,0.0
546,157.370,54.760,157.37,54.76,1147.7,25300.0,0.0,0.0
547,157.370,54.760,157.37,54.76,1147.7,25664.0,0.0,0.0
548,157.370,54.760,157.37,54.76,1147.7,25417.0,0.0,0.0
549,157.370,54.760,157.37,54.76,1147.7,25490.0,0.0,0.0
550,157.370,54.760,157.37,54.76,1147.7,26283.0,86.0,86.0
551,157.370,54.760,157.37,54.76,1147.7,26854.0,0.0,0.0
552,157.370,54.760,157.37,54.76,1147.7,26489.0,1134.0,1134.0
553,157.370,54.760,157.37,54.76,1147.7,24345.0,0.0,0.0
554,157.370,54.760,157.37,54.76,1147.7,26125.0,849.0,849.0
555,157.370,54.760,157.37,54.76,1147.7,25979.0,0.0,0.0
556,157.370,54.760,157.37,54.76,1147.7,26245.0,1431.0,1431.0
557,157.370,54.760,157.37,54.76,1147.7,26112.0,0.0,0.0
558,157.370,54.760,157.37,54.76,1147.7,27337.0,864.0,864.0
559,157.370,54.760,157.37,54.76,1147.7,27637.0,1002.0,1002.0
560,157.370,54.760,157.37,54.76,1147.7,26466.0,594.0,594.0
561,157.370,54.760,157.37,54.76,1147.7,25944.0,0.0,0.0
562,157.370,54.760,157.37,54.76,1147.7,27329.0,1634.0,1634.0
563,157.370,54.760,157.37,54.76,1147.7,25976.0,0.0,0.0
564,157.370,54.760,157.37,54.76,1147.7,24794.0,310.0,310.0
565,157.370,54.760,157.37,54.76,1147.7,25788.0,151.0,151.0
566,157.370,54.760,157.37,54.76,1147.7,24947.0,0.0,0.0
567,157.370,54.760,157.37,54.76,1147.7,27286.0,1826.0,1826.0
568,157.370,54.760,157.37,54.76,1147.7,25558.0,0.0,0.0
569,157.370,54.760,157.37,54.76,1147.7,24526.0,0.0,0.0
570,157.370,54.760,157.37,54.76,1147.7,25892.0,88.0,88.0
571,157.370,54.760,157.37,54.76,1147.7,26814.0,696.0,696.0
572,157.370,54.760,157.37,54.76,1147.7,23628.0,0.0,0.0
573,157.370,54.760,157.37,54.76,1147.7,24894.0,0.0,0.0
574,157.370,54.760,157.37,54.76,1147.7,25785.0,305.0,305.0
575,157.370,54.760,157.37,54.76,1147.7,25159.0,0.0,0.0
576,157.370,54.760,157.37,54.76,1147.7,27061.0,812.0,812.0
577,157.370,54.760,157.37,54.76,1147.7,26782.0,556.0,556.0
578,157.370,54.760,157.37,54.76,1147.7,27130.0,1444.0,1444.0
579,157.370,54.760,157.37,54.76,1147.7,25487.0,0.0,0.0
580,157.370,54.760,157.37,54.76,1147.7,25764.0,0.0,0.0
581,157.370,54.760,157.37,54.76,1147.7,27075.0,1884.0,1884.0
582,157.370,54.760,157.37,54.76,1147.7,27011.0,1395.0,1395.0
583,157.370,54.760,157.37,54.76,1147.7,27375.0,975.0,975.0
584,157.370,54.760,157.37,54.76,1147.7,25001.0,0.0,0.0
585,157.370,54.760,157.37,54.76,1147.7,25047.0,0.0,0.0
586,157.370,54.760,157.37,54.76,1147.7,26364.0,644.0,644.0
587,157.370,54.760,157.37,54.76,1147.7,24609.0,0.0,0.0
588,157.370,54.760,157.37,54.76,1147.7,25161.0,0.0,0.0
589,157.370,54.760,157.37,54.76,1147.7,24830.0,0.0,0.0
590,157.370,54.760,157.37,54.76,1147.7,26296.0,146.0,146.0
591,157.370,54.760,157.37,54.76,1147.7,28230.0,2019.0,2019.0
592,157.370,54.760,157.37,54.76,1147.7,26212.0,0.0,0.0
593,157.370,54.760,157.37,54.76,1147.7,27500.0,1976.0,1976.0
594,157.370,54.760,157.37,54.76,1147.7,24618.0,0.0,0.0
595,157.370,54.760,157.37,54.76,1147.7,25109.0,0.0,0.0
596,157.370,54.760,157.37,54.76,1147.7,25784.0,182.0,182.0
597,157.370,54.760,157.37,54.76,1147.7,25810.0,0.0,0.0
598,157.370,54.760,157.37,54.76,1147.7,25843.0,0.0,0.0
599,157.370,54.760,157.37,54.76,1147.7,25779.0,416.0,416.0
600,157.370,54.760,157.37,54.76,1147.7,25601.0,0.0,0.0
601,157.370,54.760,157.37,54.76,1147.7,24408.0,0.0,0.0
602,157.370,54.760,157.37,54.76,1147.7,24535.0,0.0,0.0
603,157.370,54.760,157.37,54.76,1147.7,25151.0,0.0,0.0
604,157.370,54.760,157.37,54.76,1147.7,24902.0,0.0,0.0
605,157.370,54.760,157.37,54.76,1147.7,26927.0,1211.0,1211.0
606,157.370,54.760,157.37,54.76,1147.7,23724.0,0.0,0.0
607,157.370,54.760,157.37,54.76,1147.7,26587.0,1198.0,1198.0
608,157.370,54.760,157.37,54.76,1147.7,27323.0,1168.0,1168.0
609,157.370,54.760,157.37,54.76,1147.7,25337.0,209.0,209.0
610,157.370,54.760,157.37,54.76,1147.7,25646.0,0.0,0.0
611,157.370,54.760,157.37,54.76,1147.7,25612.0,0.0,0.0
612,157.370,54.760,157.37,54.76,1147.7,26837.0,768.0,768.0
613,157.370,54.760,157.37,54.76,1147.7,24939.0,0.0,0.0
614,157.370,54.760,157.37,54.76,1147.7,26488.0,180.0,180.0
615,157.370,54.760,157.37,54.76,1147.7,27070.0,1390.0,1390.0
616,157.370,54.760,157.37,54.76,1147.7,26337.0,218.0,218.0
617,157.370,54.760,157.37,54.76,1147.7,26111.0,234.0,234.0
618,157.370,54.760,157.37,54.76,1147.7,24608.0,0.0,0.0
619,157.370,54.760,157.37,54.76,1147.7,26374.0,560.0,560.0
620,157.370,54.760,157.37,54.76,1147.7,24994.0,0.0,0.0
621,157.370,54.760,157.37,54.76,1147.7,26884.0,1320.0,1320.0
622,157.370,54.760,157.37,54.76,1147.7,25460.0,0.0,0.0
623,157.370,54.760,157.37,54.76,1147.7,25896.0,190.0,190.0
624,157.370,54.760,157.37,54.76,1147.7,24198.0,0.0,0.0
625,157.370,54.760,157.37,54.76,1147.7,23679.0,0.0,0.0
626,157.370,54.760,157.37,54.76,1147.7,24996.0,2.0,2.0
627,157.370,54.760,157.37,54.76,1147.7,24257.0,0.0,0.0
628,157.370,54.760,157.37,54.76,1147.7,24370.0,0.0,0.0
629,157.370,54.760,157.37,54.76,1147.7,25364.0,0.0,0.0
630,157.370,54.760,157.37,54.76,1147.7,25797.0,0.0,0.0
631,157.370,54.760,157.37,54.76,1147.7,26045.0,437.0,437.0
632,157.370,54.760,157.37,54.76,1147.7,26645.0,470.0,470.0
633,157.370,54.760,157.37,54.76,1147.7,24780.0,0.0,0.0
634,157.370,54.760,157.37,54.76,1147.7,24753.0,165.0,165.0
635,157.370,54.760,157.37,54.76,1147.7,26191.0,474.0,474.0
636,157.370,54.760,157.37,54.76,1147.7,26568.0,1035.0,1035.0
637,157.370,54.760,157.37,54.76,1147.7,25173.0,0.0,0.0
638,157.370,54.760,157.37,54.76,1147.7,26644.0,1086.0,1086.0
639,157.370,54.760,157.37,54.76,1147.7,24329.0,0.0,0.0
640,157.370,54.760,157.37,54.76,1147.7,25672.0,599.0,599.0
641,157.370,54.760,157.37,54.76,1147.7,25054.0,0.0,0.0
642,157.370,54.760,157.37,54.76,1147.7,25081.0,146.0,146.0
643,157.370,54.760,157.37,54.76,1147.7,24932.0,0.0,0.0
644,157.370,54.760,157.37,54.76,1147.7,26743.0,1218.0,1218.0
645,157.370,54.760,157.37,54.76,1147.7,24548.0,0.0,0.0
646,157.370,54.760,157.37,54.76,1147.7,24715.0,0.0,0.0
647,157.370,54.760,157.37,54.76,1147.7,24256.0,0.0,0.0
648,157.370,54.760,157.37,54.76,1147.7,25320.0,0.0,0.0
649,157.370,54.760,157.37,54.76,1147.7,26021.0,0.0,0.0
650,157.370,54.760,157.37,54.76,1147.7,26348.0,1173.0,1173.0
651,157.370,54.760,157.37,54.76,1147.7,24641.0,0.0,0.0
652,157.370,54.760,157.37,54.76,1147.7,25855.0,295.0,295.0
653,157.370,54.760,157.37,54.76,1147.7,26645.0,1799.0,1799.0
654,157.370,54.760,157.37,54.76,1147.7,25345.0,510.0,510.0
655,157.370,54.760,157.37,54.76,1147.7,26480.0,736.0,736.0
656,157.370,54.760,157.37,54.76,1147.7,27551.0,1313.0,1313.0
657,157.370,54.760,157.37,54.76,1147.7,25820.0,350.0,350.0
658,157.370,54.760,157.37,54.76,1147.7,25957.0,351.0,351.0
659,157.370,54.760,157.37,54.76,1147.7,23949.0,0.0,0.0
660,157.370,54.760,157.37,54.76,1147.7,24572.0,0.0,0.0
661,157.370,54.760,157.37,54.76,1147.7,25756.0,0.0,0.0
662,157.370,54.760,157.37,54.76,1147.7,26015.0,8.0,8.0
663,157.370,54.760,157.37,54.76,1147.7,27341.0,1241.0,1241.0
664,157.370,54.760,157.37,54.76,1147.7,25411.0,0.0,0.0
665,157.370,54.760,157.37,54.76,1147.7,24743.0,0.0,0.0
666,157.370,54.760,157.37,54.76,1147.7,25835.0,75.0,75.0
667,157.370,54.760,157.37,54.76,1147.7,24300.0,0.0,0.0
668,157.370,54.760,157.37,54.76,1147.7,26587.0,478.0,478.0
669,157.370,54.760,157.37,54.76,1147.7,25574.0,27.0,27.0
670,157.370,54.760,157.37,54.76,1147.7,26395.0,1064.0,1064.0
671,157.370,54.760,157.37,54.76,1147.7,25530.0,0.0,0.0
672,157.370,54.760,157.37,54.76,1147.7,26493.0,0.0,0.0
673,157.370,54.760,157.37,54.76,1147.7,26946.0,1654.0,1654.0
674,157.370,54.760,157.37,54.76,1147.7,23413.0,0.0,0.0
675,157.370,54.760,157.37,54.76,1147.7,24840.0,0.0,0.0
676,157.370,54.760,157.37,54.76,1147.7,25136.0,0.0,0.0
677,157.370,54.760,157.37,54.76,1147.7,26881.0,886.0,886.0
678,157.370,54.760,157.37,54.76,1147.7,25234.0,970.0,970.0
679,157.370,54.760,157.37,54.76,1147.7,25303.0,762.0,762.0
680,157.370,54.760,157.37,54.76,1147.7,25202.0,759.0,759.0
681,157.370,54.760,157.37,54.76,1147.7,27749.0,919.0,919.0
682,157.370,54.760,157.37,54.76,1147.7,26159.0,0.0,0.0
683,157.370,54.760,157.37,54.76,1147.7,24526.0,86.0,86.0
684,157.370,54.760,157.37,54.76,1147.7,25412.0,332.0,332.0
685,157.370,54.760,157.37,54.76,1147.7,25980.0,632.0,632.0
686,157.370,54.760,157.37,54.76,1147.7,24715.0,24.0,24.0
687,157.370,54.760,157.37,54.76,1147.7,24820.0,0.0,0.0
688,157.370,54.760,157.37,54.76,1147.7,25325.0,0.0,0.0
689,157.370,54.760,157.37,54.76,1147.7,26182.0,410.0,410.0
690,157.370,54.760,157.37,54.76,1147.7,27304.0,1481.0,1481.0
691,157.370,54.760,157.37,54.76,1147.7,24219.0,0.0,0.0
692,157.370,54.760,157.37,54.76,1147.7,24987.0,0.0,0.0
693,157.370,54.760,157.37,54.76,1147.7,24075.0,0.0,0.0
694,157.370,54.760,157.37,54.76,1147.7,24495.0,224.0,224.0
