id,avg_x,avg_y,x,y,bg,Square_intensity,circular_intensity,Gaussian_intensity
1,64.950,206.100,65.2,206.52,1118.4,42003.0,9301.0,9301.0
2,64.950,206.100,65,206.25,1118.4,41749.0,10128.0,10128.0
3,64.950,206.100,65.41,206.4,1118.4,44071.0,12416.0,12416.0
4,64.950,206.100,65.34,206.33,1118.4,45654.0,13955.0,13955.0
5,64.950,206.100,65.31,206.46,1118.4,43649.0,11555.0,11555.0
6,64.950,206.100,65.38,206.41,1118.4,43045.0,11658.0,11658.0
7,64.950,206.100,65.6,206.14,1118.4,42399.0,10895.0,10895.0
8,64.950,206.100,65.28,206.35,1118.4,43450.0,10727.0,10727.0
9,64.950,206.100,65.15,206.41,1118.4,40554.0,9626.0,9626.0
10,64.950,206.100,65.2,206.48,1118.4,41017.0,9704.0,9704.0
11,64.950,206.100,64.84,206.64,1118.4,41977.0,10125.0,10125.0
12,64.950,206.100,65.25,206.1,1118.4,41322.0,10199.0,10199.0
13,64.950,206.100,65.42,206.45,1118.4,41869.0,11150.0,11150.0
14,64.950,206.100,65.27,206.6,1118.4,41132.0,10577.0,10577.0
15,64.950,206.100,65.34,206.45,1118.4,41675.0,10301.0,10301.0
16,64.950,206.100,65.05,206.08,1118.4,40945.0,9871.0,9871.0
17,64.950,206.100,65.09,206.16,1118.4,44094.0,12874.0,12874.0
18,64.950,206.100,65.1,206.8,1118.4,42127.0,10896.0,10896.0
19,64.950,206.100,65.11,206.2,1118.4,41202.0,9490.0,9490.0
20,64.950,206.100,65.2,206.5,1118.4,41374.0,10502.0,10502.0
21,64.950,206.100,65.23,206.51,1118.4,43355.0,11463.0,11463.0
22,64.950,206.100,65.16,206.29,1118.4,40515.0,10557.0,10557.0
23,64.950,206.100,65.55,206.31,1118.4,39649.0,9896.0,9896.0
24,64.950,206.100,65.16,206.38,1118.4,44962.0,13228.0,13228.0
25,64.950,206.100,65.06,206.57,1118.4,41462.0,10713.0,10713.0
26,64.950,206.100,65.26,206.29,1118.4,41638.0,10716.0,10716.0
27,64.950,206.100,65.01,206.47,1118.4,42812.0,11675.0,11675.0
28,64.950,206.100,65.23,206.55,1118.4,43217.0,11795.0,11795.0
29,64.950,206.100,65.43,206.45,1118.4,43232.0,12235.0,12235.0
30,64.950,206.100,65.01,206.31,1118.4,42962.0,12552.0,12552.0
31,64.950,206.100,65.08,206.22,1118.4,38199.0,8557.0,8557.0
32,64.950,206.100,65.13,206.37,1118.4,40967.0,11359.0,11359.0
33,64.950,206.100,64.99,206.59,1118.4,41805.0,11362.0,11362.0
34,64.950,206.100,65.15,206.08,1118.4,42180.0,11797.0,11797.0
35,64.950,206.100,65.34,206.51,1118.4,42804.0,11338.0,11338.0
36,64.950,206.100,65.44,206.41,1118.4,41741.0,11913.0,11913.0
37,64.950,206.100,65.13,206.48,1118.4,40358.0,11092.0,11092.0
38,64.950,206.100,64.96,206.15,1118.4,41087.0,9278.0,9278.0
39,64.950,206.100,64.94,206.15,1118.4,44652.0,14470.0,14470.0
40,64.950,206.100,65.07,206.43,1118.4,41042.0,9232.0,9232.0
41,64.950,206.100,65.12,206.26,1118.4,39253.0,9837.0,9837.0
42,64.950,206.100,65.1,206.39,1118.4,40878.0,10388.0,10388.0
43,64.950,206.100,65.36,206.55,1118.4,38145.0,8279.0,8279.0
44,64.950,206.100,65.17,206.19,1118.4,43349.0,13335.0,13335.0
45,64.950,206.100,64.87,206.28,1118.4,40731.0,9761.0,9761.0
46,64.950,206.100,64.79,206.5,1118.4,40089.0,10887.0,10887.0
47,64.950,206.100,65.31,206.35,1118.4,41412.0,11869.0,11869.0
48,64.950,206.100,65.1,206.47,1118.4,40124.0,11079.0,11079.0
49,64.950,206.100,65.16,206.37,1118.4,40948.0,10886.0,10886.0
50,64.950,206.100,65.25,206.42,1118.4,41382.0,12389.0,12389.0
51,64.950,206.100,65.15,206.38,1118.4,41075.0,10868.0,10868.0
52,64.950,206.100,65.06,206.21,1118.4,43029.0,12460.0,12460.0
53,64.950,206.100,64.99,206.1,1118.4,44076.0,13173.0,13173.0
54,64.950,206.100,65.03,206.18,1118.4,40785.0,11367.0,11367.0
55,64.950,206.100,64.99,206.42,1118.4,41537.0,13098.0,13098.0
56,64.950,206.100,64.61,206.58,1118.4,42497.0,11611.0,11611.0
57,64.950,206.100,64.97,206.41,1118.4,43128.0,13620.0,13620.0
58,64.950,206.100,64.74,206.42,1118.4,41287.0,11467.0,11467.0
59,64.950,206.100,65.37,206.35,1118.4,42614.0,13456.0,13456.0
60,64.950,206.100,65.07,206.1,1118.4,44229.0,12602.0,12602.0
61,64.950,206.100,65.07,206.4,1118.4,40774.0,11697.0,11697.0
62,64.950,206.100,64.98,206.59,1118.4,41377.0,11554.0,11554.0
63,64.950,206.100,65.13,206.66,1118.4,44843.0,14896.0,14896.0
64,64.950,206.100,65.16,206.67,1118.4,38722.0,10032.0,10032.0
65,64.950,206.100,65.09,206.16,1118.4,41171.0,10354.0,10354.0
66,64.950,206.100,64.9,206.37,1118.4,39490.0,10242.0,10242.0
67,64.950,206.100,64.86,206.38,1118.4,41585.0,12106.0,12106.0
68,64.950,206.100,64.87,206.08,1118.4,38050.0,8504.0,8504.0
69,64.950,206.100,65.31,205.94,1118.4,39868.0,10400.0,10400.0
70,64.950,206.100,65.43,206.33,1118.4,39570.0,9787.0,9787.0
71,64.950,206.100,65.08,206.35,1118.4,41664.0,11744.0,11744.0
72,64.950,206.100,64.71,206.51,1118.4,39706.0,10011.0,10011.0
73,64.950,206.100,64.98,206.42,1118.4,40817.0,11188.0,11188.0
74,64.950,206.100,65.08,206.41,1118.4,38029.0,8823.0,8823.0
75,64.950,206.100,65.19,206.54,1118.4,41198.0,11842.0,11842.0
76,64.950,206.100,64.88,206.35,1118.4,39609.0,10571.0,10571.0
77,64.950,206.100,64.84,206.53,1118.4,45227.0,15492.0,15492.0
78,64.950,206.100,65.02,206.33,1118.4,42325.0,12968.0,12968.0
79,64.950,206.100,65.06,206.36,1118.4,40709.0,11698.0,11698.0
80,64.950,206.100,65.03,206.39,1118.4,38133.0,9636.0,9636.0
81,64.950,206.100,64.85,206.18,1118.4,40073.0,9937.0,9937.0
82,64.950,206.100,65.17,206.57,1118.4,38572.0,9295.0,9295.0
83,64.950,206.100,64.87,206.23,1118.4,40567.0,11448.0,11448.0
84,64.950,206.100,64.96,206.22,1118.4,41424.0,12058.0,12058.0
85,64.950,206.100,65.1,206.35,1118.4,43200.0,13623.0,13623.0
86,64.950,206.100,65,206.28,1118.4,39404.0,10842.0,10842.0
87,64.950,206.100,65.49,206.39,1118.4,39960.0,10338.0,10338.0
88,64.950,206.100,65.15,206.44,1118.4,38822.0,10835.0,10835.0
89,64.950,206.100,65.01,206.43,1118.4,41004.0,11673.0,11673.0
90,64.950,206.100,65.12,206.32,1118.4,37643.0,9674.0,9674.0
91,64.950,206.100,65.06,206.55,1118.4,37895.0,9623.0,9623.0
92,64.950,206.100,64.66,206.33,1118.4,41485.0,12880.0,12880.0
93,64.950,206.100,64.89,206.36,1118.4,40649.0,11991.0,11991.0
94,64.950,206.100,65.01,206.37,1118.4,41035.0,12868.0,12868.0
95,64.950,206.100,65.32,206.54,1118.4,39746.0,10030.0,10030.0
96,64.950,206.100,64.7,206.38,1118.4,39506.0,11199.0,11199.0
97,64.950,206.100,65.21,206.45,1118.4,43005.0,13869.0,13869.0
98,64.950,206.100,65,206.29,1118.4,38067.0,9652.0,9652.0
99,64.950,206.100,65.05,206.53,1118.4,39845.0,10351.0,10351.0
100,64.950,206.100,65.05,206.35,1118.4,37331.0,8279.0,8279.0
101,64.950,206.100,65,206.53,1118.4,37316.0,8525.0,8525.0
102,64.950,206.100,64.85,206.17,1118.4,39699.0,10223.0,10223.0
103,64.950,206.100,65.18,206.52,1118.4,38342.0,9483.0,9483.0
104,64.950,206.100,65.03,206.42,1118.4,39428.0,9556.0,9556.0
105,64.950,206.100,65.03,206.52,1118.4,38203.0,10370.0,10370.0
106,64.950,206.100,65.13,206.42,1118.4,41036.0,11160.0,11160.0
107,64.950,206.100,65.15,206.3,1118.4,40058.0,10752.0,10752.0
108,64.950,206.100,65.08,206.47,1118.4,41288.0,12286.0,12286.0
109,64.950,206.100,64.93,206.58,1118.4,38534.0,10066.0,10066.0
110,64.950,206.100,65.03,206.18,1118.4,39788.0,11320.0,11320.0
111,64.950,206.100,64.96,206.43,1118.4,40679.0,11746.0,11746.0
112,64.950,206.100,65.02,206.11,1118.4,39787.0,10560.0,10560.0
113,64.950,206.100,65.28,206.4,1118.4,39986.0,10913.0,10913.0
114,64.950,206.100,64.97,206.34,1118.4,41052.0,11247.0,11247.0
115,64.950,206.100,64.72,206.39,1118.4,38821.0,11552.0,11552.0
116,64.950,206.100,65.06,206.31,1118.4,41197.0,11869.0,11869.0
117,64.950,206.100,64.82,206.07,1118.4,37522.0,8255.0,8255.0
118,64.950,206.100,65.3,206.5,1118.4,40339.0,10975.0,10975.0
119,64.950,206.100,64.93,206.41,1118.4,40336.0,11108.0,11108.0
120,64.950,206.100,64.97,206.36,1118.4,39541.0,10751.0,10751.0
121,64.950,206.100,64.97,206.17,1118.4,40959.0,12191.0,12191.0
122,64.950,206.100,65.04,206.34,1118.4,40329.0,10769.0,10769.0
123,64.950,206.100,65.03,206.15,1118.4,38635.0,9359.0,9359.0
124,64.950,206.100,65.02,206.39,1118.4,39367.0,10794.0,10794.0
125,64.950,206.100,64.88,206.58,1118.4,42808.0,13932.0,13932.0
126,64.950,206.100,64.93,206.44,1118.4,38010.0,10414.0,10414.0
127,64.950,206.100,65.06,206.48,1118.4,36357.0,8367.0,8367.0
128,64.950,206.100,65.08,206.29,1118.4,38771.0,11413.0,11413.0
129,64.950,206.100,64.83,206.66,1118.4,39293.0,11532.0,11532.0
130,64.950,206.100,64.62,206.28,1118.4,38763.0,10522.0,10522.0
131,64.950,206.100,64.84,206.44,1118.4,40667.0,10319.0,10319.0
132,64.950,206.100,64.96,206.17,1118.4,37637.0,10135.0,10135.0
133,64.950,206.100,65.06,206.19,1118.4,40647.0,12107.0,12107.0
134,64.950,206.100,64.98,206,1118.4,38600.0,11175.0,11175.0
135,64.950,206.100,64.99,206.65,1118.4,39113.0,9301.0,9301.0
136,64.950,206.100,65.06,206.59,1118.4,42052.0,13549.0,13549.0
137,64.950,206.100,64.91,206.59,1118.4,41129.0,13218.0,13218.0
138,64.950,206.100,65.03,206.43,1118.4,42395.0,12932.0,12932.0
139,64.950,206.100,65.12,206.62,1118.4,38806.0,11326.0,11326.0
140,64.950,206.100,65.09,206.56,1118.4,40373.0,12917.0,12917.0
141,64.950,206.100,64.85,206.2,1118.4,39224.0,11462.0,11462.0
142,64.950,206.100,64.98,206.54,1118.4,37892.0,9727.0,9727.0
143,64.950,206.100,65.18,206.21,1118.4,40579.0,12440.0,12440.0
144,64.950,206.100,65.09,206.04,1118.4,38164.0,9317.0,9317.0
145,64.950,206.100,64.94,206.24,1118.4,38782.0,11111.0,11111.0
146,64.950,206.100,65.08,206.73,1118.4,40254.0,11242.0,11242.0
147,64.950,206.100,64.86,206.28,1118.4,41255.0,13013.0,13013.0
148,64.950,206.100,65.15,206.25,1118.4,41154.0,11437.0,11437.0
149,64.950,206.100,64.95,206.21,1118.4,36625.0,9464.0,9464.0
150,64.950,206.100,64.81,206.43,1118.4,39621.0,12185.0,12185.0
151,64.950,206.100,64.97,206.47,1118.4,38535.0,10328.0,10328.0
152,64.950,206.100,64.92,206.2,1118.4,41286.0,13400.0,13400.0
153,64.950,206.100,64.58,206.3,1118.4,40414.0,12112.0,12112.0
154,64.950,206.100,64.9,206.45,1118.4,39754.0,11903.0,11903.0
155,64.950,206.100,65.42,206.39,1118.4,40658.0,12708.0,12708.0
156,64.950,206.100,65.09,206.4,1118.4,41702.0,12877.0,12877.0
157,64.950,206.100,65.08,206.42,1118.4,38744.0,10889.0,10889.0
158,64.950,206.100,64.63,206.33,1118.4,42982.0,13427.0,13427.0
159,64.950,206.100,65.18,206.3,1118.4,41675.0,13541.0,13541.0
160,64.950,206.100,64.99,206.27,1118.4,40168.0,10930.0,10930.0
161,64.950,206.100,65.15,206.33,1118.4,42975.0,15270.0,15270.0
162,64.950,206.100,64.82,206.2,1118.4,40225.0,11681.0,11681.0
163,64.950,206.100,65.11,206.49,1118.4,41399.0,12064.0,12064.0
164,64.950,206.100,64.99,206.25,1118.4,38933.0,10296.0,10296.0
165,64.950,206.100,64.82,206.44,1118.4,41899.0,14351.0,14351.0
166,64.950,206.100,65.08,206.33,1118.4,37364.0,9446.0,9446.0
167,64.950,206.100,64.59,206.45,1118.4,37884.0,10428.0,10428.0
168,64.950,206.100,65.06,206.52,1118.4,38004.0,10225.0,10225.0
169,64.950,206.100,64.94,206.36,1118.4,38903.0,10798.0,10798.0
170,64.950,206.100,64.95,206.48,1118.4,37099.0,9842.0,9842.0
171,64.950,206.100,65.12,206.29,1118.4,37580.0,10445.0,10445.0
172,64.950,206.100,64.59,206.48,1118.4,39330.0,11196.0,11196.0
173,64.950,206.100,65.02,206.41,1118.4,38381.0,9928.0,9928.0
174,64.950,206.100,65,206.3,1118.4,39015.0,10847.0,10847.0
175,64.950,206.100,64.88,206.49,1118.4,42572.0,14330.0,14330.0
176,64.950,206.100,65.45,206.41,1118.4,41865.0,13694.0,13694.0
177,64.950,206.100,64.71,206.26,1118.4,37859.0,9166.0,9166.0
178,64.950,206.100,65.02,206.56,1118.4,39917.0,11777.0,11777.0
179,64.950,206.100,64.88,206.22,1118.4,37590.0,10358.0,10358.0
180,64.950,206.100,65.11,206.57,1118.4,37814.0,10197.0,10197.0
181,64.950,206.100,65.04,206.27,1118.4,40043.0,12389.0,12389.0
182,64.950,206.100,65.25,206.29,1118.4,42140.0,12630.0,12630.0
183,64.950,206.100,64.81,206.47,1118.4,39480.0,11348.0,11348.0
184,64.950,206.100,64.67,206.38,1118.4,38684.0,10886.0,10886.0
185,64.950,206.100,64.81,206.35,1118.4,39111.0,12949.0,12949.0
186,64.950,206.100,64.88,206.28,1118.4,39124.0,10985.0,10985.0
187,64.950,206.100,65.17,206.21,1118.4,39531.0,11408.0,11408.0
188,64.950,206.100,64.81,206.24,1118.4,39136.0,10424.0,10424.0
189,64.950,206.100,65.15,206.36,1118.4,35758.0,9817.0,9817.0
190,64.950,206.100,64.78,206.51,1118.4,37729.0,9314.0,9314.0
191,64.950,206.100,64.82,206.53,1118.4,39519.0,10958.0,10958.0
192,64.950,206.100,64.58,206.42,1118.4,38830.0,9592.0,9592.0
193,64.950,206.100,64.7,206.37,1118.4,40661.0,11858.0,11858.0
194,64.950,206.100,64.83,206.15,1118.4,38440.0,11009.0,11009.0
195,64.950,206.100,64.91,206.16,1118.4,40317.0,11285.0,11285.0
196,64.950,206.100,64.99,206.26,1118.4,38355.0,10464.0,10464.0
197,64.950,206.100,64.78,206.26,1118.4,38935.0,9775.0,9775.0
198,64.950,206.100,64.91,206.32,1118.4,37533.0,10585.0,10585.0
199,64.950,206.100,65.11,206.28,1118.4,40431.0,11949.0,11949.0
200,64.950,206.100,64.38,206.11,1118.4,40248.0,12208.0,12208.0
201,64.950,206.100,64.76,206.16,1118.4,39065.0,10818.0,10818.0
202,64.950,206.100,64.83,206.1,1118.4,37382.0,9330.0,9330.0
203,64.950,206.100,64.6,206.42,1118.4,37073.0,10086.0,10086.0
204,64.950,206.100,64.94,206.3,1118.4,38447.0,9734.0,9734.0
205,64.950,206.100,65.02,206.37,1118.4,38412.0,10650.0,10650.0
206,64.950,206.100,65.02,206.3,1118.4,39319.0,11285.0,11285.0
207,64.950,206.100,64.82,206.29,1118.4,38630.0,11290.0,11290.0
208,64.950,206.100,64.46,206.58,1118.4,38381.0,10957.0,10957.0
209,64.950,206.100,64.91,206.2,1118.4,40385.0,11660.0,11660.0
210,64.950,206.100,64.84,206.26,1118.4,38464.0,10884.0,10884.0
211,64.950,206.100,64.93,206.31,1118.4,36206.0,9722.0,9722.0
212,64.950,206.100,64.89,206.32,1118.4,40429.0,11590.0,11590.0
213,64.950,206.100,64.59,206.43,1118.4,38731.0,10470.0,10470.0
214,64.950,206.100,65.13,206.39,1118.4,39357.0,10973.0,10973.0
215,64.950,206.100,65.11,206.16,1118.4,37421.0,8450.0,8450.0
216,64.950,206.100,64.94,206.61,1118.4,38014.0,10176.0,10176.0
217,64.950,206.100,64.9,206.27,1118.4,39066.0,10944.0,10944.0
218,64.950,206.100,65.13,206.07,1118.4,38278.0,10580.0,10580.0
219,64.950,206.100,65.07,206.3,1118.4,38839.0,10912.0,10912.0
220,64.950,206.100,64.9,206.21,1118.4,36408.0,9427.0,9427.0
221,64.950,206.100,64.86,206.39,1118.4,39327.0,11527.0,11527.0
222,64.950,206.100,64.81,206.27,1118.4,38774.0,11309.0,11309.0
223,64.950,206.100,64.93,206.41,1118.4,40136.0,11070.0,11070.0
224,64.950,206.100,64.98,206.19,1118.4,40856.0,13078.0,13078.0
225,64.950,206.100,64.65,206.25,1118.4,41430.0,13281.0,13281.0
226,64.950,206.100,64.59,206.43,1118.4,37794.0,11117.0,11117.0
227,64.950,206.100,65,206.12,1118.4,39523.0,10348.0,10348.0
228,64.950,206.100,64.74,206.47,1118.4,40397.0,12175.0,12175.0
229,64.950,206.100,64.93,206.24,1118.4,38885.0,10236.0,10236.0
230,64.950,206.100,65.43,206.41,1118.4,37649.0,11007.0,11007.0
231,64.950,206.100,65.12,206.31,1118.4,36207.0,9283.0,9283.0
232,64.950,206.100,64.93,206.15,1118.4,36914.0,10238.0,10238.0
233,64.950,206.100,64.9,206.44,1118.4,42010.0,12740.0,12740.0
234,64.950,206.100,65.16,206.46,1118.4,40735.0,12778.0,12778.0
235,64.950,206.100,64.94,206.24,1118.4,41122.0,13130.0,13130.0
236,64.950,206.100,64.96,206.31,1118.4,40361.0,13048.0,13048.0
237,64.950,206.100,65.06,206.46,1118.4,40308.0,11700.0,11700.0
238,64.950,206.100,65.04,206.25,1118.4,41594.0,13158.0,13158.0
239,64.950,206.100,64.62,206.37,1118.4,41680.0,13882.0,13882.0
240,64.950,206.100,64.8,206.48,1118.4,37252.0,9342.0,9342.0
241,64.950,206.100,64.73,206.27,1118.4,38960.0,10872.0,10872.0
242,64.950,206.100,64.76,206.4,1118.4,40452.0,13390.0,13390.0
243,64.950,206.100,64.93,206.21,1118.4,42709.0,14016.0,14016.0
244,64.950,206.100,64.79,206.28,1118.4,40624.0,12884.0,12884.0
245,64.950,206.100,65.1,206.79,1118.4,39665.0,12038.0,12038.0
246,64.950,206.100,65.08,206.27,1118.4,39432.0,12432.0,12432.0
247,64.950,206.100,64.71,206.47,1118.4,41453.0,13119.0,13119.0
248,64.950,206.100,65.03,206.31,1118.4,40141.0,11167.0,11167.0
249,64.950,206.100,64.91,206.38,1118.4,39051.0,9440.0,9440.0
250,64.950,206.100,64.97,206.18,1118.4,40064.0,10833.0,10833.0
251,64.950,206.100,65.15,206.18,1118.4,38182.0,9661.0,9661.0
252,64.950,206.100,64.76,206.37,1118.4,39482.0,11065.0,11065.0
253,64.950,206.100,64.86,206.29,1118.4,39274.0,10149.0,10149.0
254,64.950,206.100,64.86,206.25,1118.4,41809.0,12553.0,12553.0
255,64.950,206.100,64.53,206.53,1118.4,39331.0,11340.0,11340.0
256,64.950,206.100,64.92,205.92,1118.4,41675.0,11754.0,11754.0
257,64.950,206.100,65.11,206.39,1118.4,39221.0,10880.0,10880.0
258,64.950,206.100,64.65,205.9,1118.4,39594.0,10051.0,10051.0
259,64.950,206.100,64.89,206.25,1118.4,38517.0,10714.0,10714.0
260,64.950,206.100,64.95,206.54,1118.4,36939.0,8408.0,8408.0
261,64.950,206.100,64.92,206.52,1118.4,39732.0,11165.0,11165.0
262,64.950,206.100,64.84,206.5,1118.4,38929.0,10614.0,10614.0
263,64.950,206.100,64.83,206.16,1118.4,39521.0,11785.0,11785.0
264,64.950,206.100,64.79,206.39,1118.4,39480.0,11288.0,11288.0
265,64.950,206.100,64.62,206.42,1118.4,40780.0,12218.0,12218.0
266,64.950,206.100,64.78,206.46,1118.4,39676.0,9944.0,9944.0
267,64.950,206.100,65.03,206.2,1118.4,40331.0,11507.0,11507.0
268,64.950,206.100,64.82,206.18,1118.4,39272.0,9547.0,9547.0
269,64.950,206.100,64.93,206.27,1118.4,38544.0,10794.0,10794.0
270,64.950,206.100,64.9,206.03,1118.4,37199.0,9557.0,9557.0
271,64.950,206.100,64.56,206.47,1118.4,39597.0,10946.0,10946.0
272,64.950,206.100,64.82,206.02,1118.4,38846.0,10601.0,10601.0
273,64.950,206.100,64.9,206.1,1118.4,40207.0,12147.0,12147.0
274,64.950,206.100,64.8,206.27,1118.4,36441.0,9108.0,9108.0
275,64.950,206.100,64.95,205.99,1118.4,37123.0,8419.0,8419.0
276,64.950,206.100,64.97,206.06,1118.4,42342.0,12822.0,12822.0
277,64.950,206.100,64.96,206.23,1118.4,39352.0,10443.0,10443.0
278,64.950,206.100,64.87,206.24,1118.4,38529.0,10237.0,10237.0
279,64.950,206.100,64.96,206.56,1118.4,38068.0,9767.0,9767.0
280,64.950,206.100,64.71,206.35,1118.4,40813.0,12081.0,12081.0
281,64.950,206.100,64.93,206.17,1118.4,42152.0,13581.0,13581.0
282,64.950,206.100,65,206.23,1118.4,39881.0,11367.0,11367.0
283,64.950,206.100,64.92,206.51,1118.4,39350.0,10845.0,10845.0
284,64.950,206.100,65.02,206.31,1118.4,38221.0,9805.0,9805.0
285,64.950,206.100,64.85,206.18,1118.4,38205.0,9086.0,9086.0
286,64.950,206.100,64.94,206.26,1118.4,40162.0,11933.0,11933.0
287,64.950,206.100,64.86,206.2,1118.4,39862.0,12318.0,12318.0
288,64.950,206.100,64.63,206.49,1118.4,38142.0,10226.0,10226.0
289,64.950,206.100,64.98,206.19,1118.4,41007.0,10143.0,10143.0
290,64.950,206.100,64.63,206.48,1118.4,40560.0,11627.0,11627.0
291,64.950,206.100,64.79,206.22,1118.4,40670.0,12486.0,12486.0
292,64.950,206.100,65.44,206.34,1118.4,37565.0,10393.0,10393.0
293,64.950,206.100,65.45,206.43,1118.4,39752.0,10910.0,10910.0
294,64.950,206.100,65.01,206.3,1118.4,40590.0,11397.0,11397.0
295,64.950,206.100,64.98,206.34,1118.4,38476.0,10183.0,10183.0
296,64.950,206.100,64.62,206.53,1118.4,40195.0,12096.0,12096.0
297,64.950,206.100,65.01,206.2,1118.4,40914.0,11405.0,11405.0
298,64.950,206.100,64.84,206.3,1118.4,39641.0,10355.0,10355.0
299,64.950,206.100,65.06,206.24,1118.4,39054.0,9309.0,9309.0
300,64.950,206.100,64.78,206.36,1118.4,38391.0,9510.0,9510.0
301,64.950,206.100,64.97,206.39,1118.4,38796.0,10401.0,10401.0
302,64.950,206.100,64.93,206.15,1118.4,41442.0,12267.0,12267.0
303,64.950,206.100,64.96,206.33,1118.4,38523.0,10056.0,10056.0
304,64.950,206.100,64.59,206.29,1118.4,39639.0,11355.0,11355.0
305,64.950,206.100,64.91,206.47,1118.4,40308.0,12044.0,12044.0
306,64.950,206.100,64.99,206.18,1118.4,40992.0,12344.0,12344.0
307,64.950,206.100,64.82,206.36,1118.4,40756.0,12282.0,12282.0
308,64.950,206.100,64.62,206.35,1118.4,41559.0,12577.0,12577.0
309,64.950,206.100,64.97,206.18,1118.4,38684.0,9595.0,9595.0
310,64.950,206.100,64.83,206.32,1118.4,39158.0,11148.0,11148.0
311,64.950,206.100,64.82,206.12,1118.4,37969.0,9420.0,9420.0
312,64.950,206.100,64.69,206.5,1118.4,38828.0,9957.0,9957.0
313,64.950,206.100,64.79,206.32,1118.4,38966.0,10974.0,10974.0
314,64.950,206.100,64.91,206.14,1118.4,38358.0,10151.0,10151.0
315,64.950,206.100,64.95,206.1,1118.4,39338.0,9868.0,9868.0
316,64.950,206.100,64.76,206.41,1118.4,39576.0,10494.0,10494.0
317,64.950,206.100,64.89,206.08,1118.4,38621.0,9957.0,9957.0
318,64.950,206.100,64.88,206.25,1118.4,40943.0,12129.0,12129.0
319,64.950,206.100,64.76,206.33,1118.4,42135.0,13372.0,13372.0
320,64.950,206.100,65.07,206.08,1118.4,43217.0,12478.0,12478.0
321,64.950,206.100,64.65,206.26,1118.4,40174.0,12167.0,12167.0
322,64.950,206.100,64.96,206.26,1118.4,41469.0,12644.0,12644.0
323,64.950,206.100,64.74,206.37,1118.4,39984.0,11912.0,11912.0
324,64.950,206.100,64.81,206.43,1118.4,40540.0,12030.0,12030.0
325,64.950,206.100,64.74,206.06,1118.4,41474.0,12097.0,12097.0
326,64.950,206.100,64.81,206.2,1118.4,39035.0,10977.0,10977.0
327,64.950,206.100,64.63,206.39,1118.4,37417.0,9586.0,9586.0
328,64.950,206.100,64.72,206.38,1118.4,39117.0,11546.0,11546.0
329,64.950,206.100,64.87,206.17,1118.4,38447.0,10203.0,10203.0
330,64.950,206.100,64.63,206.41,1118.4,40885.0,11642.0,11642.0
331,64.950,206.100,64.89,206.18,1118.4,40032.0,11967.0,11967.0
332,64.950,206.100,64.96,206.15,1118.4,41032.0,11993.0,11993.0
333,64.950,206.100,64.82,206.46,1118.4,42195.0,13481.0,13481.0
334,64.950,206.100,64.84,206.23,1118.4,39605.0,11945.0,11945.0
335,64.950,206.100,64.99,206.09,1118.4,43602.0,14965.0,14965.0
336,64.950,206.100,64.88,206.03,1118.4,38738.0,10538.0,10538.0
337,64.950,206.100,64.95,206.43,1118.4,38885.0,10669.0,10669.0
338,64.950,206.100,64.62,206.3,1118.4,40229.0,12249.0,12249.0
339,64.950,206.100,64.84,206.42,1118.4,39764.0,11000.0,11000.0
340,64.950,206.100,64.78,205.92,1118.4,42025.0,12638.0,12638.0
341,64.950,206.100,64.86,206.16,1118.4,40874.0,12690.0,12690.0
342,64.950,206.100,64.9,206.04,1118.4,40265.0,11615.0,11615.0
343,64.950,206.100,64.74,206.42,1118.4,40465.0,13420.0,13420.0
344,64.950,206.100,64.75,206.47,1118.4,38202.0,9988.0,9988.0
345,64.950,206.100,64.92,206.18,1118.4,42261.0,14028.0,14028.0
346,64.950,206.100,64.8,206.16,1118.4,39452.0,11977.0,11977.0
347,64.950,206.100,64.95,206.24,1118.4,41467.0,13235.0,13235.0
348,64.950,206.100,65.13,206.37,1118.4,39338.0,10632.0,10632.0
349,64.950,206.100,64.72,206.23,1118.4,39557.0,10922.0,10922.0
350,64.950,206.100,64.88,206.11,1118.4,40095.0,11261.0,11261.0
351,64.950,206.100,64.53,206.31,1118.4,39318.0,11853.0,11853.0
352,64.950,206.100,64.86,206.32,1118.4,39505.0,10771.0,10771.0
353,64.950,206.100,64.99,205.92,1118.4,40311.0,10752.0,10752.0
354,64.950,206.100,64.6,206.31,1118.4,39994.0,12015.0,12015.0
355,64.950,206.100,64.9,206.36,1118.4,38689.0,10092.0,10092.0
356,64.950,206.100,64.58,206.05,1118.4,37572.0,10333.0,10333.0
357,64.950,206.100,64.94,206.51,1118.4,38951.0,10300.0,10300.0
358,64.950,206.100,64.61,206.43,1118.4,39524.0,11087.0,11087.0
359,64.950,206.100,64.88,206.34,1118.4,41134.0,11969.0,11969.0
360,64.950,206.100,64.76,206.2,1118.4,39793.0,10900.0,10900.0
361,64.950,206.100,64.84,206.37,1118.4,40929.0,11390.0,11390.0
362,64.950,206.100,64.53,206.17,1118.4,39238.0,9879.0,9879.0
363,64.950,206.100,64.71,206.03,1118.4,41128.0,12338.0,12338.0
364,64.950,206.100,64.97,206.38,1118.4,37110.0,7780.0,7780.0
365,64.950,206.100,64.64,206.42,1118.4,41569.0,12288.0,12288.0
366,64.950,206.100,64.79,206.23,1118.4,42164.0,12772.0,12772.0
367,64.950,206.100,64.75,206.28,1118.4,38445.0,10917.0,10917.0
368,64.950,206.100,64.76,206.38,1118.4,41638.0,13117.0,13117.0
369,64.950,206.100,65.09,206.11,1118.4,40577.0,11512.0,11512.0
370,64.950,206.100,64.65,206.44,1118.4,41849.0,13734.0,13734.0
371,64.950,206.100,64.94,206.42,1118.4,39054.0,10705.0,10705.0
372,64.950,206.100,64.66,206.1,1118.4,39566.0,10944.0,10944.0
373,64.950,206.100,64.78,206.27,1118.4,43358.0,13836.0,13836.0
374,64.950,206.100,64.81,206.13,1118.4,38775.0,10579.0,10579.0
375,64.950,206.100,64.79,205.93,1118.4,40207.0,11144.0,11144.0
376,64.950,206.100,64.97,206.09,1118.4,40039.0,11375.0,11375.0
377,64.950,206.100,64.85,206.32,1118.4,39408.0,11046.0,11046.0
378,64.950,206.100,64.82,206.1,1118.4,37655.0,8377.0,8377.0
379,64.950,206.100,64.51,206.21,1118.4,40780.0,12519.0,12519.0
380,64.950,206.100,64.93,206.32,1118.4,41352.0,11789.0,11789.0
381,64.950,206.100,64.98,206.21,1118.4,40289.0,11508.0,11508.0
382,64.950,206.100,64.84,206.2,1118.4,41406.0,11866.0,11866.0
383,64.950,206.100,64.9,206.23,1118.4,40403.0,11535.0,11535.0
384,64.950,206.100,64.56,206.31,1118.4,42284.0,12248.0,12248.0
385,64.950,206.100,64.99,206.25,1118.4,40878.0,11007.0,11007.0
386,64.950,206.100,64.78,206.18,1118.4,42293.0,13843.0,13843.0
387,64.950,206.100,64.52,206.39,1118.4,40816.0,12359.0,12359.0
388,64.950,206.100,64.91,206.2,1118.4,41254.0,12243.0,12243.0
389,64.950,206.100,64.86,206.19,1118.4,39191.0,9928.0,9928.0
390,64.950,206.100,65,206.34,1118.4,38271.0,9623.0,9623.0
391,64.950,206.100,64.97,206.02,1118.4,37875.0,8222.0,8222.0
392,64.950,206.100,64.9,206.08,1118.4,38848.0,10118.0,10118.0
393,64.950,206.100,64.55,206.12,1118.4,39556.0,10502.0,10502.0
394,64.950,206.100,64.75,206.23,1118.4,41349.0,14229.0,14229.0
395,64.950,206.100,64.61,206.43,1118.4,40719.0,12916.0,12916.0
396,64.950,206.100,65.06,205.94,1118.4,39383.0,11375.0,11375.0
397,64.950,206.100,64.71,206.38,1118.4,40729.0,11133.0,11133.0
398,64.950,206.100,64.98,206.21,1118.4,40281.0,13011.0,13011.0
399,64.950,206.100,64.89,206.24,1118.4,39726.0,10998.0,10998.0
400,64.950,206.100,64.81,206.18,1118.4,41250.0,11715.0,11715.0
401,64.950,206.100,64.86,206.11,1118.4,42415.0,13472.0,13472.0
402,64.950,206.100,64.89,206.26,1118.4,38419.0,10520.0,10520.0
403,64.950,206.100,64.93,206.2,1118.4,39998.0,12936.0,12936.0
404,64.950,206.100,64.91,206.07,1118.4,40259.0,10980.0,10980.0
405,64.950,206.100,64.84,206.14,1118.4,38285.0,11268.0,11268.0
406,64.950,206.100,64.85,206.1,1118.4,39062.0,10609.0,10609.0
407,64.950,206.100,64.94,206.12,1118.4,40165.0,11428.0,11428.0
408,64.950,206.100,64.73,206.27,1118.4,40052.0,10718.0,10718.0
409,64.950,206.100,65.03,206.08,1118.4,42305.0,11677.0,11677.0
410,64.950,206.100,64.63,206.2,1118.4,39805.0,9932.0,9932.0
411,64.950,206.100,64.74,206.28,1118.4,38097.0,9173.0,9173.0
412,64.950,206.100,64.9,206.13,1118.4,39695.0,10958.0,10958.0
413,64.950,206.100,65.02,206.1,1118.4,38113.0,9712.0,9712.0
414,64.950,206.100,64.95,206.18,1118.4,38128.0,9377.0,9377.0
415,64.950,206.100,64.87,206.38,1118.4,39575.0,10188.0,10188.0
416,64.950,206.100,64.93,206.21,1118.4,41773.0,11117.0,11117.0
417,64.950,206.100,64.7,206.15,1118.4,40557.0,10145.0,10145.0
418,64.950,206.100,65.02,206.19,1118.4,39078.0,10910.0,10910.0
419,64.950,206.100,64.97,206.24,1118.4,39412.0,10647.0,10647.0
420,64.950,206.100,64.56,206.36,1118.4,40504.0,11149.0,11149.0
421,64.950,206.100,64.76,206.4,1118.4,40484.0,10171.0,10171.0
422,64.950,206.100,64.81,205.93,1118.4,38791.0,9814.0,9814.0
423,64.950,206.100,64.88,206.05,1118.4,40511.0,10825.0,10825.0
424,64.950,206.100,64.83,206.35,1118.4,39375.0,10008.0,10008.0
425,64.950,206.100,64.85,206.08,1118.4,39874.0,12684.0,12684.0
426,64.950,206.100,64.99,206.12,1118.4,40023.0,11712.0,11712.0
427,64.950,206.100,64.68,206.54,1118.4,41897.0,11681.0,11681.0
428,64.950,206.100,65.04,206.12,1118.4,40661.0,11482.0,11482.0
429,64.950,206.100,64.62,206.31,1118.4,40400.0,12220.0,12220.0
430,64.950,206.100,65.14,206.21,1118.4,40874.0,11018.0,11018.0
431,64.950,206.100,64.89,206.27,1118.4,38244.0,9201.0,9201.0
432,64.950,206.100,64.99,206.37,1118.4,41305.0,11543.0,11543.0
433,64.950,206.100,64.98,206.18,1118.4,40264.0,10814.0,10814.0
434,64.950,206.100,64.66,206.09,1118.4,42471.0,12864.0,12864.0
435,64.950,206.100,64.62,205.57,1118.4,43156.0,13631.0,13631.0
436,64.950,206.100,64.65,206.47,1118.4,41978.0,13462.0,13462.0
437,64.950,206.100,64.87,206.11,1118.4,43921.0,13769.0,13769.0
438,64.950,206.100,64.92,206.21,1118.4,41121.0,12126.0,12126.0
439,64.950,206.100,64.92,206.15,1118.4,39364.0,11145.0,11145.0
440,64.950,206.100,64.73,206.11,1118.4,39448.0,10652.0,10652.0
441,64.950,206.100,64.55,206.19,1118.4,39768.0,10385.0,10385.0
442,64.950,206.100,65,206.18,1118.4,40409.0,11944.0,11944.0
443,64.950,206.100,64.95,206.1,1118.4,40770.0,13003.0,13003.0
444,64.950,206.100,64.95,206.1,1118.4,25599.0,0.0,0.0
445,64.950,206.100,64.95,206.1,1118.4,24870.0,0.0,0.0
446,64.950,206.100,64.95,206.1,1118.4,25012.0,0.0,0.0
447,64.950,206.100,64.95,206.1,1118.4,26352.0,0.0,0.0
448,64.950,206.100,64.95,206.1,1118.4,25711.0,0.0,0.0
449,64.950,206.100,64.95,206.1,1118.4,24265.0,0.0,0.0
450,64.950,206.100,64.95,206.1,1118.4,23789.0,0.0,0.0
451,64.950,206.100,64.95,206.1,1118.4,25813.0,0.0,0.0
452,64.950,206.100,64.95,206.1,1118.4,25343.0,0.0,0.0
453,64.950,206.100,64.95,206.1,1118.4,26821.0,851.0,851.0
454,64.950,206.100,64.95,206.1,1118.4,25608.0,0.0,0.0
455,64.950,206.100,64.95,206.1,1118.4,26244.0,0.0,0.0
456,64.950,206.100,64.95,206.1,1118.4,26289.0,546.0,546.0
457,64.950,206.100,64.95,206.1,1118.4,23565.0,0.0,0.0
458,64.950,206.100,64.95,206.1,1118.4,25665.0,0.0,0.0
459,64.950,206.100,64.95,206.1,1118.4,25667.0,0.0,0.0
460,64.950,206.100,64.95,206.1,1118.4,24851.0,0.0,0.0
461,64.950,206.100,64.95,206.1,1118.4,25687.0,0.0,0.0
462,64.950,206.100,64.95,206.1,1118.4,24728.0,0.0,0.0
463,64.950,206.100,64.95,206.1,1118.4,25127.0,0.0,0.0
464,64.950,206.100,64.95,206.1,1118.4,24958.0,0.0,0.0
465,64.950,206.100,64.95,206.1,1118.4,25237.0,0.0,0.0
466,64.950,206.100,64.95,206.1,1118.4,24625.0,0.0,0.0
467,64.950,206.100,64.95,206.1,1118.4,26408.0,0.0,0.0
468,64.950,206.100,64.95,206.1,1118.4,25439.0,528.0,528.0
469,64.950,206.100,64.95,206.1,1118.4,24395.0,0.0,0.0
470,64.950,206.100,64.95,206.1,1118.4,26741.0,755.0,755.0
471,64.950,206.100,64.95,206.1,1118.4,26597.0,39.0,39.0
472,64.950,206.100,64.95,206.1,1118.4,26367.0,0.0,0.0
473,64.950,206.100,64.95,206.1,1118.4,23912.0,0.0,0.0
474,64.950,206.100,64.95,206.1,1118.4,24515.0,0.0,0.0
475,64.950,206.100,64.95,206.1,1118.4,24638.0,0.0,0.0
476,64.950,206.100,64.95,206.1,1118.4,25892.0,0.0,0.0
477,64.950,206.100,64.95,206.1,1118.4,26642.0,800.0,800.0
478,64.950,206.100,64.95,206.1,1118.4,24288.0,0.0,0.0
479,64.950,206.100,64.95,206.1,1118.4,27002.0,92.0,92.0
480,64.950,206.100,64.95,206.1,1118.4,25628.0,0.0,0.0
481,64.950,206.100,64.95,206.1,1118.4,26788.0,221.0,221.0
482,64.950,206.100,64.95,206.1,1118.4,25462.0,0.0,0.0
483,64.950,206.100,64.95,206.1,1118.4,24254.0,0.0,0.0
484,64.950,206.100,64.95,206.1,1118.4,25965.0,0.0,0.0
485,64.950,206.100,64.95,206.1,1118.4,26413.0,175.0,175.0
486,64.950,206.100,64.95,206.1,1118.4,22998.0,0.0,0.0
487,64.950,206.100,64.95,206.1,1118.4,24875.0,0.0,0.0
488,64.950,206.100,64.95,206.1,1118.4,25964.0,0.0,0.0
489,64.950,206.100,64.95,206.1,1118.4,25361.0,0.0,0.0
490,64.950,206.100,64.95,206.1,1118.4,24976.0,0.0,0.0
491,64.950,206.100,64.95,206.1,1118.4,27185.0,1080.0,1080.0
492,64.950,206.100,64.95,206.1,1118.4,25930.0,0.0,0.0
493,64.950,206.100,64.95,206.1,1118.4,26222.0,94.0,94.0
494,64.950,206.100,64.95,206.1,1118.4,25964.0,154.0,154.0
495,64.950,206.100,64.95,206.1,1118.4,25042.0,0.0,0.0
496,64.950,206.100,64.95,206.1,1118.4,23736.0,0.0,0.0
497,64.950,206.100,64.95,206.1,1118.4,24662.0,0.0,0.0
498,64.950,206.100,64.95,206.1,1118.4,24023.0,0.0,0.0
499,64.950,206.100,64.95,206.1,1118.4,25042.0,20.0,20.0
500,64.950,206.100,64.95,206.1,1118.4,24875.0,0.0,0.0
501,64.950,206.100,64.95,206.1,1118.4,25216.0,0.0,0.0
502,64.950,206.100,64.95,206.1,1118.4,23723.0,0.0,0.0
503,64.950,206.100,64.95,206.1,1118.4,24768.0,0.0,0.0
504,64.950,206.100,64.95,206.1,1118.4,25040.0,0.0,0.0
505,64.950,206.100,64.95,206.1,1118.4,24539.0,0.0,0.0
506,64.950,206.100,64.95,206.1,1118.4,25401.0,351.0,351.0
507,64.950,206.100,64.95,206.1,1118.4,23314.0,0.0,0.0
508,64.950,206.100,64.95,206.1,1118.4,25012.0,0.0,0.0
509,64.950,206.100,64.95,206.1,1118.4,24850.0,246.0,246.0
510,64.950,206.100,64.95,206.1,1118.4,25837.0,528.0,528.0
511,64.950,206.100,64.95,206.1,1118.4,24505.0,477.0,477.0
512,64.950,206.100,64.95,206.1,1118.4,26146.0,274.0,274.0
513,64.950,206.100,64.95,206.1,1118.4,24240.0,0.0,0.0
514,64.950,206.100,64.95,206.1,1118.4,24121.0,0.0,0.0
515,64.950,206.100,64.95,206.1,1118.4,23656.0,0.0,0.0
516,64.950,206.100,64.95,206.1,1118.4,25154.0,0.0,0.0
517,64.950,206.100,64.95,206.1,1118.4,24137.0,606.0,606.0
518,64.950,206.100,64.95,206.1,1118.4,24397.0,15.0,15.0
519,64.950,206.100,64.95,206.1,1118.4,24370.0,442.0,442.0
520,64.950,206.100,64.95,206.1,1118.4,24580.0,0.0,0.0
521,64.950,206.100,64.95,206.1,1118.4,25693.0,0.0,0.0
522,64.950,206.100,64.95,206.1,1118.4,24636.0,0.0,0.0
523,64.950,206.100,64.95,206.1,1118.4,25868.0,850.0,850.0
524,64.950,206.100,64.95,206.1,1118.4,24182.0,0.0,0.0
525,64.950,206.100,64.95,206.1,1118.4,24041.0,0.0,0.0
526,64.950,206.100,64.95,206.1,1118.4,25223.0,386.0,386.0
527,64.950,206.100,64.95,206.1,1118.4,23427.0,0.0,0.0
528,64.950,206.100,64.95,206.1,1118.4,24269.0,166.0,166.0
529,64.950,206.100,64.95,206.1,1118.4,24891.0,0.0,0.0
530,64.950,206.100,64.95,206.1,1118.4,23953.0,0.0,0.0
531,64.950,206.100,64.95,206.1,1118.4,25258.0,1087.0,1087.0
532,64.950,206.100,64.95,206.1,1118.4,24859.0,631.0,631.0
533,64.950,206.100,64.95,206.1,1118.4,24645.0,868.0,868.0
534,64.950,206.100,64.95,206.1,1118.4,25739.0,702.0,702.0
535,64.950,206.100,64.95,206.1,1118.4,23709.0,0.0,0.0
536,64.950,206.100,64.95,206.1,1118.4,25480.0,983.0,983.0
537,64.950,206.100,64.95,206.1,1118.4,23651.0,0.0,0.0
538,64.950,206.100,64.95,206.1,1118.4,24050.0,0.0,0.0
539,64.950,206.100,64.95,206.1,1118.4,25133.0,233.0,233.0
540,64.950,206.100,64.95,206.1,1118.4,25329.0,368.0,368.0
541,64.950,206.100,64.95,206.1,1118.4,23555.0,0.0,0.0
542,64.950,206.100,64.95,206.1,1118.4,24958.0,0.0,0.0
543,64.950,206.100,64.95,206.1,1118.4,23543.0,0.0,0.0
544,64.950,206.100,64.95,206.1,1118.4,25486.0,263.0,263.0
545,64.950,206.100,64.95,206.1,1118.4,24070.0,0.0,0.0
546,64.950,206.100,64.95,206.1,1118.4,22643.0,0.0,0.0
547,64.950,206.100,64.95,206.1,1118.4,24864.0,0.0,0.0
548,64.950,206.100,64.95,206.1,1118.4,25292.0,394.0,394.0
549,64.950,206.100,64.95,206.1,1118.4,23997.0,0.0,0.0
550,64.950,206.100,64.95,206.1,1118.4,24717.0,228.0,228.0
551,64.950,206.100,64.95,206.1,1118.4,25416.0,442.0,442.0
552,64.950,206.100,64.95,206.1,1118.4,23268.0,0.0,0.0
553,64.950,206.100,64.95,206.1,1118.4,25519.0,523.0,523.0
554,64.950,206.100,64.95,206.1,1118.4,24991.0,96.0,96.0
555,64.950,206.100,64.95,206.1,1118.4,25906.0,1007.0,1007.0
556,64.950,206.100,64.95,206.1,1118.4,26064.0,802.0,802.0
557,64.950,206.100,64.95,206.1,1118.4,24487.0,422.0,422.0
558,64.950,206.100,64.95,206.1,1118.4,25416.0,1023.0,1023.0
559,64.950,206.100,64.95,206.1,1118.4,25826.0,1249.0,1249.0
560,64.950,206.100,64.95,206.1,1118.4,24075.0,113.0,113.0
561,64.950,206.100,64.95,206.1,1118.4,22952.0,0.0,0.0
562,64.950,206.100,64.95,206.1,1118.4,24718.0,1086.0,1086.0
563,64.950,206.100,64.95,206.1,1118.4,22816.0,0.0,0.0
564,64.950,206.100,64.95,206.1,1118.4,24805.0,0.0,0.0
565,64.950,206.100,64.95,206.1,1118.4,24205.0,0.0,0.0
566,64.950,206.100,64.95,206.1,1118.4,25329.0,1076.0,1076.0
567,64.950,206.100,64.95,206.1,1118.4,23510.0,0.0,0.0
568,64.950,206.100,64.95,206.1,1118.4,24560.0,0.0,0.0
569,64.950,206.100,64.95,206.1,1118.4,24341.0,7.0,7.0
570,64.950,206.100,64.95,206.1,1118.4,24486.0,0.0,0.0
571,64.950,206.100,64.95,206.1,1118.4,23481.0,0.0,0.0
572,64.950,206.100,64.95,206.1,1118.4,24385.0,277.0,277.0
573,64.950,206.100,64.95,206.1,1118.4,24506.0,161.0,161.0
574,64.950,206.100,64.95,206.1,1118.4,23422.0,0.0,0.0
575,64.950,206.100,64.95,206.1,1118.4,24238.0,0.0,0.0
576,64.950,206.100,64.95,206.1,1118.4,24152.0,266.0,266.0
577,64.950,206.100,64.95,206.1,1118.4,23853.0,184.0,184.0
578,64.950,206.100,64.95,206.1,1118.4,23800.0,0.0,0.0
579,64.950,206.100,64.95,206.1,1118.4,25727.0,376.0,376.0
580,64.950,206.100,64.95,206.1,1118.4,24699.0,616.0,616.0
581,64.950,206.100,64.95,206.1,1118.4,24700.0,0.0,0.0
582,64.950,206.100,64.95,206.1,1118.4,24320.0,229.0,229.0
583,64.950,206.100,64.95,206.1,1118.4,23622.0,294.0,294.0
584,64.950,206.100,64.95,206.1,1118.4,23470.0,0.0,0.0
585,64.950,206.100,64.95,206.1,1118.4,23917.0,0.0,0.0
586,64.950,206.100,64.95,206.1,1118.4,23423.0,0.0,0.0
587,64.950,206.100,64.95,206.1,1118.4,23587.0,0.0,0.0
588,64.950,206.100,64.95,206.1,1118.4,23241.0,0.0,0.0
589,64.950,206.100,64.95,206.1,1118.4,23604.0,0.0,0.0
590,64.950,206.100,64.95,206.1,1118.4,24571.0,198.0,198.0
591,64.950,206.100,64.95,206.1,1118.4,23918.0,431.0,431.0
592,64.950,206.100,64.95,206.1,1118.4,23895.0,50.0,50.0
593,64.950,206.100,64.95,206.1,1118.4,23080.0,0.0,0.0
594,64.950,206.100,64.95,206.1,1118.4,24410.0,0.0,0.0
595,64.950,206.100,64.95,206.1,1118.4,26413.0,125.0,125.0
596,64.950,206.100,64.95,206.1,1118.4,23709.0,0.0,0.0
597,64.950,206.100,64.95,206.1,1118.4,25065.0,369.0,369.0
598,64.950,206.100,64.95,206.1,1118.4,23492.0,0.0,0.0
599,64.950,206.100,64.95,206.1,1118.4,25870.0,582.0,582.0
600,64.950,206.100,64.95,206.1,1118.4,22989.0,0.0,0.0
601,64.950,206.100,64.95,206.1,1118.4,23684.0,90.0,90.0
602,64.950,206.100,64.95,206.1,1118.4,23029.0,0.0,0.0
603,64.950,206.100,64.95,206.1,1118.4,22704.0,215.0,215.0
604,64.950,206.100,64.95,206.1,1118.4,24834.0,714.0,714.0
605,64.950,206.100,64.95,206.1,1118.4,24792.0,580.0,580.0
606,64.950,206.100,64.95,206.1,1118.4,25665.0,1150.0,1150.0
607,64.950,206.100,64.95,206.1,1118.4,25635.0,1096.0,1096.0
608,64.950,206.100,64.95,206.1,1118.4,24417.0,0.0,0.0
609,64.950,206.100,64.95,206.1,1118.4,24861.0,0.0,0.0
610,64.950,206.100,64.95,206.1,1118.4,23585.0,0.0,0.0
611,64.950,206.100,64.95,206.1,1118.4,24085.0,81.0,81.0
612,64.950,206.100,64.95,206.1,1118.4,24915.0,1002.0,1002.0
613,64.950,206.100,64.95,206.1,1118.4,26160.0,1915.0,1915.0
614,64.950,206.100,64.95,206.1,1118.4,24784.0,531.0,531.0
615,64.950,206.100,64.95,206.1,1118.4,24410.0,742.0,742.0
616,64.950,206.100,64.95,206.1,1118.4,22129.0,0.0,0.0
617,64.950,206.100,64.95,206.1,1118.4,25691.0,1294.0,1294.0
618,64.950,206.100,64.95,206.1,1118.4,24337.0,48.0,48.0
619,64.950,206.100,64.95,206.1,1118.4,24227.0,170.0,170.0
620,64.950,206.100,64.95,206.1,1118.4,24594.0,86.0,86.0
621,64.950,206.100,64.95,206.1,1118.4,25366.0,823.0,823.0
622,64.950,206.100,64.95,206.1,1118.4,24012.0,0.0,0.0
623,64.950,206.100,64.95,206.1,1118.4,22692.0,0.0,0.0
624,64.950,206.100,64.95,206.1,1118.4,23899.0,688.0,688.0
625,64.950,206.100,64.95,206.1,1118.4,24840.0,571.0,571.0
626,64.950,206.100,64.95,206.1,1118.4,24090.0,0.0,0.0
627,64.950,206.100,64.95,206.1,1118.4,24571.0,131.0,131.0
628,64.950,206.100,64.95,206.1,1118.4,24140.0,438.0,438.0
629,64.950,206.100,64.95,206.1,1118.4,23393.0,0.0,0.0
630,64.950,206.100,64.95,206.1,1118.4,24413.0,685.0,685.0
631,64.950,206.100,64.95,206.1,1118.4,22907.0,0.0,0.0
632,64.950,206.100,64.95,206.1,1118.4,24641.0,435.0,435.0
633,64.950,206.100,64.95,206.1,1118.4,26154.0,2546.0,2546.0
634,64.950,206.100,64.95,206.1,1118.4,23433.0,0.0,0.0
635,64.950,206.100,64.95,206.1,1118.4,25783.0,907.0,907.0
636,64.950,206.100,64.95,206.1,1118.4,25571.0,2.0,2.0
637,64.950,206.100,64.95,206.1,1118.4,24364.0,0.0,0.0
638,64.950,206.100,64.95,206.1,1118.4,24210.0,0.0,0.0
639,64.950,206.100,64.95,206.1,1118.4,23305.0,0.0,0.0
640,64.950,206.100,64.95,206.1,1118.4,24155.0,552.0,552.0
641,64.950,206.100,64.95,206.1,1118.4,24969.0,0.0,0.0
642,64.950,206.100,64.95,206.1,1118.4,24530.0,408.0,408.0
643,64.950,206.100,64.95,206.1,1118.4,25202.0,694.0,694.0
