id,avg_x,avg_y,x,y,bg,Square_intensity,circular_intensity,Gaussian_intensity
366,244.700,166.700,244.35,166.89,971.57,38202.0,11967.0,11967.0
367,244.700,166.700,244.35,166.89,971.57,38063.0,11225.0,11225.0
368,244.700,166.700,244.35,166.89,971.57,36012.0,9769.0,9769.0
369,244.700,166.700,244.35,166.89,971.57,36893.0,10286.0,10286.0
370,244.700,166.700,244.35,166.89,971.57,35291.0,8997.0,8997.0
371,244.700,166.700,244.35,166.89,971.57,37525.0,11951.0,11951.0
372,244.700,166.700,244.35,166.89,971.57,37517.0,10623.0,10623.0
373,244.700,166.700,244.35,166.89,971.57,36538.0,9798.0,9798.0
374,244.700,166.700,244.35,166.89,971.57,34938.0,9108.0,9108.0
375,244.700,166.700,244.35,166.89,971.57,38382.0,11262.0,11262.0
376,244.700,166.700,244.35,166.89,971.57,36734.0,10285.0,10285.0
377,244.700,166.700,244.35,166.89,971.57,33315.0,7518.0,7518.0
378,244.700,166.700,244.35,166.89,971.57,36919.0,10895.0,10895.0
379,244.700,166.700,244.35,166.89,971.57,35512.0,9685.0,9685.0
380,244.700,166.700,244.35,166.89,971.57,37778.0,10550.0,10550.0
381,244.700,166.700,244.35,166.89,971.57,37047.0,10615.0,10615.0
382,244.700,166.700,244.35,166.89,971.57,37569.0,11425.0,11425.0
383,244.700,166.700,244.35,166.89,971.57,37056.0,11596.0,11596.0
384,244.700,166.700,244.35,166.89,971.57,34871.0,7507.0,7507.0
385,244.700,166.700,244.35,166.89,971.57,35343.0,8214.0,8214.0
386,244.700,166.700,244.35,166.89,971.57,33720.0,7814.0,7814.0
387,244.700,166.700,244.35,166.89,971.57,36895.0,9889.0,9889.0
388,244.700,166.700,244.35,166.89,971.57,36387.0,10394.0,10394.0
389,244.700,166.700,244.35,166.89,971.57,37142.0,10624.0,10624.0
390,244.700,166.700,244.35,166.89,971.57,36799.0,10778.0,10778.0
391,244.700,166.700,244.35,166.89,971.57,37139.0,11462.0,11462.0
392,244.700,166.700,244.35,166.89,971.57,35647.0,8690.0,8690.0
393,244.700,166.700,244.35,166.89,971.57,38998.0,11521.0,11521.0
394,244.700,166.700,244.35,166.89,971.57,36614.0,10446.0,10446.0
395,244.700,166.700,244.35,166.89,971.57,36168.0,9479.0,9479.0
396,244.700,166.700,244.35,166.89,971.57,36623.0,10696.0,10696.0
397,244.700,166.700,244.35,166.89,971.57,36629.0,9458.0,9458.0
398,244.700,166.700,244.35,166.89,971.57,36058.0,9905.0,9905.0
399,244.700,166.700,244.35,166.89,971.57,38660.0,11730.0,11730.0
400,244.700,166.700,244.35,166.89,971.57,37614.0,9991.0,9991.0
401,244.700,166.700,244.35,166.89,971.57,33851.0,7743.0,7743.0
402,244.700,166.700,244.35,166.89,971.57,35516.0,10165.0,10165.0
403,244.700,166.700,244.35,166.89,971.57,38055.0,10211.0,10211.0
404,244.700,166.700,244.35,166.89,971.57,35021.0,8732.0,8732.0
405,244.700,166.700,244.35,166.89,971.57,37521.0,11285.0,11285.0
406,244.700,166.700,244.35,166.89,971.57,36548.0,9387.0,9387.0
407,244.700,166.700,244.35,166.89,971.57,37278.0,10183.0,10183.0
408,244.700,166.700,244.35,166.89,971.57,37064.0,11122.0,11122.0
409,244.700,166.700,244.35,166.89,971.57,40386.0,13020.0,13020.0
410,244.700,166.700,244.35,166.89,971.57,33663.0,7426.0,7426.0
411,244.700,166.700,244.35,166.89,971.57,35440.0,9518.0,9518.0
412,244.700,166.700,244.35,166.89,971.57,36326.0,9706.0,9706.0
413,244.700,166.700,244.35,166.89,971.57,37500.0,10560.0,10560.0
414,244.700,166.700,244.35,166.89,971.57,35476.0,8996.0,8996.0
415,244.700,166.700,244.35,166.89,971.57,35109.0,8480.0,8480.0
416,244.700,166.700,244.35,166.89,971.57,34992.0,8834.0,8834.0
417,244.700,166.700,244.35,166.89,971.57,36892.0,10449.0,10449.0
418,244.700,166.700,244.35,166.89,971.57,35400.0,9110.0,9110.0
419,244.700,166.700,244.35,166.89,971.57,37085.0,11268.0,11268.0
420,244.700,166.700,244.35,166.89,971.57,38629.0,11431.0,11431.0
421,244.700,166.700,244.35,166.89,971.57,35034.0,8856.0,8856.0
422,244.700,166.700,244.35,166.89,971.57,35394.0,9267.0,9267.0
423,244.700,166.700,244.35,166.89,971.57,37254.0,11048.0,11048.0
424,244.700,166.700,244.35,166.89,971.57,37324.0,11073.0,11073.0
425,244.700,166.700,244.35,166.89,971.57,37970.0,10590.0,10590.0
426,244.700,166.700,244.35,166.89,971.57,35711.0,10269.0,10269.0
427,244.700,166.700,244.35,166.89,971.57,38649.0,11779.0,11779.0
428,244.700,166.700,244.35,166.89,971.57,37077.0,11268.0,11268.0
429,244.700,166.700,244.35,166.89,971.57,35408.0,8563.0,8563.0
430,244.700,166.700,244.35,166.89,971.57,35448.0,9284.0,9284.0
431,244.700,166.700,244.35,166.89,971.57,35513.0,9843.0,9843.0
432,244.700,166.700,244.35,166.89,971.57,33031.0,7323.0,7323.0
433,244.700,166.700,244.35,166.89,971.57,37542.0,10638.0,10638.0
434,244.700,166.700,244.35,166.89,971.57,34475.0,8777.0,8777.0
435,244.700,166.700,244.35,166.89,971.57,38607.0,11734.0,11734.0
436,244.700,166.700,244.35,166.89,971.57,33533.0,7691.0,7691.0
437,244.700,166.700,244.35,166.89,971.57,37750.0,9752.0,9752.0
438,244.700,166.700,244.35,166.89,971.57,36127.0,10038.0,10038.0
439,244.700,166.700,244.35,166.89,971.57,38184.0,11554.0,11554.0
440,244.700,166.700,244.35,166.89,971.57,37260.0,10431.0,10431.0
441,244.700,166.700,244.35,166.89,971.57,36468.0,10804.0,10804.0
442,244.700,166.700,244.35,166.89,971.57,35896.0,9853.0,9853.0
443,244.700,166.700,244.35,166.89,971.57,37191.0,10858.0,10858.0
444,244.700,166.700,244.35,166.89,971.57,36801.0,10034.0,10034.0
445,244.700,166.700,244.35,166.89,971.57,36149.0,9731.0,9731.0
446,244.700,166.700,244.35,166.89,971.57,37005.0,10234.0,10234.0
447,244.700,166.700,244.35,166.89,971.57,34383.0,8739.0,8739.0
448,244.700,166.700,244.35,166.89,971.57,35649.0,9366.0,9366.0
449,244.700,166.700,244.35,166.89,971.57,34781.0,8056.0,8056.0
450,244.700,166.700,244.35,166.89,971.57,37897.0,10915.0,10915.0
451,244.700,166.700,244.35,166.89,971.57,36015.0,10427.0,10427.0
452,244.700,166.700,244.35,166.89,971.57,38009.0,11380.0,11380.0
453,244.700,166.700,244.35,166.89,971.57,37021.0,10653.0,10653.0
454,244.700,166.700,244.35,166.89,971.57,36360.0,9311.0,9311.0
455,244.700,166.700,244.35,166.89,971.57,35262.0,9420.0,9420.0
456,244.700,166.700,244.35,166.89,971.57,37452.0,11108.0,11108.0
457,244.700,166.700,244.35,166.89,971.57,36293.0,9794.0,9794.0
458,244.700,166.700,244.35,166.89,971.57,37215.0,10410.0,10410.0
459,244.700,166.700,244.35,166.89,971.57,37383.0,10893.0,10893.0
460,244.700,166.700,244.35,166.89,971.57,38858.0,12643.0,12643.0
461,244.700,166.700,244.35,166.89,971.57,39403.0,12208.0,12208.0
462,244.700,166.700,244.35,166.89,971.57,35286.0,9693.0,9693.0
463,244.700,166.700,244.35,166.89,971.57,37012.0,10152.0,10152.0
464,244.700,166.700,244.35,166.89,971.57,38808.0,10464.0,10464.0
465,244.700,166.700,244.35,166.89,971.57,37289.0,10826.0,10826.0
466,244.700,166.700,244.35,166.89,971.57,35684.0,8913.0,8913.0
467,244.700,166.700,244.35,166.89,971.57,37360.0,10204.0,10204.0
468,244.700,166.700,244.35,166.89,971.57,35111.0,7715.0,7715.0
469,244.700,166.700,244.35,166.89,971.57,39207.0,10689.0,10689.0
470,244.700,166.700,244.35,166.89,971.57,36107.0,9876.0,9876.0
471,244.700,166.700,244.35,166.89,971.57,38344.0,10977.0,10977.0
472,244.700,166.700,244.35,166.89,971.57,37680.0,9296.0,9296.0
473,244.700,166.700,244.35,166.89,971.57,36869.0,10408.0,10408.0
474,244.700,166.700,244.35,166.89,971.57,37567.0,10300.0,10300.0
475,244.700,166.700,244.35,166.89,971.57,38724.0,11143.0,11143.0
476,244.700,166.700,244.35,166.89,971.57,37727.0,9867.0,9867.0
477,244.700,166.700,244.35,166.89,971.57,37432.0,12085.0,12085.0
478,244.700,166.700,244.35,166.89,971.57,37324.0,10962.0,10962.0
479,244.700,166.700,244.35,166.89,971.57,36930.0,10976.0,10976.0
480,244.700,166.700,244.35,166.89,971.57,36322.0,10922.0,10922.0
481,244.700,166.700,244.35,166.89,971.57,35131.0,8908.0,8908.0
482,244.700,166.700,244.35,166.89,971.57,34610.0,8705.0,8705.0
483,244.700,166.700,244.35,166.89,971.57,37745.0,11126.0,11126.0
484,244.700,166.700,244.35,166.89,971.57,37185.0,10333.0,10333.0
485,244.700,166.700,244.35,166.89,971.57,36860.0,10612.0,10612.0
486,244.700,166.700,244.35,166.89,971.57,36919.0,10398.0,10398.0
487,244.700,166.700,244.35,166.89,971.57,37276.0,11218.0,11218.0
488,244.700,166.700,244.35,166.89,971.57,36902.0,10927.0,10927.0
489,244.700,166.700,244.35,166.89,971.57,38451.0,12340.0,12340.0
490,244.700,166.700,244.35,166.89,971.57,36597.0,10071.0,10071.0
491,244.700,166.700,244.35,166.89,971.57,37378.0,10270.0,10270.0
492,244.700,166.700,244.35,166.89,971.57,38177.0,11410.0,11410.0
493,244.700,166.700,244.35,166.89,971.57,36136.0,9929.0,9929.0
494,244.700,166.700,244.35,166.89,971.57,36663.0,9270.0,9270.0
495,244.700,166.700,244.35,166.89,971.57,37253.0,10416.0,10416.0
496,244.700,166.700,244.35,166.89,971.57,36254.0,10796.0,10796.0
497,244.700,166.700,244.35,166.89,971.57,39023.0,12588.0,12588.0
498,244.700,166.700,244.35,166.89,971.57,37016.0,10265.0,10265.0
499,244.700,166.700,244.35,166.89,971.57,38797.0,13363.0,13363.0
500,244.700,166.700,244.35,166.89,971.57,36095.0,9159.0,9159.0
501,244.700,166.700,244.35,166.89,971.57,37497.0,11527.0,11527.0
502,244.700,166.700,244.35,166.89,971.57,35468.0,9470.0,9470.0
503,244.700,166.700,244.35,166.89,971.57,36756.0,11232.0,11232.0
504,244.700,166.700,244.35,166.89,971.57,38434.0,11646.0,11646.0
505,244.700,166.700,244.35,166.89,971.57,36568.0,10698.0,10698.0
506,244.700,166.700,244.35,166.89,971.57,38417.0,11268.0,11268.0
507,244.700,166.700,244.35,166.89,971.57,35347.0,8896.0,8896.0
508,244.700,166.700,244.35,166.89,971.57,36957.0,11330.0,11330.0
509,244.700,166.700,244.35,166.89,971.57,37960.0,12125.0,12125.0
510,244.700,166.700,244.35,166.89,971.57,39273.0,12540.0,12540.0
511,244.700,166.700,244.35,166.89,971.57,34496.0,8916.0,8916.0
512,244.700,166.700,244.35,166.89,971.57,38422.0,12074.0,12074.0
513,244.700,166.700,244.35,166.89,971.57,37644.0,10452.0,10452.0
514,244.700,166.700,244.35,166.89,971.57,38088.0,11657.0,11657.0
515,244.700,166.700,244.35,166.89,971.57,36637.0,10437.0,10437.0
516,244.700,166.700,244.35,166.89,971.57,35702.0,9595.0,9595.0
517,244.700,166.700,244.35,166.89,971.57,37127.0,10259.0,10259.0
518,244.700,166.700,244.35,166.89,971.57,36007.0,9308.0,9308.0
519,244.700,166.700,244.35,166.89,971.57,38197.0,12790.0,12790.0
520,244.700,166.700,244.35,166.89,971.57,38222.0,12163.0,12163.0
521,244.700,166.700,244.35,166.89,971.57,35876.0,9464.0,9464.0
522,244.700,166.700,244.35,166.89,971.57,34937.0,8192.0,8192.0
523,244.700,166.700,244.35,166.89,971.57,35848.0,9253.0,9253.0
524,244.700,166.700,244.35,166.89,971.57,36797.0,11079.0,11079.0
525,244.700,166.700,244.35,166.89,971.57,35692.0,9795.0,9795.0
526,244.700,166.700,244.35,166.89,971.57,36176.0,10079.0,10079.0
527,244.700,166.700,244.35,166.89,971.57,37421.0,10574.0,10574.0
528,244.700,166.700,244.35,166.89,971.57,37106.0,11281.0,11281.0
529,244.700,166.700,244.35,166.89,971.57,37976.0,11514.0,11514.0
530,244.700,166.700,244.35,166.89,971.57,35579.0,9719.0,9719.0
531,244.700,166.700,244.35,166.89,971.57,38541.0,11925.0,11925.0
532,244.700,166.700,244.35,166.89,971.57,37806.0,11768.0,11768.0
533,244.700,166.700,244.35,166.89,971.57,40175.0,13218.0,13218.0
534,244.700,166.700,244.35,166.89,971.57,36958.0,11149.0,11149.0
535,244.700,166.700,244.35,166.89,971.57,36974.0,10334.0,10334.0
536,244.700,166.700,244.35,166.89,971.57,36971.0,10993.0,10993.0
537,244.700,166.700,244.35,166.89,971.57,39528.0,13061.0,13061.0
538,244.700,166.700,244.35,166.89,971.57,35189.0,9632.0,9632.0
539,244.700,166.700,244.35,166.89,971.57,39516.0,13155.0,13155.0
540,244.700,166.700,244.35,166.89,971.57,38133.0,11199.0,11199.0
541,244.700,166.700,244.35,166.89,971.57,39039.0,13069.0,13069.0
542,244.700,166.700,244.35,166.89,971.57,38011.0,11604.0,11604.0
543,244.700,166.700,244.35,166.89,971.57,39351.0,12822.0,12822.0
544,244.700,166.700,244.35,166.89,971.57,37117.0,11006.0,11006.0
545,244.700,166.700,244.35,166.89,971.57,37928.0,11728.0,11728.0
546,244.700,166.700,244.35,166.89,971.57,38457.0,11771.0,11771.0
547,244.700,166.700,244.35,166.89,971.57,40373.0,13299.0,13299.0
548,244.700,166.700,244.35,166.89,971.57,37633.0,11042.0,11042.0
549,244.700,166.700,244.35,166.89,971.57,36260.0,9595.0,9595.0
550,244.700,166.700,244.35,166.89,971.57,38499.0,12009.0,12009.0
551,244.700,166.700,244.35,166.89,971.57,37058.0,10818.0,10818.0
552,244.700,166.700,244.35,166.89,971.57,36263.0,10400.0,10400.0
553,244.700,166.700,244.35,166.89,971.57,36199.0,10578.0,10578.0
554,244.700,166.700,244.35,166.89,971.57,37913.0,12288.0,12288.0
555,244.700,166.700,244.35,166.89,971.57,38137.0,11640.0,11640.0
556,244.700,166.700,244.35,166.89,971.57,40132.0,13909.0,13909.0
557,244.700,166.700,244.35,166.89,971.57,39233.0,12660.0,12660.0
558,244.700,166.700,244.35,166.89,971.57,36306.0,9988.0,9988.0
559,244.700,166.700,244.35,166.89,971.57,39576.0,11743.0,11743.0
560,244.700,166.700,244.35,166.89,971.57,36642.0,10466.0,10466.0
561,244.700,166.700,244.35,166.89,971.57,37496.0,10519.0,10519.0
562,244.700,166.700,244.35,166.89,971.57,37337.0,12146.0,12146.0
563,244.700,166.700,244.35,166.89,971.57,38890.0,11910.0,11910.0
564,244.700,166.700,244.35,166.89,971.57,39355.0,13528.0,13528.0
565,244.700,166.700,244.35,166.89,971.57,38076.0,11675.0,11675.0
566,244.700,166.700,244.35,166.89,971.57,39357.0,12237.0,12237.0
567,244.700,166.700,244.35,166.89,971.57,37398.0,10052.0,10052.0
568,244.700,166.700,244.35,166.89,971.57,38483.0,11600.0,11600.0
569,244.700,166.700,244.35,166.89,971.57,37707.0,10962.0,10962.0
570,244.700,166.700,244.35,166.89,971.57,39766.0,12637.0,12637.0
571,244.700,166.700,244.35,166.89,971.57,38483.0,13096.0,13096.0
572,244.700,166.700,244.35,166.89,971.57,36814.0,10359.0,10359.0
573,244.700,166.700,244.35,166.89,971.57,39896.0,12342.0,12342.0
574,244.700,166.700,244.35,166.89,971.57,40306.0,13247.0,13247.0
575,244.700,166.700,244.35,166.89,971.57,40709.0,14489.0,14489.0
576,244.700,166.700,244.35,166.89,971.57,38897.0,12152.0,12152.0
577,244.700,166.700,244.35,166.89,971.57,38096.0,11825.0,11825.0
578,244.700,166.700,244.35,166.89,971.57,40547.0,14038.0,14038.0
579,244.700,166.700,244.35,166.89,971.57,40185.0,13611.0,13611.0
580,244.700,166.700,244.35,166.89,971.57,38686.0,12796.0,12796.0
581,244.700,166.700,244.35,166.89,971.57,39037.0,13323.0,13323.0
582,244.700,166.700,244.35,166.89,971.57,37417.0,11324.0,11324.0
583,244.700,166.700,244.35,166.89,971.57,39926.0,12913.0,12913.0
584,244.700,166.700,244.35,166.89,971.57,39474.0,13295.0,13295.0
585,244.700,166.700,244.35,166.89,971.57,38200.0,11286.0,11286.0
586,244.700,166.700,244.35,166.89,971.57,38214.0,12459.0,12459.0
587,244.700,166.700,244.35,166.89,971.57,37238.0,10954.0,10954.0
588,244.700,166.700,244.35,166.89,971.57,38690.0,12075.0,12075.0
589,244.700,166.700,244.35,166.89,971.57,35416.0,9477.0,9477.0
590,244.700,166.700,244.35,166.89,971.57,37896.0,12048.0,12048.0
591,244.700,166.700,244.35,166.89,971.57,38363.0,12114.0,12114.0
592,244.700,166.700,244.35,166.89,971.57,37922.0,11475.0,11475.0
593,244.700,166.700,244.35,166.89,971.57,40046.0,14028.0,14028.0
594,244.700,166.700,244.35,166.89,971.57,40079.0,13629.0,13629.0
595,244.700,166.700,244.35,166.89,971.57,39829.0,13579.0,13579.0
596,244.700,166.700,244.35,166.89,971.57,38393.0,11867.0,11867.0
597,244.700,166.700,244.35,166.89,971.57,37953.0,11737.0,11737.0
598,244.700,166.700,244.35,166.89,971.57,37989.0,10806.0,10806.0
599,244.700,166.700,244.35,166.89,971.57,39538.0,13424.0,13424.0
600,244.700,166.700,244.35,166.89,971.57,39281.0,12874.0,12874.0
601,244.700,166.700,244.35,166.89,971.57,35264.0,9548.0,9548.0
602,244.700,166.700,244.35,166.89,971.57,36463.0,10351.0,10351.0
603,244.700,166.700,244.35,166.89,971.57,38290.0,12185.0,12185.0
604,244.700,166.700,244.35,166.89,971.57,40106.0,13028.0,13028.0
605,244.700,166.700,244.35,166.89,971.57,40771.0,14348.0,14348.0
606,244.700,166.700,244.35,166.89,971.57,40469.0,13045.0,13045.0
607,244.700,166.700,244.35,166.89,971.57,38447.0,12232.0,12232.0
608,244.700,166.700,244.35,166.89,971.57,37784.0,11738.0,11738.0
609,244.700,166.700,244.35,166.89,971.57,40212.0,13378.0,13378.0
610,244.700,166.700,244.35,166.89,971.57,39654.0,13169.0,13169.0
611,244.700,166.700,244.35,166.89,971.57,35854.0,10204.0,10204.0
612,244.700,166.700,244.35,166.89,971.57,39258.0,12310.0,12310.0
613,244.700,166.700,244.35,166.89,971.57,37902.0,11329.0,11329.0
614,244.700,166.700,244.35,166.89,971.57,37825.0,10528.0,10528.0
615,244.700,166.700,244.35,166.89,971.57,37248.0,11114.0,11114.0
616,244.700,166.700,244.35,166.89,971.57,37476.0,12488.0,12488.0
617,244.700,166.700,244.35,166.89,971.57,40806.0,14180.0,14180.0
618,244.700,166.700,244.35,166.89,971.57,36749.0,11121.0,11121.0
619,244.700,166.700,244.35,166.89,971.57,37962.0,12041.0,12041.0
620,244.700,166.700,244.35,166.89,971.57,36639.0,11662.0,11662.0
621,244.700,166.700,244.35,166.89,971.57,38056.0,11866.0,11866.0
622,244.700,166.700,244.35,166.89,971.57,36105.0,10145.0,10145.0
623,244.700,166.700,244.35,166.89,971.57,35867.0,9239.0,9239.0
624,244.700,166.700,244.35,166.89,971.57,35333.0,9331.0,9331.0
625,244.700,166.700,244.35,166.89,971.57,38144.0,11413.0,11413.0
626,244.700,166.700,244.35,166.89,971.57,36240.0,10599.0,10599.0
627,244.700,166.700,244.35,166.89,971.57,36727.0,9955.0,9955.0
628,244.700,166.700,244.35,166.89,971.57,38602.0,12710.0,12710.0
629,244.700,166.700,244.35,166.89,971.57,35957.0,10052.0,10052.0
630,244.700,166.700,244.35,166.89,971.57,37293.0,11598.0,11598.0
631,244.700,166.700,244.35,166.89,971.57,32639.0,7192.0,7192.0
632,244.700,166.700,244.35,166.89,971.57,30979.0,6106.0,6106.0
633,244.700,166.700,244.35,166.89,971.57,31331.0,6365.0,6365.0
634,244.700,166.700,244.35,166.89,971.57,32409.0,7429.0,7429.0
635,244.700,166.700,244.35,166.89,971.57,30924.0,5969.0,5969.0
636,244.700,166.700,244.35,166.89,971.57,31625.0,6967.0,6967.0
637,244.700,166.700,244.35,166.89,971.57,28952.0,3605.0,3605.0
638,244.700,166.700,244.35,166.89,971.57,34398.0,8398.0,8398.0
639,244.700,166.700,244.35,166.89,971.57,32576.0,7159.0,7159.0
640,244.700,166.700,244.35,166.89,971.57,33330.0,8085.0,8085.0
641,244.700,166.700,244.35,166.89,971.57,30926.0,6471.0,6471.0
642,244.700,166.700,244.35,166.89,971.57,33621.0,8433.0,8433.0
643,244.700,166.700,244.35,166.89,971.57,31584.0,6691.0,6691.0
644,244.700,166.700,244.35,166.89,971.57,31047.0,6330.0,6330.0
645,244.700,166.700,244.35,166.89,971.57,30533.0,6374.0,6374.0
646,244.700,166.700,244.35,166.89,971.57,31559.0,6339.0,6339.0
647,244.700,166.700,244.35,166.89,971.57,31422.0,5558.0,5558.0
648,244.700,166.700,244.35,166.89,971.57,33992.0,8352.0,8352.0
649,244.700,166.700,244.35,166.89,971.57,31183.0,6276.0,6276.0
650,244.700,166.700,244.35,166.89,971.57,31895.0,6536.0,6536.0
651,244.700,166.700,244.35,166.89,971.57,31058.0,6512.0,6512.0
652,244.700,166.700,244.35,166.89,971.57,31772.0,6297.0,6297.0
653,244.700,166.700,244.35,166.89,971.57,33704.0,9156.0,9156.0
654,244.700,166.700,244.35,166.89,971.57,32014.0,6644.0,6644.0
655,244.700,166.700,244.35,166.89,971.57,32739.0,7493.0,7493.0
656,244.700,166.700,244.35,166.89,971.57,33467.0,8438.0,8438.0
657,244.700,166.700,244.35,166.89,971.57,33422.0,7850.0,7850.0
658,244.700,166.700,244.35,166.89,971.57,31095.0,5771.0,5771.0
659,244.700,166.700,244.35,166.89,971.57,32011.0,6525.0,6525.0
660,244.700,166.700,244.35,166.89,971.57,30422.0,5795.0,5795.0
661,244.700,166.700,244.35,166.89,971.57,31804.0,6867.0,6867.0
662,244.700,166.700,244.35,166.89,971.57,31560.0,6752.0,6752.0
663,244.700,166.700,244.35,166.89,971.57,31271.0,5663.0,5663.0
664,244.700,166.700,244.35,166.89,971.57,31091.0,6069.0,6069.0
665,244.700,166.700,244.35,166.89,971.57,31329.0,6464.0,6464.0
666,244.700,166.700,244.35,166.89,971.57,32790.0,8048.0,8048.0
667,244.700,166.700,244.74,167.07,971.57,31400.0,6654.0,6654.0
668,244.700,166.700,244.34,166.92,971.57,30504.0,6347.0,6347.0
669,244.700,166.700,244.49,167.04,971.57,33165.0,7429.0,7429.0
670,244.700,166.700,244.09,166.89,971.57,30219.0,5532.0,5532.0
671,244.700,166.700,244.58,166.58,971.57,32412.0,7615.0,7615.0
672,244.700,166.700,244.31,166.75,971.57,33553.0,8622.0,8622.0
673,244.700,166.700,244.31,167.15,971.57,34744.0,9565.0,9565.0
674,244.700,166.700,244.56,167.04,971.57,32268.0,8341.0,8341.0
675,244.700,166.700,244.52,167.12,971.57,32846.0,7610.0,7610.0
676,244.700,166.700,244.35,166.89,971.57,32819.0,6990.0,6990.0
677,244.700,166.700,244.35,166.89,971.57,31495.0,6067.0,6067.0
678,244.700,166.700,244.46,167.15,971.57,32944.0,7594.0,7594.0
679,244.700,166.700,244.53,166.63,971.57,33654.0,8748.0,8748.0
680,244.700,166.700,244.66,166.9,971.57,31169.0,6701.0,6701.0
681,244.700,166.700,244.69,166.91,971.57,32285.0,7262.0,7262.0
682,244.700,166.700,244.46,167.14,971.57,32399.0,7098.0,7098.0
683,244.700,166.700,244.35,166.89,971.57,31556.0,6610.0,6610.0
684,244.700,166.700,244.35,166.89,971.57,31532.0,6562.0,6562.0
685,244.700,166.700,244.28,167.11,971.57,33353.0,8406.0,8406.0
686,244.700,166.700,244.43,166.99,971.57,32963.0,7453.0,7453.0
687,244.700,166.700,244.26,166.9,971.57,33606.0,8146.0,8146.0
688,244.700,166.700,244.14,166.98,971.57,34039.0,7778.0,7778.0
689,244.700,166.700,244.35,166.89,971.57,32573.0,6621.0,6621.0
690,244.700,166.700,244.35,166.89,971.57,31993.0,6096.0,6096.0
691,244.700,166.700,244.53,167,971.57,32225.0,7017.0,7017.0
692,244.700,166.700,244.51,166.71,971.57,33857.0,8156.0,8156.0
693,244.700,166.700,244.47,166.93,971.57,33989.0,8979.0,8979.0
694,244.700,166.700,244.35,166.89,971.57,31642.0,6722.0,6722.0
695,244.700,166.700,244.35,166.89,971.57,29941.0,4000.0,4000.0
696,244.700,166.700,244.42,167.24,971.57,34754.0,8543.0,8543.0
697,244.700,166.700,244.41,166.79,971.57,34049.0,8444.0,8444.0
698,244.700,166.700,244.5,166.94,971.57,35403.0,9693.0,9693.0
699,244.700,166.700,244.24,166.88,971.57,33314.0,7632.0,7632.0
700,244.700,166.700,244.43,167.04,971.57,31688.0,7629.0,7629.0
701,244.700,166.700,244.35,166.89,971.57,32203.0,6440.0,6440.0
702,244.700,166.700,244.51,166.75,971.57,32096.0,6884.0,6884.0
703,244.700,166.700,244.38,166.56,971.57,32137.0,7552.0,7552.0
704,244.700,166.700,244.3,166.95,971.57,31964.0,6653.0,6653.0
705,244.700,166.700,244.35,166.89,971.57,32532.0,6872.0,6872.0
706,244.700,166.700,244.35,166.89,971.57,29555.0,4328.0,4328.0
707,244.700,166.700,244.7,167.1,971.57,32416.0,7936.0,7936.0
708,244.700,166.700,244.52,166.93,971.57,34291.0,9018.0,9018.0
709,244.700,166.700,244.4,167.03,971.57,34154.0,8990.0,8990.0
710,244.700,166.700,244.37,166.85,971.57,32411.0,7551.0,7551.0
711,244.700,166.700,244.35,166.89,971.57,30686.0,5679.0,5679.0
712,244.700,166.700,244.43,166.97,971.57,32491.0,7384.0,7384.0
713,244.700,166.700,244.35,166.89,971.57,32444.0,6644.0,6644.0
714,244.700,166.700,244.55,167.06,971.57,32985.0,6868.0,6868.0
715,244.700,166.700,244.74,167.11,971.57,33177.0,8739.0,8739.0
716,244.700,166.700,244.31,166.86,971.57,33179.0,8331.0,8331.0
717,244.700,166.700,244.56,167.05,971.57,32761.0,6945.0,6945.0
718,244.700,166.700,244.37,166.96,971.57,32039.0,6964.0,6964.0
719,244.700,166.700,244.39,166.9,971.57,34058.0,8492.0,8492.0
720,244.700,166.700,244.62,166.76,971.57,32882.0,7992.0,7992.0
721,244.700,166.700,244.43,167.08,971.57,32022.0,6603.0,6603.0
722,244.700,166.700,244.52,167.29,971.57,34432.0,9670.0,9670.0
723,244.700,166.700,244.35,166.89,971.57,31129.0,6021.0,6021.0
724,244.700,166.700,244.35,166.89,971.57,31475.0,6378.0,6378.0
725,244.700,166.700,244.71,166.97,971.57,33415.0,7875.0,7875.0
726,244.700,166.700,244.35,166.89,971.57,31147.0,6091.0,6091.0
727,244.700,166.700,244.62,166.96,971.57,34625.0,8880.0,8880.0
728,244.700,166.700,244.35,166.89,971.57,32183.0,6559.0,6559.0
729,244.700,166.700,244.35,166.89,971.57,31034.0,6228.0,6228.0
730,244.700,166.700,244.42,166.9,971.57,32986.0,8432.0,8432.0
731,244.700,166.700,244.35,166.89,971.57,32548.0,6187.0,6187.0
732,244.700,166.700,244.41,166.84,971.57,32985.0,7475.0,7475.0
733,244.700,166.700,244.35,166.89,971.57,30333.0,5495.0,5495.0
734,244.700,166.700,244.35,166.89,971.57,32308.0,6668.0,6668.0
735,244.700,166.700,244.48,166.64,971.57,34052.0,7913.0,7913.0
736,244.700,166.700,244.51,167.08,971.57,33627.0,7697.0,7697.0
737,244.700,166.700,244.61,166.87,971.57,32220.0,6745.0,6745.0
738,244.700,166.700,244.4,166.75,971.57,32795.0,7723.0,7723.0
739,244.700,166.700,244.35,166.89,971.57,32856.0,7319.0,7319.0
740,244.700,166.700,244.35,166.89,971.57,31294.0,5805.0,5805.0
741,244.700,166.700,244.46,166.97,971.57,33058.0,7839.0,7839.0
742,244.700,166.700,244.68,166.89,971.57,35136.0,9326.0,9326.0
743,244.700,166.700,244.54,166.97,971.57,32572.0,6963.0,6963.0
744,244.700,166.700,244.35,166.89,971.57,32448.0,6931.0,6931.0
745,244.700,166.700,244.48,166.97,971.57,34801.0,8630.0,8630.0
746,244.700,166.700,244.32,167.12,971.57,33581.0,8383.0,8383.0
747,244.700,166.700,244.35,166.89,971.57,31947.0,6928.0,6928.0
748,244.700,166.700,244.42,167.24,971.57,32426.0,7444.0,7444.0
749,244.700,166.700,244.66,166.65,971.57,32238.0,7703.0,7703.0
750,244.700,166.700,244.17,166.99,971.57,33503.0,8413.0,8413.0
751,244.700,166.700,244.74,167.03,971.57,32070.0,6600.0,6600.0
752,244.700,166.700,244.44,167.09,971.57,34266.0,8482.0,8482.0
753,244.700,166.700,244.4,166.91,971.57,32486.0,7638.0,7638.0
754,244.700,166.700,244.36,166.92,971.57,35017.0,10361.0,10361.0
755,244.700,166.700,244.35,166.89,971.57,31065.0,6450.0,6450.0
756,244.700,166.700,244.35,166.89,971.57,31670.0,6375.0,6375.0
757,244.700,166.700,243.97,166.88,971.57,32931.0,7779.0,7779.0
758,244.700,166.700,244.55,167.01,971.57,32406.0,7351.0,7351.0
759,244.700,166.700,244.22,167.03,971.57,34213.0,8113.0,8113.0
760,244.700,166.700,244.57,167.07,971.57,33946.0,8758.0,8758.0
761,244.700,166.700,244.3,167,971.57,32262.0,7221.0,7221.0
762,244.700,166.700,244.54,166.93,971.57,32501.0,8155.0,8155.0
763,244.700,166.700,244.57,166.84,971.57,34776.0,9561.0,9561.0
764,244.700,166.700,244.35,166.89,971.57,31569.0,5480.0,5480.0
765,244.700,166.700,244.72,166.91,971.57,32814.0,8370.0,8370.0
766,244.700,166.700,244.34,166.8,971.57,32354.0,6845.0,6845.0
767,244.700,166.700,244.4,166.92,971.57,33492.0,8658.0,8658.0
768,244.700,166.700,244.51,166.76,971.57,35392.0,9984.0,9984.0
769,244.700,166.700,244.49,166.75,971.57,33649.0,6699.0,6699.0
770,244.700,166.700,244.51,167,971.57,31405.0,6388.0,6388.0
771,244.700,166.700,244.35,166.89,971.57,30154.0,5043.0,5043.0
772,244.700,166.700,244.5,167.11,971.57,33459.0,8567.0,8567.0
773,244.700,166.700,244.39,166.86,971.57,35050.0,9494.0,9494.0
774,244.700,166.700,244.4,166.95,971.57,36795.0,10208.0,10208.0
775,244.700,166.700,244.45,167.09,971.57,34884.0,9366.0,9366.0
776,244.700,166.700,244.06,166.8,971.57,33384.0,7379.0,7379.0
777,244.700,166.700,244.39,166.74,971.57,34078.0,9721.0,9721.0
778,244.700,166.700,244.39,166.76,971.57,33770.0,8449.0,8449.0
779,244.700,166.700,244.62,166.9,971.57,32266.0,6919.0,6919.0
780,244.700,166.700,244.71,167.01,971.57,33671.0,8406.0,8406.0
781,244.700,166.700,244.46,166.92,971.57,34368.0,7589.0,7589.0
782,244.700,166.700,244.35,166.89,971.57,32169.0,6857.0,6857.0
783,244.700,166.700,244.39,166.97,971.57,32843.0,8043.0,8043.0
784,244.700,166.700,244.85,166.77,971.57,32749.0,7775.0,7775.0
785,244.700,166.700,244.35,166.89,971.57,32552.0,6750.0,6750.0
786,244.700,166.700,244.38,166.8,971.57,35953.0,11133.0,11133.0
787,244.700,166.700,244.35,166.89,971.57,29656.0,4666.0,4666.0
788,244.700,166.700,244.35,166.89,971.57,32945.0,7593.0,7593.0
789,244.700,166.700,244.48,166.72,971.57,34330.0,9265.0,9265.0
790,244.700,166.700,244.72,166.93,971.57,34483.0,9639.0,9639.0
791,244.700,166.700,244.55,167.26,971.57,33666.0,7928.0,7928.0
792,244.700,166.700,244.22,166.53,971.57,33287.0,8304.0,8304.0
793,244.700,166.700,244.34,166.39,971.57,33540.0,8405.0,8405.0
794,244.700,166.700,244.75,166.64,971.57,32583.0,7746.0,7746.0
795,244.700,166.700,244.35,166.89,971.57,32030.0,6859.0,6859.0
796,244.700,166.700,244.4,166.88,971.57,33662.0,8465.0,8465.0
797,244.700,166.700,244.35,166.89,971.57,33727.0,8480.0,8480.0
798,244.700,166.700,244.35,166.89,971.57,32208.0,6567.0,6567.0
799,244.700,166.700,244.32,166.82,971.57,31775.0,7334.0,7334.0
800,244.700,166.700,244.44,167.25,971.57,32953.0,7520.0,7520.0
801,244.700,166.700,244.64,166.94,971.57,32212.0,7675.0,7675.0
802,244.700,166.700,244.35,166.89,971.57,28903.0,4412.0,4412.0
803,244.700,166.700,244.23,166.97,971.57,35315.0,8833.0,8833.0
804,244.700,166.700,244.73,166.86,971.57,33034.0,8358.0,8358.0
805,244.700,166.700,244.79,167.05,971.57,32580.0,7561.0,7561.0
806,244.700,166.700,244.45,166.73,971.57,35815.0,10080.0,10080.0
807,244.700,166.700,244.62,166.84,971.57,31937.0,7273.0,7273.0
808,244.700,166.700,244.56,166.99,971.57,34091.0,9112.0,9112.0
809,244.700,166.700,244.58,167.04,971.57,32663.0,7358.0,7358.0
810,244.700,166.700,244.48,166.84,971.57,33541.0,8125.0,8125.0
811,244.700,166.700,244.44,167.11,971.57,34646.0,9105.0,9105.0
812,244.700,166.700,244.19,166.91,971.57,34373.0,8208.0,8208.0
813,244.700,166.700,244.59,166.9,971.57,33742.0,9100.0,9100.0
814,244.700,166.700,244.35,167.1,971.57,34743.0,8691.0,8691.0
815,244.700,166.700,244.29,166.96,971.57,35056.0,9029.0,9029.0
816,244.700,166.700,244.35,166.89,971.57,32716.0,7772.0,7772.0
817,244.700,166.700,244.48,166.87,971.57,32045.0,6871.0,6871.0
818,244.700,166.700,244.35,166.89,971.57,31662.0,7031.0,7031.0
819,244.700,166.700,244.51,166.98,971.57,34349.0,8473.0,8473.0
820,244.700,166.700,244.35,166.89,971.57,31157.0,6243.0,6243.0
821,244.700,166.700,244.53,166.59,971.57,31948.0,6744.0,6744.0
822,244.700,166.700,244.58,166.59,971.57,34959.0,9699.0,9699.0
823,244.700,166.700,244.21,166.92,971.57,33260.0,8316.0,8316.0
824,244.700,166.700,244.45,167.02,971.57,33285.0,7946.0,7946.0
825,244.700,166.700,244.34,166.92,971.57,33465.0,8490.0,8490.0
826,244.700,166.700,244.63,167.03,971.57,31090.0,6441.0,6441.0
827,244.700,166.700,244.35,166.89,971.57,32532.0,7625.0,7625.0
828,244.700,166.700,244.49,167.12,971.57,32587.0,7740.0,7740.0
829,244.700,166.700,244.43,167.03,971.57,31645.0,6534.0,6534.0
830,244.700,166.700,244.64,167.08,971.57,33870.0,7999.0,7999.0
831,244.700,166.700,244.56,167.04,971.57,32375.0,7267.0,7267.0
832,244.700,166.700,244.5,166.68,971.57,33887.0,8506.0,8506.0
833,244.700,166.700,244.41,166.58,971.57,34149.0,8844.0,8844.0
834,244.700,166.700,244.37,166.78,971.57,34124.0,8902.0,8902.0
835,244.700,166.700,244.37,166.84,971.57,34711.0,9707.0,9707.0
836,244.700,166.700,244.43,166.87,971.57,32523.0,8325.0,8325.0
837,244.700,166.700,244.44,166.93,971.57,31527.0,7168.0,7168.0
838,244.700,166.700,244.48,166.66,971.57,33753.0,8169.0,8169.0
839,244.700,166.700,244.59,167.04,971.57,33755.0,8682.0,8682.0
840,244.700,166.700,244.54,167.19,971.57,35030.0,9692.0,9692.0
841,244.700,166.700,244.58,166.62,971.57,32802.0,7659.0,7659.0
842,244.700,166.700,244.53,166.86,971.57,30954.0,6325.0,6325.0
843,244.700,166.700,244.35,166.89,971.57,32724.0,6413.0,6413.0
844,244.700,166.700,244.42,166.88,971.57,34427.0,8740.0,8740.0
845,244.700,166.700,244.35,166.89,971.57,31688.0,6392.0,6392.0
846,244.700,166.700,244.5,166.64,971.57,33360.0,8788.0,8788.0
847,244.700,166.700,244.35,166.89,971.57,31747.0,6838.0,6838.0
848,244.700,166.700,244.68,166.8,971.57,33663.0,8042.0,8042.0
849,244.700,166.700,244.54,166.99,971.57,30865.0,5274.0,5274.0
850,244.700,166.700,244.58,167.13,971.57,34574.0,8887.0,8887.0
851,244.700,166.700,244.54,166.96,971.57,30792.0,6392.0,6392.0
852,244.700,166.700,244.35,166.89,971.57,33765.0,8304.0,8304.0
853,244.700,166.700,244.58,166.92,971.57,32047.0,6674.0,6674.0
854,244.700,166.700,244.19,166.92,971.57,34635.0,8916.0,8916.0
855,244.700,166.700,244.61,166.89,971.57,32858.0,8068.0,8068.0
856,244.700,166.700,244.35,166.89,971.57,31427.0,5711.0,5711.0
857,244.700,166.700,244.37,167.06,971.57,32500.0,7556.0,7556.0
858,244.700,166.700,244.54,166.8,971.57,33385.0,7196.0,7196.0
859,244.700,166.700,244.35,166.89,971.57,31554.0,6243.0,6243.0
860,244.700,166.700,244.47,167.49,971.57,31829.0,7320.0,7320.0
861,244.700,166.700,244.38,166.83,971.57,32752.0,9128.0,9128.0
862,244.700,166.700,244.35,166.89,971.57,31245.0,6424.0,6424.0
863,244.700,166.700,244.35,166.89,971.57,33295.0,7458.0,7458.0
864,244.700,166.700,244.35,166.89,971.57,33427.0,6977.0,6977.0
865,244.700,166.700,244.31,166.87,971.57,32044.0,7362.0,7362.0
866,244.700,166.700,244.54,166.93,971.57,32088.0,7220.0,7220.0
867,244.700,166.700,244.16,166.97,971.57,33743.0,8952.0,8952.0
868,244.700,166.700,244.33,167.02,971.57,34554.0,8678.0,8678.0
869,244.700,166.700,244.26,166.98,971.57,30892.0,5996.0,5996.0
870,244.700,166.700,244.48,166.53,971.57,33257.0,8238.0,8238.0
871,244.700,166.700,244.26,167.13,971.57,31939.0,7300.0,7300.0
872,244.700,166.700,244.36,166.87,971.57,34144.0,8741.0,8741.0
873,244.700,166.700,244.35,166.89,971.57,32112.0,7098.0,7098.0
874,244.700,166.700,244.51,166.99,971.57,33219.0,8145.0,8145.0
875,244.700,166.700,244.35,166.89,971.57,31473.0,5942.0,5942.0
876,244.700,166.700,244.35,166.89,971.57,31942.0,6520.0,6520.0
877,244.700,166.700,244.54,166.94,971.57,32650.0,7816.0,7816.0
878,244.700,166.700,244.35,166.89,971.57,30897.0,5097.0,5097.0
879,244.700,166.700,244.56,166.78,971.57,32152.0,7737.0,7737.0
880,244.700,166.700,244.45,167.14,971.57,32101.0,7146.0,7146.0
881,244.700,166.700,244.59,166.86,971.57,32014.0,7300.0,7300.0
882,244.700,166.700,244.03,166.88,971.57,32691.0,7220.0,7220.0
883,244.700,166.700,244.35,166.89,971.57,32054.0,7035.0,7035.0
884,244.700,166.700,244.54,166.93,971.57,33590.0,7680.0,7680.0
885,244.700,166.700,244.35,166.89,971.57,31532.0,6803.0,6803.0
886,244.700,166.700,244.65,166.85,971.57,33621.0,7519.0,7519.0
887,244.700,166.700,244.44,166.61,971.57,33209.0,7898.0,7898.0
888,244.700,166.700,244.54,166.92,971.57,30306.0,5824.0,5824.0
889,244.700,166.700,244.38,166.76,971.57,34393.0,9427.0,9427.0
890,244.700,166.700,244.35,166.89,971.57,32091.0,6663.0,6663.0
891,244.700,166.700,244.45,166.87,971.57,32770.0,7889.0,7889.0
892,244.700,166.700,244.66,166.96,971.57,33646.0,9430.0,9430.0
893,244.700,166.700,244.35,166.97,971.57,33551.0,8617.0,8617.0
894,244.700,166.700,244.39,166.73,971.57,34187.0,9409.0,9409.0
895,244.700,166.700,244.78,166.93,971.57,35131.0,9806.0,9806.0
896,244.700,166.700,244.35,166.89,971.57,30078.0,5278.0,5278.0
897,244.700,166.700,244.29,166.94,971.57,31871.0,6631.0,6631.0
898,244.700,166.700,244.43,166.58,971.57,33964.0,8747.0,8747.0
899,244.700,166.700,244.68,166.99,971.57,33974.0,9026.0,9026.0
900,244.700,166.700,244.55,166.8,971.57,33201.0,9078.0,9078.0
901,244.700,166.700,244.22,167.01,971.57,30949.0,6677.0,6677.0
902,244.700,166.700,244.48,167.05,971.57,34503.0,9263.0,9263.0
903,244.700,166.700,244.6,166.69,971.57,34288.0,9182.0,9182.0
904,244.700,166.700,244.35,166.89,971.57,32577.0,7788.0,7788.0
905,244.700,166.700,244.35,166.79,971.57,31037.0,6628.0,6628.0
906,244.700,166.700,244.13,166.81,971.57,30675.0,6017.0,6017.0
907,244.700,166.700,244.53,166.75,971.57,32503.0,7498.0,7498.0
908,244.700,166.700,244.35,166.89,971.57,32560.0,7148.0,7148.0
909,244.700,166.700,244.35,166.89,971.57,32259.0,7053.0,7053.0
910,244.700,166.700,244.6,166.93,971.57,32557.0,7673.0,7673.0
911,244.700,166.700,244.27,166.91,971.57,33458.0,8620.0,8620.0
912,244.700,166.700,244.57,166.99,971.57,31616.0,6588.0,6588.0
913,244.700,166.700,244.62,166.98,971.57,33953.0,8723.0,8723.0
914,244.700,166.700,244.52,166.6,971.57,35070.0,9656.0,9656.0
915,244.700,166.700,244.55,167.36,971.57,32236.0,7035.0,7035.0
916,244.700,166.700,244.35,166.89,971.57,31556.0,6018.0,6018.0
917,244.700,166.700,244.17,166.86,971.57,33131.0,8495.0,8495.0
918,244.700,166.700,244.81,166.78,971.57,34336.0,8605.0,8605.0
919,244.700,166.700,244.42,166.73,971.57,34956.0,9564.0,9564.0
920,244.700,166.700,244.29,167.05,971.57,33476.0,7492.0,7492.0
921,244.700,166.700,244.59,167,971.57,31854.0,6436.0,6436.0
922,244.700,166.700,244.57,166.93,971.57,32837.0,7835.0,7835.0
923,244.700,166.700,244.35,166.89,971.57,32476.0,6239.0,6239.0
924,244.700,166.700,244.81,166.96,971.57,32766.0,7886.0,7886.0
925,244.700,166.700,244.56,166.67,971.57,33377.0,8027.0,8027.0
926,244.700,166.700,244.35,166.89,971.57,31367.0,6172.0,6172.0
927,244.700,166.700,244.59,167.15,971.57,31578.0,6481.0,6481.0
928,244.700,166.700,244.36,166.82,971.57,32027.0,7155.0,7155.0
929,244.700,166.700,244.44,166.68,971.57,33158.0,8144.0,8144.0
930,244.700,166.700,244.5,166.94,971.57,32984.0,7725.0,7725.0
931,244.700,166.700,244.34,166.87,971.57,34320.0,9036.0,9036.0
932,244.700,166.700,244.54,166.83,971.57,32122.0,7125.0,7125.0
933,244.700,166.700,244.45,167.03,971.57,34358.0,9424.0,9424.0
934,244.700,166.700,244.35,166.89,971.57,32880.0,8093.0,8093.0
935,244.700,166.700,244.35,166.89,971.57,34406.0,8406.0,8406.0
936,244.700,166.700,244.61,166.95,971.57,33077.0,7600.0,7600.0
937,244.700,166.700,244.59,167.25,971.57,33513.0,7922.0,7922.0
938,244.700,166.700,244.39,167.05,971.57,32675.0,8259.0,8259.0
939,244.700,166.700,244.61,166.76,971.57,31896.0,7358.0,7358.0
940,244.700,166.700,244.32,166.78,971.57,32627.0,7793.0,7793.0
941,244.700,166.700,244.35,166.89,971.57,33150.0,7784.0,7784.0
942,244.700,166.700,244.35,166.89,971.57,32278.0,6414.0,6414.0
943,244.700,166.700,244.73,167,971.57,33634.0,7762.0,7762.0
944,244.700,166.700,244.6,166.92,971.57,33656.0,8750.0,8750.0
945,244.700,166.700,244.35,166.89,971.57,30968.0,6336.0,6336.0
946,244.700,166.700,244.11,167.16,971.57,33870.0,9352.0,9352.0
947,244.700,166.700,244.35,166.89,971.57,32698.0,6710.0,6710.0
948,244.700,166.700,244.2,166.93,971.57,33998.0,7878.0,7878.0
949,244.700,166.700,244.6,167.12,971.57,33376.0,7814.0,7814.0
950,244.700,166.700,244.58,166.96,971.57,33162.0,8029.0,8029.0
951,244.700,166.700,244.59,166.82,971.57,33100.0,8070.0,8070.0
952,244.700,166.700,244.35,166.89,971.57,30637.0,6185.0,6185.0
953,244.700,166.700,244.38,166.92,971.57,33866.0,8583.0,8583.0
954,244.700,166.700,244.29,167.04,971.57,36151.0,9821.0,9821.0
955,244.700,166.700,244.27,166.93,971.57,35119.0,9404.0,9404.0
956,244.700,166.700,244.59,166.59,971.57,32299.0,7162.0,7162.0
957,244.700,166.700,244.57,166.82,971.57,32412.0,7119.0,7119.0
958,244.700,166.700,244.55,166.93,971.57,33045.0,8292.0,8292.0
959,244.700,166.700,244.26,166.97,971.57,34052.0,8246.0,8246.0
960,244.700,166.700,244.4,166.9,971.57,32222.0,7394.0,7394.0
961,244.700,166.700,244.35,166.89,971.57,31310.0,6268.0,6268.0
962,244.700,166.700,244.62,166.98,971.57,32760.0,8209.0,8209.0
963,244.700,166.700,244.58,166.64,971.57,32199.0,8259.0,8259.0
964,244.700,166.700,244.32,166.7,971.57,32264.0,8490.0,8490.0
965,244.700,166.700,244.49,166.65,971.57,33243.0,8394.0,8394.0
966,244.700,166.700,244.7,166.89,971.57,32803.0,7884.0,7884.0
967,244.700,166.700,244.35,166.89,971.57,30426.0,4728.0,4728.0
968,244.700,166.700,244.47,166.81,971.57,33517.0,9085.0,9085.0
969,244.700,166.700,244.7,166.92,971.57,33579.0,8045.0,8045.0
970,244.700,166.700,244.35,166.89,971.57,31437.0,5918.0,5918.0
971,244.700,166.700,244.27,166.82,971.57,33278.0,8289.0,8289.0
972,244.700,166.700,244.35,166.89,971.57,30056.0,4753.0,4753.0
973,244.700,166.700,244.35,166.89,971.57,31968.0,7562.0,7562.0
974,244.700,166.700,244.35,166.89,971.57,33343.0,7467.0,7467.0
975,244.700,166.700,244.57,166.58,971.57,35040.0,9565.0,9565.0
976,244.700,166.700,244.34,166.78,971.57,31983.0,7644.0,7644.0
977,244.700,166.700,244.73,166.83,971.57,31639.0,6759.0,6759.0
978,244.700,166.700,244.53,166.75,971.57,31728.0,8316.0,8316.0
979,244.700,166.700,244.51,166.7,971.57,34451.0,9351.0,9351.0
980,244.700,166.700,244.46,166.6,971.57,35408.0,10234.0,10234.0
981,244.700,166.700,244.52,166.86,971.57,35685.0,10667.0,10667.0
982,244.700,166.700,244.41,166.97,971.57,32720.0,7762.0,7762.0
983,244.700,166.700,244.44,166.69,971.57,32549.0,7898.0,7898.0
984,244.700,166.700,244.21,166.39,971.57,33524.0,9024.0,9024.0
985,244.700,166.700,244.38,166.63,971.57,32502.0,7779.0,7779.0
986,244.700,166.700,244.43,167.04,971.57,33526.0,8839.0,8839.0
987,244.700,166.700,244.45,166.6,971.57,33522.0,9314.0,9314.0
988,244.700,166.700,244.35,166.86,971.57,32570.0,7421.0,7421.0
989,244.700,166.700,244.52,166.6,971.57,32570.0,7590.0,7590.0
990,244.700,166.700,244.49,167.02,971.57,32147.0,7272.0,7272.0
991,244.700,166.700,244.45,166.98,971.57,35847.0,10875.0,10875.0
992,244.700,166.700,244.53,166.91,971.57,33188.0,8646.0,8646.0
993,244.700,166.700,244.61,166.98,971.57,31019.0,6516.0,6516.0
994,244.700,166.700,244.03,166.68,971.57,33395.0,8110.0,8110.0
995,244.700,166.700,244.37,166.7,971.57,31941.0,7033.0,7033.0
996,244.700,166.700,244.43,166.63,971.57,32730.0,8500.0,8500.0
997,244.700,166.700,244.68,166.67,971.57,31828.0,6652.0,6652.0
998,244.700,166.700,244.65,167.05,971.57,34140.0,8750.0,8750.0
999,244.700,166.700,244.26,167.04,971.57,30921.0,6536.0,6536.0
1000,244.700,166.700,244.54,167.1,971.57,32945.0,7975.0,7975.0
1001,244.700,166.700,244.83,166.86,971.57,30582.0,6965.0,6965.0
1002,244.700,166.700,244.63,166.96,971.57,34918.0,8292.0,8292.0
1003,244.700,166.700,244.79,166.9,971.57,34476.0,8204.0,8204.0
1004,244.700,166.700,244.35,166.89,971.57,32254.0,7224.0,7224.0
1005,244.700,166.700,244.54,166.7,971.57,33164.0,8438.0,8438.0
1006,244.700,166.700,244.6,166.91,971.57,40616.0,14529.0,14529.0
1007,244.700,166.700,244.48,166.89,971.57,42191.0,15254.0,15254.0
1008,244.700,166.700,244.55,166.96,971.57,40589.0,14378.0,14378.0
1009,244.700,166.700,244.53,166.86,971.57,40673.0,13872.0,13872.0
1010,244.700,166.700,244.42,166.65,971.57,37995.0,12086.0,12086.0
1011,244.700,166.700,244.48,166.6,971.57,37493.0,11591.0,11591.0
1012,244.700,166.700,244.49,166.61,971.57,39235.0,13792.0,13792.0
1013,244.700,166.700,244.54,167,971.57,39609.0,12895.0,12895.0
1014,244.700,166.700,244.5,166.88,971.57,39669.0,14253.0,14253.0
1015,244.700,166.700,244.4,166.7,971.57,37988.0,12447.0,12447.0
1016,244.700,166.700,244.7,166.89,971.57,39120.0,12697.0,12697.0
1017,244.700,166.700,244.35,166.76,971.57,36559.0,11387.0,11387.0
1018,244.700,166.700,244.85,166.9,971.57,36199.0,11629.0,11629.0
1019,244.700,166.700,244.51,166.76,971.57,39149.0,12773.0,12773.0
1020,244.700,166.700,244.34,166.9,971.57,36166.0,11019.0,11019.0
1021,244.700,166.700,244.33,166.88,971.57,39789.0,13867.0,13867.0
1022,244.700,166.700,244.56,166.71,971.57,39443.0,13910.0,13910.0
1023,244.700,166.700,244.54,166.55,971.57,39432.0,14141.0,14141.0
1024,244.700,166.700,244.55,166.6,971.57,38995.0,12290.0,12290.0
1025,244.700,166.700,244.4,166.75,971.57,40389.0,14796.0,14796.0
1026,244.700,166.700,244.55,166.82,971.57,37630.0,11477.0,11477.0
1027,244.700,166.700,244.34,166.68,971.57,40295.0,13822.0,13822.0
1028,244.700,166.700,244.48,166.73,971.57,39130.0,13251.0,13251.0
1029,244.700,166.700,244.43,166.73,971.57,37947.0,12721.0,12721.0
1030,244.700,166.700,244.59,166.89,971.57,38602.0,12363.0,12363.0
1031,244.700,166.700,244.47,166.68,971.57,39828.0,13734.0,13734.0
1032,244.700,166.700,244.41,166.79,971.57,38218.0,12871.0,12871.0
1033,244.700,166.700,244.66,166.83,971.57,38076.0,13071.0,13071.0
1034,244.700,166.700,244.51,166.75,971.57,38373.0,12822.0,12822.0
1035,244.700,166.700,244.51,166.83,971.57,39314.0,13370.0,13370.0
1036,244.700,166.700,244.49,166.88,971.57,36540.0,11217.0,11217.0
1037,244.700,166.700,244.25,166.63,971.57,38551.0,12388.0,12388.0
1038,244.700,166.700,244.49,166.74,971.57,40772.0,14071.0,14071.0
1039,244.700,166.700,244.33,166.89,971.57,38018.0,11581.0,11581.0
1040,244.700,166.700,244.52,166.86,971.57,38955.0,12042.0,12042.0
1041,244.700,166.700,244.45,166.88,971.57,39289.0,13175.0,13175.0
1042,244.700,166.700,244.3,166.9,971.57,39232.0,14055.0,14055.0
1043,244.700,166.700,244.58,166.9,971.57,41271.0,14649.0,14649.0
1044,244.700,166.700,244.6,166.48,971.57,35588.0,11177.0,11177.0
1045,244.700,166.700,244.6,166.86,971.57,40442.0,14285.0,14285.0
1046,244.700,166.700,244.42,166.88,971.57,40416.0,14168.0,14168.0
1047,244.700,166.700,244.48,166.77,971.57,38284.0,12901.0,12901.0
1048,244.700,166.700,244.49,166.7,971.57,41329.0,14674.0,14674.0
1049,244.700,166.700,244.39,166.8,971.57,38295.0,11576.0,11576.0
1050,244.700,166.700,244.45,166.73,971.57,38722.0,12801.0,12801.0
1051,244.700,166.700,244.4,166.65,971.57,40060.0,13894.0,13894.0
1052,244.700,166.700,244.46,166.77,971.57,37732.0,11842.0,11842.0
1053,244.700,166.700,244.43,166.73,971.57,39248.0,13533.0,13533.0
1054,244.700,166.700,244.46,166.7,971.57,39534.0,13280.0,13280.0
1055,244.700,166.700,244.6,166.87,971.57,37335.0,11667.0,11667.0
1056,244.700,166.700,244.23,166.97,971.57,38019.0,12894.0,12894.0
1057,244.700,166.700,244.45,166.56,971.57,38466.0,12779.0,12779.0
1058,244.700,166.700,244.54,166.71,971.57,37696.0,11358.0,11358.0
1059,244.700,166.700,244.65,166.64,971.57,37667.0,11927.0,11927.0
1060,244.700,166.700,244.36,166.75,971.57,37736.0,12069.0,12069.0
1061,244.700,166.700,244.66,166.99,971.57,38337.0,12429.0,12429.0
1062,244.700,166.700,244.66,166.88,971.57,42030.0,15220.0,15220.0
1063,244.700,166.700,244.54,166.71,971.57,37353.0,11481.0,11481.0
1064,244.700,166.700,244.47,166.97,971.57,37224.0,10977.0,10977.0
1065,244.700,166.700,244.57,166.77,971.57,38163.0,12416.0,12416.0
1066,244.700,166.700,244.47,166.89,971.57,36609.0,10393.0,10393.0
1067,244.700,166.700,244.58,166.83,971.57,38857.0,12439.0,12439.0
1068,244.700,166.700,244.55,166.8,971.57,39719.0,13436.0,13436.0
1069,244.700,166.700,244.36,166.71,971.57,37911.0,11885.0,11885.0
1070,244.700,166.700,244.62,166.79,971.57,40014.0,13686.0,13686.0
1071,244.700,166.700,244.52,166.73,971.57,37622.0,11609.0,11609.0
1072,244.700,166.700,244.46,166.58,971.57,43224.0,16765.0,16765.0
1073,244.700,166.700,244.41,166.55,971.57,39197.0,13135.0,13135.0
1074,244.700,166.700,244.46,166.89,971.57,37982.0,12488.0,12488.0
1075,244.700,166.700,244.53,166.9,971.57,36873.0,10663.0,10663.0
1076,244.700,166.700,244.5,166.62,971.57,38567.0,13632.0,13632.0
1077,244.700,166.700,244.47,166.85,971.57,36295.0,10117.0,10117.0
1078,244.700,166.700,244.33,166.72,971.57,37833.0,12273.0,12273.0
1079,244.700,166.700,244.61,166.63,971.57,38427.0,13699.0,13699.0
1080,244.700,166.700,244.3,166.91,971.57,38150.0,12508.0,12508.0
1081,244.700,166.700,244.53,166.93,971.57,37984.0,12727.0,12727.0
1082,244.700,166.700,244.55,166.89,971.57,39368.0,13924.0,13924.0
1083,244.700,166.700,244.54,166.67,971.57,38803.0,12712.0,12712.0
1084,244.700,166.700,244.52,166.74,971.57,39588.0,13690.0,13690.0
1085,244.700,166.700,244.43,166.77,971.57,40806.0,14967.0,14967.0
1086,244.700,166.700,244.38,166.72,971.57,36542.0,10776.0,10776.0
1087,244.700,166.700,244.59,166.88,971.57,40549.0,13874.0,13874.0
1088,244.700,166.700,244.39,166.87,971.57,42487.0,16455.0,16455.0
1089,244.700,166.700,244.53,166.61,971.57,41534.0,14134.0,14134.0
1090,244.700,166.700,244.61,166.77,971.57,37917.0,11517.0,11517.0
1091,244.700,166.700,244.36,166.69,971.57,36515.0,11054.0,11054.0
1092,244.700,166.700,244.6,166.67,971.57,39086.0,12715.0,12715.0
1093,244.700,166.700,244.58,166.68,971.57,38814.0,13857.0,13857.0
1094,244.700,166.700,244.43,166.63,971.57,39426.0,13651.0,13651.0
1095,244.700,166.700,244.56,166.78,971.57,39023.0,11697.0,11697.0
1096,244.700,166.700,244.46,166.62,971.57,38716.0,12567.0,12567.0
1097,244.700,166.700,244.69,166.98,971.57,40375.0,14162.0,14162.0
1098,244.700,166.700,244.57,166.73,971.57,39005.0,12809.0,12809.0
1099,244.700,166.700,244.55,166.91,971.57,38220.0,12426.0,12426.0
1100,244.700,166.700,244.62,166.76,971.57,37866.0,11271.0,11271.0
1101,244.700,166.700,244.59,166.57,971.57,38907.0,13027.0,13027.0
1102,244.700,166.700,244.49,166.87,971.57,38268.0,12376.0,12376.0
1103,244.700,166.700,244.57,166.85,971.57,39148.0,13389.0,13389.0
1104,244.700,166.700,244.56,166.48,971.57,40406.0,14440.0,14440.0
1105,244.700,166.700,244.4,166.91,971.57,39544.0,13594.0,13594.0
1106,244.700,166.700,244.57,166.61,971.57,38346.0,12679.0,12679.0
1107,244.700,166.700,244.68,166.77,971.57,38328.0,12112.0,12112.0
1108,244.700,166.700,244.7,166.73,971.57,36648.0,10734.0,10734.0
1109,244.700,166.700,244.66,166.88,971.57,39244.0,12708.0,12708.0
1110,244.700,166.700,244.62,166.84,971.57,35656.0,10858.0,10858.0
1111,244.700,166.700,244.54,166.81,971.57,39530.0,12994.0,12994.0
1112,244.700,166.700,244.48,166.65,971.57,40718.0,14651.0,14651.0
1113,244.700,166.700,244.48,166.77,971.57,35484.0,9511.0,9511.0
1114,244.700,166.700,244.69,166.71,971.57,40139.0,14431.0,14431.0
1115,244.700,166.700,244.55,166.66,971.57,36710.0,11502.0,11502.0
1116,244.700,166.700,244.41,166.55,971.57,37097.0,11646.0,11646.0
1117,244.700,166.700,244.55,166.88,971.57,40436.0,15058.0,15058.0
1118,244.700,166.700,244.34,166.92,971.57,38849.0,13045.0,13045.0
1119,244.700,166.700,244.48,166.66,971.57,40340.0,14031.0,14031.0
1120,244.700,166.700,244.62,166.63,971.57,37482.0,11751.0,11751.0
1121,244.700,166.700,244.6,166.7,971.57,40392.0,14384.0,14384.0
1122,244.700,166.700,244.4,166.86,971.57,40071.0,14503.0,14503.0
1123,244.700,166.700,244.38,166.84,971.57,41166.0,16444.0,16444.0
1124,244.700,166.700,244.42,166.75,971.57,39318.0,14179.0,14179.0
1125,244.700,166.700,244.47,166.8,971.57,38975.0,13252.0,13252.0
1126,244.700,166.700,244.47,166.78,971.57,41149.0,14781.0,14781.0
1127,244.700,166.700,244.5,166.89,971.57,39856.0,13732.0,13732.0
1128,244.700,166.700,244.56,166.52,971.57,40032.0,14308.0,14308.0
1129,244.700,166.700,244.52,166.64,971.57,38200.0,12349.0,12349.0
1130,244.700,166.700,244.4,166.82,971.57,37301.0,10665.0,10665.0
1131,244.700,166.700,244.41,166.83,971.57,40634.0,14155.0,14155.0
1132,244.700,166.700,244.35,166.54,971.57,37684.0,11477.0,11477.0
1133,244.700,166.700,244.32,166.64,971.57,38583.0,12609.0,12609.0
1134,244.700,166.700,244.53,166.84,971.57,38230.0,12095.0,12095.0
1135,244.700,166.700,244.74,166.91,971.57,39282.0,13117.0,13117.0
1136,244.700,166.700,244.49,166.81,971.57,42403.0,16741.0,16741.0
1137,244.700,166.700,244.43,166.88,971.57,40056.0,13875.0,13875.0
1138,244.700,166.700,244.59,166.69,971.57,41478.0,14532.0,14532.0
1139,244.700,166.700,244.49,166.65,971.57,39859.0,14262.0,14262.0
1140,244.700,166.700,244.49,166.8,971.57,40115.0,14027.0,14027.0
1141,244.700,166.700,244.73,166.86,971.57,39923.0,14386.0,14386.0
1142,244.700,166.700,244.4,166.78,971.57,38500.0,12566.0,12566.0
1143,244.700,166.700,244.51,166.87,971.57,39401.0,13198.0,13198.0
1144,244.700,166.700,244.5,166.6,971.57,40537.0,15065.0,15065.0
1145,244.700,166.700,244.56,166.78,971.57,38125.0,12510.0,12510.0
1146,244.700,166.700,244.69,166.79,971.57,37685.0,11558.0,11558.0
1147,244.700,166.700,244.6,166.79,971.57,41537.0,14954.0,14954.0
1148,244.700,166.700,244.39,166.68,971.57,41267.0,14482.0,14482.0
1149,244.700,166.700,244.52,166.91,971.57,39976.0,13571.0,13571.0
1150,244.700,166.700,244.34,166.81,971.57,40264.0,14005.0,14005.0
1151,244.700,166.700,244.7,166.93,971.57,39900.0,13408.0,13408.0
1152,244.700,166.700,244.36,166.31,971.57,39185.0,13187.0,13187.0
1153,244.700,166.700,244.58,166.76,971.57,40598.0,14926.0,14926.0
1154,244.700,166.700,244.39,166.64,971.57,39683.0,14533.0,14533.0
1155,244.700,166.700,244.46,166.57,971.57,38042.0,12709.0,12709.0
1156,244.700,166.700,244.48,166.96,971.57,43086.0,16066.0,16066.0
1157,244.700,166.700,244.44,166.83,971.57,41964.0,15861.0,15861.0
1158,244.700,166.700,244.46,166.87,971.57,41954.0,15302.0,15302.0
1159,244.700,166.700,244.5,166.77,971.57,41127.0,15816.0,15816.0
1160,244.700,166.700,244.51,166.51,971.57,40357.0,14314.0,14314.0
1161,244.700,166.700,244.48,166.49,971.57,41002.0,14749.0,14749.0
1162,244.700,166.700,244.61,166.76,971.57,40569.0,14656.0,14656.0
1163,244.700,166.700,244.57,166.56,971.57,39986.0,13632.0,13632.0
1164,244.700,166.700,244.51,166.63,971.57,41181.0,15028.0,15028.0
1165,244.700,166.700,244.65,166.79,971.57,41422.0,15063.0,15063.0
1166,244.700,166.700,244.41,166.66,971.57,40894.0,14988.0,14988.0
1167,244.700,166.700,244.54,166.7,971.57,42801.0,16259.0,16259.0
1168,244.700,166.700,244.46,166.73,971.57,40657.0,14386.0,14386.0
1169,244.700,166.700,244.4,166.7,971.57,40674.0,14749.0,14749.0
1170,244.700,166.700,244.49,166.55,971.57,41493.0,15568.0,15568.0
1171,244.700,166.700,244.35,166.69,971.57,43454.0,16412.0,16412.0
1172,244.700,166.700,244.32,166.68,971.57,41951.0,16306.0,16306.0
1173,244.700,166.700,244.42,166.55,971.57,42106.0,15677.0,15677.0
1174,244.700,166.700,244.34,166.62,971.57,40804.0,13763.0,13763.0
1175,244.700,166.700,244.41,166.86,971.57,41576.0,15328.0,15328.0
1176,244.700,166.700,244.4,166.65,971.57,40497.0,14968.0,14968.0
1177,244.700,166.700,244.52,166.8,971.57,38456.0,13534.0,13534.0
1178,244.700,166.700,244.56,166.77,971.57,42391.0,16233.0,16233.0
1179,244.700,166.700,244.57,166.62,971.57,41363.0,15882.0,15882.0
1180,244.700,166.700,244.42,166.57,971.57,40307.0,13650.0,13650.0
1181,244.700,166.700,244.4,166.73,971.57,41601.0,16233.0,16233.0
1182,244.700,166.700,244.53,166.51,971.57,42808.0,17864.0,17864.0
1183,244.700,166.700,244.65,166.94,971.57,39937.0,13891.0,13891.0
1184,244.700,166.700,244.47,166.61,971.57,42125.0,15290.0,15290.0
1185,244.700,166.700,244.49,166.6,971.57,42661.0,15814.0,15814.0
1186,244.700,166.700,244.7,166.92,971.57,39452.0,14076.0,14076.0
1187,244.700,166.700,244.57,166.54,971.57,40426.0,14455.0,14455.0
1188,244.700,166.700,244.52,166.68,971.57,39603.0,14190.0,14190.0
1189,244.700,166.700,244.52,166.8,971.57,38968.0,13419.0,13419.0
1190,244.700,166.700,244.65,166.81,971.57,40955.0,15132.0,15132.0
1191,244.700,166.700,244.65,166.52,971.57,42584.0,15586.0,15586.0
1192,244.700,166.700,244.6,166.69,971.57,42514.0,16809.0,16809.0
1193,244.700,166.700,244.4,166.77,971.57,41528.0,14760.0,14760.0
1194,244.700,166.700,244.35,166.64,971.57,40342.0,14990.0,14990.0
1195,244.700,166.700,244.43,166.71,971.57,40387.0,14179.0,14179.0
1196,244.700,166.700,244.37,166.72,971.57,41120.0,15361.0,15361.0
1197,244.700,166.700,244.57,166.63,971.57,40214.0,13849.0,13849.0
1198,244.700,166.700,244.52,166.68,971.57,40754.0,14105.0,14105.0
1199,244.700,166.700,244.49,166.86,971.57,40796.0,14434.0,14434.0
1200,244.700,166.700,244.34,166.52,971.57,40642.0,14929.0,14929.0
1201,244.700,166.700,244.48,166.74,971.57,43641.0,17138.0,17138.0
1202,244.700,166.700,244.59,166.58,971.57,40681.0,14476.0,14476.0
1203,244.700,166.700,244.42,166.79,971.57,42387.0,15700.0,15700.0
1204,244.700,166.700,244.64,166.9,971.57,41360.0,14524.0,14524.0
1205,244.700,166.700,244.43,166.75,971.57,39554.0,13535.0,13535.0
1206,244.700,166.700,244.29,166.77,971.57,41127.0,14487.0,14487.0
1207,244.700,166.700,244.51,166.65,971.57,40928.0,15272.0,15272.0
1208,244.700,166.700,244.52,166.68,971.57,40458.0,15090.0,15090.0
1209,244.700,166.700,244.57,166.56,971.57,40514.0,13389.0,13389.0
1210,244.700,166.700,244.53,166.87,971.57,42837.0,16430.0,16430.0
1211,244.700,166.700,244.5,166.72,971.57,41842.0,15663.0,15663.0
1212,244.700,166.700,244.46,166.9,971.57,40751.0,13552.0,13552.0
1213,244.700,166.700,244.57,166.56,971.57,39634.0,14214.0,14214.0
1214,244.700,166.700,244.5,166.87,971.57,42791.0,16326.0,16326.0
1215,244.700,166.700,244.64,166.95,971.57,39227.0,12594.0,12594.0
1216,244.700,166.700,244.55,166.89,971.57,43917.0,16879.0,16879.0
1217,244.700,166.700,244.62,166.71,971.57,40355.0,13310.0,13310.0
1218,244.700,166.700,244.48,166.57,971.57,40588.0,15160.0,15160.0
1219,244.700,166.700,244.41,166.55,971.57,42923.0,16620.0,16620.0
1220,244.700,166.700,244.49,166.78,971.57,38589.0,12932.0,12932.0
1221,244.700,166.700,244.38,166.84,971.57,41191.0,15355.0,15355.0
1222,244.700,166.700,244.31,166.59,971.57,43150.0,15944.0,15944.0
1223,244.700,166.700,244.63,166.58,971.57,38000.0,12486.0,12486.0
1224,244.700,166.700,244.44,166.57,971.57,43514.0,17046.0,17046.0
1225,244.700,166.700,244.55,166.8,971.57,42555.0,15261.0,15261.0
1226,244.700,166.700,244.38,166.66,971.57,41671.0,15624.0,15624.0
1227,244.700,166.700,244.69,166.73,971.57,42356.0,15600.0,15600.0
1228,244.700,166.700,244.43,166.62,971.57,40743.0,13519.0,13519.0
1229,244.700,166.700,244.63,166.82,971.57,39496.0,15074.0,15074.0
1230,244.700,166.700,244.65,166.74,971.57,41349.0,14787.0,14787.0
1231,244.700,166.700,244.49,166.64,971.57,39943.0,13715.0,13715.0
1232,244.700,166.700,244.69,166.82,971.57,42569.0,15935.0,15935.0
1233,244.700,166.700,244.43,166.73,971.57,41987.0,16290.0,16290.0
1234,244.700,166.700,244.69,166.82,971.57,42293.0,15983.0,15983.0
1235,244.700,166.700,244.67,166.76,971.57,42100.0,15882.0,15882.0
1236,244.700,166.700,244.68,166.96,971.57,44282.0,16846.0,16846.0
1237,244.700,166.700,244.51,166.71,971.57,42581.0,15983.0,15983.0
1238,244.700,166.700,244.43,166.62,971.57,40579.0,14628.0,14628.0
1239,244.700,166.700,244.61,166.73,971.57,41001.0,14786.0,14786.0
1240,244.700,166.700,244.58,166.52,971.57,40831.0,15343.0,15343.0
1241,244.700,166.700,244.61,166.89,971.57,41523.0,13351.0,13351.0
1242,244.700,166.700,244.54,166.74,971.57,40792.0,15281.0,15281.0
1243,244.700,166.700,244.08,166.66,971.57,42127.0,15036.0,15036.0
1244,244.700,166.700,244.42,166.67,971.57,40941.0,15016.0,15016.0
1245,244.700,166.700,244.29,166.79,971.57,41479.0,15476.0,15476.0
1246,244.700,166.700,244.37,166.63,971.57,40147.0,13942.0,13942.0
1247,244.700,166.700,244.46,166.45,971.57,38654.0,13917.0,13917.0
1248,244.700,166.700,244.49,166.52,971.57,40049.0,13718.0,13718.0
1249,244.700,166.700,244.15,166.66,971.57,39653.0,12650.0,12650.0
1250,244.700,166.700,244.5,166.79,971.57,41789.0,16391.0,16391.0
1251,244.700,166.700,244.45,166.74,971.57,40298.0,13786.0,13786.0
1252,244.700,166.700,244.57,166.62,971.57,40377.0,14208.0,14208.0
1253,244.700,166.700,244.48,166.74,971.57,41169.0,15321.0,15321.0
1254,244.700,166.700,244.52,166.5,971.57,41178.0,15648.0,15648.0
1255,244.700,166.700,244.62,166.75,971.57,39616.0,13635.0,13635.0
1256,244.700,166.700,244.5,166.81,971.57,42054.0,15586.0,15586.0
1257,244.700,166.700,244.61,166.69,971.57,41212.0,15649.0,15649.0
1258,244.700,166.700,244.49,166.65,971.57,42208.0,16524.0,16524.0
1259,244.700,166.700,244.3,166.47,971.57,38572.0,12985.0,12985.0
1260,244.700,166.700,244.43,166.71,971.57,41986.0,15488.0,15488.0
1261,244.700,166.700,244.43,166.57,971.57,43626.0,16522.0,16522.0
1262,244.700,166.700,244.36,166.77,971.57,41611.0,15325.0,15325.0
1263,244.700,166.700,244.48,166.64,971.57,42227.0,15857.0,15857.0
1264,244.700,166.700,244.68,166.66,971.57,42502.0,15666.0,15666.0
1265,244.700,166.700,244.43,166.78,971.57,40963.0,14040.0,14040.0
1266,244.700,166.700,244.52,166.67,971.57,42348.0,16639.0,16639.0
1267,244.700,166.700,244.55,166.82,971.57,42616.0,15843.0,15843.0
1268,244.700,166.700,244.56,166.78,971.57,41660.0,15445.0,15445.0
1269,244.700,166.700,244.62,166.81,971.57,41771.0,15047.0,15047.0
1270,244.700,166.700,244.41,166.68,971.57,41994.0,15813.0,15813.0
1271,244.700,166.700,244.68,166.69,971.57,43366.0,17477.0,17477.0
1272,244.700,166.700,244.37,166.77,971.57,43385.0,17338.0,17338.0
1273,244.700,166.700,244.5,166.68,971.57,42842.0,16312.0,16312.0
1274,244.700,166.700,244.58,166.8,971.57,42935.0,16292.0,16292.0
1275,244.700,166.700,244.44,166.72,971.57,41964.0,16424.0,16424.0
1276,244.700,166.700,244.44,166.57,971.57,43579.0,17106.0,17106.0
1277,244.700,166.700,244.38,166.77,971.57,43219.0,16562.0,16562.0
1278,244.700,166.700,244.7,166.57,971.57,40658.0,14424.0,14424.0
1279,244.700,166.700,244.62,166.52,971.57,40117.0,13292.0,13292.0
1280,244.700,166.700,244.62,166.68,971.57,43025.0,17039.0,17039.0
1281,244.700,166.700,244.59,166.55,971.57,39850.0,14675.0,14675.0
1282,244.700,166.700,244.62,166.58,971.57,44713.0,18627.0,18627.0
1283,244.700,166.700,244.31,166.57,971.57,41839.0,15547.0,15547.0
1284,244.700,166.700,244.54,166.64,971.57,42783.0,16812.0,16812.0
1285,244.700,166.700,244.56,166.61,971.57,42041.0,15716.0,15716.0
1286,244.700,166.700,244.65,166.78,971.57,37961.0,12505.0,12505.0
1287,244.700,166.700,244.53,166.42,971.57,43514.0,17333.0,17333.0
1288,244.700,166.700,244.55,166.55,971.57,43207.0,17422.0,17422.0
1289,244.700,166.700,244.52,166.85,971.57,40183.0,14030.0,14030.0
1290,244.700,166.700,244.73,166.77,971.57,42919.0,16204.0,16204.0
1291,244.700,166.700,244.39,166.49,971.57,43595.0,17139.0,17139.0
1292,244.700,166.700,244.53,166.76,971.57,40590.0,14261.0,14261.0
1293,244.700,166.700,244.52,166.58,971.57,40288.0,14581.0,14581.0
1294,244.700,166.700,244.66,166.64,971.57,38726.0,12932.0,12932.0
1295,244.700,166.700,244.47,166.62,971.57,41735.0,16332.0,16332.0
1296,244.700,166.700,244.63,166.71,971.57,42334.0,16657.0,16657.0
1297,244.700,166.700,244.63,166.71,971.57,41171.0,15561.0,15561.0
1298,244.700,166.700,244.45,166.49,971.57,40180.0,14436.0,14436.0
1299,244.700,166.700,244.52,166.8,971.57,40531.0,14803.0,14803.0
1300,244.700,166.700,244.62,166.55,971.57,43137.0,17216.0,17216.0
1301,244.700,166.700,244.53,166.76,971.57,41449.0,14606.0,14606.0
1302,244.700,166.700,244.62,166.66,971.57,42408.0,16601.0,16601.0
1303,244.700,166.700,244.52,166.61,971.57,39455.0,13532.0,13532.0
1304,244.700,166.700,244.74,166.57,971.57,41790.0,15892.0,15892.0
1305,244.700,166.700,244.4,166.57,971.57,40655.0,14572.0,14572.0
1306,244.700,166.700,244.33,166.32,971.57,42972.0,16349.0,16349.0
1307,244.700,166.700,244.46,166.69,971.57,41156.0,15054.0,15054.0
1308,244.700,166.700,244.46,166.58,971.57,41414.0,15423.0,15423.0
1309,244.700,166.700,244.27,166.64,971.57,39789.0,13648.0,13648.0
1310,244.700,166.700,244.54,166.49,971.57,39381.0,13833.0,13833.0
1311,244.700,166.700,244.6,166.65,971.57,39811.0,14327.0,14327.0
1312,244.700,166.700,244.59,166.65,971.57,39955.0,13655.0,13655.0
1313,244.700,166.700,244.56,166.46,971.57,40869.0,15357.0,15357.0
1314,244.700,166.700,244.63,166.57,971.57,39708.0,13371.0,13371.0
1315,244.700,166.700,244.73,166.71,971.57,40419.0,13922.0,13922.0
1316,244.700,166.700,244.73,166.69,971.57,42043.0,14932.0,14932.0
1317,244.700,166.700,244.59,166.58,971.57,41383.0,15289.0,15289.0
1318,244.700,166.700,244.66,166.83,971.57,43205.0,16238.0,16238.0
1319,244.700,166.700,244.49,166.68,971.57,40205.0,14355.0,14355.0
1320,244.700,166.700,244.63,166.65,971.57,40413.0,14791.0,14791.0
1321,244.700,166.700,244.68,166.76,971.57,43983.0,17036.0,17036.0
1322,244.700,166.700,244.58,166.45,971.57,38343.0,12706.0,12706.0
1323,244.700,166.700,244.46,166.66,971.57,40441.0,14170.0,14170.0
1324,244.700,166.700,244.36,166.34,971.57,43477.0,16408.0,16408.0
1325,244.700,166.700,244.57,166.61,971.57,38832.0,13639.0,13639.0
1326,244.700,166.700,244.54,166.81,971.57,38255.0,12887.0,12887.0
1327,244.700,166.700,244.68,166.84,971.57,40213.0,14062.0,14062.0
1328,244.700,166.700,244.55,166.65,971.57,40471.0,14028.0,14028.0
1329,244.700,166.700,244.45,166.5,971.57,40961.0,15393.0,15393.0
1330,244.700,166.700,244.53,166.59,971.57,40063.0,13962.0,13962.0
1331,244.700,166.700,244.7,166.69,971.57,38396.0,12716.0,12716.0
1332,244.700,166.700,244.62,166.86,971.57,42325.0,15353.0,15353.0
1333,244.700,166.700,244.7,166.7,971.57,36724.0,10669.0,10669.0
1334,244.700,166.700,244.7,166.7,971.57,23553.0,448.0,448.0
1335,244.700,166.700,244.7,166.7,971.57,21945.0,0.0,0.0
1336,244.700,166.700,244.7,166.7,971.57,23699.0,513.0,513.0
1337,244.700,166.700,244.7,166.7,971.57,23628.0,215.0,215.0
1338,244.700,166.700,244.7,166.7,971.57,23150.0,144.0,144.0
1339,244.700,166.700,244.7,166.7,971.57,23094.0,0.0,0.0
1340,244.700,166.700,244.7,166.7,971.57,23790.0,367.0,367.0
1341,244.700,166.700,244.7,166.7,971.57,23073.0,362.0,362.0
1342,244.700,166.700,244.7,166.7,971.57,22723.0,0.0,0.0
1343,244.700,166.700,244.7,166.7,971.57,24475.0,586.0,586.0
1344,244.700,166.700,244.7,166.7,971.57,21565.0,0.0,0.0
1345,244.700,166.700,244.7,166.7,971.57,24482.0,269.0,269.0
1346,244.700,166.700,244.7,166.7,971.57,22206.0,0.0,0.0
1347,244.700,166.700,244.7,166.7,971.57,24341.0,161.0,161.0
1348,244.700,166.700,244.7,166.7,971.57,24269.0,885.0,885.0
1349,244.700,166.700,244.7,166.7,971.57,24805.0,1342.0,1342.0
1350,244.700,166.700,244.7,166.7,971.57,23869.0,1395.0,1395.0
1351,244.700,166.700,244.7,166.7,971.57,23778.0,714.0,714.0
1352,244.700,166.700,244.7,166.7,971.57,23504.0,0.0,0.0
1353,244.700,166.700,244.7,166.7,971.57,22002.0,0.0,0.0
1354,244.700,166.700,244.7,166.7,971.57,25147.0,1963.0,1963.0
1355,244.700,166.700,244.7,166.7,971.57,22522.0,0.0,0.0
1356,244.700,166.700,244.7,166.7,971.57,25446.0,1266.0,1266.0
1357,244.700,166.700,244.7,166.7,971.57,23021.0,145.0,145.0
1358,244.700,166.700,244.7,166.7,971.57,24132.0,224.0,224.0
1359,244.700,166.700,244.7,166.7,971.57,23411.0,0.0,0.0
1360,244.700,166.700,244.7,166.7,971.57,22731.0,0.0,0.0
1361,244.700,166.700,244.7,166.7,971.57,24110.0,1043.0,1043.0
1362,244.700,166.700,244.7,166.7,971.57,24645.0,1083.0,1083.0
1363,244.700,166.700,244.7,166.7,971.57,23072.0,0.0,0.0
1364,244.700,166.700,244.7,166.7,971.57,24364.0,932.0,932.0
1365,244.700,166.700,244.7,166.7,971.57,22074.0,0.0,0.0
1366,244.700,166.700,244.7,166.7,971.57,22370.0,0.0,0.0
1367,244.700,166.700,244.7,166.7,971.57,21915.0,0.0,0.0
1368,244.700,166.700,244.7,166.7,971.57,23658.0,348.0,348.0
1369,244.700,166.700,244.7,166.7,971.57,25485.0,1234.0,1234.0
1370,244.700,166.700,244.7,166.7,971.57,24869.0,387.0,387.0
1371,244.700,166.700,244.7,166.7,971.57,23015.0,745.0,745.0
1372,244.700,166.700,244.7,166.7,971.57,22970.0,595.0,595.0
1373,244.700,166.700,244.7,166.7,971.57,22544.0,0.0,0.0
1374,244.700,166.700,244.7,166.7,971.57,23432.0,82.0,82.0
1375,244.700,166.700,244.7,166.7,971.57,24796.0,1035.0,1035.0
1376,244.700,166.700,244.7,166.7,971.57,23959.0,574.0,574.0
1377,244.700,166.700,244.7,166.7,971.57,22856.0,806.0,806.0
1378,244.700,166.700,244.7,166.7,971.57,24359.0,1855.0,1855.0
1379,244.700,166.700,244.7,166.7,971.57,23722.0,308.0,308.0
1380,244.700,166.700,244.7,166.7,971.57,23705.0,0.0,0.0
1381,244.700,166.700,244.7,166.7,971.57,24393.0,0.0,0.0
1382,244.700,166.700,244.7,166.7,971.57,23403.0,0.0,0.0
1383,244.700,166.700,244.7,166.7,971.57,21160.0,0.0,0.0
1384,244.700,166.700,244.7,166.7,971.57,24720.0,850.0,850.0
1385,244.700,166.700,244.7,166.7,971.57,22398.0,0.0,0.0
1386,244.700,166.700,244.7,166.7,971.57,22917.0,0.0,0.0
1387,244.700,166.700,244.7,166.7,971.57,22180.0,0.0,0.0
1388,244.700,166.700,244.7,166.7,971.57,24538.0,848.0,848.0
1389,244.700,166.700,244.7,166.7,971.57,24939.0,2261.0,2261.0
1390,244.700,166.700,244.7,166.7,971.57,22837.0,0.0,0.0
1391,244.700,166.700,244.7,166.7,971.57,25679.0,1784.0,1784.0
1392,244.700,166.700,244.7,166.7,971.57,23308.0,1011.0,1011.0
1393,244.700,166.700,244.7,166.7,971.57,25417.0,595.0,595.0
1394,244.700,166.700,244.7,166.7,971.57,23002.0,561.0,561.0
1395,244.700,166.700,244.7,166.7,971.57,23963.0,584.0,584.0
1396,244.700,166.700,244.7,166.7,971.57,22476.0,0.0,0.0
1397,244.700,166.700,244.7,166.7,971.57,26742.0,2689.0,2689.0
1398,244.700,166.700,244.7,166.7,971.57,24166.0,668.0,668.0
1399,244.700,166.700,244.7,166.7,971.57,24030.0,178.0,178.0
1400,244.700,166.700,244.7,166.7,971.57,22084.0,0.0,0.0
1401,244.700,166.700,244.7,166.7,971.57,23220.0,69.0,69.0
1402,244.700,166.700,244.7,166.7,971.57,24653.0,753.0,753.0
1403,244.700,166.700,244.7,166.7,971.57,23024.0,0.0,0.0
1404,244.700,166.700,244.7,166.7,971.57,24140.0,1414.0,1414.0
1405,244.700,166.700,244.7,166.7,971.57,23412.0,18.0,18.0
1406,244.700,166.700,244.7,166.7,971.57,23250.0,0.0,0.0
1407,244.700,166.700,244.7,166.7,971.57,22236.0,0.0,0.0
1408,244.700,166.700,244.7,166.7,971.57,23969.0,1187.0,1187.0
1409,244.700,166.700,244.7,166.7,971.57,23437.0,0.0,0.0
1410,244.700,166.700,244.7,166.7,971.57,23147.0,0.0,0.0
1411,244.700,166.700,244.7,166.7,971.57,23300.0,0.0,0.0
1412,244.700,166.700,244.7,166.7,971.57,23310.0,198.0,198.0
1413,244.700,166.700,244.7,166.7,971.57,25302.0,1019.0,1019.0
1414,244.700,166.700,244.7,166.7,971.57,24549.0,600.0,600.0
1415,244.700,166.700,244.7,166.7,971.57,22842.0,0.0,0.0
1416,244.700,166.700,244.7,166.7,971.57,20795.0,0.0,0.0
1417,244.700,166.700,244.7,166.7,971.57,24055.0,512.0,512.0
1418,244.700,166.700,244.7,166.7,971.57,22867.0,0.0,0.0
1419,244.700,166.700,244.7,166.7,971.57,23309.0,394.0,394.0
1420,244.700,166.700,244.7,166.7,971.57,22746.0,0.0,0.0
1421,244.700,166.700,244.7,166.7,971.57,24072.0,407.0,407.0
1422,244.700,166.700,244.7,166.7,971.57,23609.0,735.0,735.0
1423,244.700,166.700,244.7,166.7,971.57,24920.0,1152.0,1152.0
1424,244.700,166.700,244.7,166.7,971.57,24514.0,701.0,701.0
1425,244.700,166.700,244.7,166.7,971.57,22544.0,0.0,0.0
1426,244.700,166.700,244.7,166.7,971.57,24861.0,1394.0,1394.0
1427,244.700,166.700,244.7,166.7,971.57,23887.0,0.0,0.0
1428,244.700,166.700,244.7,166.7,971.57,24152.0,191.0,191.0
1429,244.700,166.700,244.7,166.7,971.57,23831.0,751.0,751.0
1430,244.700,166.700,244.7,166.7,971.57,21931.0,0.0,0.0
1431,244.700,166.700,244.7,166.7,971.57,24323.0,1292.0,1292.0
1432,244.700,166.700,244.7,166.7,971.57,23671.0,39.0,39.0
1433,244.700,166.700,244.7,166.7,971.57,24011.0,792.0,792.0
1434,244.700,166.700,244.7,166.7,971.57,23340.0,302.0,302.0
1435,244.700,166.700,244.7,166.7,971.57,22554.0,0.0,0.0
1436,244.700,166.700,244.7,166.7,971.57,24375.0,708.0,708.0
1437,244.700,166.700,244.7,166.7,971.57,22968.0,0.0,0.0
1438,244.700,166.700,244.7,166.7,971.57,23396.0,0.0,0.0
1439,244.700,166.700,244.7,166.7,971.57,24449.0,1058.0,1058.0
1440,244.700,166.700,244.7,166.7,971.57,23302.0,0.0,0.0
1441,244.700,166.700,244.7,166.7,971.57,23046.0,0.0,0.0
1442,244.700,166.700,244.7,166.7,971.57,24362.0,825.0,825.0
1443,244.700,166.700,244.7,166.7,971.57,26767.0,2583.0,2583.0
1444,244.700,166.700,244.7,166.7,971.57,24399.0,320.0,320.0
1445,244.700,166.700,244.7,166.7,971.57,22843.0,0.0,0.0
1446,244.700,166.700,244.7,166.7,971.57,23723.0,352.0,352.0
1447,244.700,166.700,244.7,166.7,971.57,22911.0,0.0,0.0
1448,244.700,166.700,244.7,166.7,971.57,24500.0,0.0,0.0
1449,244.700,166.700,244.7,166.7,971.57,22233.0,0.0,0.0
1450,244.700,166.700,244.7,166.7,971.57,24867.0,1530.0,1530.0
1451,244.700,166.700,244.7,166.7,971.57,24371.0,1185.0,1185.0
1452,244.700,166.700,244.7,166.7,971.57,23334.0,0.0,0.0
1453,244.700,166.700,244.7,166.7,971.57,23445.0,220.0,220.0
1454,244.700,166.700,244.7,166.7,971.57,22042.0,170.0,170.0
1455,244.700,166.700,244.7,166.7,971.57,21392.0,0.0,0.0
1456,244.700,166.700,244.7,166.7,971.57,22747.0,0.0,0.0
1457,244.700,166.700,244.7,166.7,971.57,24929.0,524.0,524.0
1458,244.700,166.700,244.7,166.7,971.57,24221.0,349.0,349.0
1459,244.700,166.700,244.7,166.7,971.57,22434.0,0.0,0.0
1460,244.700,166.700,244.7,166.7,971.57,22664.0,123.0,123.0
1461,244.700,166.700,244.7,166.7,971.57,22077.0,0.0,0.0
1462,244.700,166.700,244.7,166.7,971.57,23633.0,424.0,424.0
1463,244.700,166.700,244.7,166.7,971.57,24117.0,0.0,0.0
1464,244.700,166.700,244.7,166.7,971.57,22474.0,0.0,0.0
1465,244.700,166.700,244.7,166.7,971.57,23206.0,520.0,520.0
1466,244.700,166.700,244.7,166.7,971.57,22577.0,21.0,21.0
1467,244.700,166.700,244.7,166.7,971.57,22709.0,0.0,0.0
1468,244.700,166.700,244.7,166.7,971.57,23457.0,66.0,66.0
1469,244.700,166.700,244.7,166.7,971.57,23593.0,163.0,163.0
1470,244.700,166.700,244.7,166.7,971.57,25364.0,880.0,880.0
1471,244.700,166.700,244.7,166.7,971.57,24339.0,1297.0,1297.0
1472,244.700,166.700,244.7,166.7,971.57,24621.0,735.0,735.0
1473,244.700,166.700,244.7,166.7,971.57,23018.0,0.0,0.0
1474,244.700,166.700,244.7,166.7,971.57,24896.0,341.0,341.0
1475,244.700,166.700,244.7,166.7,971.57,22259.0,0.0,0.0
1476,244.700,166.700,244.7,166.7,971.57,24499.0,1364.0,1364.0
1477,244.700,166.700,244.7,166.7,971.57,23430.0,0.0,0.0
1478,244.700,166.700,244.7,166.7,971.57,22629.0,0.0,0.0
1479,244.700,166.700,244.7,166.7,971.57,23767.0,0.0,0.0
1480,244.700,166.700,244.7,166.7,971.57,22774.0,0.0,0.0
1481,244.700,166.700,244.7,166.7,971.57,23246.0,214.0,214.0
1482,244.700,166.700,244.7,166.7,971.57,24628.0,494.0,494.0
1483,244.700,166.700,244.7,166.7,971.57,22666.0,0.0,0.0
1484,244.700,166.700,244.7,166.7,971.57,23178.0,427.0,427.0
1485,244.700,166.700,244.7,166.7,971.57,24160.0,603.0,603.0
1486,244.700,166.700,244.7,166.7,971.57,23117.0,0.0,0.0
1487,244.700,166.700,244.7,166.7,971.57,21767.0,0.0,0.0
1488,244.700,166.700,244.7,166.7,971.57,22677.0,0.0,0.0
1489,244.700,166.700,244.7,166.7,971.57,24066.0,1075.0,1075.0
1490,244.700,166.700,244.7,166.7,971.57,23102.0,0.0,0.0
1491,244.700,166.700,244.7,166.7,971.57,23575.0,4.0,4.0
1492,244.700,166.700,244.7,166.7,971.57,24639.0,881.0,881.0
1493,244.700,166.700,244.7,166.7,971.57,21526.0,0.0,0.0
1494,244.700,166.700,244.7,166.7,971.57,23840.0,496.0,496.0
1495,244.700,166.700,244.7,166.7,971.57,24444.0,525.0,525.0
1496,244.700,166.700,244.7,166.7,971.57,25228.0,2218.0,2218.0
1497,244.700,166.700,244.7,166.7,971.57,23557.0,807.0,807.0
1498,244.700,166.700,244.7,166.7,971.57,25051.0,1216.0,1216.0
1499,244.700,166.700,244.7,166.7,971.57,23768.0,116.0,116.0
1500,244.700,166.700,244.7,166.7,971.57,23425.0,748.0,748.0
