id,avg_x,avg_y,x,y,bg,Square_intensity,circular_intensity,Gaussian_intensity
409,166.910,26.650,166.66,26.88,1045.24,25488.0,0.0,0.0
410,166.910,26.650,166.66,26.88,1045.24,26564.0,634.0,634.0
411,166.910,26.650,166.66,26.88,1045.24,25737.0,0.0,0.0
412,166.910,26.650,166.66,26.88,1045.24,26018.0,364.0,364.0
413,166.910,26.650,166.66,26.88,1045.24,25090.0,0.0,0.0
414,166.910,26.650,166.66,26.88,1045.24,25704.0,521.0,521.0
415,166.910,26.650,166.66,26.88,1045.24,26213.0,0.0,0.0
416,166.910,26.650,166.66,26.88,1045.24,25642.0,0.0,0.0
417,166.910,26.650,166.66,26.88,1045.24,24227.0,0.0,0.0
418,166.910,26.650,166.66,26.88,1045.24,26231.0,702.0,702.0
419,166.910,26.650,166.66,26.88,1045.24,25659.0,0.0,0.0
420,166.910,26.650,166.66,26.88,1045.24,25208.0,0.0,0.0
421,166.910,26.650,166.66,26.88,1045.24,26586.0,1098.0,1098.0
422,166.910,26.650,166.66,26.88,1045.24,27334.0,1436.0,1436.0
423,166.910,26.650,166.66,26.88,1045.24,26063.0,319.0,319.0
424,166.910,26.650,166.66,26.88,1045.24,24678.0,0.0,0.0
425,166.910,26.650,166.66,26.88,1045.24,24003.0,0.0,0.0
426,166.910,26.650,166.66,26.88,1045.24,25650.0,404.0,404.0
427,166.910,26.650,166.66,26.88,1045.24,26279.0,93.0,93.0
428,166.910,26.650,166.66,26.88,1045.24,27083.0,1355.0,1355.0
429,166.910,26.650,166.66,26.88,1045.24,25916.0,0.0,0.0
430,166.910,26.650,166.66,26.88,1045.24,24929.0,0.0,0.0
431,166.910,26.650,166.66,26.88,1045.24,26167.0,644.0,644.0
432,166.910,26.650,166.66,26.88,1045.24,24991.0,264.0,264.0
433,166.910,26.650,166.66,26.88,1045.24,25103.0,0.0,0.0
434,166.910,26.650,166.66,26.88,1045.24,25547.0,0.0,0.0
435,166.910,26.650,166.66,26.88,1045.24,24553.0,0.0,0.0
436,166.910,26.650,166.66,26.88,1045.24,24966.0,0.0,0.0
437,166.910,26.650,166.66,26.88,1045.24,27701.0,2370.0,2370.0
438,166.910,26.650,166.66,26.88,1045.24,25192.0,0.0,0.0
439,166.910,26.650,166.66,26.88,1045.24,24979.0,0.0,0.0
440,166.910,26.650,166.66,26.88,1045.24,24379.0,0.0,0.0
441,166.910,26.650,166.66,26.88,1045.24,26539.0,217.0,217.0
442,166.910,26.650,166.66,26.88,1045.24,27432.0,1563.0,1563.0
443,166.910,26.650,166.66,26.88,1045.24,24984.0,13.0,13.0
444,166.910,26.650,166.66,26.88,1045.24,24483.0,0.0,0.0
445,166.910,26.650,166.66,26.88,1045.24,25575.0,181.0,181.0
446,166.910,26.650,166.66,26.88,1045.24,25478.0,0.0,0.0
447,166.910,26.650,166.66,26.88,1045.24,23371.0,0.0,0.0
448,166.910,26.650,166.66,26.88,1045.24,24610.0,0.0,0.0
449,166.910,26.650,166.66,26.88,1045.24,25892.0,0.0,0.0
450,166.910,26.650,166.66,26.88,1045.24,25475.0,39.0,39.0
451,166.910,26.650,166.66,26.88,1045.24,28681.0,2712.0,2712.0
452,166.910,26.650,166.66,26.88,1045.24,26529.0,983.0,983.0
453,166.910,26.650,166.66,26.88,1045.24,26486.0,132.0,132.0
454,166.910,26.650,166.66,26.88,1045.24,25730.0,42.0,42.0
455,166.910,26.650,166.66,26.88,1045.24,27653.0,1598.0,1598.0
456,166.910,26.650,166.66,26.88,1045.24,25654.0,234.0,234.0
457,166.910,26.650,166.66,26.88,1045.24,25636.0,177.0,177.0
458,166.910,26.650,166.66,26.88,1045.24,27072.0,112.0,112.0
459,166.910,26.650,166.66,26.88,1045.24,24747.0,0.0,0.0
460,166.910,26.650,166.66,26.88,1045.24,24769.0,0.0,0.0
461,166.910,26.650,166.66,26.88,1045.24,24280.0,0.0,0.0
462,166.910,26.650,166.66,26.88,1045.24,24464.0,0.0,0.0
463,166.910,26.650,166.66,26.88,1045.24,24999.0,0.0,0.0
464,166.910,26.650,166.66,26.88,1045.24,24254.0,0.0,0.0
465,166.910,26.650,166.66,26.88,1045.24,24021.0,0.0,0.0
466,166.910,26.650,166.66,26.88,1045.24,23814.0,0.0,0.0
467,166.910,26.650,166.66,26.88,1045.24,24941.0,542.0,542.0
468,166.910,26.650,166.66,26.88,1045.24,26946.0,523.0,523.0
469,166.910,26.650,166.66,26.88,1045.24,25408.0,354.0,354.0
470,166.910,26.650,166.66,26.88,1045.24,24783.0,0.0,0.0
471,166.910,26.650,166.66,26.88,1045.24,24822.0,0.0,0.0
472,166.910,26.650,166.66,26.88,1045.24,25949.0,0.0,0.0
473,166.910,26.650,166.66,26.88,1045.24,26241.0,603.0,603.0
474,166.910,26.650,166.66,26.88,1045.24,25830.0,811.0,811.0
475,166.910,26.650,166.66,26.88,1045.24,25037.0,0.0,0.0
476,166.910,26.650,166.66,26.88,1045.24,26134.0,675.0,675.0
477,166.910,26.650,166.66,26.88,1045.24,26696.0,473.0,473.0
478,166.910,26.650,166.66,26.88,1045.24,27480.0,701.0,701.0
479,166.910,26.650,166.66,26.88,1045.24,26101.0,675.0,675.0
480,166.910,26.650,166.66,26.88,1045.24,27064.0,1232.0,1232.0
481,166.910,26.650,166.66,26.88,1045.24,24813.0,355.0,355.0
482,166.910,26.650,166.66,26.88,1045.24,25469.0,258.0,258.0
483,166.910,26.650,166.66,26.88,1045.24,25440.0,32.0,32.0
484,166.910,26.650,166.66,26.88,1045.24,26147.0,0.0,0.0
485,166.910,26.650,166.66,26.88,1045.24,26189.0,530.0,530.0
486,166.910,26.650,166.66,26.88,1045.24,25146.0,0.0,0.0
487,166.910,26.650,166.66,26.88,1045.24,26199.0,1005.0,1005.0
488,166.910,26.650,166.66,26.88,1045.24,25947.0,0.0,0.0
489,166.910,26.650,166.66,26.88,1045.24,26462.0,483.0,483.0
490,166.910,26.650,166.66,26.88,1045.24,26635.0,874.0,874.0
491,166.910,26.650,166.66,26.88,1045.24,25264.0,0.0,0.0
492,166.910,26.650,166.66,26.88,1045.24,25575.0,80.0,80.0
493,166.910,26.650,166.66,26.88,1045.24,23760.0,0.0,0.0
494,166.910,26.650,166.66,26.88,1045.24,25564.0,42.0,42.0
495,166.910,26.650,166.66,26.88,1045.24,24734.0,0.0,0.0
496,166.910,26.650,166.66,26.88,1045.24,25754.0,1193.0,1193.0
497,166.910,26.650,166.66,26.88,1045.24,26966.0,160.0,160.0
498,166.910,26.650,166.66,26.88,1045.24,26242.0,405.0,405.0
499,166.910,26.650,166.66,26.88,1045.24,26389.0,1184.0,1184.0
500,166.910,26.650,166.66,26.88,1045.24,24250.0,0.0,0.0
501,166.910,26.650,166.66,26.88,1045.24,23807.0,0.0,0.0
502,166.910,26.650,166.66,26.88,1045.24,25393.0,0.0,0.0
503,166.910,26.650,166.66,26.88,1045.24,24307.0,0.0,0.0
504,166.910,26.650,166.66,26.88,1045.24,26820.0,1004.0,1004.0
505,166.910,26.650,166.66,26.88,1045.24,24568.0,0.0,0.0
506,166.910,26.650,166.66,26.88,1045.24,24477.0,40.0,40.0
507,166.910,26.650,166.66,26.88,1045.24,26401.0,741.0,741.0
508,166.910,26.650,166.66,26.88,1045.24,25290.0,443.0,443.0
509,166.910,26.650,166.66,26.88,1045.24,24506.0,0.0,0.0
510,166.910,26.650,166.66,26.88,1045.24,25291.0,0.0,0.0
511,166.910,26.650,166.66,26.88,1045.24,27462.0,1706.0,1706.0
512,166.910,26.650,166.66,26.88,1045.24,25879.0,113.0,113.0
513,166.910,26.650,166.66,26.88,1045.24,25905.0,0.0,0.0
514,166.910,26.650,166.66,26.88,1045.24,26220.0,787.0,787.0
515,166.910,26.650,166.66,26.88,1045.24,24550.0,0.0,0.0
516,166.910,26.650,166.66,26.88,1045.24,24889.0,0.0,0.0
517,166.910,26.650,166.66,26.88,1045.24,25867.0,813.0,813.0
518,166.910,26.650,166.66,26.88,1045.24,25142.0,68.0,68.0
519,166.910,26.650,166.66,26.88,1045.24,25727.0,0.0,0.0
520,166.910,26.650,166.66,26.88,1045.24,25534.0,743.0,743.0
521,166.910,26.650,166.66,26.88,1045.24,25888.0,321.0,321.0
522,166.910,26.650,166.66,26.88,1045.24,23122.0,0.0,0.0
523,166.910,26.650,166.66,26.88,1045.24,24790.0,0.0,0.0
524,166.910,26.650,166.66,26.88,1045.24,26172.0,307.0,307.0
525,166.910,26.650,166.66,26.88,1045.24,24464.0,0.0,0.0
526,166.910,26.650,166.66,26.88,1045.24,25842.0,910.0,910.0
527,166.910,26.650,166.66,26.88,1045.24,24477.0,0.0,0.0
528,166.910,26.650,166.66,26.88,1045.24,25455.0,246.0,246.0
529,166.910,26.650,166.66,26.88,1045.24,25264.0,0.0,0.0
530,166.910,26.650,166.66,26.88,1045.24,24759.0,0.0,0.0
531,166.910,26.650,166.66,26.88,1045.24,24846.0,136.0,136.0
532,166.910,26.650,166.66,26.88,1045.24,24756.0,0.0,0.0
533,166.910,26.650,166.66,26.88,1045.24,24227.0,0.0,0.0
534,166.910,26.650,166.66,26.88,1045.24,24802.0,0.0,0.0
535,166.910,26.650,166.66,26.88,1045.24,24365.0,0.0,0.0
536,166.910,26.650,166.66,26.88,1045.24,27198.0,1064.0,1064.0
537,166.910,26.650,166.66,26.88,1045.24,24272.0,0.0,0.0
538,166.910,26.650,166.66,26.88,1045.24,25023.0,0.0,0.0
539,166.910,26.650,166.66,26.88,1045.24,26228.0,1492.0,1492.0
540,166.910,26.650,166.66,26.88,1045.24,24840.0,0.0,0.0
541,166.910,26.650,166.66,26.88,1045.24,25977.0,460.0,460.0
542,166.910,26.650,166.66,26.88,1045.24,25101.0,0.0,0.0
543,166.910,26.650,166.66,26.88,1045.24,25732.0,1013.0,1013.0
544,166.910,26.650,166.66,26.88,1045.24,27591.0,1670.0,1670.0
545,166.910,26.650,166.66,26.88,1045.24,25816.0,120.0,120.0
546,166.910,26.650,166.66,26.88,1045.24,24509.0,0.0,0.0
547,166.910,26.650,166.66,26.88,1045.24,25091.0,0.0,0.0
548,166.910,26.650,166.66,26.88,1045.24,21340.0,0.0,0.0
549,166.910,26.650,166.66,26.88,1045.24,25310.0,540.0,540.0
550,166.910,26.650,166.66,26.88,1045.24,24816.0,0.0,0.0
551,166.910,26.650,166.66,26.88,1045.24,25669.0,249.0,249.0
552,166.910,26.650,166.66,26.88,1045.24,25954.0,1407.0,1407.0
553,166.910,26.650,166.66,26.88,1045.24,25891.0,141.0,141.0
554,166.910,26.650,166.66,26.88,1045.24,24937.0,54.0,54.0
555,166.910,26.650,166.66,26.88,1045.24,23787.0,0.0,0.0
556,166.910,26.650,166.66,26.88,1045.24,25144.0,0.0,0.0
557,166.910,26.650,166.66,26.88,1045.24,24200.0,0.0,0.0
558,166.910,26.650,166.66,26.88,1045.24,24020.0,0.0,0.0
559,166.910,26.650,166.66,26.88,1045.24,25004.0,179.0,179.0
560,166.910,26.650,166.66,26.88,1045.24,26772.0,211.0,211.0
561,166.910,26.650,166.66,26.88,1045.24,25811.0,151.0,151.0
562,166.910,26.650,166.66,26.88,1045.24,25924.0,420.0,420.0
563,166.910,26.650,166.66,26.88,1045.24,25708.0,359.0,359.0
564,166.910,26.650,166.66,26.88,1045.24,26624.0,51.0,51.0
565,166.910,26.650,166.66,26.88,1045.24,24286.0,0.0,0.0
566,166.910,26.650,166.66,26.88,1045.24,24903.0,65.0,65.0
567,166.910,26.650,166.66,26.88,1045.24,25548.0,0.0,0.0
568,166.910,26.650,166.66,26.88,1045.24,25678.0,68.0,68.0
569,166.910,26.650,166.66,26.88,1045.24,27080.0,732.0,732.0
570,166.910,26.650,166.66,26.88,1045.24,26043.0,625.0,625.0
571,166.910,26.650,166.66,26.88,1045.24,27460.0,1189.0,1189.0
572,166.910,26.650,166.66,26.88,1045.24,29567.0,3440.0,3440.0
573,166.910,26.650,166.66,26.88,1045.24,28034.0,2357.0,2357.0
574,166.910,26.650,166.66,26.88,1045.24,26325.0,372.0,372.0
575,166.910,26.650,166.66,26.88,1045.24,25661.0,28.0,28.0
576,166.910,26.650,166.66,26.88,1045.24,24808.0,0.0,0.0
577,166.910,26.650,166.66,26.88,1045.24,24955.0,251.0,251.0
578,166.910,26.650,166.66,26.88,1045.24,26911.0,729.0,729.0
579,166.910,26.650,166.66,26.88,1045.24,25906.0,0.0,0.0
580,166.910,26.650,166.66,26.88,1045.24,26038.0,213.0,213.0
581,166.910,26.650,166.66,26.88,1045.24,25287.0,327.0,327.0
582,166.910,26.650,166.66,26.88,1045.24,24610.0,0.0,0.0
583,166.910,26.650,166.66,26.88,1045.24,25329.0,0.0,0.0
584,166.910,26.650,166.66,26.88,1045.24,25989.0,0.0,0.0
585,166.910,26.650,166.66,26.88,1045.24,24873.0,0.0,0.0
586,166.910,26.650,166.66,26.88,1045.24,26212.0,186.0,186.0
587,166.910,26.650,166.66,26.88,1045.24,25828.0,531.0,531.0
588,166.910,26.650,166.66,26.88,1045.24,26059.0,439.0,439.0
589,166.910,26.650,166.66,26.88,1045.24,24538.0,0.0,0.0
590,166.910,26.650,166.66,26.88,1045.24,25124.0,0.0,0.0
591,166.910,26.650,166.66,26.88,1045.24,24639.0,0.0,0.0
592,166.910,26.650,166.66,26.88,1045.24,24706.0,0.0,0.0
593,166.910,26.650,166.66,26.88,1045.24,27260.0,2036.0,2036.0
594,166.910,26.650,166.66,26.88,1045.24,26019.0,904.0,904.0
595,166.910,26.650,166.66,26.88,1045.24,24274.0,0.0,0.0
596,166.910,26.650,166.66,26.88,1045.24,25002.0,0.0,0.0
597,166.910,26.650,166.66,26.88,1045.24,24464.0,0.0,0.0
598,166.910,26.650,166.66,26.88,1045.24,24974.0,506.0,506.0
599,166.910,26.650,166.66,26.88,1045.24,26005.0,488.0,488.0
600,166.910,26.650,166.66,26.88,1045.24,25919.0,165.0,165.0
601,166.910,26.650,166.66,26.88,1045.24,25047.0,0.0,0.0
602,166.910,26.650,166.66,26.88,1045.24,25979.0,0.0,0.0
603,166.910,26.650,166.66,26.88,1045.24,26287.0,586.0,586.0
604,166.910,26.650,166.66,26.88,1045.24,25108.0,0.0,0.0
605,166.910,26.650,166.66,26.88,1045.24,24808.0,0.0,0.0
606,166.910,26.650,166.66,26.88,1045.24,26286.0,1425.0,1425.0
607,166.910,26.650,166.66,26.88,1045.24,25045.0,0.0,0.0
608,166.910,26.650,166.66,26.88,1045.24,26257.0,875.0,875.0
609,166.910,26.650,166.66,26.88,1045.24,25775.0,445.0,445.0
610,166.910,26.650,166.66,26.88,1045.24,24442.0,0.0,0.0
611,166.910,26.650,166.66,26.88,1045.24,23734.0,0.0,0.0
612,166.910,26.650,166.66,26.88,1045.24,26004.0,336.0,336.0
613,166.910,26.650,166.66,26.88,1045.24,25484.0,50.0,50.0
614,166.910,26.650,166.66,26.88,1045.24,25105.0,0.0,0.0
615,166.910,26.650,166.66,26.88,1045.24,25593.0,0.0,0.0
616,166.910,26.650,166.66,26.88,1045.24,24148.0,0.0,0.0
617,166.910,26.650,166.66,26.88,1045.24,23712.0,0.0,0.0
618,166.910,26.650,166.66,26.88,1045.24,24803.0,64.0,64.0
619,166.910,26.650,166.66,26.88,1045.24,25001.0,0.0,0.0
620,166.910,26.650,166.66,26.88,1045.24,25337.0,486.0,486.0
621,166.910,26.650,166.66,26.88,1045.24,24519.0,0.0,0.0
622,166.910,26.650,166.66,26.88,1045.24,25721.0,320.0,320.0
623,166.910,26.650,166.66,26.88,1045.24,26214.0,816.0,816.0
624,166.910,26.650,166.66,26.88,1045.24,25856.0,0.0,0.0
625,166.910,26.650,166.66,26.88,1045.24,27182.0,1275.0,1275.0
626,166.910,26.650,166.66,26.88,1045.24,25015.0,357.0,357.0
627,166.910,26.650,166.66,26.88,1045.24,24504.0,0.0,0.0
628,166.910,26.650,166.66,26.88,1045.24,25686.0,200.0,200.0
629,166.910,26.650,166.66,26.88,1045.24,26489.0,2004.0,2004.0
630,166.910,26.650,166.66,26.88,1045.24,25386.0,832.0,832.0
631,166.910,26.650,166.66,26.88,1045.24,25222.0,0.0,0.0
632,166.910,26.650,166.66,26.88,1045.24,26588.0,943.0,943.0
633,166.910,26.650,166.66,26.88,1045.24,23867.0,0.0,0.0
634,166.910,26.650,166.66,26.88,1045.24,27192.0,349.0,349.0
635,166.910,26.650,166.66,26.88,1045.24,26180.0,368.0,368.0
636,166.910,26.650,166.66,26.88,1045.24,24082.0,0.0,0.0
637,166.910,26.650,166.66,26.88,1045.24,26253.0,654.0,654.0
638,166.910,26.650,166.66,26.88,1045.24,25079.0,0.0,0.0
639,166.910,26.650,166.66,26.88,1045.24,25790.0,778.0,778.0
640,166.910,26.650,166.66,26.88,1045.24,24614.0,263.0,263.0
641,166.910,26.650,166.66,26.88,1045.24,24613.0,0.0,0.0
642,166.910,26.650,166.66,26.88,1045.24,24767.0,0.0,0.0
643,166.910,26.650,166.66,26.88,1045.24,26066.0,296.0,296.0
644,166.910,26.650,166.66,26.88,1045.24,23245.0,0.0,0.0
645,166.910,26.650,166.66,26.88,1045.24,24991.0,30.0,30.0
646,166.910,26.650,166.66,26.88,1045.24,22663.0,0.0,0.0
647,166.910,26.650,166.66,26.88,1045.24,26068.0,323.0,323.0
648,166.910,26.650,166.66,26.88,1045.24,27128.0,1405.0,1405.0
649,166.910,26.650,166.66,26.88,1045.24,25373.0,0.0,0.0
650,166.910,26.650,166.66,26.88,1045.24,25769.0,1158.0,1158.0
651,166.910,26.650,166.66,26.88,1045.24,25431.0,625.0,625.0
652,166.910,26.650,166.66,26.88,1045.24,26998.0,1343.0,1343.0
653,166.910,26.650,166.66,26.88,1045.24,26328.0,1266.0,1266.0
654,166.910,26.650,166.66,26.88,1045.24,26009.0,338.0,338.0
655,166.910,26.650,166.66,26.88,1045.24,25122.0,0.0,0.0
656,166.910,26.650,166.66,26.88,1045.24,25237.0,0.0,0.0
657,166.910,26.650,166.66,26.88,1045.24,25332.0,0.0,0.0
658,166.910,26.650,166.66,26.88,1045.24,25774.0,23.0,23.0
659,166.910,26.650,166.66,26.88,1045.24,23504.0,0.0,0.0
660,166.910,26.650,166.66,26.88,1045.24,26834.0,1002.0,1002.0
661,166.910,26.650,166.66,26.88,1045.24,24101.0,0.0,0.0
662,166.910,26.650,166.66,26.88,1045.24,24753.0,485.0,485.0
663,166.910,26.650,166.66,26.88,1045.24,25754.0,15.0,15.0
664,166.910,26.650,166.66,26.88,1045.24,24863.0,0.0,0.0
665,166.910,26.650,166.66,26.88,1045.24,24708.0,0.0,0.0
666,166.910,26.650,166.66,26.88,1045.24,24673.0,0.0,0.0
667,166.910,26.650,166.66,26.88,1045.24,23874.0,0.0,0.0
668,166.910,26.650,166.66,26.88,1045.24,23668.0,0.0,0.0
669,166.910,26.650,166.66,26.88,1045.24,23728.0,0.0,0.0
670,166.910,26.650,166.66,26.88,1045.24,27684.0,1278.0,1278.0
671,166.910,26.650,166.66,26.88,1045.24,24307.0,0.0,0.0
672,166.910,26.650,166.66,26.88,1045.24,25928.0,712.0,712.0
673,166.910,26.650,166.66,26.88,1045.24,24419.0,0.0,0.0
674,166.910,26.650,166.66,26.88,1045.24,24162.0,0.0,0.0
675,166.910,26.650,166.66,26.88,1045.24,25803.0,1005.0,1005.0
676,166.910,26.650,166.66,26.88,1045.24,26174.0,0.0,0.0
677,166.910,26.650,166.66,26.88,1045.24,23980.0,0.0,0.0
678,166.910,26.650,166.66,26.88,1045.24,25573.0,0.0,0.0
679,166.910,26.650,166.66,26.88,1045.24,22174.0,0.0,0.0
680,166.910,26.650,166.66,26.88,1045.24,23870.0,0.0,0.0
681,166.910,26.650,166.66,26.88,1045.24,25332.0,0.0,0.0
682,166.910,26.650,166.66,26.88,1045.24,24683.0,0.0,0.0
683,166.910,26.650,166.66,26.88,1045.24,25963.0,1174.0,1174.0
684,166.910,26.650,166.66,26.88,1045.24,25804.0,0.0,0.0
685,166.910,26.650,166.66,26.88,1045.24,24778.0,11.0,11.0
686,166.910,26.650,166.66,26.88,1045.24,25487.0,701.0,701.0
687,166.910,26.650,166.66,26.88,1045.24,24656.0,0.0,0.0
688,166.910,26.650,166.66,26.88,1045.24,25175.0,0.0,0.0
689,166.910,26.650,166.66,26.88,1045.24,23836.0,0.0,0.0
690,166.910,26.650,166.66,26.88,1045.24,25930.0,1326.0,1326.0
691,166.910,26.650,166.66,26.88,1045.24,25503.0,291.0,291.0
692,166.910,26.650,166.66,26.88,1045.24,25943.0,147.0,147.0
693,166.910,26.650,166.66,26.88,1045.24,24259.0,0.0,0.0
694,166.910,26.650,166.66,26.88,1045.24,24747.0,0.0,0.0
695,166.910,26.650,166.66,26.88,1045.24,24418.0,0.0,0.0
696,166.910,26.650,166.66,26.88,1045.24,24548.0,0.0,0.0
697,166.910,26.650,166.66,26.88,1045.24,24861.0,0.0,0.0
698,166.910,26.650,166.66,26.88,1045.24,23793.0,0.0,0.0
699,166.910,26.650,166.66,26.88,1045.24,26256.0,464.0,464.0
700,166.910,26.650,166.66,26.88,1045.24,26041.0,740.0,740.0
701,166.910,26.650,166.66,26.88,1045.24,23211.0,0.0,0.0
702,166.910,26.650,166.66,26.88,1045.24,24509.0,0.0,0.0
703,166.910,26.650,166.66,26.88,1045.24,27227.0,1048.0,1048.0
704,166.910,26.650,166.66,26.88,1045.24,25480.0,244.0,244.0
705,166.910,26.650,166.66,26.88,1045.24,25521.0,694.0,694.0
706,166.910,26.650,166.66,26.88,1045.24,26623.0,1482.0,1482.0
707,166.910,26.650,166.66,26.88,1045.24,25349.0,0.0,0.0
708,166.910,26.650,166.66,26.88,1045.24,29307.0,2554.0,2554.0
709,166.910,26.650,166.66,26.88,1045.24,39737.0,13142.0,13142.0
710,166.910,26.650,166.83,26.71,1045.24,40700.0,13118.0,13118.0
711,166.910,26.650,166.73,26.62,1045.24,40754.0,12799.0,12799.0
712,166.910,26.650,166.61,26.52,1045.24,43216.0,14610.0,14610.0
713,166.910,26.650,166.77,26.55,1045.24,39297.0,12589.0,12589.0
714,166.910,26.650,166.66,26.6,1045.24,40514.0,12740.0,12740.0
715,166.910,26.650,166.8,26.67,1045.24,39469.0,11667.0,11667.0
716,166.910,26.650,166.64,26.61,1045.24,41089.0,13516.0,13516.0
717,166.910,26.650,166.66,26.75,1045.24,41151.0,13909.0,13909.0
718,166.910,26.650,166.78,26.62,1045.24,44598.0,16671.0,16671.0
719,166.910,26.650,166.89,26.6,1045.24,36243.0,9812.0,9812.0
720,166.910,26.650,166.84,26.64,1045.24,40555.0,13001.0,13001.0
721,166.910,26.650,166.92,26.65,1045.24,44518.0,15687.0,15687.0
722,166.910,26.650,166.61,26.72,1045.24,41127.0,13675.0,13675.0
723,166.910,26.650,166.87,26.68,1045.24,39590.0,11959.0,11959.0
724,166.910,26.650,166.55,26.5,1045.24,42419.0,14553.0,14553.0
725,166.910,26.650,166.69,26.71,1045.24,39809.0,11886.0,11886.0
726,166.910,26.650,166.64,26.52,1045.24,37341.0,10522.0,10522.0
727,166.910,26.650,166.73,26.56,1045.24,35955.0,8710.0,8710.0
728,166.910,26.650,166.9,26.55,1045.24,38926.0,10689.0,10689.0
729,166.910,26.650,166.54,26.58,1045.24,37268.0,10789.0,10789.0
730,166.910,26.650,166.87,26.72,1045.24,40182.0,12561.0,12561.0
731,166.910,26.650,166.93,26.67,1045.24,34042.0,7003.0,7003.0
732,166.910,26.650,166.66,26.59,1045.24,42787.0,14986.0,14986.0
733,166.910,26.650,166.66,26.88,1045.24,32356.0,6517.0,6517.0
734,166.910,26.650,166.53,26.61,1045.24,37664.0,10092.0,10092.0
735,166.910,26.650,166.58,26.55,1045.24,37998.0,11479.0,11479.0
736,166.910,26.650,166.81,26.72,1045.24,36387.0,9631.0,9631.0
737,166.910,26.650,166.74,26.42,1045.24,44215.0,16432.0,16432.0
738,166.910,26.650,166.85,26.52,1045.24,38859.0,10975.0,10975.0
739,166.910,26.650,166.72,26.57,1045.24,39310.0,12362.0,12362.0
740,166.910,26.650,166.59,26.45,1045.24,36550.0,9907.0,9907.0
741,166.910,26.650,166.66,26.88,1045.24,33508.0,6530.0,6530.0
742,166.910,26.650,166.78,26.75,1045.24,34130.0,7726.0,7726.0
743,166.910,26.650,166.67,26.48,1045.24,37827.0,11026.0,11026.0
744,166.910,26.650,166.66,26.88,1045.24,34713.0,6929.0,6929.0
745,166.910,26.650,166.86,26.63,1045.24,38454.0,11528.0,11528.0
746,166.910,26.650,166.83,26.73,1045.24,41540.0,13234.0,13234.0
747,166.910,26.650,166.82,26.6,1045.24,43838.0,15496.0,15496.0
748,166.910,26.650,166.57,26.6,1045.24,39035.0,11470.0,11470.0
749,166.910,26.650,166.87,26.49,1045.24,39975.0,12650.0,12650.0
750,166.910,26.650,166.83,26.66,1045.24,47688.0,18630.0,18630.0
751,166.910,26.650,166.74,26.37,1045.24,37685.0,10787.0,10787.0
752,166.910,26.650,166.71,26.62,1045.24,38391.0,11754.0,11754.0
753,166.910,26.650,166.58,26.63,1045.24,42725.0,14700.0,14700.0
754,166.910,26.650,166.78,26.52,1045.24,41834.0,13435.0,13435.0
755,166.910,26.650,166.72,26.66,1045.24,35438.0,9020.0,9020.0
756,166.910,26.650,166.64,26.53,1045.24,40551.0,13403.0,13403.0
757,166.910,26.650,166.77,26.48,1045.24,41155.0,13567.0,13567.0
758,166.910,26.650,166.7,26.47,1045.24,46152.0,18267.0,18267.0
759,166.910,26.650,166.91,26.76,1045.24,32992.0,6293.0,6293.0
760,166.910,26.650,166.54,26.54,1045.24,40123.0,12878.0,12878.0
761,166.910,26.650,166.86,26.54,1045.24,41965.0,13561.0,13561.0
762,166.910,26.650,166.74,26.55,1045.24,45900.0,17893.0,17893.0
763,166.910,26.650,166.53,26.7,1045.24,41101.0,13909.0,13909.0
764,166.910,26.650,166.66,26.6,1045.24,41376.0,14491.0,14491.0
765,166.910,26.650,166.71,26.66,1045.24,50671.0,20744.0,20744.0
766,166.910,26.650,166.74,26.46,1045.24,51859.0,22466.0,22466.0
767,166.910,26.650,166.7,26.55,1045.24,48888.0,19926.0,19926.0
768,166.910,26.650,166.78,26.75,1045.24,45944.0,17311.0,17311.0
769,166.910,26.650,166.77,26.51,1045.24,44904.0,17069.0,17069.0
770,166.910,26.650,166.63,26.55,1045.24,41217.0,14333.0,14333.0
771,166.910,26.650,166.91,26.68,1045.24,37775.0,11640.0,11640.0
772,166.910,26.650,166.83,26.74,1045.24,41920.0,15127.0,15127.0
773,166.910,26.650,166.87,26.73,1045.24,41729.0,14474.0,14474.0
774,166.910,26.650,166.88,26.57,1045.24,37043.0,9461.0,9461.0
775,166.910,26.650,166.99,26.61,1045.24,37647.0,10673.0,10673.0
776,166.910,26.650,166.58,26.77,1045.24,42185.0,13609.0,13609.0
777,166.910,26.650,166.7,26.57,1045.24,43366.0,16247.0,16247.0
778,166.910,26.650,166.79,26.74,1045.24,37700.0,9403.0,9403.0
779,166.910,26.650,166.65,26.49,1045.24,46132.0,17643.0,17643.0
780,166.910,26.650,166.68,26.68,1045.24,44408.0,16297.0,16297.0
781,166.910,26.650,166.63,26.67,1045.24,45927.0,16930.0,16930.0
782,166.910,26.650,166.85,26.67,1045.24,43563.0,16051.0,16051.0
783,166.910,26.650,166.95,26.63,1045.24,38676.0,12295.0,12295.0
784,166.910,26.650,166.92,26.52,1045.24,46018.0,17713.0,17713.0
785,166.910,26.650,166.43,26.62,1045.24,36485.0,8455.0,8455.0
786,166.910,26.650,166.78,26.5,1045.24,36554.0,10000.0,10000.0
787,166.910,26.650,167.03,26.46,1045.24,33066.0,7262.0,7262.0
788,166.910,26.650,166.5,26.49,1045.24,38225.0,11251.0,11251.0
789,166.910,26.650,166.8,26.58,1045.24,38974.0,12615.0,12615.0
790,166.910,26.650,166.69,26.61,1045.24,37209.0,10900.0,10900.0
791,166.910,26.650,166.87,26.71,1045.24,39714.0,12375.0,12375.0
792,166.910,26.650,166.47,26.53,1045.24,35061.0,8860.0,8860.0
793,166.910,26.650,166.7,26.31,1045.24,35066.0,8384.0,8384.0
794,166.910,26.650,166.7,26.58,1045.24,36745.0,9930.0,9930.0
795,166.910,26.650,166.85,26.55,1045.24,39053.0,11929.0,11929.0
796,166.910,26.650,166.79,26.71,1045.24,37372.0,10547.0,10547.0
797,166.910,26.650,166.63,26.53,1045.24,39548.0,12337.0,12337.0
798,166.910,26.650,166.83,26.66,1045.24,37016.0,10560.0,10560.0
799,166.910,26.650,166.65,26.72,1045.24,35459.0,8701.0,8701.0
800,166.910,26.650,166.75,26.66,1045.24,34912.0,8468.0,8468.0
801,166.910,26.650,166.66,26.62,1045.24,38242.0,11831.0,11831.0
802,166.910,26.650,166.55,26.61,1045.24,41108.0,13631.0,13631.0
803,166.910,26.650,166.67,26.76,1045.24,44751.0,16730.0,16730.0
804,166.910,26.650,166.73,26.6,1045.24,41478.0,14014.0,14014.0
805,166.910,26.650,166.74,26.71,1045.24,46962.0,18930.0,18930.0
806,166.910,26.650,166.94,26.74,1045.24,44202.0,16624.0,16624.0
807,166.910,26.650,166.83,26.86,1045.24,42861.0,14046.0,14046.0
808,166.910,26.650,166.77,26.39,1045.24,40351.0,12637.0,12637.0
809,166.910,26.650,166.91,26.74,1045.24,42611.0,14353.0,14353.0
810,166.910,26.650,166.61,26.47,1045.24,44117.0,15859.0,15859.0
811,166.910,26.650,166.87,26.7,1045.24,45288.0,17858.0,17858.0
812,166.910,26.650,166.77,26.64,1045.24,47968.0,19887.0,19887.0
813,166.910,26.650,166.87,26.7,1045.24,50422.0,21935.0,21935.0
814,166.910,26.650,166.77,26.79,1045.24,41553.0,12621.0,12621.0
815,166.910,26.650,166.64,26.58,1045.24,36525.0,9299.0,9299.0
816,166.910,26.650,166.67,26.63,1045.24,36417.0,10149.0,10149.0
817,166.910,26.650,166.93,26.64,1045.24,37244.0,9447.0,9447.0
818,166.910,26.650,166.66,26.88,1045.24,31103.0,4708.0,4708.0
819,166.910,26.650,166.71,26.47,1045.24,37273.0,10355.0,10355.0
820,166.910,26.650,166.96,26.47,1045.24,36245.0,9928.0,9928.0
821,166.910,26.650,166.91,26.65,1045.24,33910.0,7558.0,7558.0
822,166.910,26.650,166.91,26.65,1045.24,34643.0,6933.0,6933.0
823,166.910,26.650,166.91,26.65,1045.24,34016.0,6875.0,6875.0
824,166.910,26.650,166.91,26.65,1045.24,31740.0,6144.0,6144.0
825,166.910,26.650,166.91,26.65,1045.24,23741.0,0.0,0.0
826,166.910,26.650,166.91,26.65,1045.24,26615.0,1599.0,1599.0
827,166.910,26.650,166.91,26.65,1045.24,24085.0,389.0,389.0
828,166.910,26.650,166.91,26.65,1045.24,25040.0,0.0,0.0
829,166.910,26.650,166.91,26.65,1045.24,25660.0,0.0,0.0
830,166.910,26.650,166.91,26.65,1045.24,23198.0,0.0,0.0
831,166.910,26.650,166.91,26.65,1045.24,25450.0,267.0,267.0
832,166.910,26.650,166.91,26.65,1045.24,24838.0,0.0,0.0
833,166.910,26.650,166.91,26.65,1045.24,24327.0,0.0,0.0
834,166.910,26.650,166.91,26.65,1045.24,24974.0,0.0,0.0
835,166.910,26.650,166.91,26.65,1045.24,26526.0,687.0,687.0
836,166.910,26.650,166.91,26.65,1045.24,24907.0,400.0,400.0
837,166.910,26.650,166.91,26.65,1045.24,22896.0,0.0,0.0
838,166.910,26.650,166.91,26.65,1045.24,25077.0,134.0,134.0
839,166.910,26.650,166.91,26.65,1045.24,24625.0,0.0,0.0
840,166.910,26.650,166.91,26.65,1045.24,25712.0,531.0,531.0
841,166.910,26.650,166.91,26.65,1045.24,24352.0,0.0,0.0
842,166.910,26.650,166.91,26.65,1045.24,24412.0,0.0,0.0
843,166.910,26.650,166.91,26.65,1045.24,25765.0,203.0,203.0
844,166.910,26.650,166.91,26.65,1045.24,25364.0,1322.0,1322.0
845,166.910,26.650,166.91,26.65,1045.24,25002.0,0.0,0.0
846,166.910,26.650,166.91,26.65,1045.24,23495.0,0.0,0.0
847,166.910,26.650,166.91,26.65,1045.24,25409.0,686.0,686.0
848,166.910,26.650,166.91,26.65,1045.24,25361.0,202.0,202.0
849,166.910,26.650,166.91,26.65,1045.24,25769.0,72.0,72.0
850,166.910,26.650,166.91,26.65,1045.24,26004.0,518.0,518.0
851,166.910,26.650,166.91,26.65,1045.24,26030.0,510.0,510.0
852,166.910,26.650,166.91,26.65,1045.24,25729.0,837.0,837.0
853,166.910,26.650,166.91,26.65,1045.24,26998.0,2277.0,2277.0
854,166.910,26.650,166.91,26.65,1045.24,25125.0,0.0,0.0
855,166.910,26.650,166.91,26.65,1045.24,24261.0,0.0,0.0
856,166.910,26.650,166.91,26.65,1045.24,23837.0,0.0,0.0
857,166.910,26.650,166.91,26.65,1045.24,24856.0,0.0,0.0
858,166.910,26.650,166.91,26.65,1045.24,24003.0,0.0,0.0
859,166.910,26.650,166.91,26.65,1045.24,24692.0,0.0,0.0
860,166.910,26.650,166.91,26.65,1045.24,26289.0,0.0,0.0
861,166.910,26.650,166.91,26.65,1045.24,26342.0,1895.0,1895.0
862,166.910,26.650,166.91,26.65,1045.24,25200.0,124.0,124.0
863,166.910,26.650,166.91,26.65,1045.24,24964.0,0.0,0.0
864,166.910,26.650,166.91,26.65,1045.24,23067.0,0.0,0.0
865,166.910,26.650,166.91,26.65,1045.24,26176.0,931.0,931.0
866,166.910,26.650,166.91,26.65,1045.24,23809.0,0.0,0.0
867,166.910,26.650,166.91,26.65,1045.24,24852.0,0.0,0.0
868,166.910,26.650,166.91,26.65,1045.24,24975.0,0.0,0.0
869,166.910,26.650,166.91,26.65,1045.24,24667.0,0.0,0.0
870,166.910,26.650,166.91,26.65,1045.24,23762.0,0.0,0.0
871,166.910,26.650,166.91,26.65,1045.24,25831.0,575.0,575.0
872,166.910,26.650,166.91,26.65,1045.24,25118.0,463.0,463.0
873,166.910,26.650,166.91,26.65,1045.24,24355.0,0.0,0.0
874,166.910,26.650,166.91,26.65,1045.24,26057.0,968.0,968.0
875,166.910,26.650,166.91,26.65,1045.24,24314.0,0.0,0.0
876,166.910,26.650,166.91,26.65,1045.24,24825.0,0.0,0.0
877,166.910,26.650,166.91,26.65,1045.24,24587.0,0.0,0.0
878,166.910,26.650,166.91,26.65,1045.24,24877.0,0.0,0.0
879,166.910,26.650,166.91,26.65,1045.24,25566.0,566.0,566.0
880,166.910,26.650,166.91,26.65,1045.24,25587.0,0.0,0.0
881,166.910,26.650,166.91,26.65,1045.24,23860.0,0.0,0.0
882,166.910,26.650,166.91,26.65,1045.24,27031.0,1367.0,1367.0
883,166.910,26.650,166.91,26.65,1045.24,25678.0,396.0,396.0
884,166.910,26.650,166.91,26.65,1045.24,25971.0,453.0,453.0
885,166.910,26.650,166.91,26.65,1045.24,24553.0,0.0,0.0
886,166.910,26.650,166.91,26.65,1045.24,23464.0,0.0,0.0
887,166.910,26.650,166.91,26.65,1045.24,24462.0,175.0,175.0
888,166.910,26.650,166.91,26.65,1045.24,23475.0,0.0,0.0
889,166.910,26.650,166.91,26.65,1045.24,24981.0,0.0,0.0
890,166.910,26.650,166.91,26.65,1045.24,23274.0,0.0,0.0
891,166.910,26.650,166.91,26.65,1045.24,23225.0,0.0,0.0
892,166.910,26.650,166.91,26.65,1045.24,24578.0,0.0,0.0
893,166.910,26.650,166.91,26.65,1045.24,26040.0,26.0,26.0
894,166.910,26.650,166.91,26.65,1045.24,25536.0,146.0,146.0
895,166.910,26.650,166.91,26.65,1045.24,24596.0,0.0,0.0
896,166.910,26.650,166.91,26.65,1045.24,24575.0,0.0,0.0
897,166.910,26.650,166.91,26.65,1045.24,23117.0,0.0,0.0
898,166.910,26.650,166.91,26.65,1045.24,23523.0,0.0,0.0
899,166.910,26.650,166.91,26.65,1045.24,24609.0,0.0,0.0
900,166.910,26.650,166.91,26.65,1045.24,24556.0,186.0,186.0
901,166.910,26.650,166.91,26.65,1045.24,24553.0,0.0,0.0
902,166.910,26.650,166.91,26.65,1045.24,25414.0,0.0,0.0
903,166.910,26.650,166.91,26.65,1045.24,26092.0,135.0,135.0
904,166.910,26.650,166.91,26.65,1045.24,25169.0,0.0,0.0
905,166.910,26.650,166.91,26.65,1045.24,25333.0,430.0,430.0
906,166.910,26.650,166.91,26.65,1045.24,23818.0,0.0,0.0
907,166.910,26.650,166.91,26.65,1045.24,25947.0,0.0,0.0
908,166.910,26.650,166.91,26.65,1045.24,23756.0,1.0,1.0
909,166.910,26.650,166.91,26.65,1045.24,24930.0,0.0,0.0
910,166.910,26.650,166.91,26.65,1045.24,24086.0,0.0,0.0
911,166.910,26.650,166.91,26.65,1045.24,25692.0,609.0,609.0
912,166.910,26.650,166.91,26.65,1045.24,25042.0,439.0,439.0
913,166.910,26.650,166.91,26.65,1045.24,25232.0,499.0,499.0
914,166.910,26.650,166.91,26.65,1045.24,23333.0,0.0,0.0
915,166.910,26.650,166.91,26.65,1045.24,24054.0,0.0,0.0
916,166.910,26.650,166.91,26.65,1045.24,23624.0,0.0,0.0
917,166.910,26.650,166.91,26.65,1045.24,23847.0,0.0,0.0
918,166.910,26.650,166.91,26.65,1045.24,25888.0,1529.0,1529.0
919,166.910,26.650,166.91,26.65,1045.24,24572.0,0.0,0.0
920,166.910,26.650,166.91,26.65,1045.24,24421.0,0.0,0.0
921,166.910,26.650,166.91,26.65,1045.24,25060.0,0.0,0.0
922,166.910,26.650,166.91,26.65,1045.24,26308.0,1172.0,1172.0
923,166.910,26.650,166.91,26.65,1045.24,23740.0,0.0,0.0
924,166.910,26.650,166.91,26.65,1045.24,23471.0,0.0,0.0
925,166.910,26.650,166.91,26.65,1045.24,24956.0,231.0,231.0
926,166.910,26.650,166.91,26.65,1045.24,24547.0,431.0,431.0
927,166.910,26.650,166.91,26.65,1045.24,28726.0,1310.0,1310.0
928,166.910,26.650,166.91,26.65,1045.24,25839.0,1136.0,1136.0
929,166.910,26.650,166.91,26.65,1045.24,24714.0,322.0,322.0
930,166.910,26.650,166.91,26.65,1045.24,24651.0,465.0,465.0
931,166.910,26.650,166.91,26.65,1045.24,25942.0,2203.0,2203.0
932,166.910,26.650,166.91,26.65,1045.24,25722.0,0.0,0.0
933,166.910,26.650,166.91,26.65,1045.24,23931.0,0.0,0.0
934,166.910,26.650,166.91,26.65,1045.24,24766.0,0.0,0.0
935,166.910,26.650,166.91,26.65,1045.24,25060.0,0.0,0.0
936,166.910,26.650,166.91,26.65,1045.24,24108.0,0.0,0.0
937,166.910,26.650,166.91,26.65,1045.24,24672.0,626.0,626.0
938,166.910,26.650,166.91,26.65,1045.24,25688.0,0.0,0.0
939,166.910,26.650,166.91,26.65,1045.24,23973.0,0.0,0.0
940,166.910,26.650,166.91,26.65,1045.24,24052.0,0.0,0.0
941,166.910,26.650,166.91,26.65,1045.24,23207.0,0.0,0.0
942,166.910,26.650,166.91,26.65,1045.24,25403.0,62.0,62.0
943,166.910,26.650,166.91,26.65,1045.24,25063.0,933.0,933.0
944,166.910,26.650,166.91,26.65,1045.24,25084.0,0.0,0.0
945,166.910,26.650,166.91,26.65,1045.24,25618.0,687.0,687.0
946,166.910,26.650,166.91,26.65,1045.24,23769.0,0.0,0.0
947,166.910,26.650,166.91,26.65,1045.24,24095.0,213.0,213.0
948,166.910,26.650,166.91,26.65,1045.24,25134.0,934.0,934.0
949,166.910,26.650,166.91,26.65,1045.24,25005.0,343.0,343.0
950,166.910,26.650,166.91,26.65,1045.24,24720.0,703.0,703.0
951,166.910,26.650,166.91,26.65,1045.24,23830.0,0.0,0.0
952,166.910,26.650,166.91,26.65,1045.24,24808.0,194.0,194.0
953,166.910,26.650,166.91,26.65,1045.24,25113.0,313.0,313.0
954,166.910,26.650,166.91,26.65,1045.24,25217.0,125.0,125.0
955,166.910,26.650,166.91,26.65,1045.24,25891.0,0.0,0.0
956,166.910,26.650,166.91,26.65,1045.24,25665.0,893.0,893.0
957,166.910,26.650,166.91,26.65,1045.24,25567.0,1287.0,1287.0
958,166.910,26.650,166.91,26.65,1045.24,23869.0,0.0,0.0
959,166.910,26.650,166.91,26.65,1045.24,24031.0,0.0,0.0
960,166.910,26.650,166.91,26.65,1045.24,26394.0,963.0,963.0
961,166.910,26.650,166.91,26.65,1045.24,24535.0,0.0,0.0
962,166.910,26.650,166.91,26.65,1045.24,25120.0,107.0,107.0
963,166.910,26.650,166.91,26.65,1045.24,26183.0,746.0,746.0
964,166.910,26.650,166.91,26.65,1045.24,25604.0,1481.0,1481.0
965,166.910,26.650,166.91,26.65,1045.24,26468.0,1186.0,1186.0
966,166.910,26.650,166.91,26.65,1045.24,26503.0,1477.0,1477.0
967,166.910,26.650,166.91,26.65,1045.24,26310.0,434.0,434.0
968,166.910,26.650,166.91,26.65,1045.24,25341.0,881.0,881.0
969,166.910,26.650,166.91,26.65,1045.24,24130.0,0.0,0.0
970,166.910,26.650,166.91,26.65,1045.24,24233.0,0.0,0.0
971,166.910,26.650,166.91,26.65,1045.24,24316.0,0.0,0.0
972,166.910,26.650,166.91,26.65,1045.24,26744.0,689.0,689.0
973,166.910,26.650,166.91,26.65,1045.24,24312.0,0.0,0.0
974,166.910,26.650,166.91,26.65,1045.24,23775.0,0.0,0.0
975,166.910,26.650,166.91,26.65,1045.24,25090.0,246.0,246.0
976,166.910,26.650,166.91,26.65,1045.24,23179.0,108.0,108.0
977,166.910,26.650,166.91,26.65,1045.24,24781.0,218.0,218.0
978,166.910,26.650,166.91,26.65,1045.24,24081.0,0.0,0.0
979,166.910,26.650,166.91,26.65,1045.24,27171.0,1988.0,1988.0
980,166.910,26.650,166.91,26.65,1045.24,24575.0,0.0,0.0
981,166.910,26.650,166.91,26.65,1045.24,24362.0,0.0,0.0
982,166.910,26.650,166.91,26.65,1045.24,24195.0,33.0,33.0
983,166.910,26.650,166.91,26.65,1045.24,24850.0,346.0,346.0
984,166.910,26.650,166.91,26.65,1045.24,25000.0,0.0,0.0
985,166.910,26.650,166.91,26.65,1045.24,24566.0,0.0,0.0
986,166.910,26.650,166.91,26.65,1045.24,24748.0,122.0,122.0
987,166.910,26.650,166.91,26.65,1045.24,24887.0,295.0,295.0
988,166.910,26.650,166.91,26.65,1045.24,25503.0,329.0,329.0
989,166.910,26.650,166.91,26.65,1045.24,25320.0,459.0,459.0
990,166.910,26.650,166.91,26.65,1045.24,23482.0,0.0,0.0
991,166.910,26.650,166.91,26.65,1045.24,23212.0,0.0,0.0
992,166.910,26.650,166.91,26.65,1045.24,23866.0,0.0,0.0
993,166.910,26.650,166.91,26.65,1045.24,24326.0,0.0,0.0
994,166.910,26.650,166.91,26.65,1045.24,23576.0,0.0,0.0
995,166.910,26.650,166.91,26.65,1045.24,26232.0,936.0,936.0
996,166.910,26.650,166.91,26.65,1045.24,24551.0,0.0,0.0
997,166.910,26.650,166.91,26.65,1045.24,24201.0,0.0,0.0
998,166.910,26.650,166.91,26.65,1045.24,24995.0,661.0,661.0
999,166.910,26.650,166.91,26.65,1045.24,25394.0,309.0,309.0
1000,166.910,26.650,166.91,26.65,1045.24,26369.0,1240.0,1240.0
1001,166.910,26.650,166.91,26.65,1045.24,26383.0,621.0,621.0
1002,166.910,26.650,166.91,26.65,1045.24,26032.0,1741.0,1741.0
1003,166.910,26.650,166.91,26.65,1045.24,23999.0,0.0,0.0
1004,166.910,26.650,166.91,26.65,1045.24,24470.0,23.0,23.0
1005,166.910,26.650,166.91,26.65,1045.24,23936.0,0.0,0.0
1006,166.910,26.650,166.91,26.65,1045.24,22975.0,0.0,0.0
1007,166.910,26.650,166.91,26.65,1045.24,23496.0,0.0,0.0
1008,166.910,26.650,166.91,26.65,1045.24,23830.0,0.0,0.0
1009,166.910,26.650,166.91,26.65,1045.24,24744.0,0.0,0.0
1010,166.910,26.650,166.91,26.65,1045.24,24976.0,260.0,260.0
1011,166.910,26.650,166.91,26.65,1045.24,23864.0,0.0,0.0
1012,166.910,26.650,166.91,26.65,1045.24,25553.0,0.0,0.0
1013,166.910,26.650,166.91,26.65,1045.24,24562.0,0.0,0.0
1014,166.910,26.650,166.91,26.65,1045.24,25061.0,256.0,256.0
1015,166.910,26.650,166.91,26.65,1045.24,25801.0,428.0,428.0
1016,166.910,26.650,166.91,26.65,1045.24,24601.0,0.0,0.0
1017,166.910,26.650,166.91,26.65,1045.24,24392.0,398.0,398.0
1018,166.910,26.650,166.91,26.65,1045.24,24774.0,0.0,0.0
1019,166.910,26.650,166.91,26.65,1045.24,25877.0,0.0,0.0
1020,166.910,26.650,166.91,26.65,1045.24,25049.0,0.0,0.0
1021,166.910,26.650,166.91,26.65,1045.24,27019.0,1202.0,1202.0
1022,166.910,26.650,166.91,26.65,1045.24,25162.0,1208.0,1208.0
1023,166.910,26.650,166.91,26.65,1045.24,24526.0,0.0,0.0
1024,166.910,26.650,166.91,26.65,1045.24,26057.0,271.0,271.0
1025,166.910,26.650,166.91,26.65,1045.24,24315.0,0.0,0.0
1026,166.910,26.650,166.91,26.65,1045.24,24661.0,102.0,102.0
1027,166.910,26.650,166.91,26.65,1045.24,26939.0,1216.0,1216.0
1028,166.910,26.650,166.91,26.65,1045.24,24613.0,37.0,37.0
1029,166.910,26.650,166.91,26.65,1045.24,24727.0,0.0,0.0
1030,166.910,26.650,166.91,26.65,1045.24,25201.0,1051.0,1051.0
1031,166.910,26.650,166.91,26.65,1045.24,25060.0,557.0,557.0
1032,166.910,26.650,166.91,26.65,1045.24,23865.0,0.0,0.0
1033,166.910,26.650,166.91,26.65,1045.24,25652.0,683.0,683.0
1034,166.910,26.650,166.91,26.65,1045.24,27345.0,1882.0,1882.0
1035,166.910,26.650,166.91,26.65,1045.24,23838.0,0.0,0.0
1036,166.910,26.650,166.91,26.65,1045.24,25456.0,839.0,839.0
1037,166.910,26.650,166.91,26.65,1045.24,25467.0,444.0,444.0
1038,166.910,26.650,166.91,26.65,1045.24,26946.0,534.0,534.0
1039,166.910,26.650,166.91,26.65,1045.24,25093.0,55.0,55.0
1040,166.910,26.650,166.91,26.65,1045.24,24121.0,0.0,0.0
1041,166.910,26.650,166.91,26.65,1045.24,26645.0,1184.0,1184.0
1042,166.910,26.650,166.91,26.65,1045.24,24710.0,509.0,509.0
1043,166.910,26.650,166.91,26.65,1045.24,24532.0,0.0,0.0
1044,166.910,26.650,166.91,26.65,1045.24,24629.0,0.0,0.0
1045,166.910,26.650,166.91,26.65,1045.24,25868.0,1270.0,1270.0
1046,166.910,26.650,166.91,26.65,1045.24,24727.0,0.0,0.0
1047,166.910,26.650,166.91,26.65,1045.24,24767.0,656.0,656.0
1048,166.910,26.650,166.91,26.65,1045.24,26757.0,996.0,996.0
1049,166.910,26.650,166.91,26.65,1045.24,23624.0,0.0,0.0
1050,166.910,26.650,166.91,26.65,1045.24,26019.0,773.0,773.0
1051,166.910,26.650,166.91,26.65,1045.24,26974.0,956.0,956.0
