id,avg_x,avg_y,x,y,bg,Square_intensity,circular_intensity,Gaussian_intensity
705,222.280,32.440,221.62,32.69,1038.07,29768.0,3555.0,3555.0
706,222.280,32.440,221.62,32.69,1038.07,28505.0,2946.0,2946.0
707,222.280,32.440,221.62,32.69,1038.07,29053.0,3531.0,3531.0
708,222.280,32.440,221.62,32.69,1038.07,30306.0,4409.0,4409.0
709,222.280,32.440,221.62,32.69,1038.07,30220.0,4008.0,4008.0
710,222.280,32.440,221.62,32.69,1038.07,27954.0,2570.0,2570.0
711,222.280,32.440,221.62,32.69,1038.07,27420.0,2780.0,2780.0
712,222.280,32.440,221.62,32.69,1038.07,28624.0,2847.0,2847.0
713,222.280,32.440,221.62,32.69,1038.07,29013.0,3138.0,3138.0
714,222.280,32.440,221.62,32.69,1038.07,25947.0,388.0,388.0
715,222.280,32.440,221.62,32.69,1038.07,29160.0,3710.0,3710.0
716,222.280,32.440,221.62,32.69,1038.07,26733.0,1449.0,1449.0
717,222.280,32.440,221.62,32.69,1038.07,29148.0,4131.0,4131.0
718,222.280,32.440,221.62,32.69,1038.07,32477.0,6573.0,6573.0
719,222.280,32.440,221.62,32.69,1038.07,28215.0,3028.0,3028.0
720,222.280,32.440,221.62,32.69,1038.07,30943.0,5307.0,5307.0
721,222.280,32.440,221.62,32.69,1038.07,30402.0,4294.0,4294.0
722,222.280,32.440,221.62,32.69,1038.07,30368.0,4218.0,4218.0
723,222.280,32.440,221.62,32.69,1038.07,27474.0,1802.0,1802.0
724,222.280,32.440,221.62,32.69,1038.07,28149.0,2303.0,2303.0
725,222.280,32.440,221.62,32.69,1038.07,28878.0,3685.0,3685.0
726,222.280,32.440,221.62,32.69,1038.07,28774.0,2975.0,2975.0
727,222.280,32.440,221.62,32.69,1038.07,30633.0,4371.0,4371.0
728,222.280,32.440,221.62,32.69,1038.07,29144.0,3990.0,3990.0
729,222.280,32.440,221.62,32.69,1038.07,28477.0,3120.0,3120.0
730,222.280,32.440,221.62,32.69,1038.07,26628.0,561.0,561.0
731,222.280,32.440,221.62,32.69,1038.07,27392.0,1596.0,1596.0
732,222.280,32.440,221.62,32.69,1038.07,29050.0,3622.0,3622.0
733,222.280,32.440,221.62,32.69,1038.07,28343.0,2697.0,2697.0
734,222.280,32.440,221.62,32.69,1038.07,29059.0,2608.0,2608.0
735,222.280,32.440,221.62,32.69,1038.07,28055.0,2653.0,2653.0
736,222.280,32.440,221.62,32.69,1038.07,31902.0,6774.0,6774.0
737,222.280,32.440,221.62,32.69,1038.07,31798.0,5663.0,5663.0
738,222.280,32.440,221.62,32.69,1038.07,30506.0,3457.0,3457.0
739,222.280,32.440,221.62,32.69,1038.07,29841.0,4639.0,4639.0
740,222.280,32.440,221.62,32.69,1038.07,29211.0,3167.0,3167.0
741,222.280,32.440,221.62,32.69,1038.07,26960.0,1801.0,1801.0
742,222.280,32.440,221.62,32.69,1038.07,30751.0,4212.0,4212.0
743,222.280,32.440,221.62,32.69,1038.07,36092.0,9760.0,9760.0
744,222.280,32.440,221.62,32.69,1038.07,29453.0,3877.0,3877.0
745,222.280,32.440,221.62,32.69,1038.07,29073.0,3545.0,3545.0
746,222.280,32.440,221.62,32.69,1038.07,27673.0,2757.0,2757.0
747,222.280,32.440,221.62,32.69,1038.07,28172.0,2862.0,2862.0
748,222.280,32.440,221.62,32.69,1038.07,32768.0,6047.0,6047.0
749,222.280,32.440,221.62,32.69,1038.07,32761.0,6558.0,6558.0
750,222.280,32.440,221.62,32.69,1038.07,32576.0,5801.0,5801.0
751,222.280,32.440,221.62,32.69,1038.07,27908.0,2338.0,2338.0
752,222.280,32.440,221.62,32.69,1038.07,30752.0,4656.0,4656.0
753,222.280,32.440,221.62,32.69,1038.07,29613.0,5165.0,5165.0
754,222.280,32.440,221.62,32.69,1038.07,32449.0,6529.0,6529.0
755,222.280,32.440,221.62,32.69,1038.07,31952.0,5509.0,5509.0
756,222.280,32.440,221.62,32.69,1038.07,29933.0,3822.0,3822.0
757,222.280,32.440,221.62,32.69,1038.07,26711.0,1429.0,1429.0
758,222.280,32.440,221.62,32.69,1038.07,29839.0,4182.0,4182.0
759,222.280,32.440,221.62,32.69,1038.07,29348.0,3405.0,3405.0
760,222.280,32.440,221.62,32.69,1038.07,29049.0,3008.0,3008.0
761,222.280,32.440,221.62,32.69,1038.07,29457.0,3626.0,3626.0
762,222.280,32.440,221.62,32.69,1038.07,29700.0,3723.0,3723.0
763,222.280,32.440,221.62,32.69,1038.07,28523.0,2556.0,2556.0
764,222.280,32.440,221.62,32.69,1038.07,27974.0,3597.0,3597.0
765,222.280,32.440,221.62,32.69,1038.07,28498.0,3142.0,3142.0
766,222.280,32.440,221.62,32.69,1038.07,28608.0,3897.0,3897.0
767,222.280,32.440,221.62,32.69,1038.07,28974.0,3326.0,3326.0
768,222.280,32.440,221.62,32.69,1038.07,26461.0,842.0,842.0
769,222.280,32.440,221.62,32.69,1038.07,30671.0,5134.0,5134.0
770,222.280,32.440,221.62,32.69,1038.07,32258.0,6038.0,6038.0
771,222.280,32.440,221.62,32.69,1038.07,28983.0,3251.0,3251.0
772,222.280,32.440,221.62,32.69,1038.07,30171.0,2880.0,2880.0
773,222.280,32.440,221.62,32.69,1038.07,28857.0,2835.0,2835.0
774,222.280,32.440,221.62,32.69,1038.07,31320.0,4848.0,4848.0
775,222.280,32.440,221.62,32.69,1038.07,30923.0,4924.0,4924.0
776,222.280,32.440,221.62,32.69,1038.07,33595.0,7177.0,7177.0
777,222.280,32.440,221.62,32.69,1038.07,31780.0,5258.0,5258.0
778,222.280,32.440,221.62,32.69,1038.07,30980.0,5048.0,5048.0
779,222.280,32.440,221.62,32.69,1038.07,32328.0,5777.0,5777.0
780,222.280,32.440,221.62,32.69,1038.07,37457.0,9706.0,9706.0
781,222.280,32.440,221.62,32.69,1038.07,34798.0,8449.0,8449.0
782,222.280,32.440,221.62,32.69,1038.07,36726.0,10341.0,10341.0
783,222.280,32.440,221.62,32.69,1038.07,32183.0,5429.0,5429.0
784,222.280,32.440,221.62,32.69,1038.07,29723.0,3952.0,3952.0
785,222.280,32.440,221.62,32.69,1038.07,33877.0,7137.0,7137.0
786,222.280,32.440,221.62,32.69,1038.07,33533.0,6999.0,6999.0
787,222.280,32.440,221.62,32.69,1038.07,37453.0,9625.0,9625.0
788,222.280,32.440,221.62,32.69,1038.07,37578.0,10724.0,10724.0
789,222.280,32.440,221.62,32.69,1038.07,33780.0,7311.0,7311.0
790,222.280,32.440,221.62,32.69,1038.07,31702.0,4889.0,4889.0
791,222.280,32.440,221.62,32.69,1038.07,36206.0,9912.0,9912.0
792,222.280,32.440,221.62,32.69,1038.07,35373.0,8388.0,8388.0
793,222.280,32.440,221.62,32.69,1038.07,31248.0,5113.0,5113.0
794,222.280,32.440,221.62,32.69,1038.07,35563.0,8255.0,8255.0
795,222.280,32.440,221.62,32.69,1038.07,38709.0,10982.0,10982.0
796,222.280,32.440,221.62,32.69,1038.07,36229.0,8763.0,8763.0
797,222.280,32.440,221.62,32.69,1038.07,34489.0,7301.0,7301.0
798,222.280,32.440,221.62,32.69,1038.07,36044.0,9477.0,9477.0
799,222.280,32.440,221.62,32.69,1038.07,34000.0,6438.0,6438.0
800,222.280,32.440,221.62,32.69,1038.07,33987.0,8149.0,8149.0
801,222.280,32.440,221.62,32.69,1038.07,32455.0,6831.0,6831.0
802,222.280,32.440,221.62,32.69,1038.07,33597.0,7108.0,7108.0
803,222.280,32.440,221.62,32.69,1038.07,33130.0,7060.0,7060.0
804,222.280,32.440,221.62,32.69,1038.07,31551.0,5122.0,5122.0
805,222.280,32.440,221.62,32.69,1038.07,31149.0,5907.0,5907.0
806,222.280,32.440,221.62,32.69,1038.07,43499.0,16107.0,16107.0
807,222.280,32.440,221.62,32.69,1038.07,31294.0,5755.0,5755.0
808,222.280,32.440,221.62,32.69,1038.07,31263.0,5158.0,5158.0
809,222.280,32.440,221.62,32.69,1038.07,32039.0,6122.0,6122.0
810,222.280,32.440,221.62,32.69,1038.07,36662.0,9353.0,9353.0
811,222.280,32.440,221.62,32.69,1038.07,32140.0,5691.0,5691.0
812,222.280,32.440,221.62,32.69,1038.07,34560.0,7720.0,7720.0
813,222.280,32.440,221.62,32.69,1038.07,36764.0,10567.0,10567.0
814,222.280,32.440,221.62,32.69,1038.07,38963.0,12055.0,12055.0
815,222.280,32.440,221.62,32.69,1038.07,37528.0,11269.0,11269.0
816,222.280,32.440,221.62,32.69,1038.07,34935.0,8770.0,8770.0
817,222.280,32.440,221.62,32.69,1038.07,31730.0,5695.0,5695.0
818,222.280,32.440,221.62,32.69,1038.07,33925.0,8137.0,8137.0
819,222.280,32.440,221.62,32.69,1038.07,29971.0,5152.0,5152.0
820,222.280,32.440,221.62,32.69,1038.07,34513.0,8590.0,8590.0
821,222.280,32.440,221.62,32.69,1038.07,38550.0,12336.0,12336.0
822,222.280,32.440,221.62,32.69,1038.07,40128.0,12755.0,12755.0
823,222.280,32.440,221.62,32.69,1038.07,36697.0,8859.0,8859.0
824,222.280,32.440,221.62,32.69,1038.07,39013.0,12175.0,12175.0
825,222.280,32.440,221.62,32.69,1038.07,35483.0,9188.0,9188.0
826,222.280,32.440,221.62,32.69,1038.07,32235.0,6429.0,6429.0
827,222.280,32.440,221.62,32.69,1038.07,38393.0,11440.0,11440.0
828,222.280,32.440,221.62,32.69,1038.07,35519.0,9334.0,9334.0
829,222.280,32.440,221.62,32.69,1038.07,32417.0,5250.0,5250.0
830,222.280,32.440,221.62,32.69,1038.07,38374.0,10956.0,10956.0
831,222.280,32.440,221.62,32.69,1038.07,38751.0,11216.0,11216.0
832,222.280,32.440,221.62,32.69,1038.07,37373.0,10653.0,10653.0
833,222.280,32.440,221.62,32.69,1038.07,34676.0,8687.0,8687.0
834,222.280,32.440,221.62,32.69,1038.07,35589.0,9585.0,9585.0
835,222.280,32.440,221.62,32.69,1038.07,36086.0,9664.0,9664.0
836,222.280,32.440,221.62,32.69,1038.07,34458.0,7679.0,7679.0
837,222.280,32.440,221.62,32.69,1038.07,38458.0,11967.0,11967.0
838,222.280,32.440,221.62,32.69,1038.07,37251.0,10894.0,10894.0
839,222.280,32.440,221.62,32.69,1038.07,36757.0,8956.0,8956.0
840,222.280,32.440,221.62,32.69,1038.07,37526.0,10752.0,10752.0
841,222.280,32.440,221.62,32.69,1038.07,36541.0,8531.0,8531.0
842,222.280,32.440,221.62,32.69,1038.07,35912.0,9432.0,9432.0
843,222.280,32.440,221.62,32.69,1038.07,32548.0,6122.0,6122.0
844,222.280,32.440,221.62,32.69,1038.07,34490.0,8034.0,8034.0
845,222.280,32.440,221.62,32.69,1038.07,35521.0,9849.0,9849.0
846,222.280,32.440,221.62,32.69,1038.07,33908.0,8201.0,8201.0
847,222.280,32.440,221.62,32.69,1038.07,38347.0,11802.0,11802.0
848,222.280,32.440,221.62,32.69,1038.07,36024.0,9320.0,9320.0
849,222.280,32.440,221.62,32.69,1038.07,36415.0,9712.0,9712.0
850,222.280,32.440,221.62,32.69,1038.07,30116.0,4160.0,4160.0
851,222.280,32.440,221.62,32.69,1038.07,36318.0,10034.0,10034.0
852,222.280,32.440,221.62,32.69,1038.07,34279.0,7540.0,7540.0
853,222.280,32.440,221.62,32.69,1038.07,35114.0,8951.0,8951.0
854,222.280,32.440,221.62,32.69,1038.07,34799.0,9163.0,9163.0
855,222.280,32.440,221.62,32.69,1038.07,37862.0,11718.0,11718.0
856,222.280,32.440,221.62,32.69,1038.07,35408.0,9128.0,9128.0
857,222.280,32.440,221.62,32.69,1038.07,39455.0,12501.0,12501.0
858,222.280,32.440,221.62,32.69,1038.07,35115.0,8747.0,8747.0
859,222.280,32.440,221.62,32.69,1038.07,36166.0,9747.0,9747.0
860,222.280,32.440,221.62,32.69,1038.07,36651.0,9884.0,9884.0
861,222.280,32.440,221.62,32.69,1038.07,34014.0,8248.0,8248.0
862,222.280,32.440,221.62,32.69,1038.07,35889.0,9463.0,9463.0
863,222.280,32.440,221.62,32.69,1038.07,35959.0,8845.0,8845.0
864,222.280,32.440,221.62,32.69,1038.07,35183.0,9219.0,9219.0
865,222.280,32.440,221.62,32.69,1038.07,34041.0,8387.0,8387.0
866,222.280,32.440,221.62,32.69,1038.07,36242.0,9206.0,9206.0
867,222.280,32.440,221.62,32.69,1038.07,36608.0,9853.0,9853.0
868,222.280,32.440,221.62,32.69,1038.07,39590.0,12748.0,12748.0
869,222.280,32.440,221.62,32.69,1038.07,37330.0,10373.0,10373.0
870,222.280,32.440,221.62,32.69,1038.07,35921.0,9848.0,9848.0
871,222.280,32.440,221.62,32.69,1038.07,37078.0,10602.0,10602.0
872,222.280,32.440,221.62,32.69,1038.07,34737.0,8300.0,8300.0
873,222.280,32.440,221.62,32.69,1038.07,32568.0,6319.0,6319.0
874,222.280,32.440,221.62,32.69,1038.07,34246.0,8475.0,8475.0
875,222.280,32.440,221.62,32.69,1038.07,37904.0,12052.0,12052.0
876,222.280,32.440,221.62,32.69,1038.07,38361.0,11133.0,11133.0
877,222.280,32.440,221.62,32.69,1038.07,36516.0,9976.0,9976.0
878,222.280,32.440,221.62,32.69,1038.07,33891.0,7885.0,7885.0
879,222.280,32.440,221.62,32.69,1038.07,36232.0,9167.0,9167.0
880,222.280,32.440,221.62,32.69,1038.07,37788.0,11233.0,11233.0
881,222.280,32.440,221.62,32.69,1038.07,37297.0,11059.0,11059.0
882,222.280,32.440,221.62,32.69,1038.07,37073.0,9758.0,9758.0
883,222.280,32.440,221.62,32.69,1038.07,35025.0,7382.0,7382.0
884,222.280,32.440,221.62,32.69,1038.07,39628.0,11963.0,11963.0
885,222.280,32.440,221.62,32.69,1038.07,35730.0,8677.0,8677.0
886,222.280,32.440,221.62,32.69,1038.07,42179.0,14249.0,14249.0
887,222.280,32.440,221.62,32.69,1038.07,40149.0,13256.0,13256.0
888,222.280,32.440,221.62,32.69,1038.07,35493.0,8957.0,8957.0
889,222.280,32.440,221.62,32.69,1038.07,36610.0,9780.0,9780.0
890,222.280,32.440,221.62,32.69,1038.07,33776.0,7336.0,7336.0
891,222.280,32.440,221.62,32.69,1038.07,34630.0,8992.0,8992.0
892,222.280,32.440,221.62,32.69,1038.07,36434.0,10578.0,10578.0
893,222.280,32.440,221.62,32.69,1038.07,35124.0,8876.0,8876.0
894,222.280,32.440,221.62,32.69,1038.07,36594.0,10959.0,10959.0
895,222.280,32.440,221.62,32.69,1038.07,34974.0,8410.0,8410.0
896,222.280,32.440,221.62,32.69,1038.07,34477.0,8632.0,8632.0
897,222.280,32.440,221.62,32.69,1038.07,38316.0,10957.0,10957.0
898,222.280,32.440,221.62,32.69,1038.07,38433.0,11719.0,11719.0
899,222.280,32.440,221.62,32.69,1038.07,38074.0,10950.0,10950.0
900,222.280,32.440,221.62,32.69,1038.07,37213.0,11153.0,11153.0
901,222.280,32.440,221.62,32.69,1038.07,39245.0,12424.0,12424.0
902,222.280,32.440,221.62,32.69,1038.07,37150.0,10541.0,10541.0
903,222.280,32.440,221.62,32.69,1038.07,36098.0,10212.0,10212.0
904,222.280,32.440,221.62,32.69,1038.07,35359.0,9418.0,9418.0
905,222.280,32.440,221.62,32.69,1038.07,36392.0,8841.0,8841.0
906,222.280,32.440,221.62,32.69,1038.07,34916.0,8613.0,8613.0
907,222.280,32.440,221.62,32.69,1038.07,35697.0,9470.0,9470.0
908,222.280,32.440,221.62,32.69,1038.07,35324.0,9290.0,9290.0
909,222.280,32.440,221.62,32.69,1038.07,33777.0,7717.0,7717.0
910,222.280,32.440,221.62,32.69,1038.07,35923.0,9658.0,9658.0
911,222.280,32.440,221.62,32.69,1038.07,36654.0,10884.0,10884.0
912,222.280,32.440,221.62,32.69,1038.07,38220.0,12261.0,12261.0
913,222.280,32.440,221.62,32.69,1038.07,35769.0,9493.0,9493.0
914,222.280,32.440,221.62,32.69,1038.07,36206.0,9525.0,9525.0
915,222.280,32.440,221.62,32.69,1038.07,35437.0,9238.0,9238.0
916,222.280,32.440,221.62,32.69,1038.07,34814.0,8259.0,8259.0
917,222.280,32.440,221.62,32.69,1038.07,35866.0,9311.0,9311.0
918,222.280,32.440,221.62,32.69,1038.07,34456.0,8069.0,8069.0
919,222.280,32.440,221.62,32.69,1038.07,35989.0,9110.0,9110.0
920,222.280,32.440,221.62,32.69,1038.07,30553.0,5283.0,5283.0
921,222.280,32.440,221.62,32.69,1038.07,32847.0,6169.0,6169.0
922,222.280,32.440,221.62,32.69,1038.07,32583.0,6154.0,6154.0
923,222.280,32.440,221.62,32.69,1038.07,31258.0,5972.0,5972.0
924,222.280,32.440,221.62,32.69,1038.07,33580.0,7208.0,7208.0
925,222.280,32.440,221.62,32.69,1038.07,32238.0,6225.0,6225.0
926,222.280,32.440,221.62,32.69,1038.07,35498.0,8396.0,8396.0
927,222.280,32.440,221.62,32.69,1038.07,35525.0,9442.0,9442.0
928,222.280,32.440,221.62,32.69,1038.07,34461.0,8049.0,8049.0
929,222.280,32.440,221.62,32.69,1038.07,41129.0,13491.0,13491.0
930,222.280,32.440,221.62,32.69,1038.07,40527.0,13609.0,13609.0
931,222.280,32.440,221.62,32.69,1038.07,38888.0,12167.0,12167.0
932,222.280,32.440,221.62,32.69,1038.07,36030.0,9814.0,9814.0
933,222.280,32.440,221.62,32.69,1038.07,38044.0,11220.0,11220.0
934,222.280,32.440,221.62,32.69,1038.07,31503.0,4930.0,4930.0
935,222.280,32.440,221.62,32.69,1038.07,30993.0,5366.0,5366.0
936,222.280,32.440,221.62,32.69,1038.07,33584.0,7626.0,7626.0
937,222.280,32.440,221.62,32.69,1038.07,33075.0,6360.0,6360.0
938,222.280,32.440,221.62,32.69,1038.07,35326.0,8529.0,8529.0
939,222.280,32.440,221.62,32.69,1038.07,30655.0,5147.0,5147.0
940,222.280,32.440,221.62,32.69,1038.07,36199.0,9353.0,9353.0
941,222.280,32.440,221.62,32.69,1038.07,32275.0,5905.0,5905.0
942,222.280,32.440,221.62,32.69,1038.07,32726.0,6719.0,6719.0
943,222.280,32.440,221.62,32.69,1038.07,35510.0,9397.0,9397.0
944,222.280,32.440,221.62,32.69,1038.07,33383.0,7434.0,7434.0
945,222.280,32.440,221.62,32.69,1038.07,32672.0,5952.0,5952.0
946,222.280,32.440,221.62,32.69,1038.07,34915.0,9542.0,9542.0
947,222.280,32.440,221.62,32.69,1038.07,38326.0,12026.0,12026.0
948,222.280,32.440,221.62,32.69,1038.07,35213.0,8725.0,8725.0
949,222.280,32.440,221.62,32.69,1038.07,35728.0,9395.0,9395.0
950,222.280,32.440,221.62,32.69,1038.07,33245.0,6372.0,6372.0
951,222.280,32.440,221.62,32.69,1038.07,35579.0,8848.0,8848.0
952,222.280,32.440,221.62,32.69,1038.07,36908.0,9572.0,9572.0
953,222.280,32.440,221.62,32.69,1038.07,34211.0,7715.0,7715.0
954,222.280,32.440,221.62,32.69,1038.07,36744.0,10762.0,10762.0
955,222.280,32.440,221.62,32.69,1038.07,32379.0,6595.0,6595.0
956,222.280,32.440,221.62,32.69,1038.07,34831.0,8008.0,8008.0
957,222.280,32.440,221.62,32.69,1038.07,32410.0,6398.0,6398.0
958,222.280,32.440,221.62,32.69,1038.07,32298.0,6665.0,6665.0
959,222.280,32.440,221.62,32.69,1038.07,36172.0,9620.0,9620.0
960,222.280,32.440,221.62,32.69,1038.07,33149.0,7759.0,7759.0
961,222.280,32.440,221.62,32.69,1038.07,37311.0,10679.0,10679.0
962,222.280,32.440,221.62,32.69,1038.07,33233.0,7405.0,7405.0
963,222.280,32.440,221.62,32.69,1038.07,31942.0,7133.0,7133.0
964,222.280,32.440,221.62,32.69,1038.07,34808.0,8622.0,8622.0
965,222.280,32.440,221.62,32.69,1038.07,35135.0,8897.0,8897.0
966,222.280,32.440,221.62,32.69,1038.07,33366.0,7130.0,7130.0
967,222.280,32.440,221.62,32.69,1038.07,34470.0,8175.0,8175.0
968,222.280,32.440,221.62,32.69,1038.07,37244.0,10787.0,10787.0
969,222.280,32.440,221.62,32.69,1038.07,37163.0,10180.0,10180.0
970,222.280,32.440,221.62,32.69,1038.07,30528.0,4146.0,4146.0
971,222.280,32.440,221.62,32.69,1038.07,32612.0,6891.0,6891.0
972,222.280,32.440,221.62,32.69,1038.07,34708.0,8364.0,8364.0
973,222.280,32.440,221.62,32.69,1038.07,34175.0,8470.0,8470.0
974,222.280,32.440,221.62,32.69,1038.07,31289.0,5489.0,5489.0
975,222.280,32.440,221.62,32.69,1038.07,36659.0,11244.0,11244.0
976,222.280,32.440,221.62,32.69,1038.07,29947.0,4219.0,4219.0
977,222.280,32.440,221.62,32.69,1038.07,34003.0,8137.0,8137.0
978,222.280,32.440,221.62,32.69,1038.07,36204.0,9156.0,9156.0
979,222.280,32.440,221.62,32.69,1038.07,35475.0,8377.0,8377.0
980,222.280,32.440,221.62,32.69,1038.07,34079.0,7894.0,7894.0
981,222.280,32.440,221.62,32.69,1038.07,33663.0,8141.0,8141.0
982,222.280,32.440,221.62,32.69,1038.07,33624.0,7189.0,7189.0
983,222.280,32.440,221.62,32.69,1038.07,34540.0,8017.0,8017.0
984,222.280,32.440,221.62,32.69,1038.07,30620.0,5084.0,5084.0
985,222.280,32.440,221.62,32.69,1038.07,33267.0,7089.0,7089.0
986,222.280,32.440,221.62,32.69,1038.07,32930.0,6916.0,6916.0
987,222.280,32.440,221.62,32.69,1038.07,35069.0,8112.0,8112.0
988,222.280,32.440,221.62,32.69,1038.07,33987.0,8487.0,8487.0
989,222.280,32.440,221.62,32.69,1038.07,36216.0,10311.0,10311.0
990,222.280,32.440,221.62,32.69,1038.07,32954.0,6230.0,6230.0
991,222.280,32.440,221.62,32.69,1038.07,35269.0,9164.0,9164.0
992,222.280,32.440,221.62,32.69,1038.07,34183.0,7984.0,7984.0
993,222.280,32.440,221.62,32.69,1038.07,31762.0,6351.0,6351.0
994,222.280,32.440,221.62,32.69,1038.07,34612.0,8201.0,8201.0
995,222.280,32.440,221.62,32.69,1038.07,29978.0,4875.0,4875.0
996,222.280,32.440,221.62,32.69,1038.07,35233.0,9066.0,9066.0
997,222.280,32.440,221.62,32.69,1038.07,33309.0,6838.0,6838.0
998,222.280,32.440,221.62,32.69,1038.07,32298.0,7343.0,7343.0
999,222.280,32.440,221.62,32.69,1038.07,30298.0,5134.0,5134.0
1000,222.280,32.440,221.62,32.69,1038.07,33310.0,7401.0,7401.0
1001,222.280,32.440,221.62,32.69,1038.07,34987.0,9005.0,9005.0
1002,222.280,32.440,221.62,32.69,1038.07,32458.0,6806.0,6806.0
1003,222.280,32.440,221.62,32.69,1038.07,32908.0,6659.0,6659.0
1004,222.280,32.440,221.62,32.69,1038.07,29135.0,4322.0,4322.0
1005,222.280,32.440,221.62,32.69,1038.07,39522.0,12185.0,12185.0
1006,222.280,32.440,221.62,32.69,1038.07,35845.0,9732.0,9732.0
1007,222.280,32.440,221.62,32.69,1038.07,32602.0,6271.0,6271.0
1008,222.280,32.440,221.62,32.69,1038.07,29881.0,5232.0,5232.0
1009,222.280,32.440,221.62,32.69,1038.07,33042.0,6939.0,6939.0
1010,222.280,32.440,221.62,32.69,1038.07,34618.0,8032.0,8032.0
1011,222.280,32.440,221.62,32.69,1038.07,31036.0,5718.0,5718.0
1012,222.280,32.440,221.62,32.69,1038.07,32652.0,6757.0,6757.0
1013,222.280,32.440,221.62,32.69,1038.07,33338.0,7950.0,7950.0
1014,222.280,32.440,221.62,32.69,1038.07,35675.0,8158.0,8158.0
1015,222.280,32.440,221.62,32.69,1038.07,37629.0,11051.0,11051.0
1016,222.280,32.440,221.62,32.69,1038.07,36145.0,10515.0,10515.0
1017,222.280,32.440,221.62,32.69,1038.07,36765.0,10726.0,10726.0
1018,222.280,32.440,221.62,32.69,1038.07,38949.0,11259.0,11259.0
1019,222.280,32.440,221.62,32.69,1038.07,33426.0,7803.0,7803.0
1020,222.280,32.440,221.62,32.69,1038.07,33460.0,7080.0,7080.0
1021,222.280,32.440,221.62,32.69,1038.07,38343.0,11089.0,11089.0
1022,222.280,32.440,221.62,32.69,1038.07,35432.0,9471.0,9471.0
1023,222.280,32.440,221.62,32.69,1038.07,39721.0,12263.0,12263.0
1024,222.280,32.440,221.62,32.69,1038.07,38158.0,11532.0,11532.0
1025,222.280,32.440,221.62,32.69,1038.07,38567.0,12300.0,12300.0
1026,222.280,32.440,221.62,32.69,1038.07,36868.0,10190.0,10190.0
1027,222.280,32.440,221.62,32.69,1038.07,38242.0,11485.0,11485.0
1028,222.280,32.440,221.62,32.69,1038.07,37171.0,11089.0,11089.0
1029,222.280,32.440,221.62,32.69,1038.07,39101.0,12203.0,12203.0
1030,222.280,32.440,221.62,32.69,1038.07,38441.0,10944.0,10944.0
1031,222.280,32.440,221.62,32.69,1038.07,38779.0,11498.0,11498.0
1032,222.280,32.440,221.62,32.69,1038.07,41094.0,14525.0,14525.0
1033,222.280,32.440,221.62,32.69,1038.07,36570.0,10686.0,10686.0
1034,222.280,32.440,221.62,32.69,1038.07,39849.0,13043.0,13043.0
1035,222.280,32.440,221.62,32.69,1038.07,33413.0,7195.0,7195.0
1036,222.280,32.440,221.62,32.69,1038.07,28677.0,3932.0,3932.0
1037,222.280,32.440,221.62,32.69,1038.07,34337.0,8163.0,8163.0
1038,222.280,32.440,221.62,32.69,1038.07,31086.0,5186.0,5186.0
1039,222.280,32.440,221.62,32.69,1038.07,32892.0,7011.0,7011.0
1040,222.280,32.440,221.62,32.69,1038.07,33744.0,7303.0,7303.0
1041,222.280,32.440,221.62,32.69,1038.07,31086.0,5675.0,5675.0
1042,222.280,32.440,221.62,32.69,1038.07,33618.0,7568.0,7568.0
1043,222.280,32.440,221.62,32.69,1038.07,35330.0,9046.0,9046.0
1044,222.280,32.440,221.62,32.69,1038.07,37506.0,11015.0,11015.0
1045,222.280,32.440,221.62,32.69,1038.07,35652.0,8888.0,8888.0
1046,222.280,32.440,221.62,32.69,1038.07,33530.0,6190.0,6190.0
1047,222.280,32.440,221.62,32.69,1038.07,36107.0,9742.0,9742.0
1048,222.280,32.440,221.62,32.69,1038.07,43608.0,16408.0,16408.0
1049,222.280,32.440,221.62,32.69,1038.07,29767.0,3751.0,3751.0
1050,222.280,32.440,221.62,32.69,1038.07,35461.0,9381.0,9381.0
1051,222.280,32.440,221.62,32.69,1038.07,30591.0,5129.0,5129.0
1052,222.280,32.440,221.62,32.69,1038.07,30159.0,4135.0,4135.0
1053,222.280,32.440,221.62,32.69,1038.07,29360.0,4059.0,4059.0
1054,222.280,32.440,221.62,32.69,1038.07,33227.0,6367.0,6367.0
1055,222.280,32.440,221.62,32.69,1038.07,36181.0,9233.0,9233.0
1056,222.280,32.440,221.62,32.69,1038.07,40748.0,13963.0,13963.0
1057,222.280,32.440,221.62,32.69,1038.07,36200.0,9856.0,9856.0
1058,222.280,32.440,221.62,32.69,1038.07,35354.0,9049.0,9049.0
1059,222.280,32.440,221.62,32.69,1038.07,31540.0,5730.0,5730.0
1060,222.280,32.440,221.62,32.69,1038.07,35860.0,9657.0,9657.0
1061,222.280,32.440,221.62,32.69,1038.07,39677.0,12923.0,12923.0
1062,222.280,32.440,221.62,32.69,1038.07,35817.0,10233.0,10233.0
1063,222.280,32.440,221.62,32.69,1038.07,33247.0,6769.0,6769.0
1064,222.280,32.440,221.62,32.69,1038.07,35505.0,9255.0,9255.0
1065,222.280,32.440,221.62,32.69,1038.07,38257.0,11555.0,11555.0
1066,222.280,32.440,221.62,32.69,1038.07,40463.0,12500.0,12500.0
1067,222.280,32.440,221.62,32.69,1038.07,38136.0,11260.0,11260.0
1068,222.280,32.440,221.62,32.69,1038.07,36500.0,10528.0,10528.0
1069,222.280,32.440,221.62,32.69,1038.07,35724.0,9073.0,9073.0
1070,222.280,32.440,221.62,32.69,1038.07,35438.0,10496.0,10496.0
1071,222.280,32.440,221.62,32.69,1038.07,36473.0,9060.0,9060.0
1072,222.280,32.440,221.62,32.69,1038.07,32106.0,6395.0,6395.0
1073,222.280,32.440,221.62,32.69,1038.07,32113.0,5784.0,5784.0
1074,222.280,32.440,221.62,32.69,1038.07,32315.0,6641.0,6641.0
1075,222.280,32.440,221.62,32.69,1038.07,31555.0,5790.0,5790.0
1076,222.280,32.440,221.62,32.69,1038.07,33211.0,7921.0,7921.0
1077,222.280,32.440,221.62,32.69,1038.07,36701.0,9606.0,9606.0
1078,222.280,32.440,221.62,32.69,1038.07,30570.0,5453.0,5453.0
1079,222.280,32.440,221.62,32.69,1038.07,40846.0,13771.0,13771.0
1080,222.280,32.440,221.62,32.69,1038.07,37353.0,9314.0,9314.0
1081,222.280,32.440,221.62,32.69,1038.07,34744.0,8116.0,8116.0
1082,222.280,32.440,221.62,32.69,1038.07,33391.0,6531.0,6531.0
1083,222.280,32.440,221.62,32.69,1038.07,32062.0,6464.0,6464.0
1084,222.280,32.440,221.62,32.69,1038.07,34239.0,8833.0,8833.0
1085,222.280,32.440,221.62,32.69,1038.07,37237.0,10287.0,10287.0
1086,222.280,32.440,221.62,32.69,1038.07,34884.0,8746.0,8746.0
1087,222.280,32.440,221.62,32.69,1038.07,32070.0,6264.0,6264.0
1088,222.280,32.440,221.62,32.69,1038.07,32236.0,6138.0,6138.0
1089,222.280,32.440,221.62,32.69,1038.07,34759.0,9477.0,9477.0
1090,222.280,32.440,221.62,32.69,1038.07,35504.0,9351.0,9351.0
1091,222.280,32.440,221.62,32.69,1038.07,38060.0,11601.0,11601.0
1092,222.280,32.440,221.62,32.69,1038.07,35873.0,9774.0,9774.0
1093,222.280,32.440,221.62,32.69,1038.07,36487.0,9954.0,9954.0
1094,222.280,32.440,221.62,32.69,1038.07,35435.0,9058.0,9058.0
1095,222.280,32.440,221.62,32.69,1038.07,31139.0,5807.0,5807.0
1096,222.280,32.440,221.62,32.69,1038.07,32266.0,6658.0,6658.0
1097,222.280,32.440,221.62,32.69,1038.07,35756.0,9121.0,9121.0
1098,222.280,32.440,221.62,32.69,1038.07,34507.0,8207.0,8207.0
1099,222.280,32.440,221.62,32.69,1038.07,39222.0,12964.0,12964.0
1100,222.280,32.440,221.62,32.69,1038.07,36267.0,10244.0,10244.0
1101,222.280,32.440,221.62,32.69,1038.07,41080.0,13848.0,13848.0
1102,222.280,32.440,221.62,32.69,1038.07,34901.0,8905.0,8905.0
1103,222.280,32.440,221.62,32.69,1038.07,31079.0,4989.0,4989.0
1104,222.280,32.440,221.62,32.69,1038.07,34459.0,8904.0,8904.0
1105,222.280,32.440,221.62,32.69,1038.07,32002.0,6969.0,6969.0
1106,222.280,32.440,221.62,32.69,1038.07,33596.0,7744.0,7744.0
1107,222.280,32.440,221.62,32.69,1038.07,38838.0,12119.0,12119.0
1108,222.280,32.440,221.62,32.69,1038.07,30040.0,4459.0,4459.0
1109,222.280,32.440,221.62,32.69,1038.07,33211.0,7002.0,7002.0
1110,222.280,32.440,221.62,32.69,1038.07,36178.0,10146.0,10146.0
1111,222.280,32.440,221.62,32.69,1038.07,31342.0,5919.0,5919.0
1112,222.280,32.440,221.62,32.69,1038.07,32014.0,5938.0,5938.0
1113,222.280,32.440,221.62,32.69,1038.07,30058.0,3940.0,3940.0
1114,222.280,32.440,221.62,32.69,1038.07,34075.0,8804.0,8804.0
1115,222.280,32.440,221.62,32.69,1038.07,33191.0,7816.0,7816.0
1116,222.280,32.440,221.62,32.69,1038.07,31499.0,5907.0,5907.0
1117,222.280,32.440,221.62,32.69,1038.07,29959.0,4372.0,4372.0
1118,222.280,32.440,221.62,32.69,1038.07,31007.0,5319.0,5319.0
1119,222.280,32.440,221.62,32.69,1038.07,32984.0,7199.0,7199.0
1120,222.280,32.440,221.62,32.69,1038.07,33103.0,7003.0,7003.0
1121,222.280,32.440,221.62,32.69,1038.07,36844.0,10622.0,10622.0
1122,222.280,32.440,221.62,32.69,1038.07,32964.0,7338.0,7338.0
1123,222.280,32.440,221.62,32.69,1038.07,34247.0,8300.0,8300.0
1124,222.280,32.440,221.62,32.69,1038.07,32967.0,6205.0,6205.0
1125,222.280,32.440,221.62,32.69,1038.07,31810.0,6486.0,6486.0
1126,222.280,32.440,221.62,32.69,1038.07,34885.0,8153.0,8153.0
1127,222.280,32.440,221.62,32.69,1038.07,34713.0,8693.0,8693.0
1128,222.280,32.440,221.62,32.69,1038.07,36863.0,9624.0,9624.0
1129,222.280,32.440,221.62,32.69,1038.07,35131.0,8234.0,8234.0
1130,222.280,32.440,221.62,32.69,1038.07,31630.0,5408.0,5408.0
1131,222.280,32.440,221.62,32.69,1038.07,32342.0,5967.0,5967.0
1132,222.280,32.440,221.62,32.69,1038.07,33274.0,7466.0,7466.0
1133,222.280,32.440,221.62,32.69,1038.07,34598.0,9762.0,9762.0
1134,222.280,32.440,221.62,32.69,1038.07,31409.0,6418.0,6418.0
1135,222.280,32.440,221.62,32.69,1038.07,32720.0,6889.0,6889.0
1136,222.280,32.440,221.62,32.69,1038.07,32109.0,6880.0,6880.0
1137,222.280,32.440,221.62,32.69,1038.07,35476.0,8976.0,8976.0
1138,222.280,32.440,221.62,32.69,1038.07,32559.0,6487.0,6487.0
1139,222.280,32.440,221.62,32.69,1038.07,31730.0,5580.0,5580.0
1140,222.280,32.440,221.62,32.69,1038.07,30193.0,4975.0,4975.0
1141,222.280,32.440,221.62,32.69,1038.07,34695.0,7846.0,7846.0
1142,222.280,32.440,221.62,32.69,1038.07,41120.0,14590.0,14590.0
1143,222.280,32.440,221.62,32.69,1038.07,35799.0,10021.0,10021.0
1144,222.280,32.440,221.62,32.69,1038.07,37497.0,11553.0,11553.0
1145,222.280,32.440,221.62,32.69,1038.07,41516.0,14690.0,14690.0
1146,222.280,32.440,221.62,32.69,1038.07,39122.0,12771.0,12771.0
1147,222.280,32.440,221.62,32.69,1038.07,39705.0,12843.0,12843.0
1148,222.280,32.440,221.62,32.69,1038.07,38426.0,13105.0,13105.0
1149,222.280,32.440,221.62,32.69,1038.07,34593.0,8452.0,8452.0
1150,222.280,32.440,221.62,32.69,1038.07,32405.0,7430.0,7430.0
1151,222.280,32.440,221.62,32.69,1038.07,33441.0,8782.0,8782.0
1152,222.280,32.440,221.62,32.69,1038.07,32233.0,7321.0,7321.0
1153,222.280,32.440,221.62,32.69,1038.07,31748.0,6612.0,6612.0
1154,222.280,32.440,221.62,32.69,1038.07,32104.0,6460.0,6460.0
1155,222.280,32.440,221.62,32.69,1038.07,35479.0,8443.0,8443.0
1156,222.280,32.440,221.62,32.69,1038.07,35634.0,9538.0,9538.0
1157,222.280,32.440,221.62,32.69,1038.07,32396.0,7271.0,7271.0
1158,222.280,32.440,221.62,32.69,1038.07,31666.0,6101.0,6101.0
1159,222.280,32.440,221.62,32.69,1038.07,35102.0,7971.0,7971.0
1160,222.280,32.440,221.62,32.69,1038.07,35081.0,9039.0,9039.0
1161,222.280,32.440,221.62,32.69,1038.07,31056.0,5131.0,5131.0
1162,222.280,32.440,221.62,32.69,1038.07,34478.0,8342.0,8342.0
1163,222.280,32.440,221.62,32.69,1038.07,35375.0,8780.0,8780.0
1164,222.280,32.440,221.62,32.69,1038.07,33399.0,7441.0,7441.0
1165,222.280,32.440,221.62,32.69,1038.07,36497.0,9479.0,9479.0
1166,222.280,32.440,221.62,32.69,1038.07,32197.0,6213.0,6213.0
1167,222.280,32.440,221.62,32.69,1038.07,35774.0,10014.0,10014.0
1168,222.280,32.440,221.62,32.69,1038.07,37082.0,11753.0,11753.0
1169,222.280,32.440,221.62,32.69,1038.07,41313.0,14379.0,14379.0
1170,222.280,32.440,221.62,32.69,1038.07,40871.0,13572.0,13572.0
1171,222.280,32.440,221.62,32.69,1038.07,34430.0,8454.0,8454.0
1172,222.280,32.440,221.62,32.69,1038.07,31684.0,5532.0,5532.0
1173,222.280,32.440,221.62,32.69,1038.07,30520.0,5379.0,5379.0
1174,222.280,32.440,221.62,32.69,1038.07,30884.0,4729.0,4729.0
1175,222.280,32.440,221.62,32.69,1038.07,32590.0,7392.0,7392.0
1176,222.280,32.440,221.62,32.69,1038.07,38388.0,11854.0,11854.0
1177,222.280,32.440,221.62,32.69,1038.07,34868.0,9090.0,9090.0
1178,222.280,32.440,221.62,32.69,1038.07,35514.0,8951.0,8951.0
1179,222.280,32.440,221.62,32.69,1038.07,31650.0,6215.0,6215.0
1180,222.280,32.440,221.62,32.69,1038.07,33438.0,7509.0,7509.0
1181,222.280,32.440,221.62,32.69,1038.07,33379.0,7013.0,7013.0
1182,222.280,32.440,221.62,32.69,1038.07,31815.0,7220.0,7220.0
1183,222.280,32.440,221.62,32.69,1038.07,32276.0,7033.0,7033.0
1184,222.280,32.440,221.62,32.69,1038.07,32110.0,6935.0,6935.0
1185,222.280,32.440,221.62,32.69,1038.07,33491.0,8460.0,8460.0
1186,222.280,32.440,221.62,32.69,1038.07,34650.0,8078.0,8078.0
1187,222.280,32.440,221.62,32.69,1038.07,34999.0,9192.0,9192.0
1188,222.280,32.440,221.62,32.69,1038.07,35344.0,9877.0,9877.0
1189,222.280,32.440,221.62,32.69,1038.07,36276.0,9226.0,9226.0
1190,222.280,32.440,221.62,32.69,1038.07,32796.0,7407.0,7407.0
1191,222.280,32.440,221.62,32.69,1038.07,31508.0,6385.0,6385.0
1192,222.280,32.440,221.62,32.69,1038.07,31906.0,6757.0,6757.0
1193,222.280,32.440,221.62,32.69,1038.07,30498.0,5261.0,5261.0
1194,222.280,32.440,221.62,32.69,1038.07,30795.0,5446.0,5446.0
1195,222.280,32.440,221.62,32.69,1038.07,32240.0,6748.0,6748.0
1196,222.280,32.440,221.62,32.69,1038.07,31780.0,6310.0,6310.0
1197,222.280,32.440,221.62,32.69,1038.07,32184.0,6304.0,6304.0
1198,222.280,32.440,221.62,32.69,1038.07,31151.0,5661.0,5661.0
1199,222.280,32.440,221.62,32.69,1038.07,34369.0,8654.0,8654.0
1200,222.280,32.440,221.62,32.69,1038.07,31270.0,6419.0,6419.0
1201,222.280,32.440,221.62,32.69,1038.07,30187.0,4771.0,4771.0
1202,222.280,32.440,221.62,32.69,1038.07,30162.0,4626.0,4626.0
1203,222.280,32.440,221.62,32.69,1038.07,30254.0,5529.0,5529.0
1204,222.280,32.440,221.62,32.69,1038.07,32337.0,6922.0,6922.0
1205,222.280,32.440,221.62,32.69,1038.07,32288.0,6536.0,6536.0
1206,222.280,32.440,221.93,32.99,1038.07,32591.0,6850.0,6850.0
1207,222.280,32.440,222.2,32.73,1038.07,34239.0,7999.0,7999.0
1208,222.280,32.440,222.35,32.59,1038.07,33889.0,8366.0,8366.0
1209,222.280,32.440,221.95,32.89,1038.07,35940.0,8984.0,8984.0
1210,222.280,32.440,222.15,32.79,1038.07,33641.0,8428.0,8428.0
1211,222.280,32.440,221.62,32.69,1038.07,32776.0,6500.0,6500.0
1212,222.280,32.440,222.35,32.51,1038.07,32445.0,5986.0,5986.0
1213,222.280,32.440,222,32.58,1038.07,38635.0,11903.0,11903.0
1214,222.280,32.440,222.02,32.9,1038.07,36813.0,9876.0,9876.0
1215,222.280,32.440,222.15,32.86,1038.07,36094.0,10399.0,10399.0
1216,222.280,32.440,221.98,32.92,1038.07,33389.0,7252.0,7252.0
1217,222.280,32.440,222.2,32.72,1038.07,35514.0,8881.0,8881.0
1218,222.280,32.440,221.69,32.59,1038.07,33833.0,8477.0,8477.0
1219,222.280,32.440,222.03,32.65,1038.07,34021.0,7943.0,7943.0
1220,222.280,32.440,221.86,32.58,1038.07,33597.0,7795.0,7795.0
1221,222.280,32.440,222.1,33.06,1038.07,33009.0,7084.0,7084.0
1222,222.280,32.440,222.12,32.79,1038.07,37406.0,10921.0,10921.0
1223,222.280,32.440,222.02,32.61,1038.07,33534.0,7094.0,7094.0
1224,222.280,32.440,221.62,32.69,1038.07,30991.0,5162.0,5162.0
1225,222.280,32.440,222.19,32.46,1038.07,32375.0,7285.0,7285.0
1226,222.280,32.440,222.54,32.62,1038.07,34394.0,8346.0,8346.0
1227,222.280,32.440,221.71,32.67,1038.07,36084.0,10330.0,10330.0
1228,222.280,32.440,222.25,32.66,1038.07,34686.0,8947.0,8947.0
1229,222.280,32.440,221.62,32.69,1038.07,31978.0,6159.0,6159.0
1230,222.280,32.440,222.07,32.6,1038.07,38256.0,10678.0,10678.0
1231,222.280,32.440,222.21,32.85,1038.07,36703.0,10451.0,10451.0
1232,222.280,32.440,222.03,32.81,1038.07,40235.0,13775.0,13775.0
1233,222.280,32.440,222.13,32.58,1038.07,35826.0,9656.0,9656.0
1234,222.280,32.440,222.35,32.91,1038.07,33974.0,7881.0,7881.0
1235,222.280,32.440,221.62,32.69,1038.07,32036.0,5742.0,5742.0
1236,222.280,32.440,222.07,32.58,1038.07,36096.0,9237.0,9237.0
1237,222.280,32.440,222.12,32.65,1038.07,38902.0,11961.0,11961.0
1238,222.280,32.440,221.82,32.47,1038.07,37482.0,11365.0,11365.0
1239,222.280,32.440,222.36,32.59,1038.07,35464.0,9355.0,9355.0
1240,222.280,32.440,222,32.68,1038.07,38410.0,13112.0,13112.0
1241,222.280,32.440,221.62,32.69,1038.07,30644.0,5546.0,5546.0
1242,222.280,32.440,222.23,32.8,1038.07,40876.0,14238.0,14238.0
1243,222.280,32.440,221.72,32.58,1038.07,34984.0,8893.0,8893.0
1244,222.280,32.440,222.37,32.78,1038.07,39580.0,11811.0,11811.0
1245,222.280,32.440,222,32.53,1038.07,37658.0,9840.0,9840.0
1246,222.280,32.440,222.36,32.47,1038.07,39396.0,12922.0,12922.0
1247,222.280,32.440,222.35,32.83,1038.07,34484.0,7733.0,7733.0
1248,222.280,32.440,221.97,32.89,1038.07,38138.0,11287.0,11287.0
1249,222.280,32.440,221.94,32.47,1038.07,35917.0,10130.0,10130.0
1250,222.280,32.440,222.56,32.77,1038.07,33741.0,8167.0,8167.0
1251,222.280,32.440,221.64,32.56,1038.07,34696.0,8519.0,8519.0
1252,222.280,32.440,221.62,32.69,1038.07,29716.0,4034.0,4034.0
1253,222.280,32.440,222.38,32.78,1038.07,33314.0,7667.0,7667.0
1254,222.280,32.440,221.94,32.91,1038.07,32521.0,7111.0,7111.0
1255,222.280,32.440,222.41,32.8,1038.07,34850.0,8374.0,8374.0
1256,222.280,32.440,222.16,32.59,1038.07,40284.0,12691.0,12691.0
1257,222.280,32.440,222.19,32.65,1038.07,35586.0,9848.0,9848.0
1258,222.280,32.440,222.02,32.6,1038.07,36355.0,10672.0,10672.0
1259,222.280,32.440,222.17,32.84,1038.07,32635.0,6983.0,6983.0
1260,222.280,32.440,222.09,32.86,1038.07,32020.0,5692.0,5692.0
1261,222.280,32.440,222.38,32.49,1038.07,35068.0,9014.0,9014.0
1262,222.280,32.440,221.95,32.71,1038.07,35491.0,10315.0,10315.0
1263,222.280,32.440,221.62,32.69,1038.07,28636.0,2810.0,2810.0
1264,222.280,32.440,222.27,32.62,1038.07,34564.0,8097.0,8097.0
1265,222.280,32.440,222.19,32.53,1038.07,31710.0,6169.0,6169.0
1266,222.280,32.440,222.36,32.69,1038.07,34317.0,7525.0,7525.0
1267,222.280,32.440,221.62,32.69,1038.07,32579.0,5506.0,5506.0
1268,222.280,32.440,221.62,32.69,1038.07,33367.0,7091.0,7091.0
1269,222.280,32.440,221.8,32.68,1038.07,34263.0,9530.0,9530.0
1270,222.280,32.440,222.14,32.4,1038.07,33730.0,7738.0,7738.0
1271,222.280,32.440,222.41,32.51,1038.07,35572.0,9128.0,9128.0
1272,222.280,32.440,222.03,32.7,1038.07,36286.0,9130.0,9130.0
1273,222.280,32.440,222.02,32.63,1038.07,31662.0,6541.0,6541.0
1274,222.280,32.440,222.6,32.76,1038.07,35441.0,10031.0,10031.0
1275,222.280,32.440,221.96,32.75,1038.07,34419.0,7522.0,7522.0
1276,222.280,32.440,222.18,32.66,1038.07,34300.0,8569.0,8569.0
1277,222.280,32.440,222.08,32.46,1038.07,35825.0,9102.0,9102.0
1278,222.280,32.440,221.62,32.69,1038.07,31849.0,6531.0,6531.0
1279,222.280,32.440,222.23,32.66,1038.07,31947.0,6182.0,6182.0
1280,222.280,32.440,222.23,32.66,1038.07,33660.0,7525.0,7525.0
1281,222.280,32.440,221.62,32.69,1038.07,31886.0,6850.0,6850.0
1282,222.280,32.440,222.46,32.68,1038.07,33134.0,7300.0,7300.0
1283,222.280,32.440,221.79,32.64,1038.07,34173.0,8295.0,8295.0
1284,222.280,32.440,222.19,32.45,1038.07,34883.0,9491.0,9491.0
1285,222.280,32.440,222.15,32.43,1038.07,32704.0,6936.0,6936.0
1286,222.280,32.440,221.62,32.58,1038.07,34755.0,9210.0,9210.0
1287,222.280,32.440,221.62,32.69,1038.07,31273.0,6102.0,6102.0
1288,222.280,32.440,222.28,32.44,1038.07,33402.0,7977.0,7977.0
1289,222.280,32.440,222.28,32.44,1038.07,30563.0,5282.0,5282.0
1290,222.280,32.440,222.28,32.44,1038.07,29465.0,4036.0,4036.0
1291,222.280,32.440,222.28,32.44,1038.07,30867.0,5783.0,5783.0
1292,222.280,32.440,222.28,32.44,1038.07,32477.0,6335.0,6335.0
1293,222.280,32.440,222.28,32.44,1038.07,29198.0,3029.0,3029.0
1294,222.280,32.440,222.28,32.44,1038.07,33569.0,8128.0,8128.0
1295,222.280,32.440,222.28,32.44,1038.07,33566.0,7929.0,7929.0
1296,222.280,32.440,222.28,32.44,1038.07,31477.0,6146.0,6146.0
1297,222.280,32.440,222.28,32.44,1038.07,31901.0,6100.0,6100.0
1298,222.280,32.440,222.28,32.44,1038.07,31275.0,6300.0,6300.0
1299,222.280,32.440,222.28,32.44,1038.07,32465.0,6650.0,6650.0
1300,222.280,32.440,222.28,32.44,1038.07,31643.0,6139.0,6139.0
1301,222.280,32.440,222.28,32.44,1038.07,33056.0,6643.0,6643.0
1302,222.280,32.440,222.28,32.44,1038.07,31231.0,5694.0,5694.0
1303,222.280,32.440,222.28,32.44,1038.07,30309.0,4653.0,4653.0
1304,222.280,32.440,222.28,32.44,1038.07,35915.0,10087.0,10087.0
1305,222.280,32.440,222.28,32.44,1038.07,36187.0,10757.0,10757.0
1306,222.280,32.440,222.28,32.44,1038.07,31621.0,5622.0,5622.0
1307,222.280,32.440,222.28,32.44,1038.07,29878.0,3721.0,3721.0
1308,222.280,32.440,222.28,32.44,1038.07,33242.0,7850.0,7850.0
1309,222.280,32.440,222.28,32.44,1038.07,29172.0,4788.0,4788.0
1310,222.280,32.440,222.28,32.44,1038.07,31500.0,5673.0,5673.0
1311,222.280,32.440,222.28,32.44,1038.07,29823.0,4717.0,4717.0
1312,222.280,32.440,222.28,32.44,1038.07,31852.0,6156.0,6156.0
1313,222.280,32.440,222.28,32.44,1038.07,33508.0,6695.0,6695.0
1314,222.280,32.440,222.28,32.44,1038.07,39036.0,12079.0,12079.0
1315,222.280,32.440,222.28,32.44,1038.07,30640.0,5165.0,5165.0
1316,222.280,32.440,222.28,32.44,1038.07,37460.0,11007.0,11007.0
1317,222.280,32.440,222.28,32.44,1038.07,38640.0,11266.0,11266.0
1318,222.280,32.440,222.28,32.44,1038.07,39083.0,11830.0,11830.0
1319,222.280,32.440,222.28,32.44,1038.07,38307.0,12090.0,12090.0
1320,222.280,32.440,222.28,32.44,1038.07,36322.0,9576.0,9576.0
1321,222.280,32.440,222.28,32.44,1038.07,33196.0,8019.0,8019.0
1322,222.280,32.440,222.28,32.44,1038.07,37594.0,11652.0,11652.0
1323,222.280,32.440,222.28,32.44,1038.07,38837.0,12463.0,12463.0
1324,222.280,32.440,222.28,32.44,1038.07,33944.0,7489.0,7489.0
1325,222.280,32.440,222.28,32.44,1038.07,34411.0,7268.0,7268.0
1326,222.280,32.440,222.28,32.44,1038.07,31575.0,6063.0,6063.0
1327,222.280,32.440,222.28,32.44,1038.07,35683.0,9406.0,9406.0
1328,222.280,32.440,222.28,32.44,1038.07,36879.0,10712.0,10712.0
1329,222.280,32.440,222.28,32.44,1038.07,34498.0,8288.0,8288.0
1330,222.280,32.440,222.28,32.44,1038.07,34083.0,7839.0,7839.0
1331,222.280,32.440,222.28,32.44,1038.07,35990.0,9450.0,9450.0
1332,222.280,32.440,222.28,32.44,1038.07,31806.0,6330.0,6330.0
1333,222.280,32.440,222.28,32.44,1038.07,33502.0,7268.0,7268.0
1334,222.280,32.440,222.28,32.44,1038.07,30633.0,5678.0,5678.0
1335,222.280,32.440,222.28,32.44,1038.07,36144.0,9523.0,9523.0
1336,222.280,32.440,222.28,32.44,1038.07,34535.0,8866.0,8866.0
1337,222.280,32.440,222.28,32.44,1038.07,30922.0,6154.0,6154.0
1338,222.280,32.440,222.28,32.44,1038.07,34086.0,8277.0,8277.0
1339,222.280,32.440,222.28,32.44,1038.07,35121.0,8652.0,8652.0
1340,222.280,32.440,222.28,32.44,1038.07,34751.0,8682.0,8682.0
1341,222.280,32.440,222.28,32.44,1038.07,31742.0,6525.0,6525.0
1342,222.280,32.440,222.28,32.44,1038.07,39879.0,13897.0,13897.0
1343,222.280,32.440,222.28,32.44,1038.07,36502.0,11065.0,11065.0
1344,222.280,32.440,222.28,32.44,1038.07,34228.0,9123.0,9123.0
1345,222.280,32.440,222.28,32.44,1038.07,34954.0,9660.0,9660.0
1346,222.280,32.440,222.28,32.44,1038.07,38686.0,12596.0,12596.0
1347,222.280,32.440,222.28,32.44,1038.07,37437.0,11117.0,11117.0
1348,222.280,32.440,222.28,32.44,1038.07,36556.0,9976.0,9976.0
1349,222.280,32.440,222.28,32.44,1038.07,29083.0,4647.0,4647.0
1350,222.280,32.440,222.28,32.44,1038.07,34573.0,8724.0,8724.0
1351,222.280,32.440,222.28,32.44,1038.07,37588.0,11804.0,11804.0
1352,222.280,32.440,222.28,32.44,1038.07,32838.0,7630.0,7630.0
1353,222.280,32.440,222.28,32.44,1038.07,32621.0,7170.0,7170.0
1354,222.280,32.440,222.28,32.44,1038.07,29998.0,4732.0,4732.0
1355,222.280,32.440,222.28,32.44,1038.07,28671.0,4862.0,4862.0
1356,222.280,32.440,222.28,32.44,1038.07,34224.0,8489.0,8489.0
1357,222.280,32.440,222.28,32.44,1038.07,31765.0,6413.0,6413.0
1358,222.280,32.440,222.28,32.44,1038.07,33644.0,7569.0,7569.0
1359,222.280,32.440,222.28,32.44,1038.07,33445.0,7328.0,7328.0
1360,222.280,32.440,222.28,32.44,1038.07,34306.0,8758.0,8758.0
1361,222.280,32.440,222.28,32.44,1038.07,31831.0,6299.0,6299.0
1362,222.280,32.440,222.28,32.44,1038.07,33357.0,6735.0,6735.0
1363,222.280,32.440,222.28,32.44,1038.07,30516.0,4486.0,4486.0
1364,222.280,32.440,222.28,32.44,1038.07,30021.0,4798.0,4798.0
1365,222.280,32.440,222.28,32.44,1038.07,31484.0,6179.0,6179.0
1366,222.280,32.440,222.28,32.44,1038.07,36728.0,10781.0,10781.0
1367,222.280,32.440,222.28,32.44,1038.07,35903.0,10169.0,10169.0
1368,222.280,32.440,222.28,32.44,1038.07,34462.0,8377.0,8377.0
1369,222.280,32.440,222.28,32.44,1038.07,33028.0,7041.0,7041.0
1370,222.280,32.440,222.28,32.44,1038.07,36475.0,10821.0,10821.0
1371,222.280,32.440,222.28,32.44,1038.07,34732.0,8321.0,8321.0
1372,222.280,32.440,222.28,32.44,1038.07,36098.0,10439.0,10439.0
1373,222.280,32.440,222.28,32.44,1038.07,38789.0,11694.0,11694.0
1374,222.280,32.440,222.28,32.44,1038.07,39600.0,12788.0,12788.0
1375,222.280,32.440,222.28,32.44,1038.07,37631.0,10832.0,10832.0
1376,222.280,32.440,222.28,32.44,1038.07,37954.0,11496.0,11496.0
1377,222.280,32.440,222.28,32.44,1038.07,36534.0,10865.0,10865.0
1378,222.280,32.440,222.28,32.44,1038.07,35133.0,8722.0,8722.0
1379,222.280,32.440,222.28,32.44,1038.07,35465.0,9919.0,9919.0
1380,222.280,32.440,222.28,32.44,1038.07,35405.0,9977.0,9977.0
1381,222.280,32.440,222.28,32.44,1038.07,37672.0,11614.0,11614.0
1382,222.280,32.440,222.28,32.44,1038.07,35338.0,9464.0,9464.0
1383,222.280,32.440,222.28,32.44,1038.07,35125.0,9141.0,9141.0
1384,222.280,32.440,222.28,32.44,1038.07,36640.0,10580.0,10580.0
1385,222.280,32.440,222.28,32.44,1038.07,35351.0,9052.0,9052.0
1386,222.280,32.440,222.28,32.44,1038.07,37685.0,11196.0,11196.0
1387,222.280,32.440,222.28,32.44,1038.07,35136.0,9429.0,9429.0
1388,222.280,32.440,222.28,32.44,1038.07,34477.0,8805.0,8805.0
1389,222.280,32.440,222.28,32.44,1038.07,37212.0,11833.0,11833.0
1390,222.280,32.440,222.28,32.44,1038.07,35371.0,9488.0,9488.0
1391,222.280,32.440,222.28,32.44,1038.07,37730.0,12129.0,12129.0
1392,222.280,32.440,222.28,32.44,1038.07,34850.0,9616.0,9616.0
1393,222.280,32.440,222.28,32.44,1038.07,35194.0,10251.0,10251.0
1394,222.280,32.440,222.28,32.44,1038.07,37198.0,11248.0,11248.0
1395,222.280,32.440,222.28,32.44,1038.07,34618.0,8982.0,8982.0
1396,222.280,32.440,222.28,32.44,1038.07,35463.0,8771.0,8771.0
1397,222.280,32.440,222.28,32.44,1038.07,36216.0,9833.0,9833.0
1398,222.280,32.440,222.28,32.44,1038.07,35126.0,9341.0,9341.0
1399,222.280,32.440,222.28,32.44,1038.07,36141.0,9489.0,9489.0
1400,222.280,32.440,222.28,32.44,1038.07,35029.0,8988.0,8988.0
1401,222.280,32.440,222.28,32.44,1038.07,35308.0,9405.0,9405.0
1402,222.280,32.440,222.28,32.44,1038.07,36259.0,10062.0,10062.0
1403,222.280,32.440,222.28,32.44,1038.07,38172.0,11833.0,11833.0
1404,222.280,32.440,222.28,32.44,1038.07,36193.0,11102.0,11102.0
1405,222.280,32.440,222.28,32.44,1038.07,36216.0,9629.0,9629.0
1406,222.280,32.440,222.28,32.44,1038.07,37116.0,10917.0,10917.0
1407,222.280,32.440,222.28,32.44,1038.07,36834.0,10556.0,10556.0
1408,222.280,32.440,222.28,32.44,1038.07,32360.0,7190.0,7190.0
1409,222.280,32.440,222.28,32.44,1038.07,36957.0,11399.0,11399.0
1410,222.280,32.440,222.28,32.44,1038.07,34209.0,9584.0,9584.0
1411,222.280,32.440,222.28,32.44,1038.07,37236.0,10875.0,10875.0
1412,222.280,32.440,222.28,32.44,1038.07,34758.0,9635.0,9635.0
1413,222.280,32.440,222.28,32.44,1038.07,34274.0,8639.0,8639.0
1414,222.280,32.440,222.28,32.44,1038.07,35979.0,9273.0,9273.0
1415,222.280,32.440,222.28,32.44,1038.07,32968.0,8147.0,8147.0
1416,222.280,32.440,222.28,32.44,1038.07,35738.0,9395.0,9395.0
1417,222.280,32.440,222.28,32.44,1038.07,36500.0,9922.0,9922.0
1418,222.280,32.440,222.28,32.44,1038.07,35031.0,9219.0,9219.0
1419,222.280,32.440,222.28,32.44,1038.07,35176.0,7894.0,7894.0
1420,222.280,32.440,222.28,32.44,1038.07,35471.0,9696.0,9696.0
1421,222.280,32.440,222.28,32.44,1038.07,37949.0,11600.0,11600.0
1422,222.280,32.440,222.28,32.44,1038.07,34514.0,9171.0,9171.0
1423,222.280,32.440,222.28,32.44,1038.07,34798.0,8783.0,8783.0
1424,222.280,32.440,222.28,32.44,1038.07,33270.0,7133.0,7133.0
1425,222.280,32.440,222.28,32.44,1038.07,34497.0,9759.0,9759.0
1426,222.280,32.440,222.28,32.44,1038.07,36538.0,10916.0,10916.0
1427,222.280,32.440,222.28,32.44,1038.07,35782.0,10314.0,10314.0
1428,222.280,32.440,222.28,32.44,1038.07,34553.0,8738.0,8738.0
1429,222.280,32.440,222.28,32.44,1038.07,36495.0,10967.0,10967.0
1430,222.280,32.440,222.28,32.44,1038.07,37362.0,10716.0,10716.0
1431,222.280,32.440,222.28,32.44,1038.07,36546.0,9484.0,9484.0
1432,222.280,32.440,222.28,32.44,1038.07,35404.0,8820.0,8820.0
1433,222.280,32.440,222.28,32.44,1038.07,35596.0,9414.0,9414.0
1434,222.280,32.440,222.28,32.44,1038.07,35678.0,9249.0,9249.0
1435,222.280,32.440,222.28,32.44,1038.07,35839.0,9565.0,9565.0
1436,222.280,32.440,222.28,32.44,1038.07,32330.0,6872.0,6872.0
1437,222.280,32.440,222.28,32.44,1038.07,38312.0,11879.0,11879.0
1438,222.280,32.440,222.28,32.44,1038.07,38748.0,12554.0,12554.0
1439,222.280,32.440,222.28,32.44,1038.07,34907.0,9972.0,9972.0
1440,222.280,32.440,222.28,32.44,1038.07,37300.0,10695.0,10695.0
1441,222.280,32.440,222.28,32.44,1038.07,37378.0,11366.0,11366.0
1442,222.280,32.440,222.28,32.44,1038.07,35573.0,9708.0,9708.0
1443,222.280,32.440,222.28,32.44,1038.07,36269.0,10070.0,10070.0
1444,222.280,32.440,222.28,32.44,1038.07,36282.0,10747.0,10747.0
1445,222.280,32.440,222.28,32.44,1038.07,33465.0,7241.0,7241.0
1446,222.280,32.440,222.28,32.44,1038.07,35625.0,10837.0,10837.0
1447,222.280,32.440,222.28,32.44,1038.07,36220.0,10002.0,10002.0
1448,222.280,32.440,222.28,32.44,1038.07,34893.0,8987.0,8987.0
1449,222.280,32.440,222.28,32.44,1038.07,33802.0,8162.0,8162.0
1450,222.280,32.440,222.28,32.44,1038.07,36250.0,11120.0,11120.0
1451,222.280,32.440,222.28,32.44,1038.07,34321.0,8771.0,8771.0
1452,222.280,32.440,222.28,32.44,1038.07,35159.0,9064.0,9064.0
1453,222.280,32.440,222.28,32.44,1038.07,35221.0,8953.0,8953.0
1454,222.280,32.440,222.28,32.44,1038.07,40412.0,13393.0,13393.0
1455,222.280,32.440,222.28,32.44,1038.07,39082.0,13376.0,13376.0
1456,222.280,32.440,222.28,32.44,1038.07,39966.0,14061.0,14061.0
1457,222.280,32.440,222.28,32.44,1038.07,38357.0,11641.0,11641.0
1458,222.280,32.440,222.28,32.44,1038.07,43581.0,15984.0,15984.0
1459,222.280,32.440,222.28,32.44,1038.07,39272.0,12743.0,12743.0
1460,222.280,32.440,222.28,32.44,1038.07,34695.0,9346.0,9346.0
1461,222.280,32.440,222.28,32.44,1038.07,36889.0,10762.0,10762.0
1462,222.280,32.440,222.28,32.44,1038.07,37017.0,10212.0,10212.0
1463,222.280,32.440,222.28,32.44,1038.07,39854.0,13081.0,13081.0
1464,222.280,32.440,222.28,32.44,1038.07,38891.0,12734.0,12734.0
1465,222.280,32.440,222.28,32.44,1038.07,38748.0,12158.0,12158.0
1466,222.280,32.440,222.28,32.44,1038.07,37061.0,11107.0,11107.0
1467,222.280,32.440,222.28,32.44,1038.07,41702.0,15400.0,15400.0
1468,222.280,32.440,222.28,32.44,1038.07,42478.0,15394.0,15394.0
1469,222.280,32.440,222.28,32.44,1038.07,42882.0,15628.0,15628.0
1470,222.280,32.440,222.28,32.44,1038.07,41085.0,14672.0,14672.0
1471,222.280,32.440,222.28,32.44,1038.07,40905.0,14182.0,14182.0
1472,222.280,32.440,222.28,32.44,1038.07,38777.0,13038.0,13038.0
1473,222.280,32.440,222.28,32.44,1038.07,40619.0,14647.0,14647.0
1474,222.280,32.440,222.28,32.44,1038.07,37816.0,11009.0,11009.0
1475,222.280,32.440,222.28,32.44,1038.07,41080.0,13899.0,13899.0
1476,222.280,32.440,222.28,32.44,1038.07,38059.0,11991.0,11991.0
1477,222.280,32.440,222.28,32.44,1038.07,40857.0,13388.0,13388.0
1478,222.280,32.440,222.28,32.44,1038.07,38249.0,11659.0,11659.0
1479,222.280,32.440,222.28,32.44,1038.07,41572.0,14757.0,14757.0
1480,222.280,32.440,222.28,32.44,1038.07,36803.0,10030.0,10030.0
1481,222.280,32.440,222.28,32.44,1038.07,35153.0,9435.0,9435.0
1482,222.280,32.440,222.28,32.44,1038.07,38411.0,11676.0,11676.0
1483,222.280,32.440,222.28,32.44,1038.07,32415.0,6937.0,6937.0
1484,222.280,32.440,222.28,32.44,1038.07,37368.0,11720.0,11720.0
1485,222.280,32.440,222.28,32.44,1038.07,40596.0,13016.0,13016.0
1486,222.280,32.440,222.28,32.44,1038.07,40064.0,13617.0,13617.0
1487,222.280,32.440,222.28,32.44,1038.07,46114.0,18691.0,18691.0
1488,222.280,32.440,222.28,32.44,1038.07,45460.0,19181.0,19181.0
1489,222.280,32.440,222.28,32.44,1038.07,44923.0,17511.0,17511.0
1490,222.280,32.440,222.28,32.44,1038.07,41376.0,14608.0,14608.0
1491,222.280,32.440,222.28,32.44,1038.07,42901.0,15620.0,15620.0
1492,222.280,32.440,222.28,32.44,1038.07,41646.0,14545.0,14545.0
1493,222.280,32.440,222.28,32.44,1038.07,42924.0,16083.0,16083.0
1494,222.280,32.440,222.28,32.44,1038.07,43034.0,15638.0,15638.0
1495,222.280,32.440,222.28,32.44,1038.07,39507.0,13481.0,13481.0
1496,222.280,32.440,222.28,32.44,1038.07,40133.0,12926.0,12926.0
1497,222.280,32.440,222.28,32.44,1038.07,41891.0,14943.0,14943.0
1498,222.280,32.440,222.28,32.44,1038.07,38265.0,12020.0,12020.0
1499,222.280,32.440,222.28,32.44,1038.07,42370.0,15250.0,15250.0
1500,222.280,32.440,222.28,32.44,1038.07,41631.0,15030.0,15030.0
