id,avg_x,avg_y,x,y,bg,Square_intensity,circular_intensity,Gaussian_intensity
648,252.670,202.430,252.45,202.57,1029.24,30942.0,5356.0,5356.0
649,252.670,202.430,252.45,202.57,1029.24,36616.0,11220.0,11220.0
650,252.670,202.430,252.45,202.57,1029.24,33496.0,7863.0,7863.0
651,252.670,202.430,252.45,202.57,1029.24,35621.0,9607.0,9607.0
652,252.670,202.430,252.45,202.57,1029.24,34447.0,8799.0,8799.0
653,252.670,202.430,252.45,202.57,1029.24,34041.0,7692.0,7692.0
654,252.670,202.430,252.45,202.57,1029.24,33947.0,8637.0,8637.0
655,252.670,202.430,252.45,202.57,1029.24,36338.0,10401.0,10401.0
656,252.670,202.430,252.45,202.57,1029.24,36918.0,11225.0,11225.0
657,252.670,202.430,252.45,202.57,1029.24,37975.0,11851.0,11851.0
658,252.670,202.430,252.45,202.57,1029.24,39775.0,14065.0,14065.0
659,252.670,202.430,252.45,202.57,1029.24,32311.0,7853.0,7853.0
660,252.670,202.430,252.45,202.57,1029.24,36994.0,10339.0,10339.0
661,252.670,202.430,252.45,202.57,1029.24,40744.0,14560.0,14560.0
662,252.670,202.430,252.45,202.57,1029.24,41566.0,14383.0,14383.0
663,252.670,202.430,252.45,202.57,1029.24,40452.0,14886.0,14886.0
664,252.670,202.430,252.45,202.57,1029.24,38980.0,12857.0,12857.0
665,252.670,202.430,252.45,202.57,1029.24,35939.0,10392.0,10392.0
666,252.670,202.430,252.45,202.57,1029.24,39967.0,14267.0,14267.0
667,252.670,202.430,252.45,202.57,1029.24,36147.0,9897.0,9897.0
668,252.670,202.430,252.45,202.57,1029.24,39861.0,14723.0,14723.0
669,252.670,202.430,252.45,202.57,1029.24,42150.0,15667.0,15667.0
670,252.670,202.430,252.45,202.57,1029.24,41023.0,15328.0,15328.0
671,252.670,202.430,252.45,202.57,1029.24,35943.0,10590.0,10590.0
672,252.670,202.430,252.45,202.57,1029.24,41085.0,14884.0,14884.0
673,252.670,202.430,252.45,202.57,1029.24,43048.0,16165.0,16165.0
674,252.670,202.430,252.45,202.57,1029.24,38279.0,12734.0,12734.0
675,252.670,202.430,252.45,202.57,1029.24,36983.0,10981.0,10981.0
676,252.670,202.430,252.45,202.57,1029.24,37762.0,12283.0,12283.0
677,252.670,202.430,252.45,202.57,1029.24,37543.0,12111.0,12111.0
678,252.670,202.430,252.45,202.57,1029.24,39432.0,13499.0,13499.0
679,252.670,202.430,252.45,202.57,1029.24,39300.0,13099.0,13099.0
680,252.670,202.430,252.45,202.57,1029.24,39814.0,13829.0,13829.0
681,252.670,202.430,252.45,202.57,1029.24,35646.0,10292.0,10292.0
682,252.670,202.430,252.45,202.57,1029.24,37486.0,11629.0,11629.0
683,252.670,202.430,252.45,202.57,1029.24,38212.0,11734.0,11734.0
684,252.670,202.430,252.45,202.57,1029.24,32404.0,6712.0,6712.0
685,252.670,202.430,252.45,202.57,1029.24,35787.0,9484.0,9484.0
686,252.670,202.430,252.45,202.57,1029.24,37938.0,12114.0,12114.0
687,252.670,202.430,252.45,202.57,1029.24,43251.0,16386.0,16386.0
688,252.670,202.430,252.45,202.57,1029.24,41539.0,14664.0,14664.0
689,252.670,202.430,252.45,202.57,1029.24,40722.0,14062.0,14062.0
690,252.670,202.430,252.45,202.57,1029.24,40449.0,14477.0,14477.0
691,252.670,202.430,252.45,202.57,1029.24,34590.0,8921.0,8921.0
692,252.670,202.430,252.45,202.57,1029.24,38511.0,12770.0,12770.0
693,252.670,202.430,252.45,202.57,1029.24,36620.0,10714.0,10714.0
694,252.670,202.430,252.45,202.57,1029.24,34842.0,9392.0,9392.0
695,252.670,202.430,252.45,202.57,1029.24,39173.0,12821.0,12821.0
696,252.670,202.430,252.45,202.57,1029.24,39566.0,13747.0,13747.0
697,252.670,202.430,252.45,202.57,1029.24,36543.0,10350.0,10350.0
698,252.670,202.430,252.45,202.57,1029.24,37522.0,11048.0,11048.0
699,252.670,202.430,252.45,202.57,1029.24,37410.0,12035.0,12035.0
700,252.670,202.430,252.45,202.57,1029.24,44792.0,17404.0,17404.0
701,252.670,202.430,252.45,202.57,1029.24,40631.0,14239.0,14239.0
702,252.670,202.430,252.45,202.57,1029.24,46165.0,19431.0,19431.0
703,252.670,202.430,252.45,202.57,1029.24,40549.0,14553.0,14553.0
704,252.670,202.430,252.45,202.57,1029.24,39538.0,14137.0,14137.0
705,252.670,202.430,252.45,202.57,1029.24,40822.0,14552.0,14552.0
706,252.670,202.430,252.45,202.57,1029.24,39872.0,14809.0,14809.0
707,252.670,202.430,252.45,202.57,1029.24,39397.0,13498.0,13498.0
708,252.670,202.430,252.45,202.57,1029.24,38758.0,12354.0,12354.0
709,252.670,202.430,252.45,202.57,1029.24,38832.0,12989.0,12989.0
710,252.670,202.430,252.45,202.57,1029.24,37648.0,11619.0,11619.0
711,252.670,202.430,252.45,202.57,1029.24,43129.0,17147.0,17147.0
712,252.670,202.430,252.45,202.57,1029.24,41411.0,15208.0,15208.0
713,252.670,202.430,252.45,202.57,1029.24,39907.0,13784.0,13784.0
714,252.670,202.430,252.45,202.57,1029.24,37499.0,11348.0,11348.0
715,252.670,202.430,252.45,202.57,1029.24,37853.0,11592.0,11592.0
716,252.670,202.430,252.45,202.57,1029.24,36923.0,10525.0,10525.0
717,252.670,202.430,252.45,202.57,1029.24,38385.0,11354.0,11354.0
718,252.670,202.430,252.45,202.57,1029.24,39782.0,12930.0,12930.0
719,252.670,202.430,252.45,202.57,1029.24,42119.0,14360.0,14360.0
720,252.670,202.430,252.45,202.57,1029.24,46664.0,19134.0,19134.0
721,252.670,202.430,252.45,202.57,1029.24,46102.0,18677.0,18677.0
722,252.670,202.430,252.45,202.57,1029.24,41192.0,15419.0,15419.0
723,252.670,202.430,252.45,202.57,1029.24,35804.0,10495.0,10495.0
724,252.670,202.430,252.45,202.57,1029.24,37737.0,11996.0,11996.0
725,252.670,202.430,252.45,202.57,1029.24,41232.0,14204.0,14204.0
726,252.670,202.430,252.45,202.57,1029.24,38894.0,12922.0,12922.0
727,252.670,202.430,252.45,202.57,1029.24,37619.0,11631.0,11631.0
728,252.670,202.430,252.45,202.57,1029.24,36098.0,10734.0,10734.0
729,252.670,202.430,252.45,202.57,1029.24,36210.0,10205.0,10205.0
730,252.670,202.430,252.45,202.57,1029.24,39204.0,13575.0,13575.0
731,252.670,202.430,252.45,202.57,1029.24,39763.0,13778.0,13778.0
732,252.670,202.430,252.45,202.57,1029.24,36587.0,10983.0,10983.0
733,252.670,202.430,252.45,202.57,1029.24,34432.0,9223.0,9223.0
734,252.670,202.430,252.45,202.57,1029.24,42406.0,15958.0,15958.0
735,252.670,202.430,252.45,202.57,1029.24,41176.0,14725.0,14725.0
736,252.670,202.430,252.45,202.57,1029.24,45041.0,18411.0,18411.0
737,252.670,202.430,252.45,202.57,1029.24,42418.0,15508.0,15508.0
738,252.670,202.430,252.45,202.57,1029.24,37672.0,12312.0,12312.0
739,252.670,202.430,252.45,202.57,1029.24,40791.0,13744.0,13744.0
740,252.670,202.430,252.45,202.57,1029.24,37537.0,10440.0,10440.0
741,252.670,202.430,252.45,202.57,1029.24,41843.0,15254.0,15254.0
742,252.670,202.430,252.45,202.57,1029.24,39351.0,12632.0,12632.0
743,252.670,202.430,252.45,202.57,1029.24,42729.0,16541.0,16541.0
744,252.670,202.430,252.45,202.57,1029.24,41238.0,15167.0,15167.0
745,252.670,202.430,252.45,202.57,1029.24,42800.0,15489.0,15489.0
746,252.670,202.430,252.45,202.57,1029.24,39960.0,13773.0,13773.0
747,252.670,202.430,252.45,202.57,1029.24,38931.0,13033.0,13033.0
748,252.670,202.430,252.45,202.57,1029.24,41884.0,15118.0,15118.0
749,252.670,202.430,252.45,202.57,1029.24,37558.0,11124.0,11124.0
750,252.670,202.430,252.45,202.57,1029.24,35024.0,9252.0,9252.0
751,252.670,202.430,252.45,202.57,1029.24,36617.0,11286.0,11286.0
752,252.670,202.430,252.45,202.57,1029.24,37242.0,10782.0,10782.0
753,252.670,202.430,252.45,202.57,1029.24,38051.0,10216.0,10216.0
754,252.670,202.430,252.45,202.57,1029.24,39273.0,12879.0,12879.0
755,252.670,202.430,252.45,202.57,1029.24,45499.0,17474.0,17474.0
756,252.670,202.430,252.45,202.57,1029.24,38337.0,11595.0,11595.0
757,252.670,202.430,252.45,202.57,1029.24,37744.0,11030.0,11030.0
758,252.670,202.430,252.45,202.57,1029.24,39754.0,12807.0,12807.0
759,252.670,202.430,252.45,202.57,1029.24,30866.0,4759.0,4759.0
760,252.670,202.430,252.45,202.57,1029.24,40164.0,13088.0,13088.0
761,252.670,202.430,252.45,202.57,1029.24,37038.0,10743.0,10743.0
762,252.670,202.430,252.45,202.57,1029.24,38498.0,11317.0,11317.0
763,252.670,202.430,252.45,202.57,1029.24,39114.0,12430.0,12430.0
764,252.670,202.430,252.45,202.57,1029.24,41281.0,14729.0,14729.0
765,252.670,202.430,252.45,202.57,1029.24,40500.0,13360.0,13360.0
766,252.670,202.430,252.45,202.57,1029.24,39437.0,12779.0,12779.0
767,252.670,202.430,252.45,202.57,1029.24,39081.0,11833.0,11833.0
768,252.670,202.430,252.45,202.57,1029.24,44078.0,16269.0,16269.0
769,252.670,202.430,252.45,202.57,1029.24,41811.0,14469.0,14469.0
770,252.670,202.430,252.45,202.57,1029.24,39985.0,13937.0,13937.0
771,252.670,202.430,252.45,202.57,1029.24,40526.0,12494.0,12494.0
772,252.670,202.430,252.45,202.57,1029.24,33347.0,8434.0,8434.0
773,252.670,202.430,252.45,202.57,1029.24,38409.0,10627.0,10627.0
774,252.670,202.430,252.45,202.57,1029.24,36963.0,10599.0,10599.0
775,252.670,202.430,252.45,202.57,1029.24,42263.0,14822.0,14822.0
776,252.670,202.430,252.45,202.57,1029.24,35271.0,9472.0,9472.0
777,252.670,202.430,252.45,202.57,1029.24,39574.0,13245.0,13245.0
778,252.670,202.430,252.45,202.57,1029.24,39894.0,13174.0,13174.0
779,252.670,202.430,252.45,202.57,1029.24,37661.0,11590.0,11590.0
780,252.670,202.430,252.45,202.57,1029.24,41562.0,13855.0,13855.0
781,252.670,202.430,252.45,202.57,1029.24,36374.0,10333.0,10333.0
782,252.670,202.430,252.45,202.57,1029.24,40365.0,12814.0,12814.0
783,252.670,202.430,252.45,202.57,1029.24,40970.0,14792.0,14792.0
784,252.670,202.430,252.45,202.57,1029.24,38260.0,11795.0,11795.0
785,252.670,202.430,252.45,202.57,1029.24,38749.0,12410.0,12410.0
786,252.670,202.430,252.45,202.57,1029.24,39304.0,12381.0,12381.0
787,252.670,202.430,252.45,202.57,1029.24,39714.0,12318.0,12318.0
788,252.670,202.430,252.45,202.57,1029.24,35567.0,9427.0,9427.0
789,252.670,202.430,252.45,202.57,1029.24,36280.0,10886.0,10886.0
790,252.670,202.430,252.45,202.57,1029.24,26206.0,1661.0,1661.0
791,252.670,202.430,252.45,202.57,1029.24,25989.0,1371.0,1371.0
792,252.670,202.430,252.45,202.57,1029.24,27956.0,2022.0,2022.0
793,252.670,202.430,252.45,202.57,1029.24,30263.0,4667.0,4667.0
794,252.670,202.430,252.45,202.57,1029.24,37902.0,11764.0,11764.0
795,252.670,202.430,252.45,202.57,1029.24,39577.0,12725.0,12725.0
796,252.670,202.430,252.45,202.57,1029.24,41016.0,14789.0,14789.0
797,252.670,202.430,252.45,202.57,1029.24,40957.0,14673.0,14673.0
798,252.670,202.430,252.45,202.57,1029.24,37286.0,11490.0,11490.0
799,252.670,202.430,252.45,202.57,1029.24,33346.0,7964.0,7964.0
800,252.670,202.430,252.45,202.57,1029.24,39079.0,12207.0,12207.0
801,252.670,202.430,252.45,202.57,1029.24,40213.0,13274.0,13274.0
802,252.670,202.430,252.45,202.57,1029.24,37768.0,10247.0,10247.0
803,252.670,202.430,252.45,202.57,1029.24,37477.0,11360.0,11360.0
804,252.670,202.430,252.45,202.57,1029.24,35912.0,9453.0,9453.0
805,252.670,202.430,252.45,202.57,1029.24,34005.0,7911.0,7911.0
806,252.670,202.430,252.45,202.57,1029.24,36983.0,10887.0,10887.0
807,252.670,202.430,252.45,202.57,1029.24,42511.0,15107.0,15107.0
808,252.670,202.430,252.45,202.57,1029.24,39787.0,12139.0,12139.0
809,252.670,202.430,252.45,202.57,1029.24,36295.0,9202.0,9202.0
810,252.670,202.430,252.45,202.57,1029.24,36980.0,10204.0,10204.0
811,252.670,202.430,252.45,202.57,1029.24,38880.0,11629.0,11629.0
812,252.670,202.430,252.45,202.57,1029.24,45192.0,18485.0,18485.0
813,252.670,202.430,252.45,202.57,1029.24,39564.0,12790.0,12790.0
814,252.670,202.430,252.45,202.57,1029.24,42337.0,14953.0,14953.0
815,252.670,202.430,252.45,202.57,1029.24,35202.0,9748.0,9748.0
816,252.670,202.430,252.45,202.57,1029.24,41383.0,14179.0,14179.0
817,252.670,202.430,252.45,202.57,1029.24,41957.0,15101.0,15101.0
818,252.670,202.430,252.45,202.57,1029.24,44576.0,18155.0,18155.0
819,252.670,202.430,252.45,202.57,1029.24,42509.0,16057.0,16057.0
820,252.670,202.430,252.45,202.57,1029.24,39614.0,12316.0,12316.0
821,252.670,202.430,252.45,202.57,1029.24,34293.0,7143.0,7143.0
822,252.670,202.430,252.45,202.57,1029.24,26683.0,1705.0,1705.0
823,252.670,202.430,252.45,202.57,1029.24,27369.0,2379.0,2379.0
824,252.670,202.430,252.45,202.57,1029.24,39035.0,13100.0,13100.0
825,252.670,202.430,252.45,202.57,1029.24,41575.0,14832.0,14832.0
826,252.670,202.430,252.45,202.57,1029.24,37901.0,11302.0,11302.0
827,252.670,202.430,252.45,202.57,1029.24,38045.0,10822.0,10822.0
828,252.670,202.430,252.45,202.57,1029.24,38899.0,11505.0,11505.0
829,252.670,202.430,252.45,202.57,1029.24,40340.0,13282.0,13282.0
830,252.670,202.430,252.45,202.57,1029.24,43567.0,16788.0,16788.0
831,252.670,202.430,252.45,202.57,1029.24,42238.0,14437.0,14437.0
832,252.670,202.430,252.45,202.57,1029.24,41331.0,14663.0,14663.0
833,252.670,202.430,252.45,202.57,1029.24,39687.0,12336.0,12336.0
834,252.670,202.430,252.45,202.57,1029.24,41953.0,15213.0,15213.0
835,252.670,202.430,252.45,202.57,1029.24,37805.0,11312.0,11312.0
836,252.670,202.430,252.45,202.57,1029.24,39903.0,13241.0,13241.0
837,252.670,202.430,252.45,202.57,1029.24,39253.0,12305.0,12305.0
838,252.670,202.430,252.45,202.57,1029.24,37687.0,11471.0,11471.0
839,252.670,202.430,252.45,202.57,1029.24,36694.0,11245.0,11245.0
840,252.670,202.430,252.45,202.57,1029.24,42003.0,15957.0,15957.0
841,252.670,202.430,252.45,202.57,1029.24,43554.0,16028.0,16028.0
842,252.670,202.430,252.45,202.57,1029.24,38893.0,12351.0,12351.0
843,252.670,202.430,252.45,202.57,1029.24,38428.0,11787.0,11787.0
844,252.670,202.430,252.45,202.57,1029.24,41193.0,14339.0,14339.0
845,252.670,202.430,252.45,202.57,1029.24,38423.0,12643.0,12643.0
846,252.670,202.430,252.45,202.57,1029.24,39622.0,13232.0,13232.0
847,252.670,202.430,252.45,202.57,1029.24,38271.0,12281.0,12281.0
848,252.670,202.430,252.45,202.57,1029.24,40613.0,13367.0,13367.0
849,252.670,202.430,252.45,202.57,1029.24,38388.0,12961.0,12961.0
850,252.670,202.430,252.45,202.57,1029.24,40987.0,14865.0,14865.0
851,252.670,202.430,252.45,202.57,1029.24,40777.0,14565.0,14565.0
852,252.670,202.430,252.45,202.57,1029.24,43772.0,17117.0,17117.0
853,252.670,202.430,252.45,202.57,1029.24,41470.0,15173.0,15173.0
854,252.670,202.430,252.45,202.57,1029.24,39775.0,13490.0,13490.0
855,252.670,202.430,252.45,202.57,1029.24,42128.0,16139.0,16139.0
856,252.670,202.430,252.45,202.57,1029.24,38365.0,12152.0,12152.0
857,252.670,202.430,252.45,202.57,1029.24,40058.0,13853.0,13853.0
858,252.670,202.430,252.45,202.57,1029.24,39524.0,13197.0,13197.0
859,252.670,202.430,252.45,202.57,1029.24,37690.0,11399.0,11399.0
860,252.670,202.430,252.45,202.57,1029.24,44096.0,17690.0,17690.0
861,252.670,202.430,252.45,202.57,1029.24,37906.0,12121.0,12121.0
862,252.670,202.430,252.45,202.57,1029.24,38667.0,13136.0,13136.0
863,252.670,202.430,252.45,202.57,1029.24,33410.0,8079.0,8079.0
864,252.670,202.430,252.45,202.57,1029.24,39212.0,13537.0,13537.0
865,252.670,202.430,252.45,202.57,1029.24,37787.0,12781.0,12781.0
866,252.670,202.430,252.45,202.57,1029.24,39076.0,12089.0,12089.0
867,252.670,202.430,252.45,202.57,1029.24,40018.0,13665.0,13665.0
868,252.670,202.430,252.45,202.57,1029.24,30054.0,5319.0,5319.0
869,252.670,202.430,252.45,202.57,1029.24,36036.0,9731.0,9731.0
870,252.670,202.430,252.45,202.57,1029.24,41697.0,15474.0,15474.0
871,252.670,202.430,252.45,202.57,1029.24,43145.0,16323.0,16323.0
872,252.670,202.430,252.45,202.57,1029.24,35151.0,10213.0,10213.0
873,252.670,202.430,252.45,202.57,1029.24,36430.0,10749.0,10749.0
874,252.670,202.430,252.45,202.57,1029.24,36169.0,10349.0,10349.0
875,252.670,202.430,252.45,202.57,1029.24,38090.0,10261.0,10261.0
876,252.670,202.430,252.45,202.57,1029.24,37599.0,11251.0,11251.0
877,252.670,202.430,252.45,202.57,1029.24,36603.0,11445.0,11445.0
878,252.670,202.430,252.45,202.57,1029.24,36717.0,11340.0,11340.0
879,252.670,202.430,252.45,202.57,1029.24,36226.0,10238.0,10238.0
880,252.670,202.430,252.45,202.57,1029.24,33934.0,7661.0,7661.0
881,252.670,202.430,252.45,202.57,1029.24,38136.0,12644.0,12644.0
882,252.670,202.430,252.45,202.57,1029.24,37952.0,12527.0,12527.0
883,252.670,202.430,252.45,202.57,1029.24,36917.0,10681.0,10681.0
884,252.670,202.430,252.45,202.57,1029.24,35848.0,10450.0,10450.0
885,252.670,202.430,252.45,202.57,1029.24,33763.0,9311.0,9311.0
886,252.670,202.430,252.45,202.57,1029.24,37359.0,11950.0,11950.0
887,252.670,202.430,252.45,202.57,1029.24,36215.0,10661.0,10661.0
888,252.670,202.430,252.45,202.57,1029.24,32987.0,7189.0,7189.0
889,252.670,202.430,252.45,202.57,1029.24,33385.0,8592.0,8592.0
890,252.670,202.430,252.45,202.57,1029.24,34761.0,8651.0,8651.0
891,252.670,202.430,252.45,202.57,1029.24,35886.0,10478.0,10478.0
892,252.670,202.430,252.45,202.57,1029.24,39985.0,15117.0,15117.0
893,252.670,202.430,252.45,202.57,1029.24,36460.0,11561.0,11561.0
894,252.670,202.430,252.45,202.57,1029.24,38386.0,12423.0,12423.0
895,252.670,202.430,252.45,202.57,1029.24,33606.0,7610.0,7610.0
896,252.670,202.430,252.45,202.57,1029.24,37347.0,11545.0,11545.0
897,252.670,202.430,252.45,202.57,1029.24,38876.0,12250.0,12250.0
898,252.670,202.430,252.45,202.57,1029.24,36017.0,11154.0,11154.0
899,252.670,202.430,252.45,202.57,1029.24,34576.0,9920.0,9920.0
900,252.670,202.430,252.45,202.57,1029.24,39222.0,13907.0,13907.0
901,252.670,202.430,252.45,202.57,1029.24,31433.0,6537.0,6537.0
902,252.670,202.430,252.45,202.57,1029.24,31926.0,7304.0,7304.0
903,252.670,202.430,252.45,202.57,1029.24,29496.0,4878.0,4878.0
904,252.670,202.430,252.45,202.57,1029.24,29413.0,5458.0,5458.0
905,252.670,202.430,252.45,202.57,1029.24,29490.0,4904.0,4904.0
906,252.670,202.430,252.45,202.57,1029.24,33012.0,7705.0,7705.0
907,252.670,202.430,252.45,202.57,1029.24,32600.0,7253.0,7253.0
908,252.670,202.430,252.45,202.57,1029.24,31320.0,6421.0,6421.0
909,252.670,202.430,252.45,202.57,1029.24,34304.0,9389.0,9389.0
910,252.670,202.430,252.45,202.57,1029.24,32318.0,7220.0,7220.0
911,252.670,202.430,252.45,202.57,1029.24,39896.0,13841.0,13841.0
912,252.670,202.430,252.45,202.57,1029.24,33297.0,8250.0,8250.0
913,252.670,202.430,252.45,202.57,1029.24,29665.0,5508.0,5508.0
914,252.670,202.430,252.45,202.57,1029.24,30404.0,4787.0,4787.0
915,252.670,202.430,252.45,202.57,1029.24,34063.0,8619.0,8619.0
916,252.670,202.430,252.45,202.57,1029.24,32776.0,8465.0,8465.0
917,252.670,202.430,252.45,202.57,1029.24,28899.0,3781.0,3781.0
918,252.670,202.430,252.45,202.57,1029.24,29870.0,4936.0,4936.0
919,252.670,202.430,252.45,202.57,1029.24,35390.0,9740.0,9740.0
920,252.670,202.430,252.45,202.57,1029.24,32948.0,6994.0,6994.0
921,252.670,202.430,252.45,202.57,1029.24,32760.0,6403.0,6403.0
922,252.670,202.430,252.45,202.57,1029.24,37527.0,11579.0,11579.0
923,252.670,202.430,252.45,202.57,1029.24,35881.0,10577.0,10577.0
924,252.670,202.430,252.45,202.57,1029.24,31126.0,6101.0,6101.0
925,252.670,202.430,252.45,202.57,1029.24,35850.0,10097.0,10097.0
926,252.670,202.430,252.45,202.57,1029.24,33189.0,7805.0,7805.0
927,252.670,202.430,252.45,202.57,1029.24,32927.0,7055.0,7055.0
928,252.670,202.430,252.45,202.57,1029.24,35159.0,9584.0,9584.0
929,252.670,202.430,252.45,202.57,1029.24,34938.0,9535.0,9535.0
930,252.670,202.430,252.45,202.57,1029.24,39296.0,13174.0,13174.0
931,252.670,202.430,252.45,202.57,1029.24,36709.0,12165.0,12165.0
932,252.670,202.430,252.45,202.57,1029.24,37505.0,11622.0,11622.0
933,252.670,202.430,252.45,202.57,1029.24,33273.0,8186.0,8186.0
934,252.670,202.430,252.45,202.57,1029.24,33283.0,8179.0,8179.0
935,252.670,202.430,252.45,202.57,1029.24,37594.0,12306.0,12306.0
936,252.670,202.430,252.45,202.57,1029.24,39516.0,13662.0,13662.0
937,252.670,202.430,252.45,202.57,1029.24,37252.0,11589.0,11589.0
938,252.670,202.430,252.45,202.57,1029.24,38389.0,12793.0,12793.0
939,252.670,202.430,252.45,202.57,1029.24,33515.0,9250.0,9250.0
940,252.670,202.430,252.45,202.57,1029.24,36781.0,12270.0,12270.0
941,252.670,202.430,252.45,202.57,1029.24,33373.0,8581.0,8581.0
942,252.670,202.430,252.45,202.57,1029.24,29667.0,4921.0,4921.0
943,252.670,202.430,252.45,202.57,1029.24,32905.0,8783.0,8783.0
944,252.670,202.430,252.45,202.57,1029.24,34715.0,9072.0,9072.0
945,252.670,202.430,252.45,202.57,1029.24,36423.0,11398.0,11398.0
946,252.670,202.430,252.45,202.57,1029.24,34721.0,10038.0,10038.0
947,252.670,202.430,252.45,202.57,1029.24,35816.0,9980.0,9980.0
948,252.670,202.430,252.45,202.57,1029.24,38549.0,12750.0,12750.0
949,252.670,202.430,252.45,202.57,1029.24,41099.0,15464.0,15464.0
950,252.670,202.430,252.45,202.57,1029.24,40707.0,13792.0,13792.0
951,252.670,202.430,252.45,202.57,1029.24,33871.0,8995.0,8995.0
952,252.670,202.430,252.45,202.57,1029.24,38962.0,13637.0,13637.0
953,252.670,202.430,252.45,202.57,1029.24,36905.0,11204.0,11204.0
954,252.670,202.430,252.45,202.57,1029.24,33852.0,8424.0,8424.0
955,252.670,202.430,252.45,202.57,1029.24,31010.0,6251.0,6251.0
956,252.670,202.430,252.45,202.57,1029.24,35834.0,11089.0,11089.0
957,252.670,202.430,252.45,202.57,1029.24,32022.0,7273.0,7273.0
958,252.670,202.430,252.45,202.57,1029.24,30846.0,5713.0,5713.0
959,252.670,202.430,252.45,202.57,1029.24,37726.0,12347.0,12347.0
960,252.670,202.430,252.45,202.57,1029.24,37902.0,13278.0,13278.0
961,252.670,202.430,252.45,202.57,1029.24,36493.0,10872.0,10872.0
962,252.670,202.430,252.45,202.57,1029.24,33330.0,7386.0,7386.0
963,252.670,202.430,252.45,202.57,1029.24,33434.0,8061.0,8061.0
964,252.670,202.430,252.45,202.57,1029.24,35416.0,9925.0,9925.0
965,252.670,202.430,252.45,202.57,1029.24,36744.0,10546.0,10546.0
966,252.670,202.430,252.45,202.57,1029.24,33646.0,8020.0,8020.0
967,252.670,202.430,252.45,202.57,1029.24,32841.0,7791.0,7791.0
968,252.670,202.430,252.45,202.57,1029.24,29539.0,4961.0,4961.0
969,252.670,202.430,252.45,202.57,1029.24,25008.0,1098.0,1098.0
970,252.670,202.430,252.45,202.57,1029.24,33343.0,8193.0,8193.0
971,252.670,202.430,252.45,202.57,1029.24,34148.0,8191.0,8191.0
972,252.670,202.430,252.45,202.57,1029.24,32402.0,6573.0,6573.0
973,252.670,202.430,252.45,202.57,1029.24,30783.0,5452.0,5452.0
974,252.670,202.430,252.45,202.57,1029.24,34799.0,9072.0,9072.0
975,252.670,202.430,252.45,202.57,1029.24,33829.0,7551.0,7551.0
976,252.670,202.430,252.45,202.57,1029.24,31160.0,6291.0,6291.0
977,252.670,202.430,252.45,202.57,1029.24,32298.0,6704.0,6704.0
978,252.670,202.430,252.45,202.57,1029.24,30121.0,5729.0,5729.0
979,252.670,202.430,252.45,202.57,1029.24,36384.0,10414.0,10414.0
980,252.670,202.430,252.45,202.57,1029.24,37969.0,12105.0,12105.0
981,252.670,202.430,252.45,202.57,1029.24,31518.0,7042.0,7042.0
982,252.670,202.430,252.45,202.57,1029.24,32365.0,6405.0,6405.0
983,252.670,202.430,252.45,202.57,1029.24,34930.0,9731.0,9731.0
984,252.670,202.430,252.45,202.57,1029.24,34247.0,8751.0,8751.0
985,252.670,202.430,252.45,202.57,1029.24,34952.0,9462.0,9462.0
986,252.670,202.430,252.45,202.57,1029.24,31317.0,5356.0,5356.0
987,252.670,202.430,252.45,202.57,1029.24,36189.0,10906.0,10906.0
988,252.670,202.430,252.45,202.57,1029.24,34734.0,8892.0,8892.0
989,252.670,202.430,252.45,202.57,1029.24,36908.0,11614.0,11614.0
990,252.670,202.430,252.45,202.57,1029.24,40017.0,13698.0,13698.0
991,252.670,202.430,252.45,202.57,1029.24,40488.0,13787.0,13787.0
992,252.670,202.430,252.45,202.57,1029.24,38481.0,13279.0,13279.0
993,252.670,202.430,252.45,202.57,1029.24,40045.0,13046.0,13046.0
994,252.670,202.430,252.45,202.57,1029.24,38766.0,12553.0,12553.0
995,252.670,202.430,252.45,202.57,1029.24,40057.0,13910.0,13910.0
996,252.670,202.430,252.45,202.57,1029.24,35552.0,10392.0,10392.0
997,252.670,202.430,252.45,202.57,1029.24,40172.0,13231.0,13231.0
998,252.670,202.430,252.45,202.57,1029.24,39473.0,12605.0,12605.0
999,252.670,202.430,252.45,202.57,1029.24,39462.0,13250.0,13250.0
1000,252.670,202.430,252.45,202.57,1029.24,43470.0,17016.0,17016.0
1001,252.670,202.430,252.45,202.57,1029.24,34768.0,8913.0,8913.0
1002,252.670,202.430,252.45,202.57,1029.24,32469.0,6230.0,6230.0
1003,252.670,202.430,252.45,202.57,1029.24,33650.0,8356.0,8356.0
1004,252.670,202.430,252.45,202.57,1029.24,37981.0,12356.0,12356.0
1005,252.670,202.430,252.45,202.57,1029.24,39734.0,13457.0,13457.0
1006,252.670,202.430,252.45,202.57,1029.24,38303.0,11505.0,11505.0
1007,252.670,202.430,252.45,202.57,1029.24,39574.0,13690.0,13690.0
1008,252.670,202.430,252.45,202.57,1029.24,43245.0,16217.0,16217.0
1009,252.670,202.430,252.45,202.57,1029.24,34426.0,8520.0,8520.0
1010,252.670,202.430,252.45,202.57,1029.24,38082.0,12426.0,12426.0
1011,252.670,202.430,252.45,202.57,1029.24,41572.0,16244.0,16244.0
1012,252.670,202.430,252.45,202.57,1029.24,34482.0,9263.0,9263.0
1013,252.670,202.430,252.45,202.57,1029.24,31155.0,6000.0,6000.0
1014,252.670,202.430,252.45,202.57,1029.24,35188.0,9488.0,9488.0
1015,252.670,202.430,252.45,202.57,1029.24,34384.0,8673.0,8673.0
1016,252.670,202.430,252.45,202.57,1029.24,30836.0,5241.0,5241.0
1017,252.670,202.430,252.45,202.57,1029.24,30297.0,5519.0,5519.0
1018,252.670,202.430,252.45,202.57,1029.24,30390.0,5974.0,5974.0
1019,252.670,202.430,252.45,202.57,1029.24,30565.0,5827.0,5827.0
1020,252.670,202.430,252.45,202.57,1029.24,26737.0,2825.0,2825.0
1021,252.670,202.430,252.45,202.57,1029.24,29548.0,4902.0,4902.0
1022,252.670,202.430,252.45,202.57,1029.24,32794.0,6885.0,6885.0
1023,252.670,202.430,252.45,202.57,1029.24,38341.0,12592.0,12592.0
1024,252.670,202.430,252.45,202.57,1029.24,29356.0,4703.0,4703.0
1025,252.670,202.430,252.45,202.57,1029.24,32710.0,8258.0,8258.0
1026,252.670,202.430,252.45,202.57,1029.24,34662.0,9777.0,9777.0
1027,252.670,202.430,252.45,202.57,1029.24,38011.0,11675.0,11675.0
1028,252.670,202.430,252.45,202.57,1029.24,41777.0,15851.0,15851.0
1029,252.670,202.430,252.45,202.57,1029.24,38288.0,12685.0,12685.0
1030,252.670,202.430,252.45,202.57,1029.24,36902.0,11296.0,11296.0
1031,252.670,202.430,252.45,202.57,1029.24,33799.0,8575.0,8575.0
1032,252.670,202.430,252.45,202.57,1029.24,39427.0,13266.0,13266.0
1033,252.670,202.430,252.45,202.57,1029.24,31963.0,6943.0,6943.0
1034,252.670,202.430,252.45,202.57,1029.24,30360.0,5003.0,5003.0
1035,252.670,202.430,252.45,202.57,1029.24,31312.0,5901.0,5901.0
1036,252.670,202.430,252.45,202.57,1029.24,36208.0,10437.0,10437.0
1037,252.670,202.430,252.45,202.57,1029.24,38792.0,13466.0,13466.0
1038,252.670,202.430,252.45,202.57,1029.24,34938.0,9007.0,9007.0
1039,252.670,202.430,252.45,202.57,1029.24,32761.0,7941.0,7941.0
1040,252.670,202.430,252.45,202.57,1029.24,31644.0,5997.0,5997.0
1041,252.670,202.430,252.45,202.57,1029.24,32982.0,9164.0,9164.0
1042,252.670,202.430,252.45,202.57,1029.24,37902.0,11133.0,11133.0
1043,252.670,202.430,252.45,202.57,1029.24,35928.0,10514.0,10514.0
1044,252.670,202.430,252.45,202.57,1029.24,32081.0,7225.0,7225.0
1045,252.670,202.430,252.45,202.57,1029.24,32103.0,7244.0,7244.0
1046,252.670,202.430,252.45,202.57,1029.24,34124.0,9918.0,9918.0
1047,252.670,202.430,252.45,202.57,1029.24,28830.0,3297.0,3297.0
1048,252.670,202.430,252.45,202.57,1029.24,31316.0,6030.0,6030.0
1049,252.670,202.430,252.45,202.57,1029.24,33017.0,7333.0,7333.0
1050,252.670,202.430,252.45,202.57,1029.24,31679.0,6696.0,6696.0
1051,252.670,202.430,252.45,202.57,1029.24,35844.0,9894.0,9894.0
1052,252.670,202.430,252.45,202.57,1029.24,31639.0,5904.0,5904.0
1053,252.670,202.430,252.45,202.57,1029.24,29048.0,4980.0,4980.0
1054,252.670,202.430,252.45,202.57,1029.24,26059.0,1718.0,1718.0
1055,252.670,202.430,252.45,202.57,1029.24,29669.0,5380.0,5380.0
1056,252.670,202.430,252.45,202.57,1029.24,31204.0,6093.0,6093.0
1057,252.670,202.430,252.45,202.57,1029.24,32936.0,7505.0,7505.0
1058,252.670,202.430,252.45,202.57,1029.24,36679.0,10732.0,10732.0
1059,252.670,202.430,252.45,202.57,1029.24,40670.0,14652.0,14652.0
1060,252.670,202.430,252.45,202.57,1029.24,32157.0,6866.0,6866.0
1061,252.670,202.430,252.45,202.57,1029.24,36979.0,10836.0,10836.0
1062,252.670,202.430,252.45,202.57,1029.24,37907.0,12710.0,12710.0
1063,252.670,202.430,252.45,202.57,1029.24,35555.0,10483.0,10483.0
1064,252.670,202.430,252.45,202.57,1029.24,42215.0,16142.0,16142.0
1065,252.670,202.430,252.45,202.57,1029.24,33757.0,8451.0,8451.0
1066,252.670,202.430,252.45,202.57,1029.24,29852.0,5424.0,5424.0
1067,252.670,202.430,252.45,202.57,1029.24,35256.0,9947.0,9947.0
1068,252.670,202.430,252.45,202.57,1029.24,38111.0,12311.0,12311.0
1069,252.670,202.430,252.45,202.57,1029.24,32977.0,7983.0,7983.0
1070,252.670,202.430,252.45,202.57,1029.24,33445.0,7538.0,7538.0
1071,252.670,202.430,252.45,202.57,1029.24,33345.0,7785.0,7785.0
1072,252.670,202.430,252.45,202.57,1029.24,35821.0,9867.0,9867.0
1073,252.670,202.430,252.45,202.57,1029.24,33667.0,8768.0,8768.0
1074,252.670,202.430,252.45,202.57,1029.24,36936.0,11802.0,11802.0
1075,252.670,202.430,252.45,202.57,1029.24,38535.0,12872.0,12872.0
1076,252.670,202.430,252.45,202.57,1029.24,40601.0,13374.0,13374.0
1077,252.670,202.430,252.45,202.57,1029.24,38857.0,13002.0,13002.0
1078,252.670,202.430,252.45,202.57,1029.24,37877.0,12069.0,12069.0
1079,252.670,202.430,252.45,202.57,1029.24,31742.0,6060.0,6060.0
1080,252.670,202.430,252.45,202.57,1029.24,32993.0,7989.0,7989.0
1081,252.670,202.430,252.45,202.57,1029.24,30662.0,6105.0,6105.0
1082,252.670,202.430,252.45,202.57,1029.24,37047.0,10633.0,10633.0
1083,252.670,202.430,252.45,202.57,1029.24,42928.0,16246.0,16246.0
1084,252.670,202.430,252.45,202.57,1029.24,35792.0,9920.0,9920.0
1085,252.670,202.430,252.45,202.57,1029.24,34412.0,9104.0,9104.0
1086,252.670,202.430,252.45,202.57,1029.24,37385.0,11173.0,11173.0
1087,252.670,202.430,252.45,202.57,1029.24,30883.0,5906.0,5906.0
1088,252.670,202.430,252.45,202.57,1029.24,31562.0,6980.0,6980.0
1089,252.670,202.430,252.45,202.57,1029.24,31064.0,5288.0,5288.0
1090,252.670,202.430,252.45,202.57,1029.24,27158.0,2989.0,2989.0
1091,252.670,202.430,252.45,202.57,1029.24,33375.0,8772.0,8772.0
1092,252.670,202.430,252.45,202.57,1029.24,29831.0,4199.0,4199.0
1093,252.670,202.430,252.45,202.57,1029.24,28307.0,3637.0,3637.0
1094,252.670,202.430,252.45,202.57,1029.24,31421.0,7223.0,7223.0
1095,252.670,202.430,252.45,202.57,1029.24,35389.0,10224.0,10224.0
1096,252.670,202.430,252.45,202.57,1029.24,37604.0,10896.0,10896.0
1097,252.670,202.430,252.45,202.57,1029.24,27127.0,2026.0,2026.0
1098,252.670,202.430,252.45,202.57,1029.24,34897.0,9170.0,9170.0
1099,252.670,202.430,252.45,202.57,1029.24,33705.0,7725.0,7725.0
1100,252.670,202.430,252.45,202.57,1029.24,32590.0,7984.0,7984.0
1101,252.670,202.430,252.45,202.57,1029.24,32209.0,6915.0,6915.0
1102,252.670,202.430,252.45,202.57,1029.24,31957.0,6144.0,6144.0
1103,252.670,202.430,252.45,202.57,1029.24,30740.0,6572.0,6572.0
1104,252.670,202.430,252.45,202.57,1029.24,28119.0,4311.0,4311.0
1105,252.670,202.430,252.45,202.57,1029.24,30863.0,6201.0,6201.0
1106,252.670,202.430,252.45,202.57,1029.24,26754.0,2275.0,2275.0
1107,252.670,202.430,252.45,202.57,1029.24,32464.0,7185.0,7185.0
1108,252.670,202.430,252.45,202.57,1029.24,30719.0,5211.0,5211.0
1109,252.670,202.430,252.45,202.57,1029.24,33704.0,8536.0,8536.0
1110,252.670,202.430,252.45,202.57,1029.24,29559.0,4079.0,4079.0
1111,252.670,202.430,252.45,202.57,1029.24,30548.0,5349.0,5349.0
1112,252.670,202.430,252.45,202.57,1029.24,32138.0,6230.0,6230.0
1113,252.670,202.430,252.45,202.57,1029.24,31241.0,6005.0,6005.0
1114,252.670,202.430,252.45,202.57,1029.24,34225.0,8644.0,8644.0
1115,252.670,202.430,252.45,202.57,1029.24,35023.0,9155.0,9155.0
1116,252.670,202.430,252.45,202.57,1029.24,29079.0,4839.0,4839.0
1117,252.670,202.430,252.45,202.57,1029.24,31090.0,6224.0,6224.0
1118,252.670,202.430,252.45,202.57,1029.24,34784.0,9876.0,9876.0
1119,252.670,202.430,252.45,202.57,1029.24,29378.0,3867.0,3867.0
1120,252.670,202.430,252.45,202.57,1029.24,37851.0,9267.0,9267.0
1121,252.670,202.430,252.45,202.57,1029.24,30852.0,6217.0,6217.0
1122,252.670,202.430,252.45,202.57,1029.24,32857.0,7424.0,7424.0
1123,252.670,202.430,252.45,202.57,1029.24,28956.0,3494.0,3494.0
1124,252.670,202.430,252.45,202.57,1029.24,28550.0,3408.0,3408.0
1125,252.670,202.430,252.45,202.57,1029.24,28193.0,3073.0,3073.0
1126,252.670,202.430,252.45,202.57,1029.24,29993.0,5148.0,5148.0
1127,252.670,202.430,252.45,202.57,1029.24,33701.0,8493.0,8493.0
1128,252.670,202.430,252.45,202.57,1029.24,30446.0,5731.0,5731.0
1129,252.670,202.430,252.45,202.57,1029.24,28659.0,3677.0,3677.0
1130,252.670,202.430,252.45,202.57,1029.24,28375.0,3991.0,3991.0
1131,252.670,202.430,252.45,202.57,1029.24,33659.0,8348.0,8348.0
1132,252.670,202.430,252.45,202.57,1029.24,36223.0,9216.0,9216.0
1133,252.670,202.430,252.45,202.57,1029.24,33859.0,8067.0,8067.0
1134,252.670,202.430,252.45,202.57,1029.24,29152.0,4914.0,4914.0
1135,252.670,202.430,252.45,202.57,1029.24,26994.0,2733.0,2733.0
1136,252.670,202.430,252.45,202.57,1029.24,29109.0,3660.0,3660.0
1137,252.670,202.430,252.45,202.57,1029.24,28754.0,4337.0,4337.0
1138,252.670,202.430,252.45,202.57,1029.24,29218.0,4305.0,4305.0
1139,252.670,202.430,252.45,202.57,1029.24,30369.0,5626.0,5626.0
1140,252.670,202.430,252.45,202.57,1029.24,30228.0,5127.0,5127.0
1141,252.670,202.430,252.45,202.57,1029.24,32930.0,7281.0,7281.0
1142,252.670,202.430,252.45,202.57,1029.24,31281.0,4678.0,4678.0
1143,252.670,202.430,252.45,202.57,1029.24,32486.0,6481.0,6481.0
1144,252.670,202.430,252.45,202.57,1029.24,31946.0,7231.0,7231.0
1145,252.670,202.430,252.45,202.57,1029.24,30760.0,6169.0,6169.0
1146,252.670,202.430,252.45,202.57,1029.24,30035.0,6317.0,6317.0
1147,252.670,202.430,252.45,202.57,1029.24,28383.0,3724.0,3724.0
1148,252.670,202.430,252.45,202.57,1029.24,35083.0,8935.0,8935.0
1149,252.670,202.430,252.77,202.51,1029.24,36027.0,9996.0,9996.0
1150,252.670,202.430,252.45,202.44,1029.24,36017.0,10033.0,10033.0
1151,252.670,202.430,252.45,202.57,1029.24,30613.0,5110.0,5110.0
1152,252.670,202.430,252.55,202.37,1029.24,30688.0,5821.0,5821.0
1153,252.670,202.430,252.45,202.36,1029.24,32579.0,6350.0,6350.0
1154,252.670,202.430,252.62,202.53,1029.24,32823.0,7723.0,7723.0
1155,252.670,202.430,252.55,202.59,1029.24,37355.0,10140.0,10140.0
1156,252.670,202.430,252.68,202.28,1029.24,35278.0,9673.0,9673.0
1157,252.670,202.430,252.4,202.44,1029.24,34314.0,9156.0,9156.0
1158,252.670,202.430,252.31,202.44,1029.24,34428.0,9035.0,9035.0
1159,252.670,202.430,252.45,202.54,1029.24,37472.0,10934.0,10934.0
1160,252.670,202.430,252.4,202.56,1029.24,36460.0,10875.0,10875.0
1161,252.670,202.430,252.3,202.48,1029.24,34828.0,9749.0,9749.0
1162,252.670,202.430,252.41,202.58,1029.24,36278.0,10119.0,10119.0
1163,252.670,202.430,252.42,202.6,1029.24,31936.0,7408.0,7408.0
1164,252.670,202.430,252.45,202.57,1029.24,29850.0,3899.0,3899.0
1165,252.670,202.430,252.34,202.68,1029.24,33119.0,8269.0,8269.0
1166,252.670,202.430,252.45,202.57,1029.24,31160.0,6351.0,6351.0
1167,252.670,202.430,252.57,202.51,1029.24,32011.0,6657.0,6657.0
1168,252.670,202.430,252.45,202.57,1029.24,31025.0,6175.0,6175.0
1169,252.670,202.430,252.64,202.68,1029.24,32472.0,6721.0,6721.0
1170,252.670,202.430,252.33,202.53,1029.24,37897.0,12205.0,12205.0
1171,252.670,202.430,252.52,202.77,1029.24,35380.0,9643.0,9643.0
1172,252.670,202.430,252.53,202.34,1029.24,36640.0,10440.0,10440.0
1173,252.670,202.430,252.44,202.62,1029.24,39980.0,12989.0,12989.0
1174,252.670,202.430,252.54,202.6,1029.24,39997.0,13543.0,13543.0
1175,252.670,202.430,252.58,202.55,1029.24,35429.0,9164.0,9164.0
1176,252.670,202.430,252.67,202.63,1029.24,37035.0,11097.0,11097.0
1177,252.670,202.430,252.7,202.34,1029.24,35787.0,10269.0,10269.0
1178,252.670,202.430,252.36,202.6,1029.24,34749.0,9145.0,9145.0
1179,252.670,202.430,252.49,202.77,1029.24,36304.0,10789.0,10789.0
1180,252.670,202.430,252.31,202.43,1029.24,36399.0,10929.0,10929.0
1181,252.670,202.430,252.42,202.35,1029.24,39806.0,13006.0,13006.0
1182,252.670,202.430,252.35,202.52,1029.24,35742.0,9703.0,9703.0
1183,252.670,202.430,252.51,202.61,1029.24,38315.0,11158.0,11158.0
1184,252.670,202.430,252.4,202.56,1029.24,38361.0,12779.0,12779.0
1185,252.670,202.430,252.57,202.71,1029.24,39476.0,13537.0,13537.0
1186,252.670,202.430,252.36,202.53,1029.24,38055.0,11138.0,11138.0
1187,252.670,202.430,252.6,202.5,1029.24,36688.0,10618.0,10618.0
1188,252.670,202.430,252.61,202.5,1029.24,37592.0,11900.0,11900.0
1189,252.670,202.430,252.51,202.52,1029.24,38442.0,13307.0,13307.0
1190,252.670,202.430,252.67,202.75,1029.24,37997.0,12123.0,12123.0
1191,252.670,202.430,252.61,202.41,1029.24,37652.0,11849.0,11849.0
1192,252.670,202.430,252.69,202.53,1029.24,40074.0,13642.0,13642.0
1193,252.670,202.430,252.66,202.45,1029.24,36823.0,11154.0,11154.0
1194,252.670,202.430,252.37,202.5,1029.24,36871.0,9937.0,9937.0
1195,252.670,202.430,252.54,202.57,1029.24,41341.0,15459.0,15459.0
1196,252.670,202.430,252.52,202.53,1029.24,36636.0,11062.0,11062.0
1197,252.670,202.430,252.51,202.52,1029.24,38502.0,12771.0,12771.0
1198,252.670,202.430,252.44,202.45,1029.24,38510.0,13211.0,13211.0
1199,252.670,202.430,252.6,202.62,1029.24,32339.0,7293.0,7293.0
1200,252.670,202.430,252.51,202.39,1029.24,35710.0,9733.0,9733.0
1201,252.670,202.430,252.52,202.42,1029.24,36733.0,11743.0,11743.0
1202,252.670,202.430,252.51,202.63,1029.24,33707.0,8760.0,8760.0
1203,252.670,202.430,252.59,202.53,1029.24,38355.0,13115.0,13115.0
1204,252.670,202.430,252.61,202.52,1029.24,39470.0,12807.0,12807.0
1205,252.670,202.430,252.45,202.57,1029.24,30940.0,6991.0,6991.0
1206,252.670,202.430,252.7,202.55,1029.24,38615.0,11959.0,11959.0
1207,252.670,202.430,252.63,202.57,1029.24,38089.0,12612.0,12612.0
1208,252.670,202.430,252.58,202.51,1029.24,34901.0,9020.0,9020.0
1209,252.670,202.430,252.55,202.54,1029.24,33676.0,7443.0,7443.0
1210,252.670,202.430,252.59,202.54,1029.24,37275.0,10975.0,10975.0
1211,252.670,202.430,252.77,202.31,1029.24,36969.0,10692.0,10692.0
1212,252.670,202.430,252.45,202.57,1029.24,31920.0,6783.0,6783.0
1213,252.670,202.430,252.61,202.41,1029.24,39847.0,14349.0,14349.0
1214,252.670,202.430,252.27,202.74,1029.24,40749.0,13517.0,13517.0
1215,252.670,202.430,252.38,202.4,1029.24,38838.0,13433.0,13433.0
1216,252.670,202.430,252.56,202.54,1029.24,39103.0,12807.0,12807.0
1217,252.670,202.430,252.49,202.47,1029.24,32887.0,7979.0,7979.0
1218,252.670,202.430,252.5,202.5,1029.24,37793.0,12317.0,12317.0
1219,252.670,202.430,252.39,202.36,1029.24,37685.0,12242.0,12242.0
1220,252.670,202.430,252.58,202.45,1029.24,39349.0,12971.0,12971.0
1221,252.670,202.430,252.65,202.57,1029.24,39657.0,12750.0,12750.0
1222,252.670,202.430,252.55,202.48,1029.24,35901.0,10845.0,10845.0
1223,252.670,202.430,252.53,202.53,1029.24,38651.0,12106.0,12106.0
1224,252.670,202.430,252.63,202.54,1029.24,41625.0,14601.0,14601.0
1225,252.670,202.430,252.4,202.55,1029.24,35617.0,10179.0,10179.0
1226,252.670,202.430,252.45,202.59,1029.24,38125.0,11414.0,11414.0
1227,252.670,202.430,252.54,202.49,1029.24,39577.0,13135.0,13135.0
1228,252.670,202.430,252.54,202.5,1029.24,37374.0,11360.0,11360.0
1229,252.670,202.430,252.76,202.45,1029.24,34857.0,9291.0,9291.0
1230,252.670,202.430,252.37,202.73,1029.24,37555.0,11374.0,11374.0
1231,252.670,202.430,252.77,202.39,1029.24,39973.0,13509.0,13509.0
1232,252.670,202.430,252.61,202.63,1029.24,38607.0,12342.0,12342.0
1233,252.670,202.430,252.56,202.68,1029.24,36462.0,11052.0,11052.0
1234,252.670,202.430,252.38,202.58,1029.24,39022.0,13926.0,13926.0
1235,252.670,202.430,252.33,202.73,1029.24,31446.0,6436.0,6436.0
1236,252.670,202.430,252.61,202.57,1029.24,38333.0,12103.0,12103.0
1237,252.670,202.430,252.33,202.53,1029.24,39877.0,12668.0,12668.0
1238,252.670,202.430,252.72,202.67,1029.24,37180.0,11751.0,11751.0
1239,252.670,202.430,252.61,202.32,1029.24,37104.0,11154.0,11154.0
1240,252.670,202.430,252.55,202.5,1029.24,36648.0,11409.0,11409.0
1241,252.670,202.430,252.61,202.54,1029.24,35762.0,9240.0,9240.0
1242,252.670,202.430,252.59,202.39,1029.24,39055.0,13541.0,13541.0
1243,252.670,202.430,252.72,202.32,1029.24,36787.0,10655.0,10655.0
1244,252.670,202.430,252.3,202.94,1029.24,38118.0,10660.0,10660.0
1245,252.670,202.430,252.74,202.35,1029.24,38275.0,11443.0,11443.0
1246,252.670,202.430,252.51,202.61,1029.24,35919.0,9752.0,9752.0
1247,252.670,202.430,252.78,202.59,1029.24,39532.0,13056.0,13056.0
1248,252.670,202.430,252.45,202.57,1029.24,30121.0,4224.0,4224.0
1249,252.670,202.430,252.66,202.66,1029.24,41869.0,16136.0,16136.0
1250,252.670,202.430,252.69,202.48,1029.24,41783.0,15008.0,15008.0
1251,252.670,202.430,252.49,202.49,1029.24,43242.0,17116.0,17116.0
1252,252.670,202.430,252.53,202.61,1029.24,37283.0,11016.0,11016.0
1253,252.670,202.430,252.51,202.51,1029.24,38309.0,11995.0,11995.0
1254,252.670,202.430,252.56,202.3,1029.24,41380.0,14258.0,14258.0
1255,252.670,202.430,252.51,202.65,1029.24,43499.0,16377.0,16377.0
1256,252.670,202.430,252.52,202.48,1029.24,40720.0,14357.0,14357.0
1257,252.670,202.430,252.42,202.42,1029.24,44289.0,17255.0,17255.0
1258,252.670,202.430,252.55,202.52,1029.24,43566.0,16999.0,16999.0
1259,252.670,202.430,252.72,202.59,1029.24,45544.0,17428.0,17428.0
1260,252.670,202.430,252.65,202.59,1029.24,46772.0,18923.0,18923.0
1261,252.670,202.430,252.45,202.57,1029.24,31922.0,7002.0,7002.0
1262,252.670,202.430,252.55,202.57,1029.24,43322.0,16311.0,16311.0
1263,252.670,202.430,252.65,202.32,1029.24,46220.0,19425.0,19425.0
1264,252.670,202.430,252.54,202.51,1029.24,33458.0,7843.0,7843.0
1265,252.670,202.430,252.53,202.49,1029.24,35921.0,10660.0,10660.0
1266,252.670,202.430,252.66,202.44,1029.24,42583.0,16630.0,16630.0
1267,252.670,202.430,252.7,202.51,1029.24,44013.0,17232.0,17232.0
1268,252.670,202.430,252.5,202.65,1029.24,44713.0,17380.0,17380.0
1269,252.670,202.430,252.55,202.56,1029.24,44452.0,18767.0,18767.0
1270,252.670,202.430,252.67,202.43,1029.24,38937.0,12378.0,12378.0
1271,252.670,202.430,252.67,202.43,1029.24,30266.0,4773.0,4773.0
1272,252.670,202.430,252.67,202.43,1029.24,23070.0,0.0,0.0
1273,252.670,202.430,252.67,202.43,1029.24,22502.0,0.0,0.0
1274,252.670,202.430,252.67,202.43,1029.24,25152.0,625.0,625.0
1275,252.670,202.430,252.67,202.43,1029.24,22947.0,0.0,0.0
1276,252.670,202.430,252.67,202.43,1029.24,23054.0,0.0,0.0
1277,252.670,202.430,252.67,202.43,1029.24,23233.0,103.0,103.0
1278,252.670,202.430,252.67,202.43,1029.24,23917.0,0.0,0.0
1279,252.670,202.430,252.67,202.43,1029.24,22743.0,0.0,0.0
1280,252.670,202.430,252.67,202.43,1029.24,23753.0,0.0,0.0
1281,252.670,202.430,252.67,202.43,1029.24,23688.0,0.0,0.0
1282,252.670,202.430,252.67,202.43,1029.24,24509.0,242.0,242.0
1283,252.670,202.430,252.67,202.43,1029.24,22990.0,0.0,0.0
1284,252.670,202.430,252.67,202.43,1029.24,22951.0,0.0,0.0
1285,252.670,202.430,252.67,202.43,1029.24,23696.0,44.0,44.0
1286,252.670,202.430,252.67,202.43,1029.24,23297.0,0.0,0.0
1287,252.670,202.430,252.67,202.43,1029.24,22964.0,0.0,0.0
1288,252.670,202.430,252.67,202.43,1029.24,24472.0,262.0,262.0
1289,252.670,202.430,252.67,202.43,1029.24,23164.0,0.0,0.0
1290,252.670,202.430,252.67,202.43,1029.24,22298.0,0.0,0.0
1291,252.670,202.430,252.67,202.43,1029.24,23575.0,42.0,42.0
1292,252.670,202.430,252.67,202.43,1029.24,23014.0,0.0,0.0
1293,252.670,202.430,252.67,202.43,1029.24,24693.0,1015.0,1015.0
1294,252.670,202.430,252.67,202.43,1029.24,22367.0,0.0,0.0
1295,252.670,202.430,252.67,202.43,1029.24,24565.0,551.0,551.0
1296,252.670,202.430,252.67,202.43,1029.24,23974.0,0.0,0.0
1297,252.670,202.430,252.67,202.43,1029.24,24042.0,0.0,0.0
1298,252.670,202.430,252.67,202.43,1029.24,22952.0,0.0,0.0
1299,252.670,202.430,252.67,202.43,1029.24,23557.0,0.0,0.0
1300,252.670,202.430,252.67,202.43,1029.24,23536.0,0.0,0.0
1301,252.670,202.430,252.67,202.43,1029.24,22910.0,0.0,0.0
1302,252.670,202.430,252.67,202.43,1029.24,22866.0,49.0,49.0
1303,252.670,202.430,252.67,202.43,1029.24,22952.0,0.0,0.0
1304,252.670,202.430,252.67,202.43,1029.24,23845.0,0.0,0.0
1305,252.670,202.430,252.67,202.43,1029.24,23828.0,0.0,0.0
1306,252.670,202.430,252.67,202.43,1029.24,23741.0,0.0,0.0
1307,252.670,202.430,252.67,202.43,1029.24,24671.0,406.0,406.0
1308,252.670,202.430,252.67,202.43,1029.24,24594.0,0.0,0.0
1309,252.670,202.430,252.67,202.43,1029.24,24347.0,249.0,249.0
1310,252.670,202.430,252.67,202.43,1029.24,23999.0,0.0,0.0
1311,252.670,202.430,252.67,202.43,1029.24,22677.0,0.0,0.0
1312,252.670,202.430,252.67,202.43,1029.24,23943.0,17.0,17.0
1313,252.670,202.430,252.67,202.43,1029.24,23462.0,0.0,0.0
1314,252.670,202.430,252.67,202.43,1029.24,23560.0,0.0,0.0
1315,252.670,202.430,252.67,202.43,1029.24,23804.0,563.0,563.0
1316,252.670,202.430,252.67,202.43,1029.24,24628.0,140.0,140.0
1317,252.670,202.430,252.67,202.43,1029.24,22725.0,0.0,0.0
1318,252.670,202.430,252.67,202.43,1029.24,24417.0,0.0,0.0
1319,252.670,202.430,252.67,202.43,1029.24,24409.0,0.0,0.0
1320,252.670,202.430,252.67,202.43,1029.24,22883.0,0.0,0.0
1321,252.670,202.430,252.67,202.43,1029.24,23282.0,0.0,0.0
1322,252.670,202.430,252.67,202.43,1029.24,23927.0,317.0,317.0
1323,252.670,202.430,252.67,202.43,1029.24,23912.0,0.0,0.0
1324,252.670,202.430,252.67,202.43,1029.24,25087.0,370.0,370.0
1325,252.670,202.430,252.67,202.43,1029.24,25660.0,1805.0,1805.0
1326,252.670,202.430,252.67,202.43,1029.24,23043.0,0.0,0.0
1327,252.670,202.430,252.67,202.43,1029.24,23477.0,0.0,0.0
1328,252.670,202.430,252.67,202.43,1029.24,23864.0,0.0,0.0
1329,252.670,202.430,252.67,202.43,1029.24,23846.0,50.0,50.0
1330,252.670,202.430,252.67,202.43,1029.24,24753.0,1296.0,1296.0
1331,252.670,202.430,252.67,202.43,1029.24,24002.0,0.0,0.0
1332,252.670,202.430,252.67,202.43,1029.24,24686.0,0.0,0.0
1333,252.670,202.430,252.67,202.43,1029.24,22879.0,0.0,0.0
1334,252.670,202.430,252.67,202.43,1029.24,23693.0,0.0,0.0
1335,252.670,202.430,252.67,202.43,1029.24,24293.0,206.0,206.0
1336,252.670,202.430,252.67,202.43,1029.24,23277.0,182.0,182.0
1337,252.670,202.430,252.67,202.43,1029.24,24171.0,304.0,304.0
1338,252.670,202.430,252.67,202.43,1029.24,23789.0,0.0,0.0
1339,252.670,202.430,252.67,202.43,1029.24,23671.0,0.0,0.0
1340,252.670,202.430,252.67,202.43,1029.24,24158.0,338.0,338.0
1341,252.670,202.430,252.67,202.43,1029.24,24724.0,1024.0,1024.0
1342,252.670,202.430,252.67,202.43,1029.24,23835.0,0.0,0.0
1343,252.670,202.430,252.67,202.43,1029.24,25237.0,1187.0,1187.0
1344,252.670,202.430,252.67,202.43,1029.24,23266.0,0.0,0.0
1345,252.670,202.430,252.67,202.43,1029.24,23926.0,0.0,0.0
1346,252.670,202.430,252.67,202.43,1029.24,24331.0,426.0,426.0
1347,252.670,202.430,252.67,202.43,1029.24,24239.0,2.0,2.0
1348,252.670,202.430,252.67,202.43,1029.24,23512.0,0.0,0.0
1349,252.670,202.430,252.67,202.43,1029.24,23088.0,0.0,0.0
1350,252.670,202.430,252.67,202.43,1029.24,23158.0,22.0,22.0
1351,252.670,202.430,252.67,202.43,1029.24,22563.0,0.0,0.0
1352,252.670,202.430,252.67,202.43,1029.24,23470.0,0.0,0.0
1353,252.670,202.430,252.67,202.43,1029.24,23205.0,0.0,0.0
1354,252.670,202.430,252.67,202.43,1029.24,23673.0,0.0,0.0
1355,252.670,202.430,252.67,202.43,1029.24,25015.0,133.0,133.0
1356,252.670,202.430,252.67,202.43,1029.24,25409.0,1068.0,1068.0
1357,252.670,202.430,252.67,202.43,1029.24,24968.0,622.0,622.0
1358,252.670,202.430,252.67,202.43,1029.24,24831.0,295.0,295.0
1359,252.670,202.430,252.67,202.43,1029.24,23227.0,0.0,0.0
1360,252.670,202.430,252.67,202.43,1029.24,24123.0,0.0,0.0
1361,252.670,202.430,252.67,202.43,1029.24,22834.0,0.0,0.0
1362,252.670,202.430,252.67,202.43,1029.24,23063.0,0.0,0.0
1363,252.670,202.430,252.67,202.43,1029.24,23596.0,0.0,0.0
1364,252.670,202.430,252.67,202.43,1029.24,23984.0,0.0,0.0
1365,252.670,202.430,252.67,202.43,1029.24,21937.0,0.0,0.0
1366,252.670,202.430,252.67,202.43,1029.24,24475.0,51.0,51.0
1367,252.670,202.430,252.67,202.43,1029.24,25201.0,1950.0,1950.0
1368,252.670,202.430,252.67,202.43,1029.24,23524.0,0.0,0.0
1369,252.670,202.430,252.67,202.43,1029.24,24458.0,0.0,0.0
1370,252.670,202.430,252.67,202.43,1029.24,23783.0,323.0,323.0
1371,252.670,202.430,252.67,202.43,1029.24,22767.0,0.0,0.0
1372,252.670,202.430,252.67,202.43,1029.24,21807.0,0.0,0.0
1373,252.670,202.430,252.67,202.43,1029.24,23072.0,0.0,0.0
1374,252.670,202.430,252.67,202.43,1029.24,23319.0,0.0,0.0
1375,252.670,202.430,252.67,202.43,1029.24,22546.0,0.0,0.0
1376,252.670,202.430,252.67,202.43,1029.24,23763.0,0.0,0.0
1377,252.670,202.430,252.67,202.43,1029.24,23921.0,113.0,113.0
1378,252.670,202.430,252.67,202.43,1029.24,22854.0,0.0,0.0
1379,252.670,202.430,252.67,202.43,1029.24,23667.0,0.0,0.0
1380,252.670,202.430,252.67,202.43,1029.24,22652.0,0.0,0.0
1381,252.670,202.430,252.67,202.43,1029.24,23343.0,0.0,0.0
1382,252.670,202.430,252.67,202.43,1029.24,24593.0,398.0,398.0
1383,252.670,202.430,252.67,202.43,1029.24,24319.0,365.0,365.0
1384,252.670,202.430,252.67,202.43,1029.24,24664.0,293.0,293.0
1385,252.670,202.430,252.67,202.43,1029.24,23360.0,0.0,0.0
1386,252.670,202.430,252.67,202.43,1029.24,24016.0,0.0,0.0
1387,252.670,202.430,252.67,202.43,1029.24,23826.0,178.0,178.0
1388,252.670,202.430,252.67,202.43,1029.24,23799.0,12.0,12.0
1389,252.670,202.430,252.67,202.43,1029.24,24416.0,323.0,323.0
1390,252.670,202.430,252.67,202.43,1029.24,23951.0,118.0,118.0
1391,252.670,202.430,252.67,202.43,1029.24,24336.0,0.0,0.0
1392,252.670,202.430,252.67,202.43,1029.24,24374.0,1211.0,1211.0
1393,252.670,202.430,252.67,202.43,1029.24,23397.0,0.0,0.0
1394,252.670,202.430,252.67,202.43,1029.24,24390.0,0.0,0.0
1395,252.670,202.430,252.67,202.43,1029.24,23396.0,0.0,0.0
1396,252.670,202.430,252.67,202.43,1029.24,23219.0,0.0,0.0
1397,252.670,202.430,252.67,202.43,1029.24,23214.0,0.0,0.0
1398,252.670,202.430,252.67,202.43,1029.24,24849.0,0.0,0.0
1399,252.670,202.430,252.67,202.43,1029.24,24850.0,416.0,416.0
1400,252.670,202.430,252.67,202.43,1029.24,23041.0,0.0,0.0
1401,252.670,202.430,252.67,202.43,1029.24,24469.0,238.0,238.0
1402,252.670,202.430,252.67,202.43,1029.24,23349.0,0.0,0.0
1403,252.670,202.430,252.67,202.43,1029.24,23843.0,0.0,0.0
1404,252.670,202.430,252.67,202.43,1029.24,23403.0,0.0,0.0
1405,252.670,202.430,252.67,202.43,1029.24,23087.0,0.0,0.0
1406,252.670,202.430,252.67,202.43,1029.24,25107.0,338.0,338.0
1407,252.670,202.430,252.67,202.43,1029.24,23124.0,0.0,0.0
1408,252.670,202.430,252.67,202.43,1029.24,23878.0,0.0,0.0
1409,252.670,202.430,252.67,202.43,1029.24,23929.0,0.0,0.0
1410,252.670,202.430,252.67,202.43,1029.24,23033.0,0.0,0.0
1411,252.670,202.430,252.67,202.43,1029.24,24515.0,858.0,858.0
1412,252.670,202.430,252.67,202.43,1029.24,24588.0,525.0,525.0
1413,252.670,202.430,252.67,202.43,1029.24,24128.0,0.0,0.0
1414,252.670,202.430,252.67,202.43,1029.24,23208.0,0.0,0.0
1415,252.670,202.430,252.67,202.43,1029.24,24702.0,1239.0,1239.0
1416,252.670,202.430,252.67,202.43,1029.24,23745.0,2.0,2.0
1417,252.670,202.430,252.67,202.43,1029.24,24003.0,397.0,397.0
1418,252.670,202.430,252.67,202.43,1029.24,24465.0,0.0,0.0
1419,252.670,202.430,252.67,202.43,1029.24,23015.0,0.0,0.0
1420,252.670,202.430,252.67,202.43,1029.24,24140.0,0.0,0.0
1421,252.670,202.430,252.67,202.43,1029.24,24147.0,0.0,0.0
1422,252.670,202.430,252.67,202.43,1029.24,23273.0,0.0,0.0
1423,252.670,202.430,252.67,202.43,1029.24,24255.0,75.0,75.0
1424,252.670,202.430,252.67,202.43,1029.24,24645.0,60.0,60.0
1425,252.670,202.430,252.67,202.43,1029.24,24628.0,68.0,68.0
1426,252.670,202.430,252.67,202.43,1029.24,24255.0,0.0,0.0
1427,252.670,202.430,252.67,202.43,1029.24,24178.0,0.0,0.0
1428,252.670,202.430,252.67,202.43,1029.24,21572.0,0.0,0.0
1429,252.670,202.430,252.67,202.43,1029.24,23820.0,0.0,0.0
1430,252.670,202.430,252.67,202.43,1029.24,23731.0,81.0,81.0
1431,252.670,202.430,252.67,202.43,1029.24,23154.0,0.0,0.0
1432,252.670,202.430,252.67,202.43,1029.24,24841.0,474.0,474.0
1433,252.670,202.430,252.67,202.43,1029.24,23517.0,0.0,0.0
1434,252.670,202.430,252.67,202.43,1029.24,23560.0,0.0,0.0
1435,252.670,202.430,252.67,202.43,1029.24,22392.0,0.0,0.0
1436,252.670,202.430,252.67,202.43,1029.24,22647.0,0.0,0.0
1437,252.670,202.430,252.67,202.43,1029.24,23528.0,0.0,0.0
1438,252.670,202.430,252.67,202.43,1029.24,24243.0,0.0,0.0
1439,252.670,202.430,252.67,202.43,1029.24,25074.0,427.0,427.0
1440,252.670,202.430,252.67,202.43,1029.24,23187.0,0.0,0.0
1441,252.670,202.430,252.67,202.43,1029.24,23131.0,0.0,0.0
1442,252.670,202.430,252.67,202.43,1029.24,21919.0,0.0,0.0
1443,252.670,202.430,252.67,202.43,1029.24,24500.0,850.0,850.0
1444,252.670,202.430,252.67,202.43,1029.24,24007.0,0.0,0.0
1445,252.670,202.430,252.67,202.43,1029.24,23078.0,0.0,0.0
1446,252.670,202.430,252.67,202.43,1029.24,24582.0,989.0,989.0
1447,252.670,202.430,252.67,202.43,1029.24,23788.0,0.0,0.0
1448,252.670,202.430,252.67,202.43,1029.24,22276.0,0.0,0.0
1449,252.670,202.430,252.67,202.43,1029.24,22540.0,0.0,0.0
1450,252.670,202.430,252.67,202.43,1029.24,23571.0,0.0,0.0
1451,252.670,202.430,252.67,202.43,1029.24,24339.0,0.0,0.0
1452,252.670,202.430,252.67,202.43,1029.24,23152.0,0.0,0.0
1453,252.670,202.430,252.67,202.43,1029.24,25021.0,0.0,0.0
1454,252.670,202.430,252.67,202.43,1029.24,25801.0,1251.0,1251.0
1455,252.670,202.430,252.67,202.43,1029.24,23308.0,0.0,0.0
1456,252.670,202.430,252.67,202.43,1029.24,21994.0,0.0,0.0
1457,252.670,202.430,252.67,202.43,1029.24,23860.0,40.0,40.0
1458,252.670,202.430,252.67,202.43,1029.24,23016.0,0.0,0.0
1459,252.670,202.430,252.67,202.43,1029.24,23691.0,0.0,0.0
1460,252.670,202.430,252.67,202.43,1029.24,23572.0,0.0,0.0
1461,252.670,202.430,252.67,202.43,1029.24,25082.0,766.0,766.0
1462,252.670,202.430,252.67,202.43,1029.24,24084.0,527.0,527.0
1463,252.670,202.430,252.67,202.43,1029.24,21911.0,0.0,0.0
1464,252.670,202.430,252.67,202.43,1029.24,24429.0,84.0,84.0
1465,252.670,202.430,252.67,202.43,1029.24,23540.0,299.0,299.0
1466,252.670,202.430,252.67,202.43,1029.24,22686.0,0.0,0.0
1467,252.670,202.430,252.67,202.43,1029.24,24875.0,268.0,268.0
1468,252.670,202.430,252.67,202.43,1029.24,23217.0,262.0,262.0
1469,252.670,202.430,252.67,202.43,1029.24,23723.0,42.0,42.0
1470,252.670,202.430,252.67,202.43,1029.24,22970.0,0.0,0.0
1471,252.670,202.430,252.67,202.43,1029.24,24773.0,232.0,232.0
1472,252.670,202.430,252.67,202.43,1029.24,23385.0,75.0,75.0
1473,252.670,202.430,252.67,202.43,1029.24,23633.0,0.0,0.0
1474,252.670,202.430,252.67,202.43,1029.24,23684.0,0.0,0.0
1475,252.670,202.430,252.67,202.43,1029.24,24844.0,2.0,2.0
1476,252.670,202.430,252.67,202.43,1029.24,23483.0,0.0,0.0
1477,252.670,202.430,252.67,202.43,1029.24,23105.0,0.0,0.0
1478,252.670,202.430,252.67,202.43,1029.24,22768.0,0.0,0.0
1479,252.670,202.430,252.67,202.43,1029.24,23422.0,0.0,0.0
1480,252.670,202.430,252.67,202.43,1029.24,23380.0,179.0,179.0
1481,252.670,202.430,252.67,202.43,1029.24,24640.0,622.0,622.0
1482,252.670,202.430,252.67,202.43,1029.24,22897.0,0.0,0.0
1483,252.670,202.430,252.67,202.43,1029.24,23204.0,0.0,0.0
1484,252.670,202.430,252.67,202.43,1029.24,23674.0,0.0,0.0
1485,252.670,202.430,252.67,202.43,1029.24,24536.0,885.0,885.0
1486,252.670,202.430,252.67,202.43,1029.24,23427.0,0.0,0.0
1487,252.670,202.430,252.67,202.43,1029.24,23060.0,0.0,0.0
1488,252.670,202.430,252.67,202.43,1029.24,23547.0,0.0,0.0
1489,252.670,202.430,252.67,202.43,1029.24,23172.0,0.0,0.0
1490,252.670,202.430,252.67,202.43,1029.24,23102.0,0.0,0.0
1491,252.670,202.430,252.67,202.43,1029.24,24072.0,0.0,0.0
1492,252.670,202.430,252.67,202.43,1029.24,23429.0,0.0,0.0
1493,252.670,202.430,252.67,202.43,1029.24,24425.0,262.0,262.0
1494,252.670,202.430,252.67,202.43,1029.24,23293.0,0.0,0.0
1495,252.670,202.430,252.67,202.43,1029.24,23391.0,0.0,0.0
