id,avg_x,avg_y,x,y,bg,Square_intensity,circular_intensity,Gaussian_intensity
880,115.120,251.560,113.58,254.19,1146.88,27654.0,2200.0,2200.0
881,115.120,251.560,113.58,254.19,1146.88,24895.0,549.0,549.0
882,115.120,251.560,113.58,254.19,1146.88,26502.0,1212.0,1212.0
883,115.120,251.560,113.58,254.19,1146.88,28366.0,1998.0,1998.0
884,115.120,251.560,113.58,254.19,1146.88,25836.0,723.0,723.0
885,115.120,251.560,113.58,254.19,1146.88,25218.0,1030.0,1030.0
886,115.120,251.560,113.58,254.19,1146.88,26177.0,1329.0,1329.0
887,115.120,251.560,113.58,254.19,1146.88,27482.0,1713.0,1713.0
888,115.120,251.560,113.58,254.19,1146.88,30041.0,4176.0,4176.0
889,115.120,251.560,113.58,254.19,1146.88,26372.0,0.0,0.0
890,115.120,251.560,113.58,254.19,1146.88,28223.0,1905.0,1905.0
891,115.120,251.560,113.58,254.19,1146.88,26922.0,1475.0,1475.0
892,115.120,251.560,113.58,254.19,1146.88,28666.0,2120.0,2120.0
893,115.120,251.560,113.58,254.19,1146.88,26811.0,1969.0,1969.0
894,115.120,251.560,113.58,254.19,1146.88,26714.0,1728.0,1728.0
895,115.120,251.560,113.58,254.19,1146.88,26920.0,1984.0,1984.0
896,115.120,251.560,113.58,254.19,1146.88,27502.0,2676.0,2676.0
897,115.120,251.560,113.58,254.19,1146.88,28189.0,2960.0,2960.0
898,115.120,251.560,113.58,254.19,1146.88,27338.0,2063.0,2063.0
899,115.120,251.560,113.58,254.19,1146.88,27888.0,2177.0,2177.0
900,115.120,251.560,113.58,254.19,1146.88,28189.0,2652.0,2652.0
901,115.120,251.560,113.58,254.19,1146.88,26110.0,339.0,339.0
902,115.120,251.560,113.58,254.19,1146.88,27473.0,2426.0,2426.0
903,115.120,251.560,113.58,254.19,1146.88,25985.0,754.0,754.0
904,115.120,251.560,113.58,254.19,1146.88,26864.0,2156.0,2156.0
905,115.120,251.560,113.58,254.19,1146.88,28223.0,2554.0,2554.0
906,115.120,251.560,113.58,254.19,1146.88,29554.0,2639.0,2639.0
907,115.120,251.560,113.58,254.19,1146.88,27870.0,1812.0,1812.0
908,115.120,251.560,113.58,254.19,1146.88,27629.0,2363.0,2363.0
909,115.120,251.560,113.58,254.19,1146.88,25821.0,77.0,77.0
910,115.120,251.560,113.58,254.19,1146.88,25761.0,1194.0,1194.0
911,115.120,251.560,113.58,254.19,1146.88,29558.0,3768.0,3768.0
912,115.120,251.560,113.58,254.19,1146.88,27198.0,2091.0,2091.0
913,115.120,251.560,113.58,254.19,1146.88,30061.0,3141.0,3141.0
914,115.120,251.560,113.58,254.19,1146.88,27118.0,1918.0,1918.0
915,115.120,251.560,113.58,254.19,1146.88,27763.0,1368.0,1368.0
916,115.120,251.560,113.58,254.19,1146.88,27864.0,995.0,995.0
917,115.120,251.560,113.58,254.19,1146.88,29172.0,3765.0,3765.0
918,115.120,251.560,113.58,254.19,1146.88,28211.0,2494.0,2494.0
919,115.120,251.560,113.58,254.19,1146.88,28596.0,2783.0,2783.0
920,115.120,251.560,113.58,254.19,1146.88,27423.0,2075.0,2075.0
921,115.120,251.560,113.58,254.19,1146.88,29287.0,2922.0,2922.0
922,115.120,251.560,113.58,254.19,1146.88,31292.0,4597.0,4597.0
923,115.120,251.560,113.58,254.19,1146.88,27132.0,1181.0,1181.0
924,115.120,251.560,113.58,254.19,1146.88,27807.0,1877.0,1877.0
925,115.120,251.560,113.58,254.19,1146.88,27271.0,1525.0,1525.0
926,115.120,251.560,113.58,254.19,1146.88,28262.0,2913.0,2913.0
927,115.120,251.560,113.58,254.19,1146.88,27841.0,3012.0,3012.0
928,115.120,251.560,113.58,254.19,1146.88,27880.0,2063.0,2063.0
929,115.120,251.560,113.58,254.19,1146.88,27509.0,2427.0,2427.0
930,115.120,251.560,113.58,254.19,1146.88,30016.0,4543.0,4543.0
931,115.120,251.560,113.58,254.19,1146.88,25115.0,0.0,0.0
932,115.120,251.560,113.58,254.19,1146.88,26612.0,774.0,774.0
933,115.120,251.560,113.58,254.19,1146.88,27911.0,2405.0,2405.0
934,115.120,251.560,113.58,254.19,1146.88,28413.0,2446.0,2446.0
935,115.120,251.560,113.58,254.19,1146.88,28919.0,2890.0,2890.0
936,115.120,251.560,113.58,254.19,1146.88,28079.0,1943.0,1943.0
937,115.120,251.560,113.58,254.19,1146.88,30814.0,3913.0,3913.0
938,115.120,251.560,113.58,254.19,1146.88,30184.0,3752.0,3752.0
939,115.120,251.560,113.58,254.19,1146.88,28424.0,2896.0,2896.0
940,115.120,251.560,113.58,254.19,1146.88,26827.0,1022.0,1022.0
941,115.120,251.560,113.58,254.19,1146.88,29023.0,2346.0,2346.0
942,115.120,251.560,113.58,254.19,1146.88,25784.0,1050.0,1050.0
943,115.120,251.560,113.58,254.19,1146.88,25091.0,319.0,319.0
944,115.120,251.560,113.58,254.19,1146.88,28996.0,2788.0,2788.0
945,115.120,251.560,113.58,254.19,1146.88,26621.0,357.0,357.0
946,115.120,251.560,113.58,254.19,1146.88,27650.0,3072.0,3072.0
947,115.120,251.560,113.58,254.19,1146.88,25726.0,10.0,10.0
948,115.120,251.560,113.58,254.19,1146.88,28446.0,3741.0,3741.0
949,115.120,251.560,113.58,254.19,1146.88,26827.0,1381.0,1381.0
950,115.120,251.560,113.58,254.19,1146.88,27129.0,2484.0,2484.0
951,115.120,251.560,113.58,254.19,1146.88,26299.0,655.0,655.0
952,115.120,251.560,113.58,254.19,1146.88,27126.0,2607.0,2607.0
953,115.120,251.560,113.58,254.19,1146.88,28526.0,3132.0,3132.0
954,115.120,251.560,113.58,254.19,1146.88,26194.0,1501.0,1501.0
955,115.120,251.560,113.58,254.19,1146.88,29498.0,4182.0,4182.0
956,115.120,251.560,113.58,254.19,1146.88,28577.0,2304.0,2304.0
957,115.120,251.560,113.58,254.19,1146.88,30791.0,3142.0,3142.0
958,115.120,251.560,113.58,254.19,1146.88,27894.0,2366.0,2366.0
959,115.120,251.560,113.58,254.19,1146.88,28400.0,2801.0,2801.0
960,115.120,251.560,113.58,254.19,1146.88,27198.0,1938.0,1938.0
961,115.120,251.560,113.58,254.19,1146.88,26294.0,1003.0,1003.0
962,115.120,251.560,113.58,254.19,1146.88,25594.0,405.0,405.0
963,115.120,251.560,113.58,254.19,1146.88,26308.0,1062.0,1062.0
964,115.120,251.560,113.58,254.19,1146.88,28344.0,1938.0,1938.0
965,115.120,251.560,113.58,254.19,1146.88,26207.0,0.0,0.0
966,115.120,251.560,113.58,254.19,1146.88,28417.0,2354.0,2354.0
967,115.120,251.560,113.58,254.19,1146.88,28155.0,3182.0,3182.0
968,115.120,251.560,113.58,254.19,1146.88,29912.0,4500.0,4500.0
969,115.120,251.560,113.58,254.19,1146.88,27207.0,1921.0,1921.0
970,115.120,251.560,113.58,254.19,1146.88,28889.0,2946.0,2946.0
971,115.120,251.560,113.58,254.19,1146.88,27671.0,1852.0,1852.0
972,115.120,251.560,113.58,254.19,1146.88,28246.0,2499.0,2499.0
973,115.120,251.560,113.58,254.19,1146.88,26010.0,1146.0,1146.0
974,115.120,251.560,113.58,254.19,1146.88,30365.0,3670.0,3670.0
975,115.120,251.560,113.58,254.19,1146.88,27005.0,1294.0,1294.0
976,115.120,251.560,113.58,254.19,1146.88,27083.0,1446.0,1446.0
977,115.120,251.560,113.58,254.19,1146.88,25495.0,823.0,823.0
978,115.120,251.560,113.58,254.19,1146.88,25457.0,228.0,228.0
979,115.120,251.560,113.58,254.19,1146.88,27697.0,1946.0,1946.0
980,115.120,251.560,113.58,254.19,1146.88,28739.0,2758.0,2758.0
981,115.120,251.560,113.58,254.19,1146.88,26479.0,1865.0,1865.0
982,115.120,251.560,113.58,254.19,1146.88,28180.0,1713.0,1713.0
983,115.120,251.560,113.58,254.19,1146.88,27696.0,2436.0,2436.0
984,115.120,251.560,113.58,254.19,1146.88,29588.0,3978.0,3978.0
985,115.120,251.560,113.58,254.19,1146.88,28653.0,3464.0,3464.0
986,115.120,251.560,113.58,254.19,1146.88,27038.0,2257.0,2257.0
987,115.120,251.560,113.58,254.19,1146.88,26442.0,1550.0,1550.0
988,115.120,251.560,113.58,254.19,1146.88,28294.0,2470.0,2470.0
989,115.120,251.560,113.58,254.19,1146.88,27271.0,1844.0,1844.0
990,115.120,251.560,113.58,254.19,1146.88,27882.0,2736.0,2736.0
991,115.120,251.560,113.58,254.19,1146.88,27729.0,2010.0,2010.0
992,115.120,251.560,113.58,254.19,1146.88,28850.0,3066.0,3066.0
993,115.120,251.560,113.58,254.19,1146.88,27315.0,1628.0,1628.0
994,115.120,251.560,113.58,254.19,1146.88,26915.0,2201.0,2201.0
995,115.120,251.560,113.58,254.19,1146.88,26824.0,1399.0,1399.0
996,115.120,251.560,113.58,254.19,1146.88,25694.0,1268.0,1268.0
997,115.120,251.560,113.58,254.19,1146.88,27097.0,973.0,973.0
998,115.120,251.560,113.58,254.19,1146.88,28380.0,3009.0,3009.0
999,115.120,251.560,113.58,254.19,1146.88,29018.0,2488.0,2488.0
1000,115.120,251.560,113.58,254.19,1146.88,26833.0,1192.0,1192.0
1001,115.120,251.560,113.58,254.19,1146.88,29104.0,3149.0,3149.0
1002,115.120,251.560,113.58,254.19,1146.88,28117.0,2237.0,2237.0
1003,115.120,251.560,113.58,254.19,1146.88,29061.0,3361.0,3361.0
1004,115.120,251.560,113.58,254.19,1146.88,25763.0,721.0,721.0
1005,115.120,251.560,113.58,254.19,1146.88,27615.0,2332.0,2332.0
1006,115.120,251.560,113.58,254.19,1146.88,25689.0,288.0,288.0
1007,115.120,251.560,113.58,254.19,1146.88,27062.0,1471.0,1471.0
1008,115.120,251.560,113.58,254.19,1146.88,27946.0,2311.0,2311.0
1009,115.120,251.560,113.58,254.19,1146.88,26177.0,1195.0,1195.0
1010,115.120,251.560,113.58,254.19,1146.88,26600.0,1588.0,1588.0
1011,115.120,251.560,113.58,254.19,1146.88,30320.0,2443.0,2443.0
1012,115.120,251.560,113.58,254.19,1146.88,28147.0,3316.0,3316.0
1013,115.120,251.560,113.58,254.19,1146.88,28140.0,2122.0,2122.0
1014,115.120,251.560,113.58,254.19,1146.88,27080.0,1295.0,1295.0
1015,115.120,251.560,113.58,254.19,1146.88,27807.0,1454.0,1454.0
1016,115.120,251.560,113.58,254.19,1146.88,26146.0,288.0,288.0
1017,115.120,251.560,113.58,254.19,1146.88,27614.0,2923.0,2923.0
1018,115.120,251.560,113.58,254.19,1146.88,27343.0,2559.0,2559.0
1019,115.120,251.560,113.58,254.19,1146.88,28825.0,1978.0,1978.0
1020,115.120,251.560,113.58,254.19,1146.88,28160.0,1454.0,1454.0
1021,115.120,251.560,113.58,254.19,1146.88,27049.0,850.0,850.0
1022,115.120,251.560,113.58,254.19,1146.88,27608.0,1834.0,1834.0
1023,115.120,251.560,113.58,254.19,1146.88,28986.0,3264.0,3264.0
1024,115.120,251.560,113.58,254.19,1146.88,27043.0,1793.0,1793.0
1025,115.120,251.560,113.58,254.19,1146.88,27346.0,2020.0,2020.0
1026,115.120,251.560,113.58,254.19,1146.88,26641.0,1043.0,1043.0
1027,115.120,251.560,113.58,254.19,1146.88,27211.0,1093.0,1093.0
1028,115.120,251.560,113.58,254.19,1146.88,28810.0,2785.0,2785.0
1029,115.120,251.560,113.58,254.19,1146.88,27770.0,2223.0,2223.0
1030,115.120,251.560,113.58,254.19,1146.88,28535.0,3004.0,3004.0
1031,115.120,251.560,113.58,254.19,1146.88,28377.0,2578.0,2578.0
1032,115.120,251.560,113.58,254.19,1146.88,25329.0,1190.0,1190.0
1033,115.120,251.560,113.58,254.19,1146.88,27233.0,3722.0,3722.0
1034,115.120,251.560,113.58,254.19,1146.88,27896.0,3289.0,3289.0
1035,115.120,251.560,113.58,254.19,1146.88,27206.0,899.0,899.0
1036,115.120,251.560,113.58,254.19,1146.88,27941.0,1717.0,1717.0
1037,115.120,251.560,113.58,254.19,1146.88,27085.0,2574.0,2574.0
1038,115.120,251.560,113.58,254.19,1146.88,25245.0,366.0,366.0
1039,115.120,251.560,113.58,254.19,1146.88,28006.0,2125.0,2125.0
1040,115.120,251.560,113.58,254.19,1146.88,26682.0,1920.0,1920.0
1041,115.120,251.560,113.58,254.19,1146.88,25171.0,228.0,228.0
1042,115.120,251.560,113.58,254.19,1146.88,24266.0,483.0,483.0
1043,115.120,251.560,113.58,254.19,1146.88,28678.0,3377.0,3377.0
1044,115.120,251.560,113.58,254.19,1146.88,27970.0,2192.0,2192.0
1045,115.120,251.560,113.58,254.19,1146.88,26897.0,2153.0,2153.0
1046,115.120,251.560,113.58,254.19,1146.88,29456.0,4212.0,4212.0
1047,115.120,251.560,113.58,254.19,1146.88,27403.0,2985.0,2985.0
1048,115.120,251.560,113.58,254.19,1146.88,29598.0,4470.0,4470.0
1049,115.120,251.560,113.58,254.19,1146.88,27722.0,2096.0,2096.0
1050,115.120,251.560,113.58,254.19,1146.88,27016.0,2032.0,2032.0
1051,115.120,251.560,113.58,254.19,1146.88,28024.0,2231.0,2231.0
1052,115.120,251.560,113.58,254.19,1146.88,27149.0,2254.0,2254.0
1053,115.120,251.560,113.58,254.19,1146.88,27767.0,2354.0,2354.0
1054,115.120,251.560,113.58,254.19,1146.88,28755.0,2911.0,2911.0
1055,115.120,251.560,113.58,254.19,1146.88,29274.0,3933.0,3933.0
1056,115.120,251.560,113.58,254.19,1146.88,28733.0,3501.0,3501.0
1057,115.120,251.560,113.58,254.19,1146.88,27955.0,2912.0,2912.0
1058,115.120,251.560,113.58,254.19,1146.88,28143.0,2615.0,2615.0
1059,115.120,251.560,113.58,254.19,1146.88,29243.0,3597.0,3597.0
1060,115.120,251.560,113.58,254.19,1146.88,30821.0,3305.0,3305.0
1061,115.120,251.560,113.58,254.19,1146.88,29479.0,3615.0,3615.0
1062,115.120,251.560,113.58,254.19,1146.88,29847.0,4030.0,4030.0
1063,115.120,251.560,113.58,254.19,1146.88,27850.0,2671.0,2671.0
1064,115.120,251.560,113.58,254.19,1146.88,29752.0,4245.0,4245.0
1065,115.120,251.560,113.58,254.19,1146.88,28820.0,2488.0,2488.0
1066,115.120,251.560,113.58,254.19,1146.88,29030.0,3399.0,3399.0
1067,115.120,251.560,113.58,254.19,1146.88,28152.0,1491.0,1491.0
1068,115.120,251.560,113.58,254.19,1146.88,27545.0,3378.0,3378.0
1069,115.120,251.560,113.58,254.19,1146.88,27217.0,2746.0,2746.0
1070,115.120,251.560,113.58,254.19,1146.88,28875.0,3203.0,3203.0
1071,115.120,251.560,113.58,254.19,1146.88,27655.0,1496.0,1496.0
1072,115.120,251.560,113.58,254.19,1146.88,25616.0,566.0,566.0
1073,115.120,251.560,113.58,254.19,1146.88,27630.0,2101.0,2101.0
1074,115.120,251.560,113.58,254.19,1146.88,28981.0,4078.0,4078.0
1075,115.120,251.560,113.58,254.19,1146.88,25518.0,1059.0,1059.0
1076,115.120,251.560,113.58,254.19,1146.88,27998.0,2809.0,2809.0
1077,115.120,251.560,113.58,254.19,1146.88,27003.0,2344.0,2344.0
1078,115.120,251.560,113.58,254.19,1146.88,26471.0,2315.0,2315.0
1079,115.120,251.560,113.58,254.19,1146.88,26183.0,1011.0,1011.0
1080,115.120,251.560,113.58,254.19,1146.88,27032.0,2572.0,2572.0
1081,115.120,251.560,113.58,254.19,1146.88,26230.0,1333.0,1333.0
1082,115.120,251.560,113.58,254.19,1146.88,27147.0,2174.0,2174.0
1083,115.120,251.560,113.58,254.19,1146.88,29793.0,3344.0,3344.0
1084,115.120,251.560,113.58,254.19,1146.88,27430.0,2318.0,2318.0
1085,115.120,251.560,113.58,254.19,1146.88,26821.0,2180.0,2180.0
1086,115.120,251.560,113.58,254.19,1146.88,28504.0,3798.0,3798.0
1087,115.120,251.560,113.58,254.19,1146.88,25364.0,1529.0,1529.0
1088,115.120,251.560,113.58,254.19,1146.88,25986.0,1501.0,1501.0
1089,115.120,251.560,113.58,254.19,1146.88,27206.0,1623.0,1623.0
1090,115.120,251.560,113.58,254.19,1146.88,26626.0,1738.0,1738.0
1091,115.120,251.560,113.58,254.19,1146.88,28227.0,3363.0,3363.0
1092,115.120,251.560,113.58,254.19,1146.88,28599.0,1644.0,1644.0
1093,115.120,251.560,113.58,254.19,1146.88,27750.0,2201.0,2201.0
1094,115.120,251.560,113.58,254.19,1146.88,27545.0,3535.0,3535.0
1095,115.120,251.560,113.58,254.19,1146.88,28452.0,3315.0,3315.0
1096,115.120,251.560,113.58,254.19,1146.88,26333.0,1640.0,1640.0
1097,115.120,251.560,113.58,254.19,1146.88,26407.0,1790.0,1790.0
1098,115.120,251.560,113.58,254.19,1146.88,25904.0,513.0,513.0
1099,115.120,251.560,113.58,254.19,1146.88,27169.0,1413.0,1413.0
1100,115.120,251.560,113.58,254.19,1146.88,27670.0,1838.0,1838.0
1101,115.120,251.560,113.58,254.19,1146.88,27199.0,2847.0,2847.0
1102,115.120,251.560,113.58,254.19,1146.88,27621.0,2221.0,2221.0
1103,115.120,251.560,113.58,254.19,1146.88,26717.0,1418.0,1418.0
1104,115.120,251.560,113.58,254.19,1146.88,27899.0,1711.0,1711.0
1105,115.120,251.560,113.58,254.19,1146.88,28056.0,1566.0,1566.0
1106,115.120,251.560,113.58,254.19,1146.88,27228.0,2378.0,2378.0
1107,115.120,251.560,113.58,254.19,1146.88,26433.0,1326.0,1326.0
1108,115.120,251.560,113.58,254.19,1146.88,25511.0,824.0,824.0
1109,115.120,251.560,113.58,254.19,1146.88,27944.0,3402.0,3402.0
1110,115.120,251.560,113.58,254.19,1146.88,25422.0,646.0,646.0
1111,115.120,251.560,113.58,254.19,1146.88,25277.0,1590.0,1590.0
1112,115.120,251.560,113.58,254.19,1146.88,27481.0,3542.0,3542.0
1113,115.120,251.560,113.58,254.19,1146.88,28767.0,3720.0,3720.0
1114,115.120,251.560,113.58,254.19,1146.88,26531.0,2228.0,2228.0
1115,115.120,251.560,113.58,254.19,1146.88,27799.0,2170.0,2170.0
1116,115.120,251.560,113.58,254.19,1146.88,28208.0,3176.0,3176.0
1117,115.120,251.560,113.58,254.19,1146.88,24844.0,0.0,0.0
1118,115.120,251.560,113.58,254.19,1146.88,27691.0,1612.0,1612.0
1119,115.120,251.560,113.58,254.19,1146.88,28192.0,3134.0,3134.0
1120,115.120,251.560,113.58,254.19,1146.88,25800.0,2127.0,2127.0
1121,115.120,251.560,113.58,254.19,1146.88,24330.0,1267.0,1267.0
1122,115.120,251.560,113.58,254.19,1146.88,25522.0,1276.0,1276.0
1123,115.120,251.560,113.58,254.19,1146.88,24036.0,422.0,422.0
1124,115.120,251.560,113.58,254.19,1146.88,24378.0,264.0,264.0
1125,115.120,251.560,113.58,254.19,1146.88,24568.0,22.0,22.0
1126,115.120,251.560,113.58,254.19,1146.88,24439.0,575.0,575.0
1127,115.120,251.560,113.58,254.19,1146.88,23640.0,0.0,0.0
1128,115.120,251.560,113.58,254.19,1146.88,24541.0,308.0,308.0
1129,115.120,251.560,113.58,254.19,1146.88,26748.0,2294.0,2294.0
1130,115.120,251.560,113.58,254.19,1146.88,23328.0,0.0,0.0
1131,115.120,251.560,113.58,254.19,1146.88,24582.0,0.0,0.0
1132,115.120,251.560,113.58,254.19,1146.88,25144.0,1061.0,1061.0
1133,115.120,251.560,113.58,254.19,1146.88,25274.0,625.0,625.0
1134,115.120,251.560,113.58,254.19,1146.88,24620.0,0.0,0.0
1135,115.120,251.560,113.58,254.19,1146.88,22739.0,0.0,0.0
1136,115.120,251.560,113.58,254.19,1146.88,24621.0,379.0,379.0
1137,115.120,251.560,113.58,254.19,1146.88,24918.0,41.0,41.0
1138,115.120,251.560,113.58,254.19,1146.88,24184.0,0.0,0.0
1139,115.120,251.560,113.58,254.19,1146.88,23802.0,640.0,640.0
1140,115.120,251.560,113.58,254.19,1146.88,24873.0,701.0,701.0
1141,115.120,251.560,113.58,254.19,1146.88,25471.0,1416.0,1416.0
1142,115.120,251.560,113.58,254.19,1146.88,25408.0,1593.0,1593.0
1143,115.120,251.560,113.58,254.19,1146.88,24253.0,186.0,186.0
1144,115.120,251.560,113.58,254.19,1146.88,25939.0,1137.0,1137.0
1145,115.120,251.560,113.58,254.19,1146.88,24823.0,300.0,300.0
1146,115.120,251.560,113.58,254.19,1146.88,24271.0,380.0,380.0
1147,115.120,251.560,113.58,254.19,1146.88,23844.0,271.0,271.0
1148,115.120,251.560,113.58,254.19,1146.88,26773.0,2144.0,2144.0
1149,115.120,251.560,113.58,254.19,1146.88,33520.0,8947.0,8947.0
1150,115.120,251.560,113.58,254.19,1146.88,36481.0,11285.0,11285.0
1151,115.120,251.560,113.58,254.19,1146.88,35362.0,9928.0,9928.0
1152,115.120,251.560,113.58,254.19,1146.88,33888.0,7926.0,7926.0
1153,115.120,251.560,113.58,254.19,1146.88,33552.0,7938.0,7938.0
1154,115.120,251.560,113.58,254.19,1146.88,33601.0,7474.0,7474.0
1155,115.120,251.560,113.58,254.19,1146.88,33865.0,8320.0,8320.0
1156,115.120,251.560,113.58,254.19,1146.88,32517.0,7313.0,7313.0
1157,115.120,251.560,113.58,254.19,1146.88,32533.0,7036.0,7036.0
1158,115.120,251.560,113.58,254.19,1146.88,34740.0,9012.0,9012.0
1159,115.120,251.560,113.58,254.19,1146.88,30551.0,5277.0,5277.0
1160,115.120,251.560,113.58,254.19,1146.88,33669.0,8557.0,8557.0
1161,115.120,251.560,113.58,254.19,1146.88,33674.0,8457.0,8457.0
1162,115.120,251.560,113.58,254.19,1146.88,34117.0,7602.0,7602.0
1163,115.120,251.560,113.58,254.19,1146.88,35995.0,10051.0,10051.0
1164,115.120,251.560,113.58,254.19,1146.88,37523.0,12132.0,12132.0
1165,115.120,251.560,113.58,254.19,1146.88,34389.0,8082.0,8082.0
1166,115.120,251.560,113.58,254.19,1146.88,38498.0,11781.0,11781.0
1167,115.120,251.560,113.58,254.19,1146.88,38912.0,12293.0,12293.0
1168,115.120,251.560,113.58,254.19,1146.88,36811.0,9991.0,9991.0
1169,115.120,251.560,113.58,254.19,1146.88,41383.0,14744.0,14744.0
1170,115.120,251.560,113.58,254.19,1146.88,41408.0,14129.0,14129.0
1171,115.120,251.560,113.58,254.19,1146.88,38978.0,12639.0,12639.0
1172,115.120,251.560,113.58,254.19,1146.88,36997.0,11286.0,11286.0
1173,115.120,251.560,113.58,254.19,1146.88,42257.0,16605.0,16605.0
1174,115.120,251.560,113.58,254.19,1146.88,37318.0,12704.0,12704.0
1175,115.120,251.560,113.58,254.19,1146.88,41780.0,14538.0,14538.0
1176,115.120,251.560,113.58,254.19,1146.88,43193.0,17896.0,17896.0
1177,115.120,251.560,113.58,254.19,1146.88,41315.0,14309.0,14309.0
1178,115.120,251.560,113.58,254.19,1146.88,39378.0,13486.0,13486.0
1179,115.120,251.560,113.58,254.19,1146.88,37906.0,11450.0,11450.0
1180,115.120,251.560,113.58,254.19,1146.88,43418.0,15782.0,15782.0
1181,115.120,251.560,113.58,254.19,1146.88,43140.0,15629.0,15629.0
1182,115.120,251.560,113.58,254.19,1146.88,43814.0,16453.0,16453.0
1183,115.120,251.560,113.58,254.19,1146.88,40680.0,13266.0,13266.0
1184,115.120,251.560,113.58,254.19,1146.88,33025.0,7674.0,7674.0
1185,115.120,251.560,113.58,254.19,1146.88,41246.0,14007.0,14007.0
1186,115.120,251.560,113.58,254.19,1146.88,48735.0,19875.0,19875.0
1187,115.120,251.560,113.58,254.19,1146.88,46758.0,17788.0,17788.0
1188,115.120,251.560,113.58,254.19,1146.88,45218.0,17777.0,17777.0
1189,115.120,251.560,113.58,254.19,1146.88,43776.0,16661.0,16661.0
1190,115.120,251.560,113.58,254.19,1146.88,49090.0,20905.0,20905.0
1191,115.120,251.560,113.58,254.19,1146.88,45443.0,17613.0,17613.0
1192,115.120,251.560,113.58,254.19,1146.88,45691.0,18623.0,18623.0
1193,115.120,251.560,113.58,254.19,1146.88,48394.0,19303.0,19303.0
1194,115.120,251.560,113.58,254.19,1146.88,48830.0,21520.0,21520.0
1195,115.120,251.560,113.58,254.19,1146.88,44766.0,18643.0,18643.0
1196,115.120,251.560,113.58,254.19,1146.88,41924.0,15025.0,15025.0
1197,115.120,251.560,113.58,254.19,1146.88,44281.0,16545.0,16545.0
1198,115.120,251.560,113.58,254.19,1146.88,48601.0,19574.0,19574.0
1199,115.120,251.560,113.58,254.19,1146.88,43819.0,15710.0,15710.0
1200,115.120,251.560,113.58,254.19,1146.88,44114.0,17918.0,17918.0
1201,115.120,251.560,113.58,254.19,1146.88,44569.0,17293.0,17293.0
1202,115.120,251.560,113.58,254.19,1146.88,45035.0,17544.0,17544.0
1203,115.120,251.560,113.58,254.19,1146.88,45367.0,17930.0,17930.0
1204,115.120,251.560,113.58,254.19,1146.88,46465.0,18022.0,18022.0
1205,115.120,251.560,113.58,254.19,1146.88,44286.0,16385.0,16385.0
1206,115.120,251.560,113.58,254.19,1146.88,49324.0,20600.0,20600.0
1207,115.120,251.560,113.58,254.19,1146.88,49441.0,20788.0,20788.0
1208,115.120,251.560,113.58,254.19,1146.88,47385.0,19506.0,19506.0
1209,115.120,251.560,113.58,254.19,1146.88,45682.0,18527.0,18527.0
1210,115.120,251.560,113.58,254.19,1146.88,46299.0,17887.0,17887.0
1211,115.120,251.560,113.58,254.19,1146.88,44512.0,17687.0,17687.0
1212,115.120,251.560,113.58,254.19,1146.88,44938.0,18157.0,18157.0
1213,115.120,251.560,113.58,254.19,1146.88,43883.0,16628.0,16628.0
1214,115.120,251.560,113.58,254.19,1146.88,43000.0,15407.0,15407.0
1215,115.120,251.560,113.58,254.19,1146.88,44384.0,17120.0,17120.0
1216,115.120,251.560,113.58,254.19,1146.88,44134.0,15960.0,15960.0
1217,115.120,251.560,113.58,254.19,1146.88,38670.0,12586.0,12586.0
1218,115.120,251.560,113.58,254.19,1146.88,35733.0,8915.0,8915.0
1219,115.120,251.560,113.58,254.19,1146.88,35601.0,9951.0,9951.0
1220,115.120,251.560,113.58,254.19,1146.88,38414.0,12334.0,12334.0
1221,115.120,251.560,113.58,254.19,1146.88,37941.0,12630.0,12630.0
1222,115.120,251.560,113.58,254.19,1146.88,40368.0,14020.0,14020.0
1223,115.120,251.560,113.58,254.19,1146.88,41864.0,14796.0,14796.0
1224,115.120,251.560,113.58,254.19,1146.88,43430.0,14687.0,14687.0
1225,115.120,251.560,113.58,254.19,1146.88,44255.0,16757.0,16757.0
1226,115.120,251.560,113.58,254.19,1146.88,43757.0,15119.0,15119.0
1227,115.120,251.560,113.58,254.19,1146.88,44242.0,17627.0,17627.0
1228,115.120,251.560,113.58,254.19,1146.88,42545.0,15378.0,15378.0
1229,115.120,251.560,113.58,254.19,1146.88,36711.0,11028.0,11028.0
1230,115.120,251.560,113.58,254.19,1146.88,39894.0,13974.0,13974.0
1231,115.120,251.560,113.58,254.19,1146.88,39801.0,12682.0,12682.0
1232,115.120,251.560,113.58,254.19,1146.88,43664.0,16782.0,16782.0
1233,115.120,251.560,113.58,254.19,1146.88,47527.0,20128.0,20128.0
1234,115.120,251.560,113.58,254.19,1146.88,40605.0,14000.0,14000.0
1235,115.120,251.560,113.58,254.19,1146.88,38133.0,12428.0,12428.0
1236,115.120,251.560,113.58,254.19,1146.88,39304.0,13082.0,13082.0
1237,115.120,251.560,113.58,254.19,1146.88,42126.0,15299.0,15299.0
1238,115.120,251.560,113.58,254.19,1146.88,42278.0,16098.0,16098.0
1239,115.120,251.560,113.58,254.19,1146.88,40341.0,13771.0,13771.0
1240,115.120,251.560,113.58,254.19,1146.88,41530.0,13399.0,13399.0
1241,115.120,251.560,113.58,254.19,1146.88,41582.0,14406.0,14406.0
1242,115.120,251.560,113.58,254.19,1146.88,40641.0,14011.0,14011.0
1243,115.120,251.560,113.58,254.19,1146.88,40732.0,13619.0,13619.0
1244,115.120,251.560,113.58,254.19,1146.88,41492.0,14589.0,14589.0
1245,115.120,251.560,113.58,254.19,1146.88,43745.0,15427.0,15427.0
1246,115.120,251.560,113.58,254.19,1146.88,42741.0,14527.0,14527.0
1247,115.120,251.560,113.58,254.19,1146.88,39842.0,12245.0,12245.0
1248,115.120,251.560,113.58,254.19,1146.88,42592.0,15079.0,15079.0
1249,115.120,251.560,113.58,254.19,1146.88,42557.0,15490.0,15490.0
1250,115.120,251.560,113.58,254.19,1146.88,44824.0,17497.0,17497.0
1251,115.120,251.560,113.58,254.19,1146.88,41237.0,13925.0,13925.0
1252,115.120,251.560,113.58,254.19,1146.88,42210.0,16337.0,16337.0
1253,115.120,251.560,113.58,254.19,1146.88,43826.0,17280.0,17280.0
1254,115.120,251.560,113.58,254.19,1146.88,38876.0,12311.0,12311.0
1255,115.120,251.560,113.58,254.19,1146.88,43888.0,17527.0,17527.0
1256,115.120,251.560,113.58,254.19,1146.88,46042.0,18948.0,18948.0
1257,115.120,251.560,113.58,254.19,1146.88,41193.0,13454.0,13454.0
1258,115.120,251.560,113.58,254.19,1146.88,42349.0,15018.0,15018.0
1259,115.120,251.560,113.58,254.19,1146.88,45113.0,16993.0,16993.0
1260,115.120,251.560,113.58,254.19,1146.88,42216.0,14965.0,14965.0
1261,115.120,251.560,113.58,254.19,1146.88,39430.0,11883.0,11883.0
1262,115.120,251.560,113.58,254.19,1146.88,36071.0,10121.0,10121.0
1263,115.120,251.560,113.58,254.19,1146.88,35914.0,10914.0,10914.0
1264,115.120,251.560,113.58,254.19,1146.88,40337.0,13805.0,13805.0
1265,115.120,251.560,113.58,254.19,1146.88,40922.0,14330.0,14330.0
1266,115.120,251.560,113.58,254.19,1146.88,39094.0,12539.0,12539.0
1267,115.120,251.560,113.58,254.19,1146.88,37377.0,11443.0,11443.0
1268,115.120,251.560,113.58,254.19,1146.88,43221.0,15947.0,15947.0
1269,115.120,251.560,113.58,254.19,1146.88,42884.0,16136.0,16136.0
1270,115.120,251.560,113.58,254.19,1146.88,36494.0,10692.0,10692.0
1271,115.120,251.560,113.58,254.19,1146.88,41573.0,13684.0,13684.0
1272,115.120,251.560,113.58,254.19,1146.88,41715.0,13383.0,13383.0
1273,115.120,251.560,113.58,254.19,1146.88,52069.0,24365.0,24365.0
1274,115.120,251.560,113.58,254.19,1146.88,42034.0,14602.0,14602.0
1275,115.120,251.560,113.58,254.19,1146.88,38946.0,11799.0,11799.0
1276,115.120,251.560,113.58,254.19,1146.88,40239.0,14689.0,14689.0
1277,115.120,251.560,113.58,254.19,1146.88,42127.0,15417.0,15417.0
1278,115.120,251.560,113.58,254.19,1146.88,42996.0,16538.0,16538.0
1279,115.120,251.560,113.58,254.19,1146.88,38873.0,13242.0,13242.0
1280,115.120,251.560,113.58,254.19,1146.88,39831.0,13036.0,13036.0
1281,115.120,251.560,113.58,254.19,1146.88,40409.0,13725.0,13725.0
1282,115.120,251.560,113.58,254.19,1146.88,39137.0,12914.0,12914.0
1283,115.120,251.560,113.58,254.19,1146.88,43969.0,16270.0,16270.0
1284,115.120,251.560,113.58,254.19,1146.88,39786.0,12504.0,12504.0
1285,115.120,251.560,113.58,254.19,1146.88,39641.0,13658.0,13658.0
1286,115.120,251.560,113.58,254.19,1146.88,40662.0,13933.0,13933.0
1287,115.120,251.560,113.58,254.19,1146.88,40115.0,13464.0,13464.0
1288,115.120,251.560,113.58,254.19,1146.88,44184.0,15766.0,15766.0
1289,115.120,251.560,113.58,254.19,1146.88,43729.0,16470.0,16470.0
1290,115.120,251.560,113.58,254.19,1146.88,39736.0,12912.0,12912.0
1291,115.120,251.560,113.58,254.19,1146.88,44381.0,17848.0,17848.0
1292,115.120,251.560,113.58,254.19,1146.88,41366.0,14939.0,14939.0
1293,115.120,251.560,113.58,254.19,1146.88,42485.0,14354.0,14354.0
1294,115.120,251.560,113.58,254.19,1146.88,39080.0,12016.0,12016.0
1295,115.120,251.560,113.58,254.19,1146.88,38837.0,13620.0,13620.0
1296,115.120,251.560,113.58,254.19,1146.88,39945.0,13088.0,13088.0
1297,115.120,251.560,113.58,254.19,1146.88,36817.0,10839.0,10839.0
1298,115.120,251.560,113.58,254.19,1146.88,41001.0,13865.0,13865.0
1299,115.120,251.560,113.58,254.19,1146.88,42834.0,15589.0,15589.0
1300,115.120,251.560,113.58,254.19,1146.88,42174.0,15186.0,15186.0
1301,115.120,251.560,113.58,254.19,1146.88,42125.0,16109.0,16109.0
1302,115.120,251.560,113.58,254.19,1146.88,39992.0,12668.0,12668.0
1303,115.120,251.560,113.58,254.19,1146.88,43849.0,16549.0,16549.0
1304,115.120,251.560,113.58,254.19,1146.88,44295.0,16442.0,16442.0
1305,115.120,251.560,113.58,254.19,1146.88,40376.0,13508.0,13508.0
1306,115.120,251.560,113.58,254.19,1146.88,42156.0,14378.0,14378.0
1307,115.120,251.560,113.58,254.19,1146.88,38832.0,12193.0,12193.0
1308,115.120,251.560,113.58,254.19,1146.88,40709.0,14352.0,14352.0
1309,115.120,251.560,113.58,254.19,1146.88,39710.0,13735.0,13735.0
1310,115.120,251.560,113.58,254.19,1146.88,40439.0,14431.0,14431.0
1311,115.120,251.560,113.58,254.19,1146.88,41993.0,14894.0,14894.0
1312,115.120,251.560,113.58,254.19,1146.88,43860.0,16093.0,16093.0
1313,115.120,251.560,113.58,254.19,1146.88,40277.0,13987.0,13987.0
1314,115.120,251.560,113.58,254.19,1146.88,37709.0,12615.0,12615.0
1315,115.120,251.560,113.58,254.19,1146.88,40926.0,14719.0,14719.0
1316,115.120,251.560,113.58,254.19,1146.88,37756.0,11634.0,11634.0
1317,115.120,251.560,113.58,254.19,1146.88,39286.0,13204.0,13204.0
1318,115.120,251.560,113.58,254.19,1146.88,39725.0,12267.0,12267.0
1319,115.120,251.560,113.58,254.19,1146.88,39149.0,12415.0,12415.0
1320,115.120,251.560,113.58,254.19,1146.88,39357.0,12541.0,12541.0
1321,115.120,251.560,113.58,254.19,1146.88,39643.0,14342.0,14342.0
1322,115.120,251.560,113.58,254.19,1146.88,41500.0,14722.0,14722.0
1323,115.120,251.560,113.58,254.19,1146.88,42239.0,14161.0,14161.0
1324,115.120,251.560,113.58,254.19,1146.88,39073.0,12266.0,12266.0
1325,115.120,251.560,113.58,254.19,1146.88,41757.0,14732.0,14732.0
1326,115.120,251.560,113.58,254.19,1146.88,38542.0,11754.0,11754.0
1327,115.120,251.560,113.58,254.19,1146.88,37117.0,10109.0,10109.0
1328,115.120,251.560,113.58,254.19,1146.88,39686.0,12415.0,12415.0
1329,115.120,251.560,113.58,254.19,1146.88,44749.0,16818.0,16818.0
1330,115.120,251.560,113.58,254.19,1146.88,38591.0,11518.0,11518.0
1331,115.120,251.560,113.58,254.19,1146.88,41002.0,13104.0,13104.0
1332,115.120,251.560,113.58,254.19,1146.88,40146.0,14066.0,14066.0
1333,115.120,251.560,113.58,254.19,1146.88,41295.0,14520.0,14520.0
1334,115.120,251.560,113.58,254.19,1146.88,40266.0,13122.0,13122.0
1335,115.120,251.560,113.58,254.19,1146.88,42063.0,15063.0,15063.0
1336,115.120,251.560,113.58,254.19,1146.88,37517.0,10699.0,10699.0
1337,115.120,251.560,113.58,254.19,1146.88,40762.0,14565.0,14565.0
1338,115.120,251.560,113.58,254.19,1146.88,35281.0,9334.0,9334.0
1339,115.120,251.560,113.58,254.19,1146.88,43790.0,16391.0,16391.0
1340,115.120,251.560,113.58,254.19,1146.88,41807.0,15216.0,15216.0
1341,115.120,251.560,113.58,254.19,1146.88,41368.0,14324.0,14324.0
1342,115.120,251.560,113.58,254.19,1146.88,40096.0,13382.0,13382.0
1343,115.120,251.560,113.58,254.19,1146.88,42978.0,15688.0,15688.0
1344,115.120,251.560,113.58,254.19,1146.88,46079.0,18294.0,18294.0
1345,115.120,251.560,113.58,254.19,1146.88,45983.0,18283.0,18283.0
1346,115.120,251.560,113.58,254.19,1146.88,43898.0,16135.0,16135.0
1347,115.120,251.560,113.58,254.19,1146.88,49079.0,21301.0,21301.0
1348,115.120,251.560,113.58,254.19,1146.88,45750.0,17525.0,17525.0
1349,115.120,251.560,113.58,254.19,1146.88,43802.0,17435.0,17435.0
1350,115.120,251.560,113.58,254.19,1146.88,40722.0,14372.0,14372.0
1351,115.120,251.560,113.58,254.19,1146.88,41677.0,14812.0,14812.0
1352,115.120,251.560,113.58,254.19,1146.88,41993.0,14871.0,14871.0
1353,115.120,251.560,113.58,254.19,1146.88,40470.0,13515.0,13515.0
1354,115.120,251.560,113.58,254.19,1146.88,42389.0,14714.0,14714.0
1355,115.120,251.560,113.58,254.19,1146.88,42462.0,15576.0,15576.0
1356,115.120,251.560,113.58,254.19,1146.88,42657.0,16834.0,16834.0
1357,115.120,251.560,113.58,254.19,1146.88,43597.0,16317.0,16317.0
1358,115.120,251.560,113.58,254.19,1146.88,43026.0,16651.0,16651.0
1359,115.120,251.560,113.58,254.19,1146.88,41218.0,15045.0,15045.0
1360,115.120,251.560,113.58,254.19,1146.88,45114.0,17319.0,17319.0
1361,115.120,251.560,113.58,254.19,1146.88,42697.0,14942.0,14942.0
1362,115.120,251.560,113.58,254.19,1146.88,37641.0,11814.0,11814.0
1363,115.120,251.560,113.58,254.19,1146.88,40716.0,14920.0,14920.0
1364,115.120,251.560,113.58,254.19,1146.88,37028.0,11686.0,11686.0
1365,115.120,251.560,113.58,254.19,1146.88,42056.0,15499.0,15499.0
1366,115.120,251.560,113.58,254.19,1146.88,43763.0,16870.0,16870.0
1367,115.120,251.560,113.58,254.19,1146.88,43860.0,15068.0,15068.0
1368,115.120,251.560,113.58,254.19,1146.88,41510.0,14957.0,14957.0
1369,115.120,251.560,113.58,254.19,1146.88,41716.0,14669.0,14669.0
1370,115.120,251.560,113.58,254.19,1146.88,36006.0,9236.0,9236.0
1371,115.120,251.560,113.58,254.19,1146.88,36437.0,10713.0,10713.0
1372,115.120,251.560,113.58,254.19,1146.88,39268.0,13650.0,13650.0
1373,115.120,251.560,113.58,254.19,1146.88,40661.0,13344.0,13344.0
1374,115.120,251.560,113.58,254.19,1146.88,40028.0,13450.0,13450.0
1375,115.120,251.560,113.58,254.19,1146.88,38190.0,13177.0,13177.0
1376,115.120,251.560,113.58,254.19,1146.88,39943.0,13045.0,13045.0
1377,115.120,251.560,113.58,254.19,1146.88,40565.0,13881.0,13881.0
1378,115.120,251.560,113.58,254.19,1146.88,43409.0,15988.0,15988.0
1379,115.120,251.560,113.58,254.19,1146.88,39857.0,12794.0,12794.0
1380,115.120,251.560,113.58,254.19,1146.88,43314.0,15288.0,15288.0
1381,115.120,251.560,113.58,254.19,1146.88,39384.0,12853.0,12853.0
1382,115.120,251.560,113.58,254.19,1146.88,40429.0,14029.0,14029.0
1383,115.120,251.560,113.58,254.19,1146.88,44790.0,17769.0,17769.0
1384,115.120,251.560,113.66,254.29,1146.88,44160.0,17173.0,17173.0
1385,115.120,251.560,113.58,254.19,1146.88,40192.0,13595.0,13595.0
1386,115.120,251.560,113.67,254.28,1146.88,44181.0,16497.0,16497.0
1387,115.120,251.560,113.58,254.19,1146.88,41810.0,14269.0,14269.0
1388,115.120,251.560,113.78,254.23,1146.88,43657.0,16851.0,16851.0
1389,115.120,251.560,113.69,254.12,1146.88,40720.0,14620.0,14620.0
1390,115.120,251.560,113.58,254.19,1146.88,41004.0,14462.0,14462.0
1391,115.120,251.560,113.62,253.98,1146.88,44739.0,15931.0,15931.0
1392,115.120,251.560,113.58,254.19,1146.88,41908.0,15392.0,15392.0
1393,115.120,251.560,113.56,254.34,1146.88,49773.0,22089.0,22089.0
1394,115.120,251.560,113.75,254.69,1146.88,46499.0,18518.0,18518.0
1395,115.120,251.560,113.58,254.19,1146.88,43790.0,16929.0,16929.0
1396,115.120,251.560,113.82,254.47,1146.88,42257.0,16239.0,16239.0
1397,115.120,251.560,113.58,254.19,1146.88,40924.0,14405.0,14405.0
1398,115.120,251.560,113.58,254.19,1146.88,47406.0,21075.0,21075.0
1399,115.120,251.560,113.73,254.2,1146.88,43219.0,16952.0,16952.0
1400,115.120,251.560,113.58,254.19,1146.88,42217.0,15743.0,15743.0
1401,115.120,251.560,113.76,254.39,1146.88,44793.0,18461.0,18461.0
1402,115.120,251.560,113.52,253.77,1146.88,43170.0,14699.0,14699.0
1403,115.120,251.560,113.59,254.38,1146.88,44954.0,18205.0,18205.0
1404,115.120,251.560,113.58,254.19,1146.88,41567.0,14412.0,14412.0
1405,115.120,251.560,113.58,254.19,1146.88,44233.0,17872.0,17872.0
1406,115.120,251.560,113.63,254.18,1146.88,45908.0,19064.0,19064.0
1407,115.120,251.560,113.63,254.57,1146.88,46799.0,19938.0,19938.0
1408,115.120,251.560,113.53,254.74,1146.88,45399.0,18851.0,18851.0
1409,115.120,251.560,113.56,254.01,1146.88,44637.0,17237.0,17237.0
1410,115.120,251.560,113.58,254.19,1146.88,44552.0,17490.0,17490.0
1411,115.120,251.560,113.8,254.17,1146.88,43252.0,16952.0,16952.0
1412,115.120,251.560,113.67,254.03,1146.88,45216.0,17362.0,17362.0
1413,115.120,251.560,113.58,254.19,1146.88,41202.0,16027.0,16027.0
1414,115.120,251.560,113.58,254.19,1146.88,40225.0,12974.0,12974.0
1415,115.120,251.560,113.46,254.47,1146.88,42907.0,15761.0,15761.0
1416,115.120,251.560,113.58,254.19,1146.88,38284.0,13327.0,13327.0
1417,115.120,251.560,113.58,254.19,1146.88,38570.0,12557.0,12557.0
1418,115.120,251.560,113.58,254.19,1146.88,40615.0,14412.0,14412.0
1419,115.120,251.560,113.89,254.16,1146.88,42048.0,14290.0,14290.0
1420,115.120,251.560,113.35,254.44,1146.88,45946.0,18826.0,18826.0
1421,115.120,251.560,113.58,254.19,1146.88,41516.0,16235.0,16235.0
1422,115.120,251.560,113.72,254.51,1146.88,41605.0,15889.0,15889.0
1423,115.120,251.560,113.67,253.92,1146.88,43773.0,16367.0,16367.0
1424,115.120,251.560,113.7,254.42,1146.88,45257.0,17387.0,17387.0
1425,115.120,251.560,113.58,254.19,1146.88,41717.0,16352.0,16352.0
1426,115.120,251.560,113.37,254.04,1146.88,44626.0,16480.0,16480.0
1427,115.120,251.560,113.66,254.13,1146.88,42180.0,14892.0,14892.0
1428,115.120,251.560,113.72,254.55,1146.88,43854.0,17112.0,17112.0
1429,115.120,251.560,113.7,254.29,1146.88,50647.0,22756.0,22756.0
1430,115.120,251.560,113.68,254.27,1146.88,46256.0,19049.0,19049.0
1431,115.120,251.560,113.74,254.29,1146.88,45521.0,17268.0,17268.0
1432,115.120,251.560,113.48,253.8,1146.88,45118.0,17207.0,17207.0
1433,115.120,251.560,113.7,254.47,1146.88,49372.0,22059.0,22059.0
1434,115.120,251.560,113.48,254.39,1146.88,44631.0,18446.0,18446.0
1435,115.120,251.560,113.74,254.12,1146.88,41902.0,15385.0,15385.0
1436,115.120,251.560,113.58,254.19,1146.88,44092.0,18107.0,18107.0
1437,115.120,251.560,113.85,254.76,1146.88,45184.0,18253.0,18253.0
1438,115.120,251.560,113.7,254.06,1146.88,48410.0,20137.0,20137.0
1439,115.120,251.560,113.78,254.5,1146.88,46220.0,18701.0,18701.0
1440,115.120,251.560,113.71,254.39,1146.88,47795.0,21080.0,21080.0
1441,115.120,251.560,113.58,254.19,1146.88,46486.0,19508.0,19508.0
1442,115.120,251.560,113.66,254.14,1146.88,47333.0,20796.0,20796.0
1443,115.120,251.560,113.53,254.23,1146.88,44875.0,17084.0,17084.0
1444,115.120,251.560,113.66,254.04,1146.88,49969.0,20576.0,20576.0
1445,115.120,251.560,113.55,253.86,1146.88,44871.0,17072.0,17072.0
1446,115.120,251.560,113.67,253.83,1146.88,48257.0,18940.0,18940.0
1447,115.120,251.560,113.64,254.49,1146.88,46555.0,19140.0,19140.0
1448,115.120,251.560,113.82,254.22,1146.88,47214.0,20657.0,20657.0
1449,115.120,251.560,113.64,254.47,1146.88,50176.0,22823.0,22823.0
1450,115.120,251.560,113.66,254.57,1146.88,48424.0,20910.0,20910.0
1451,115.120,251.560,113.72,254.38,1146.88,50507.0,22018.0,22018.0
1452,115.120,251.560,113.85,254.66,1146.88,53244.0,24915.0,24915.0
1453,115.120,251.560,113.72,254.69,1146.88,45944.0,18743.0,18743.0
1454,115.120,251.560,113.75,253.94,1146.88,47167.0,18804.0,18804.0
1455,115.120,251.560,113.62,254.24,1146.88,49142.0,21570.0,21570.0
1456,115.120,251.560,113.56,254.28,1146.88,49578.0,21883.0,21883.0
1457,115.120,251.560,113.58,254.19,1146.88,47466.0,19762.0,19762.0
1458,115.120,251.560,113.5,254.11,1146.88,45288.0,18309.0,18309.0
1459,115.120,251.560,113.57,254.08,1146.88,45725.0,19847.0,19847.0
1460,115.120,251.560,113.49,254.49,1146.88,44920.0,18033.0,18033.0
1461,115.120,251.560,113.58,254.19,1146.88,48895.0,20313.0,20313.0
1462,115.120,251.560,113.72,254.42,1146.88,44426.0,17014.0,17014.0
1463,115.120,251.560,113.56,254.16,1146.88,47360.0,19381.0,19381.0
1464,115.120,251.560,113.69,254.1,1146.88,48668.0,20365.0,20365.0
1465,115.120,251.560,113.54,253.96,1146.88,45524.0,17984.0,17984.0
1466,115.120,251.560,115.12,251.56,1146.88,29681.0,0.0,0.0
1467,115.120,251.560,115.12,251.56,1146.88,30459.0,0.0,0.0
1468,115.120,251.560,115.12,251.56,1146.88,32227.0,2581.0,2581.0
1469,115.120,251.560,115.12,251.56,1146.88,30129.0,795.0,795.0
1470,115.120,251.560,115.12,251.56,1146.88,30890.0,1261.0,1261.0
1471,115.120,251.560,115.12,251.56,1146.88,32417.0,1298.0,1298.0
1472,115.120,251.560,115.12,251.56,1146.88,34119.0,2218.0,2218.0
1473,115.120,251.560,115.12,251.56,1146.88,30383.0,20.0,20.0
1474,115.120,251.560,115.12,251.56,1146.88,28371.0,0.0,0.0
1475,115.120,251.560,115.12,251.56,1146.88,31761.0,1842.0,1842.0
1476,115.120,251.560,115.12,251.56,1146.88,33048.0,1835.0,1835.0
1477,115.120,251.560,115.12,251.56,1146.88,32862.0,2462.0,2462.0
1478,115.120,251.560,115.12,251.56,1146.88,31065.0,1327.0,1327.0
1479,115.120,251.560,115.12,251.56,1146.88,34016.0,2297.0,2297.0
1480,115.120,251.560,115.12,251.56,1146.88,31913.0,1907.0,1907.0
1481,115.120,251.560,115.12,251.56,1146.88,31120.0,1262.0,1262.0
1482,115.120,251.560,115.12,251.56,1146.88,33586.0,2100.0,2100.0
1483,115.120,251.560,115.12,251.56,1146.88,33952.0,2246.0,2246.0
1484,115.120,251.560,115.12,251.56,1146.88,32803.0,1219.0,1219.0
1485,115.120,251.560,115.12,251.56,1146.88,35937.0,3404.0,3404.0
1486,115.120,251.560,115.12,251.56,1146.88,33561.0,2316.0,2316.0
1487,115.120,251.560,115.12,251.56,1146.88,33172.0,2308.0,2308.0
1488,115.120,251.560,115.12,251.56,1146.88,30640.0,158.0,158.0
1489,115.120,251.560,115.12,251.56,1146.88,30938.0,713.0,713.0
1490,115.120,251.560,115.12,251.56,1146.88,34630.0,2932.0,2932.0
1491,115.120,251.560,115.12,251.56,1146.88,33476.0,1740.0,1740.0
1492,115.120,251.560,115.12,251.56,1146.88,31053.0,308.0,308.0
1493,115.120,251.560,115.12,251.56,1146.88,31458.0,2073.0,2073.0
1494,115.120,251.560,115.12,251.56,1146.88,34519.0,2422.0,2422.0
1495,115.120,251.560,115.12,251.56,1146.88,32788.0,1095.0,1095.0
1496,115.120,251.560,115.12,251.56,1146.88,34078.0,2876.0,2876.0
1497,115.120,251.560,115.12,251.56,1146.88,28981.0,0.0,0.0
1498,115.120,251.560,115.12,251.56,1146.88,31504.0,1276.0,1276.0
1499,115.120,251.560,115.12,251.56,1146.88,30897.0,624.0,624.0
1500,115.120,251.560,115.12,251.56,1146.88,31614.0,1313.0,1313.0
