id,avg_x,avg_y,x,y,bg,Square_intensity,circular_intensity,Gaussian_intensity
655,222.410,53.040,222.27,52.86,938.73,22875.0,0.0,0.0
656,222.410,53.040,222.27,52.86,938.73,24325.0,0.0,0.0
657,222.410,53.040,222.27,52.86,938.73,24551.0,203.0,203.0
658,222.410,53.040,222.27,52.86,938.73,24179.0,0.0,0.0
659,222.410,53.040,222.27,52.86,938.73,24668.0,152.0,152.0
660,222.410,53.040,222.27,52.86,938.73,23900.0,0.0,0.0
661,222.410,53.040,222.27,52.86,938.73,25493.0,0.0,0.0
662,222.410,53.040,222.27,52.86,938.73,24461.0,8.0,8.0
663,222.410,53.040,222.27,52.86,938.73,24730.0,588.0,588.0
664,222.410,53.040,222.27,52.86,938.73,24823.0,45.0,45.0
665,222.410,53.040,222.27,52.86,938.73,25812.0,1072.0,1072.0
666,222.410,53.040,222.27,52.86,938.73,24358.0,391.0,391.0
667,222.410,53.040,222.27,52.86,938.73,23658.0,0.0,0.0
668,222.410,53.040,222.27,52.86,938.73,24856.0,0.0,0.0
669,222.410,53.040,222.27,52.86,938.73,25632.0,283.0,283.0
670,222.410,53.040,222.27,52.86,938.73,24817.0,0.0,0.0
671,222.410,53.040,222.27,52.86,938.73,25308.0,365.0,365.0
672,222.410,53.040,222.27,52.86,938.73,25461.0,716.0,716.0
673,222.410,53.040,222.27,52.86,938.73,26162.0,502.0,502.0
674,222.410,53.040,222.27,52.86,938.73,25089.0,0.0,0.0
675,222.410,53.040,222.27,52.86,938.73,25525.0,1291.0,1291.0
676,222.410,53.040,222.27,52.86,938.73,26681.0,1730.0,1730.0
677,222.410,53.040,222.27,52.86,938.73,23336.0,0.0,0.0
678,222.410,53.040,222.27,52.86,938.73,22854.0,0.0,0.0
679,222.410,53.040,222.27,52.86,938.73,25182.0,0.0,0.0
680,222.410,53.040,222.27,52.86,938.73,25804.0,296.0,296.0
681,222.410,53.040,222.27,52.86,938.73,25053.0,550.0,550.0
682,222.410,53.040,222.27,52.86,938.73,24107.0,0.0,0.0
683,222.410,53.040,222.27,52.86,938.73,23650.0,0.0,0.0
684,222.410,53.040,222.27,52.86,938.73,24028.0,0.0,0.0
685,222.410,53.040,222.27,52.86,938.73,25590.0,125.0,125.0
686,222.410,53.040,222.27,52.86,938.73,25010.0,605.0,605.0
687,222.410,53.040,222.27,52.86,938.73,23118.0,0.0,0.0
688,222.410,53.040,222.27,52.86,938.73,25456.0,1742.0,1742.0
689,222.410,53.040,222.27,52.86,938.73,25918.0,0.0,0.0
690,222.410,53.040,222.27,52.86,938.73,26093.0,89.0,89.0
691,222.410,53.040,222.27,52.86,938.73,24165.0,414.0,414.0
692,222.410,53.040,222.27,52.86,938.73,25196.0,245.0,245.0
693,222.410,53.040,222.27,52.86,938.73,24464.0,114.0,114.0
694,222.410,53.040,222.27,52.86,938.73,25000.0,747.0,747.0
695,222.410,53.040,222.27,52.86,938.73,25000.0,0.0,0.0
696,222.410,53.040,222.27,52.86,938.73,23351.0,0.0,0.0
697,222.410,53.040,222.27,52.86,938.73,25260.0,396.0,396.0
698,222.410,53.040,222.27,52.86,938.73,24081.0,0.0,0.0
699,222.410,53.040,222.27,52.86,938.73,23572.0,0.0,0.0
700,222.410,53.040,222.27,52.86,938.73,24946.0,783.0,783.0
701,222.410,53.040,222.27,52.86,938.73,25928.0,1313.0,1313.0
702,222.410,53.040,222.27,52.86,938.73,25993.0,1387.0,1387.0
703,222.410,53.040,222.27,52.86,938.73,27295.0,637.0,637.0
704,222.410,53.040,222.27,52.86,938.73,23057.0,0.0,0.0
705,222.410,53.040,222.27,52.86,938.73,24543.0,0.0,0.0
706,222.410,53.040,222.27,52.86,938.73,23728.0,0.0,0.0
707,222.410,53.040,222.27,52.86,938.73,24663.0,497.0,497.0
708,222.410,53.040,222.27,52.86,938.73,26237.0,1102.0,1102.0
709,222.410,53.040,222.27,52.86,938.73,24552.0,0.0,0.0
710,222.410,53.040,222.27,52.86,938.73,28395.0,1201.0,1201.0
711,222.410,53.040,222.27,52.86,938.73,24114.0,0.0,0.0
712,222.410,53.040,222.27,52.86,938.73,24883.0,37.0,37.0
713,222.410,53.040,222.27,52.86,938.73,25686.0,578.0,578.0
714,222.410,53.040,222.27,52.86,938.73,24210.0,0.0,0.0
715,222.410,53.040,222.27,52.86,938.73,25953.0,949.0,949.0
716,222.410,53.040,222.27,52.86,938.73,25689.0,646.0,646.0
717,222.410,53.040,222.27,52.86,938.73,26233.0,897.0,897.0
718,222.410,53.040,222.27,52.86,938.73,24845.0,296.0,296.0
719,222.410,53.040,222.27,52.86,938.73,23773.0,40.0,40.0
720,222.410,53.040,222.27,52.86,938.73,25520.0,265.0,265.0
721,222.410,53.040,222.27,52.86,938.73,27145.0,2176.0,2176.0
722,222.410,53.040,222.27,52.86,938.73,25993.0,985.0,985.0
723,222.410,53.040,222.27,52.86,938.73,24983.0,0.0,0.0
724,222.410,53.040,222.27,52.86,938.73,23157.0,0.0,0.0
725,222.410,53.040,222.27,52.86,938.73,23440.0,0.0,0.0
726,222.410,53.040,222.27,52.86,938.73,24762.0,376.0,376.0
727,222.410,53.040,222.27,52.86,938.73,24571.0,0.0,0.0
728,222.410,53.040,222.27,52.86,938.73,25211.0,91.0,91.0
729,222.410,53.040,222.27,52.86,938.73,24580.0,652.0,652.0
730,222.410,53.040,222.27,52.86,938.73,24575.0,0.0,0.0
731,222.410,53.040,222.27,52.86,938.73,24211.0,0.0,0.0
732,222.410,53.040,222.27,52.86,938.73,24137.0,21.0,21.0
733,222.410,53.040,222.27,52.86,938.73,23687.0,0.0,0.0
734,222.410,53.040,222.27,52.86,938.73,24540.0,0.0,0.0
735,222.410,53.040,222.27,52.86,938.73,25335.0,0.0,0.0
736,222.410,53.040,222.27,52.86,938.73,25473.0,479.0,479.0
737,222.410,53.040,222.27,52.86,938.73,26261.0,1139.0,1139.0
738,222.410,53.040,222.27,52.86,938.73,23070.0,0.0,0.0
739,222.410,53.040,222.27,52.86,938.73,23879.0,0.0,0.0
740,222.410,53.040,222.27,52.86,938.73,24202.0,105.0,105.0
741,222.410,53.040,222.27,52.86,938.73,28292.0,1321.0,1321.0
742,222.410,53.040,222.27,52.86,938.73,25213.0,951.0,951.0
743,222.410,53.040,222.27,52.86,938.73,24771.0,137.0,137.0
744,222.410,53.040,222.27,52.86,938.73,24737.0,0.0,0.0
745,222.410,53.040,222.27,52.86,938.73,23436.0,0.0,0.0
746,222.410,53.040,222.27,52.86,938.73,23428.0,0.0,0.0
747,222.410,53.040,222.27,52.86,938.73,22541.0,0.0,0.0
748,222.410,53.040,222.27,52.86,938.73,25374.0,848.0,848.0
749,222.410,53.040,222.27,52.86,938.73,26030.0,301.0,301.0
750,222.410,53.040,222.27,52.86,938.73,25427.0,866.0,866.0
751,222.410,53.040,222.27,52.86,938.73,24407.0,0.0,0.0
752,222.410,53.040,222.27,52.86,938.73,25255.0,727.0,727.0
753,222.410,53.040,222.27,52.86,938.73,23050.0,0.0,0.0
754,222.410,53.040,222.27,52.86,938.73,22829.0,0.0,0.0
755,222.410,53.040,222.27,52.86,938.73,23714.0,0.0,0.0
756,222.410,53.040,222.27,52.86,938.73,24865.0,0.0,0.0
757,222.410,53.040,222.27,52.86,938.73,24539.0,25.0,25.0
758,222.410,53.040,222.27,52.86,938.73,25158.0,0.0,0.0
759,222.410,53.040,222.27,52.86,938.73,25316.0,134.0,134.0
760,222.410,53.040,222.27,52.86,938.73,23731.0,0.0,0.0
761,222.410,53.040,222.27,52.86,938.73,24638.0,0.0,0.0
762,222.410,53.040,222.27,52.86,938.73,25407.0,0.0,0.0
763,222.410,53.040,222.27,52.86,938.73,26130.0,1043.0,1043.0
764,222.410,53.040,222.27,52.86,938.73,24532.0,0.0,0.0
765,222.410,53.040,222.27,52.86,938.73,24359.0,0.0,0.0
766,222.410,53.040,222.27,52.86,938.73,24052.0,0.0,0.0
767,222.410,53.040,222.27,52.86,938.73,24730.0,62.0,62.0
768,222.410,53.040,222.27,52.86,938.73,24644.0,0.0,0.0
769,222.410,53.040,222.27,52.86,938.73,23355.0,0.0,0.0
770,222.410,53.040,222.27,52.86,938.73,25370.0,1660.0,1660.0
771,222.410,53.040,222.27,52.86,938.73,24204.0,474.0,474.0
772,222.410,53.040,222.27,52.86,938.73,24947.0,0.0,0.0
773,222.410,53.040,222.27,52.86,938.73,24533.0,41.0,41.0
774,222.410,53.040,222.27,52.86,938.73,25583.0,801.0,801.0
775,222.410,53.040,222.27,52.86,938.73,25037.0,374.0,374.0
776,222.410,53.040,222.27,52.86,938.73,25459.0,0.0,0.0
777,222.410,53.040,222.27,52.86,938.73,23869.0,0.0,0.0
778,222.410,53.040,222.27,52.86,938.73,23261.0,0.0,0.0
779,222.410,53.040,222.27,52.86,938.73,23397.0,0.0,0.0
780,222.410,53.040,222.27,52.86,938.73,24176.0,0.0,0.0
781,222.410,53.040,222.27,52.86,938.73,24074.0,0.0,0.0
782,222.410,53.040,222.27,52.86,938.73,24903.0,0.0,0.0
783,222.410,53.040,222.27,52.86,938.73,24441.0,0.0,0.0
784,222.410,53.040,222.27,52.86,938.73,25361.0,782.0,782.0
785,222.410,53.040,222.27,52.86,938.73,23904.0,0.0,0.0
786,222.410,53.040,222.27,52.86,938.73,25950.0,21.0,21.0
787,222.410,53.040,222.27,52.86,938.73,27413.0,1230.0,1230.0
788,222.410,53.040,222.27,52.86,938.73,25389.0,667.0,667.0
789,222.410,53.040,222.27,52.86,938.73,23564.0,5.0,5.0
790,222.410,53.040,222.27,52.86,938.73,24117.0,0.0,0.0
791,222.410,53.040,222.27,52.86,938.73,25594.0,464.0,464.0
792,222.410,53.040,222.27,52.86,938.73,23667.0,0.0,0.0
793,222.410,53.040,222.27,52.86,938.73,27066.0,837.0,837.0
794,222.410,53.040,222.27,52.86,938.73,23528.0,0.0,0.0
795,222.410,53.040,222.27,52.86,938.73,22673.0,0.0,0.0
796,222.410,53.040,222.27,52.86,938.73,25973.0,1048.0,1048.0
797,222.410,53.040,222.27,52.86,938.73,25068.0,220.0,220.0
798,222.410,53.040,222.27,52.86,938.73,25250.0,0.0,0.0
799,222.410,53.040,222.27,52.86,938.73,25368.0,31.0,31.0
800,222.410,53.040,222.27,52.86,938.73,25513.0,997.0,997.0
801,222.410,53.040,222.27,52.86,938.73,25032.0,137.0,137.0
802,222.410,53.040,222.27,52.86,938.73,26695.0,1782.0,1782.0
803,222.410,53.040,222.27,52.86,938.73,25825.0,432.0,432.0
804,222.410,53.040,222.27,52.86,938.73,24911.0,0.0,0.0
805,222.410,53.040,222.27,52.86,938.73,24205.0,0.0,0.0
806,222.410,53.040,222.27,52.86,938.73,23551.0,0.0,0.0
807,222.410,53.040,222.27,52.86,938.73,24532.0,0.0,0.0
808,222.410,53.040,222.27,52.86,938.73,24561.0,0.0,0.0
809,222.410,53.040,222.27,52.86,938.73,23137.0,0.0,0.0
810,222.410,53.040,222.27,52.86,938.73,25065.0,486.0,486.0
811,222.410,53.040,222.27,52.86,938.73,22847.0,0.0,0.0
812,222.410,53.040,222.27,52.86,938.73,25135.0,0.0,0.0
813,222.410,53.040,222.27,52.86,938.73,26075.0,1285.0,1285.0
814,222.410,53.040,222.27,52.86,938.73,24532.0,464.0,464.0
815,222.410,53.040,222.27,52.86,938.73,24658.0,0.0,0.0
816,222.410,53.040,222.27,52.86,938.73,24989.0,430.0,430.0
817,222.410,53.040,222.27,52.86,938.73,23875.0,0.0,0.0
818,222.410,53.040,222.27,52.86,938.73,24467.0,130.0,130.0
819,222.410,53.040,222.27,52.86,938.73,25354.0,969.0,969.0
820,222.410,53.040,222.27,52.86,938.73,24135.0,0.0,0.0
821,222.410,53.040,222.27,52.86,938.73,26805.0,1805.0,1805.0
822,222.410,53.040,222.27,52.86,938.73,22703.0,0.0,0.0
823,222.410,53.040,222.27,52.86,938.73,26107.0,862.0,862.0
824,222.410,53.040,222.27,52.86,938.73,24273.0,0.0,0.0
825,222.410,53.040,222.27,52.86,938.73,25336.0,0.0,0.0
826,222.410,53.040,222.27,52.86,938.73,23888.0,0.0,0.0
827,222.410,53.040,222.27,52.86,938.73,24827.0,363.0,363.0
828,222.410,53.040,222.27,52.86,938.73,26368.0,1346.0,1346.0
829,222.410,53.040,222.27,52.86,938.73,23400.0,0.0,0.0
830,222.410,53.040,222.27,52.86,938.73,24028.0,0.0,0.0
831,222.410,53.040,222.27,52.86,938.73,24883.0,0.0,0.0
832,222.410,53.040,222.27,52.86,938.73,24977.0,0.0,0.0
833,222.410,53.040,222.27,52.86,938.73,23884.0,0.0,0.0
834,222.410,53.040,222.27,52.86,938.73,24470.0,0.0,0.0
835,222.410,53.040,222.27,52.86,938.73,25646.0,0.0,0.0
836,222.410,53.040,222.27,52.86,938.73,24921.0,0.0,0.0
837,222.410,53.040,222.27,52.86,938.73,24454.0,0.0,0.0
838,222.410,53.040,222.27,52.86,938.73,24598.0,434.0,434.0
839,222.410,53.040,222.27,52.86,938.73,25729.0,1294.0,1294.0
840,222.410,53.040,222.27,52.86,938.73,24281.0,0.0,0.0
841,222.410,53.040,222.27,52.86,938.73,26843.0,1411.0,1411.0
842,222.410,53.040,222.27,52.86,938.73,22833.0,0.0,0.0
843,222.410,53.040,222.27,52.86,938.73,24439.0,115.0,115.0
844,222.410,53.040,222.27,52.86,938.73,23693.0,0.0,0.0
845,222.410,53.040,222.27,52.86,938.73,24984.0,809.0,809.0
846,222.410,53.040,222.27,52.86,938.73,24317.0,0.0,0.0
847,222.410,53.040,222.27,52.86,938.73,25077.0,228.0,228.0
848,222.410,53.040,222.27,52.86,938.73,23137.0,0.0,0.0
849,222.410,53.040,222.27,52.86,938.73,24443.0,367.0,367.0
850,222.410,53.040,222.27,52.86,938.73,24829.0,217.0,217.0
851,222.410,53.040,222.27,52.86,938.73,23708.0,0.0,0.0
852,222.410,53.040,222.27,52.86,938.73,26589.0,1534.0,1534.0
853,222.410,53.040,222.27,52.86,938.73,23794.0,0.0,0.0
854,222.410,53.040,222.27,52.86,938.73,23622.0,152.0,152.0
855,222.410,53.040,222.27,52.86,938.73,27031.0,1495.0,1495.0
856,222.410,53.040,222.27,52.86,938.73,24818.0,1050.0,1050.0
857,222.410,53.040,222.27,52.86,938.73,22966.0,0.0,0.0
858,222.410,53.040,222.27,52.86,938.73,22091.0,0.0,0.0
859,222.410,53.040,222.27,52.86,938.73,25177.0,314.0,314.0
860,222.410,53.040,222.27,52.86,938.73,24924.0,775.0,775.0
861,222.410,53.040,222.27,52.86,938.73,26205.0,656.0,656.0
862,222.410,53.040,222.27,52.86,938.73,24456.0,0.0,0.0
863,222.410,53.040,222.27,52.86,938.73,26040.0,1504.0,1504.0
864,222.410,53.040,222.27,52.86,938.73,24391.0,0.0,0.0
865,222.410,53.040,222.27,52.86,938.73,24969.0,41.0,41.0
866,222.410,53.040,222.27,52.86,938.73,25821.0,1764.0,1764.0
867,222.410,53.040,222.27,52.86,938.73,25612.0,1783.0,1783.0
868,222.410,53.040,222.27,52.86,938.73,23722.0,0.0,0.0
869,222.410,53.040,222.27,52.86,938.73,25012.0,744.0,744.0
870,222.410,53.040,222.27,52.86,938.73,23615.0,0.0,0.0
871,222.410,53.040,222.27,52.86,938.73,24688.0,0.0,0.0
872,222.410,53.040,222.27,52.86,938.73,25250.0,359.0,359.0
873,222.410,53.040,222.27,52.86,938.73,24797.0,282.0,282.0
874,222.410,53.040,222.27,52.86,938.73,24580.0,543.0,543.0
875,222.410,53.040,222.27,52.86,938.73,24466.0,0.0,0.0
876,222.410,53.040,222.27,52.86,938.73,23120.0,0.0,0.0
877,222.410,53.040,222.27,52.86,938.73,26825.0,1382.0,1382.0
878,222.410,53.040,222.27,52.86,938.73,22803.0,0.0,0.0
879,222.410,53.040,222.27,52.86,938.73,26136.0,1354.0,1354.0
880,222.410,53.040,222.27,52.86,938.73,23399.0,0.0,0.0
881,222.410,53.040,222.27,52.86,938.73,24235.0,0.0,0.0
882,222.410,53.040,222.27,52.86,938.73,24281.0,0.0,0.0
883,222.410,53.040,222.27,52.86,938.73,25216.0,396.0,396.0
884,222.410,53.040,222.27,52.86,938.73,25338.0,553.0,553.0
885,222.410,53.040,222.27,52.86,938.73,23716.0,0.0,0.0
886,222.410,53.040,222.27,52.86,938.73,25613.0,1671.0,1671.0
887,222.410,53.040,222.27,52.86,938.73,24394.0,0.0,0.0
888,222.410,53.040,222.27,52.86,938.73,25835.0,515.0,515.0
889,222.410,53.040,222.27,52.86,938.73,26160.0,1608.0,1608.0
890,222.410,53.040,222.27,52.86,938.73,26067.0,1489.0,1489.0
891,222.410,53.040,222.27,52.86,938.73,26616.0,1415.0,1415.0
892,222.410,53.040,222.27,52.86,938.73,24357.0,434.0,434.0
893,222.410,53.040,222.27,52.86,938.73,25576.0,1361.0,1361.0
894,222.410,53.040,222.27,52.86,938.73,26797.0,845.0,845.0
895,222.410,53.040,222.27,52.86,938.73,24287.0,0.0,0.0
896,222.410,53.040,222.27,52.86,938.73,25709.0,654.0,654.0
897,222.410,53.040,222.27,52.86,938.73,24165.0,57.0,57.0
898,222.410,53.040,222.27,52.86,938.73,25746.0,109.0,109.0
899,222.410,53.040,222.27,52.86,938.73,24842.0,124.0,124.0
900,222.410,53.040,222.27,52.86,938.73,24387.0,0.0,0.0
901,222.410,53.040,222.27,52.86,938.73,25037.0,547.0,547.0
902,222.410,53.040,222.27,52.86,938.73,25370.0,621.0,621.0
903,222.410,53.040,222.27,52.86,938.73,23982.0,0.0,0.0
904,222.410,53.040,222.27,52.86,938.73,24245.0,0.0,0.0
905,222.410,53.040,222.27,52.86,938.73,25182.0,713.0,713.0
906,222.410,53.040,222.27,52.86,938.73,26550.0,1406.0,1406.0
907,222.410,53.040,222.27,52.86,938.73,24460.0,0.0,0.0
908,222.410,53.040,222.27,52.86,938.73,23111.0,0.0,0.0
909,222.410,53.040,222.27,52.86,938.73,22581.0,0.0,0.0
910,222.410,53.040,222.27,52.86,938.73,22743.0,0.0,0.0
911,222.410,53.040,222.27,52.86,938.73,25703.0,974.0,974.0
912,222.410,53.040,222.27,52.86,938.73,23336.0,0.0,0.0
913,222.410,53.040,222.27,52.86,938.73,24362.0,0.0,0.0
914,222.410,53.040,222.27,52.86,938.73,25456.0,0.0,0.0
915,222.410,53.040,222.27,52.86,938.73,25339.0,1140.0,1140.0
916,222.410,53.040,222.27,52.86,938.73,25672.0,693.0,693.0
917,222.410,53.040,222.27,52.86,938.73,23842.0,0.0,0.0
918,222.410,53.040,222.27,52.86,938.73,24062.0,0.0,0.0
919,222.410,53.040,222.27,52.86,938.73,24580.0,0.0,0.0
920,222.410,53.040,222.27,52.86,938.73,23823.0,0.0,0.0
921,222.410,53.040,222.27,52.86,938.73,25554.0,1448.0,1448.0
922,222.410,53.040,222.27,52.86,938.73,23004.0,0.0,0.0
923,222.410,53.040,222.27,52.86,938.73,25896.0,0.0,0.0
924,222.410,53.040,222.27,52.86,938.73,24869.0,591.0,591.0
925,222.410,53.040,222.27,52.86,938.73,26370.0,1042.0,1042.0
926,222.410,53.040,222.27,52.86,938.73,24003.0,0.0,0.0
927,222.410,53.040,222.27,52.86,938.73,23299.0,0.0,0.0
928,222.410,53.040,222.27,52.86,938.73,25182.0,0.0,0.0
929,222.410,53.040,222.27,52.86,938.73,23276.0,0.0,0.0
930,222.410,53.040,222.27,52.86,938.73,25247.0,687.0,687.0
931,222.410,53.040,222.27,52.86,938.73,24629.0,0.0,0.0
932,222.410,53.040,222.27,52.86,938.73,25419.0,715.0,715.0
933,222.410,53.040,222.27,52.86,938.73,24985.0,208.0,208.0
934,222.410,53.040,222.27,52.86,938.73,21938.0,0.0,0.0
935,222.410,53.040,222.27,52.86,938.73,23297.0,0.0,0.0
936,222.410,53.040,222.27,52.86,938.73,23688.0,0.0,0.0
937,222.410,53.040,222.27,52.86,938.73,24757.0,43.0,43.0
938,222.410,53.040,222.27,52.86,938.73,24182.0,0.0,0.0
939,222.410,53.040,222.27,52.86,938.73,24032.0,0.0,0.0
940,222.410,53.040,222.27,52.86,938.73,24652.0,0.0,0.0
941,222.410,53.040,222.27,52.86,938.73,23944.0,0.0,0.0
942,222.410,53.040,222.27,52.86,938.73,23563.0,0.0,0.0
943,222.410,53.040,222.27,52.86,938.73,24320.0,101.0,101.0
944,222.410,53.040,222.27,52.86,938.73,24147.0,4.0,4.0
945,222.410,53.040,222.27,52.86,938.73,24678.0,111.0,111.0
946,222.410,53.040,222.27,52.86,938.73,24892.0,0.0,0.0
947,222.410,53.040,222.27,52.86,938.73,23563.0,0.0,0.0
948,222.410,53.040,222.27,52.86,938.73,25328.0,1288.0,1288.0
949,222.410,53.040,222.27,52.86,938.73,26912.0,2070.0,2070.0
950,222.410,53.040,222.27,52.86,938.73,24247.0,0.0,0.0
951,222.410,53.040,222.27,52.86,938.73,24808.0,77.0,77.0
952,222.410,53.040,222.27,52.86,938.73,25279.0,0.0,0.0
953,222.410,53.040,222.27,52.86,938.73,26633.0,1979.0,1979.0
954,222.410,53.040,222.27,52.86,938.73,25288.0,626.0,626.0
955,222.410,53.040,222.27,52.86,938.73,24921.0,863.0,863.0
956,222.410,53.040,222.27,52.86,938.73,23798.0,0.0,0.0
957,222.410,53.040,222.27,52.86,938.73,23082.0,0.0,0.0
958,222.410,53.040,222.27,52.86,938.73,24894.0,249.0,249.0
959,222.410,53.040,222.27,52.86,938.73,23988.0,246.0,246.0
960,222.410,53.040,222.27,52.86,938.73,25846.0,1115.0,1115.0
961,222.410,53.040,222.27,52.86,938.73,24224.0,0.0,0.0
962,222.410,53.040,222.27,52.86,938.73,25483.0,1779.0,1779.0
963,222.410,53.040,222.27,52.86,938.73,26576.0,1531.0,1531.0
964,222.410,53.040,222.27,52.86,938.73,26572.0,1731.0,1731.0
965,222.410,53.040,222.27,52.86,938.73,25276.0,0.0,0.0
966,222.410,53.040,222.27,52.86,938.73,23777.0,0.0,0.0
967,222.410,53.040,222.27,52.86,938.73,23984.0,0.0,0.0
968,222.410,53.040,222.27,52.86,938.73,22968.0,0.0,0.0
969,222.410,53.040,222.27,52.86,938.73,24544.0,0.0,0.0
970,222.410,53.040,222.27,52.86,938.73,27200.0,2162.0,2162.0
971,222.410,53.040,222.27,52.86,938.73,24671.0,0.0,0.0
972,222.410,53.040,222.27,52.86,938.73,25893.0,1446.0,1446.0
973,222.410,53.040,222.27,52.86,938.73,23348.0,0.0,0.0
974,222.410,53.040,222.27,52.86,938.73,25823.0,420.0,420.0
975,222.410,53.040,222.27,52.86,938.73,22878.0,0.0,0.0
976,222.410,53.040,222.27,52.86,938.73,23658.0,0.0,0.0
977,222.410,53.040,222.27,52.86,938.73,23273.0,0.0,0.0
978,222.410,53.040,222.27,52.86,938.73,24188.0,0.0,0.0
979,222.410,53.040,222.27,52.86,938.73,25613.0,455.0,455.0
980,222.410,53.040,222.27,52.86,938.73,23681.0,0.0,0.0
981,222.410,53.040,222.27,52.86,938.73,25682.0,514.0,514.0
982,222.410,53.040,222.27,52.86,938.73,24532.0,0.0,0.0
983,222.410,53.040,222.27,52.86,938.73,23139.0,0.0,0.0
984,222.410,53.040,222.27,52.86,938.73,24875.0,248.0,248.0
985,222.410,53.040,222.27,52.86,938.73,23739.0,0.0,0.0
986,222.410,53.040,222.27,52.86,938.73,24715.0,553.0,553.0
987,222.410,53.040,222.27,52.86,938.73,23906.0,0.0,0.0
988,222.410,53.040,222.27,52.86,938.73,24950.0,185.0,185.0
989,222.410,53.040,222.27,52.86,938.73,23866.0,0.0,0.0
990,222.410,53.040,222.27,52.86,938.73,24194.0,122.0,122.0
991,222.410,53.040,222.27,52.86,938.73,26047.0,869.0,869.0
992,222.410,53.040,222.27,52.86,938.73,25264.0,714.0,714.0
993,222.410,53.040,222.27,52.86,938.73,25031.0,320.0,320.0
994,222.410,53.040,222.27,52.86,938.73,24002.0,0.0,0.0
995,222.410,53.040,222.27,52.86,938.73,25389.0,946.0,946.0
996,222.410,53.040,222.27,52.86,938.73,23671.0,0.0,0.0
997,222.410,53.040,222.27,52.86,938.73,24331.0,415.0,415.0
998,222.410,53.040,222.27,52.86,938.73,23879.0,0.0,0.0
999,222.410,53.040,222.27,52.86,938.73,25420.0,964.0,964.0
1000,222.410,53.040,222.27,52.86,938.73,24710.0,419.0,419.0
1001,222.410,53.040,222.27,52.86,938.73,24942.0,234.0,234.0
1002,222.410,53.040,222.27,52.86,938.73,24699.0,715.0,715.0
1003,222.410,53.040,222.27,52.86,938.73,26054.0,1143.0,1143.0
1004,222.410,53.040,222.27,52.86,938.73,22746.0,0.0,0.0
1005,222.410,53.040,222.27,52.86,938.73,23831.0,0.0,0.0
1006,222.410,53.040,222.27,52.86,938.73,23443.0,0.0,0.0
1007,222.410,53.040,222.27,52.86,938.73,25731.0,490.0,490.0
1008,222.410,53.040,222.27,52.86,938.73,24239.0,0.0,0.0
1009,222.410,53.040,222.27,52.86,938.73,25355.0,0.0,0.0
1010,222.410,53.040,222.27,52.86,938.73,24495.0,378.0,378.0
1011,222.410,53.040,222.27,52.86,938.73,25218.0,0.0,0.0
1012,222.410,53.040,222.27,52.86,938.73,24886.0,253.0,253.0
1013,222.410,53.040,222.27,52.86,938.73,24428.0,0.0,0.0
1014,222.410,53.040,222.27,52.86,938.73,27010.0,1216.0,1216.0
1015,222.410,53.040,222.27,52.86,938.73,25427.0,881.0,881.0
1016,222.410,53.040,222.27,52.86,938.73,22108.0,0.0,0.0
1017,222.410,53.040,222.27,52.86,938.73,24560.0,0.0,0.0
1018,222.410,53.040,222.27,52.86,938.73,23906.0,0.0,0.0
1019,222.410,53.040,222.27,52.86,938.73,25486.0,1018.0,1018.0
1020,222.410,53.040,222.27,52.86,938.73,25214.0,197.0,197.0
1021,222.410,53.040,222.27,52.86,938.73,24853.0,0.0,0.0
1022,222.410,53.040,222.27,52.86,938.73,23472.0,0.0,0.0
1023,222.410,53.040,222.27,52.86,938.73,25633.0,740.0,740.0
1024,222.410,53.040,222.27,52.86,938.73,22079.0,0.0,0.0
1025,222.410,53.040,222.27,52.86,938.73,24161.0,166.0,166.0
1026,222.410,53.040,222.27,52.86,938.73,24878.0,0.0,0.0
1027,222.410,53.040,222.27,52.86,938.73,25145.0,0.0,0.0
1028,222.410,53.040,222.27,52.86,938.73,24591.0,0.0,0.0
1029,222.410,53.040,222.27,52.86,938.73,27313.0,2201.0,2201.0
1030,222.410,53.040,222.27,52.86,938.73,24253.0,0.0,0.0
1031,222.410,53.040,222.27,52.86,938.73,24817.0,0.0,0.0
1032,222.410,53.040,222.27,52.86,938.73,25313.0,1226.0,1226.0
1033,222.410,53.040,222.27,52.86,938.73,24286.0,292.0,292.0
1034,222.410,53.040,222.27,52.86,938.73,24144.0,0.0,0.0
1035,222.410,53.040,222.27,52.86,938.73,23644.0,0.0,0.0
1036,222.410,53.040,222.27,52.86,938.73,24046.0,0.0,0.0
1037,222.410,53.040,222.27,52.86,938.73,25790.0,928.0,928.0
1038,222.410,53.040,222.27,52.86,938.73,23820.0,549.0,549.0
1039,222.410,53.040,222.27,52.86,938.73,25309.0,1039.0,1039.0
1040,222.410,53.040,222.27,52.86,938.73,24331.0,0.0,0.0
1041,222.410,53.040,222.27,52.86,938.73,24587.0,408.0,408.0
1042,222.410,53.040,222.27,52.86,938.73,24424.0,0.0,0.0
1043,222.410,53.040,222.27,52.86,938.73,23516.0,209.0,209.0
1044,222.410,53.040,222.27,52.86,938.73,26234.0,2136.0,2136.0
1045,222.410,53.040,222.27,52.86,938.73,24133.0,0.0,0.0
1046,222.410,53.040,222.27,52.86,938.73,25047.0,257.0,257.0
1047,222.410,53.040,222.27,52.86,938.73,23622.0,0.0,0.0
1048,222.410,53.040,222.27,52.86,938.73,26590.0,1776.0,1776.0
1049,222.410,53.040,222.27,52.86,938.73,24206.0,0.0,0.0
1050,222.410,53.040,222.27,52.86,938.73,24592.0,0.0,0.0
1051,222.410,53.040,222.27,52.86,938.73,25377.0,345.0,345.0
1052,222.410,53.040,222.27,52.86,938.73,25158.0,1061.0,1061.0
1053,222.410,53.040,222.27,52.86,938.73,22483.0,0.0,0.0
1054,222.410,53.040,222.27,52.86,938.73,23960.0,423.0,423.0
1055,222.410,53.040,222.27,52.86,938.73,25010.0,872.0,872.0
1056,222.410,53.040,222.27,52.86,938.73,24331.0,841.0,841.0
1057,222.410,53.040,222.27,52.86,938.73,23195.0,0.0,0.0
1058,222.410,53.040,222.27,52.86,938.73,23189.0,324.0,324.0
1059,222.410,53.040,222.27,52.86,938.73,24593.0,630.0,630.0
1060,222.410,53.040,222.27,52.86,938.73,25738.0,1304.0,1304.0
1061,222.410,53.040,222.27,52.86,938.73,23750.0,0.0,0.0
1062,222.410,53.040,222.27,52.86,938.73,23130.0,0.0,0.0
1063,222.410,53.040,222.27,52.86,938.73,25088.0,1156.0,1156.0
1064,222.410,53.040,222.27,52.86,938.73,25086.0,579.0,579.0
1065,222.410,53.040,222.27,52.86,938.73,26245.0,1582.0,1582.0
1066,222.410,53.040,222.27,52.86,938.73,22978.0,0.0,0.0
1067,222.410,53.040,222.27,52.86,938.73,24404.0,567.0,567.0
1068,222.410,53.040,222.27,52.86,938.73,23854.0,283.0,283.0
1069,222.410,53.040,222.27,52.86,938.73,25424.0,851.0,851.0
1070,222.410,53.040,222.27,52.86,938.73,24232.0,183.0,183.0
1071,222.410,53.040,222.27,52.86,938.73,24845.0,533.0,533.0
1072,222.410,53.040,222.27,52.86,938.73,23971.0,0.0,0.0
1073,222.410,53.040,222.27,52.86,938.73,24210.0,0.0,0.0
1074,222.410,53.040,222.27,52.86,938.73,25070.0,965.0,965.0
1075,222.410,53.040,222.27,52.86,938.73,25190.0,491.0,491.0
1076,222.410,53.040,222.27,52.86,938.73,24699.0,689.0,689.0
1077,222.410,53.040,222.27,52.86,938.73,24188.0,0.0,0.0
1078,222.410,53.040,222.27,52.86,938.73,24079.0,37.0,37.0
1079,222.410,53.040,222.27,52.86,938.73,22385.0,0.0,0.0
1080,222.410,53.040,222.27,52.86,938.73,24350.0,377.0,377.0
1081,222.410,53.040,222.27,52.86,938.73,24052.0,0.0,0.0
1082,222.410,53.040,222.27,52.86,938.73,24355.0,117.0,117.0
1083,222.410,53.040,222.27,52.86,938.73,23204.0,344.0,344.0
1084,222.410,53.040,222.27,52.86,938.73,24597.0,0.0,0.0
1085,222.410,53.040,222.27,52.86,938.73,25278.0,623.0,623.0
1086,222.410,53.040,222.27,52.86,938.73,23511.0,0.0,0.0
1087,222.410,53.040,222.27,52.86,938.73,24622.0,34.0,34.0
1088,222.410,53.040,222.27,52.86,938.73,26119.0,2078.0,2078.0
1089,222.410,53.040,222.27,52.86,938.73,25349.0,191.0,191.0
1090,222.410,53.040,222.27,52.86,938.73,23287.0,0.0,0.0
1091,222.410,53.040,222.27,52.86,938.73,25456.0,1481.0,1481.0
1092,222.410,53.040,222.27,52.86,938.73,23921.0,351.0,351.0
1093,222.410,53.040,222.27,52.86,938.73,25122.0,231.0,231.0
1094,222.410,53.040,222.27,52.86,938.73,24104.0,0.0,0.0
1095,222.410,53.040,222.27,52.86,938.73,26821.0,2503.0,2503.0
1096,222.410,53.040,222.27,52.86,938.73,23717.0,0.0,0.0
1097,222.410,53.040,222.27,52.86,938.73,25064.0,1283.0,1283.0
1098,222.410,53.040,222.27,52.86,938.73,25947.0,1129.0,1129.0
1099,222.410,53.040,222.27,52.86,938.73,26867.0,1531.0,1531.0
1100,222.410,53.040,222.27,52.86,938.73,23619.0,0.0,0.0
1101,222.410,53.040,222.27,52.86,938.73,23490.0,0.0,0.0
1102,222.410,53.040,222.27,52.86,938.73,24175.0,167.0,167.0
1103,222.410,53.040,222.27,52.86,938.73,25689.0,906.0,906.0
1104,222.410,53.040,222.27,52.86,938.73,25033.0,390.0,390.0
1105,222.410,53.040,222.27,52.86,938.73,23708.0,0.0,0.0
1106,222.410,53.040,222.27,52.86,938.73,24579.0,161.0,161.0
1107,222.410,53.040,222.27,52.86,938.73,24251.0,579.0,579.0
1108,222.410,53.040,222.27,52.86,938.73,24531.0,28.0,28.0
1109,222.410,53.040,222.27,52.86,938.73,26544.0,1996.0,1996.0
1110,222.410,53.040,222.27,52.86,938.73,24997.0,998.0,998.0
1111,222.410,53.040,222.27,52.86,938.73,22409.0,0.0,0.0
1112,222.410,53.040,222.27,52.86,938.73,25549.0,1130.0,1130.0
1113,222.410,53.040,222.27,52.86,938.73,26917.0,2024.0,2024.0
1114,222.410,53.040,222.27,52.86,938.73,23291.0,0.0,0.0
1115,222.410,53.040,222.27,52.86,938.73,22869.0,0.0,0.0
1116,222.410,53.040,222.27,52.86,938.73,24245.0,0.0,0.0
1117,222.410,53.040,222.27,52.86,938.73,25592.0,900.0,900.0
1118,222.410,53.040,222.27,52.86,938.73,24577.0,0.0,0.0
1119,222.410,53.040,222.27,52.86,938.73,24897.0,1066.0,1066.0
1120,222.410,53.040,222.27,52.86,938.73,25227.0,1583.0,1583.0
1121,222.410,53.040,222.27,52.86,938.73,23927.0,0.0,0.0
1122,222.410,53.040,222.27,52.86,938.73,23367.0,0.0,0.0
1123,222.410,53.040,222.27,52.86,938.73,25625.0,1277.0,1277.0
1124,222.410,53.040,222.27,52.86,938.73,24758.0,72.0,72.0
1125,222.410,53.040,222.27,52.86,938.73,23172.0,0.0,0.0
1126,222.410,53.040,222.27,52.86,938.73,25088.0,0.0,0.0
1127,222.410,53.040,222.27,52.86,938.73,22646.0,0.0,0.0
1128,222.410,53.040,222.27,52.86,938.73,23563.0,24.0,24.0
1129,222.410,53.040,222.27,52.86,938.73,24552.0,248.0,248.0
1130,222.410,53.040,222.27,52.86,938.73,24189.0,0.0,0.0
1131,222.410,53.040,222.27,52.86,938.73,24748.0,131.0,131.0
1132,222.410,53.040,222.27,52.86,938.73,25009.0,0.0,0.0
1133,222.410,53.040,222.27,52.86,938.73,23610.0,0.0,0.0
1134,222.410,53.040,222.27,52.86,938.73,25053.0,0.0,0.0
1135,222.410,53.040,222.27,52.86,938.73,24692.0,480.0,480.0
1136,222.410,53.040,222.27,52.86,938.73,24032.0,0.0,0.0
1137,222.410,53.040,222.27,52.86,938.73,22966.0,0.0,0.0
1138,222.410,53.040,222.27,52.86,938.73,23994.0,0.0,0.0
1139,222.410,53.040,222.27,52.86,938.73,23953.0,0.0,0.0
1140,222.410,53.040,222.27,52.86,938.73,25853.0,1175.0,1175.0
1141,222.410,53.040,222.27,52.86,938.73,23481.0,0.0,0.0
1142,222.410,53.040,222.27,52.86,938.73,23453.0,0.0,0.0
1143,222.410,53.040,222.27,52.86,938.73,23822.0,280.0,280.0
1144,222.410,53.040,222.27,52.86,938.73,24599.0,0.0,0.0
1145,222.410,53.040,222.27,52.86,938.73,24230.0,494.0,494.0
1146,222.410,53.040,222.27,52.86,938.73,23625.0,0.0,0.0
1147,222.410,53.040,222.27,52.86,938.73,24440.0,549.0,549.0
1148,222.410,53.040,222.27,52.86,938.73,23016.0,0.0,0.0
1149,222.410,53.040,222.27,52.86,938.73,24831.0,1175.0,1175.0
1150,222.410,53.040,222.27,52.86,938.73,24173.0,0.0,0.0
1151,222.410,53.040,222.27,52.86,938.73,24759.0,180.0,180.0
1152,222.410,53.040,222.27,52.86,938.73,25449.0,546.0,546.0
1153,222.410,53.040,222.27,52.86,938.73,25677.0,449.0,449.0
1154,222.410,53.040,222.27,52.86,938.73,24840.0,707.0,707.0
1155,222.410,53.040,222.27,52.86,938.73,31840.0,6683.0,6683.0
1156,222.410,53.040,222.27,52.86,938.73,33150.0,6974.0,6974.0
1157,222.410,53.040,222.27,52.86,938.73,31877.0,5929.0,5929.0
1158,222.410,53.040,222.19,52.95,938.73,32930.0,7660.0,7660.0
1159,222.410,53.040,222.5,53.1,938.73,33167.0,6933.0,6933.0
1160,222.410,53.040,222.07,52.54,938.73,31100.0,6831.0,6831.0
1161,222.410,53.040,222.49,53.08,938.73,33191.0,7231.0,7231.0
1162,222.410,53.040,222.18,52.88,938.73,32805.0,6907.0,6907.0
1163,222.410,53.040,222.25,53.15,938.73,30878.0,6020.0,6020.0
1164,222.410,53.040,222.23,52.78,938.73,34539.0,7277.0,7277.0
1165,222.410,53.040,221.93,52.61,938.73,33064.0,7319.0,7319.0
1166,222.410,53.040,222.26,52.9,938.73,32836.0,7542.0,7542.0
1167,222.410,53.040,222.23,52.92,938.73,32642.0,6661.0,6661.0
1168,222.410,53.040,222.29,52.81,938.73,34549.0,8416.0,8416.0
1169,222.410,53.040,222.08,53.12,938.73,33479.0,7000.0,7000.0
1170,222.410,53.040,221.93,52.61,938.73,34868.0,8462.0,8462.0
1171,222.410,53.040,222.27,52.86,938.73,31779.0,6508.0,6508.0
1172,222.410,53.040,222.21,52.81,938.73,34770.0,9305.0,9305.0
1173,222.410,53.040,222.43,52.62,938.73,32887.0,7200.0,7200.0
1174,222.410,53.040,222.27,52.86,938.73,30920.0,5559.0,5559.0
1175,222.410,53.040,222.33,53.15,938.73,34657.0,8719.0,8719.0
1176,222.410,53.040,222.45,52.91,938.73,32574.0,7448.0,7448.0
1177,222.410,53.040,222.42,53.0,938.73,31709.0,5788.0,5788.0
1178,222.410,53.040,222.27,53.09,938.73,33560.0,7643.0,7643.0
1179,222.410,53.040,222.27,52.86,938.73,31931.0,5394.0,5394.0
1180,222.410,53.040,222.27,52.86,938.73,32331.0,6428.0,6428.0
1181,222.410,53.040,222.23,52.96,938.73,33090.0,7169.0,7169.0
1182,222.410,53.040,222.23,52.73,938.73,34772.0,8805.0,8805.0
1183,222.410,53.040,222.27,52.86,938.73,32585.0,7447.0,7447.0
1184,222.410,53.040,222.27,52.86,938.73,30968.0,5165.0,5165.0
1185,222.410,53.040,222.12,52.89,938.73,33367.0,7511.0,7511.0
1186,222.410,53.040,222.27,52.86,938.73,30716.0,5163.0,5163.0
1187,222.410,53.040,222.27,52.86,938.73,31655.0,6591.0,6591.0
1188,222.410,53.040,222.38,53.03,938.73,35832.0,9489.0,9489.0
1189,222.410,53.040,222.51,52.84,938.73,33460.0,7969.0,7969.0
1190,222.410,53.040,222.27,52.86,938.73,30568.0,5511.0,5511.0
1191,222.410,53.040,222.3,52.95,938.73,31244.0,4961.0,4961.0
1192,222.410,53.040,222.06,52.77,938.73,33516.0,7817.0,7817.0
1193,222.410,53.040,222.78,52.95,938.73,34089.0,7106.0,7106.0
1194,222.410,53.040,222.28,52.95,938.73,33594.0,8437.0,8437.0
1195,222.410,53.040,222.52,52.97,938.73,35346.0,9009.0,9009.0
1196,222.410,53.040,222.27,52.86,938.73,32661.0,6362.0,6362.0
1197,222.410,53.040,222.12,52.9,938.73,35082.0,9065.0,9065.0
1198,222.410,53.040,222.16,53.16,938.73,36032.0,9783.0,9783.0
1199,222.410,53.040,222.23,52.88,938.73,35358.0,8964.0,8964.0
1200,222.410,53.040,222.35,53.02,938.73,34784.0,8408.0,8408.0
1201,222.410,53.040,222.22,53.09,938.73,34238.0,8999.0,8999.0
1202,222.410,53.040,222.2,52.91,938.73,34985.0,8730.0,8730.0
1203,222.410,53.040,222.22,52.94,938.73,33717.0,7727.0,7727.0
1204,222.410,53.040,222.52,52.68,938.73,34322.0,8109.0,8109.0
1205,222.410,53.040,222.09,52.79,938.73,35330.0,8901.0,8901.0
1206,222.410,53.040,222.26,52.88,938.73,34841.0,9055.0,9055.0
1207,222.410,53.040,222.04,52.97,938.73,33490.0,7936.0,7936.0
1208,222.410,53.040,222.15,52.93,938.73,34634.0,8648.0,8648.0
1209,222.410,53.040,222.14,53.06,938.73,36664.0,9820.0,9820.0
1210,222.410,53.040,222.11,53.03,938.73,31569.0,6426.0,6426.0
1211,222.410,53.040,222.27,52.86,938.73,33951.0,7011.0,7011.0
1212,222.410,53.040,222.04,53.0,938.73,34373.0,8611.0,8611.0
1213,222.410,53.040,222.22,53.04,938.73,33497.0,7128.0,7128.0
1214,222.410,53.040,222.66,52.9,938.73,34988.0,9004.0,9004.0
1215,222.410,53.040,222.27,52.86,938.73,33231.0,6800.0,6800.0
1216,222.410,53.040,222.15,52.89,938.73,33799.0,8034.0,8034.0
1217,222.410,53.040,222.3,53.0,938.73,32048.0,7370.0,7370.0
1218,222.410,53.040,222.59,52.84,938.73,32148.0,7280.0,7280.0
1219,222.410,53.040,222.22,52.81,938.73,32165.0,6043.0,6043.0
1220,222.410,53.040,222.29,53.13,938.73,35686.0,9537.0,9537.0
1221,222.410,53.040,222.27,52.86,938.73,31447.0,6242.0,6242.0
1222,222.410,53.040,222.27,52.86,938.73,31249.0,5876.0,5876.0
1223,222.410,53.040,222.06,52.91,938.73,35060.0,7705.0,7705.0
1224,222.410,53.040,221.73,52.56,938.73,32637.0,6701.0,6701.0
1225,222.410,53.040,222.48,52.86,938.73,34622.0,8915.0,8915.0
1226,222.410,53.040,222.4,53.22,938.73,33313.0,7927.0,7927.0
1227,222.410,53.040,222.27,52.88,938.73,33277.0,7272.0,7272.0
1228,222.410,53.040,222.33,52.56,938.73,35289.0,9697.0,9697.0
1229,222.410,53.040,222.51,52.89,938.73,35617.0,9528.0,9528.0
1230,222.410,53.040,222.23,52.99,938.73,36964.0,10122.0,10122.0
1231,222.410,53.040,222.29,53.03,938.73,35168.0,8676.0,8676.0
1232,222.410,53.040,222.06,52.84,938.73,37631.0,9494.0,9494.0
1233,222.410,53.040,222.15,53.08,938.73,34374.0,8374.0,8374.0
1234,222.410,53.040,221.98,52.86,938.73,33351.0,7914.0,7914.0
1235,222.410,53.040,221.99,52.74,938.73,35238.0,9211.0,9211.0
1236,222.410,53.040,222.57,52.9,938.73,38564.0,12083.0,12083.0
1237,222.410,53.040,222.46,52.96,938.73,34237.0,8516.0,8516.0
1238,222.410,53.040,221.99,52.87,938.73,36747.0,10693.0,10693.0
1239,222.410,53.040,222.2,52.79,938.73,35886.0,9974.0,9974.0
1240,222.410,53.040,222.36,52.57,938.73,35176.0,9364.0,9364.0
1241,222.410,53.040,222.35,53.02,938.73,33325.0,8590.0,8590.0
1242,222.410,53.040,222.41,53.04,938.73,34245.0,8027.0,8027.0
1243,222.410,53.040,222.38,52.95,948.91,30283.0,5273.0,5273.0
1244,222.410,53.040,222.38,52.95,948.91,27524.0,3484.0,3484.0
1245,222.410,53.040,222.38,52.95,948.91,26604.0,2528.0,2528.0
1246,222.410,53.040,222.38,52.95,948.91,31150.0,5196.0,5196.0
1247,222.410,53.040,222.38,52.95,948.91,34539.0,8489.0,8489.0
1248,222.410,53.040,222.38,52.95,948.91,33323.0,7324.0,7324.0
1249,222.410,53.040,222.38,52.95,948.91,39941.0,12934.0,12934.0
1250,222.410,53.040,222.38,52.95,948.91,32737.0,6618.0,6618.0
1251,222.410,53.040,222.38,52.95,948.91,33044.0,6897.0,6897.0
1252,222.410,53.040,222.38,52.95,948.91,35780.0,9185.0,9185.0
1253,222.410,53.040,222.38,52.95,948.91,33355.0,7339.0,7339.0
1254,222.410,53.040,222.38,52.95,948.91,32533.0,6951.0,6951.0
1255,222.410,53.040,222.38,52.95,948.91,32939.0,7074.0,7074.0
1256,222.410,53.040,222.38,52.95,948.91,33989.0,7968.0,7968.0
1257,222.410,53.040,222.38,52.95,948.91,35612.0,9187.0,9187.0
1258,222.410,53.040,222.38,52.95,948.91,33214.0,7138.0,7138.0
1259,222.410,53.040,222.38,52.95,948.91,32615.0,6534.0,6534.0
1260,222.410,53.040,222.38,52.95,948.91,30324.0,5286.0,5286.0
1261,222.410,53.040,222.38,52.95,948.91,31171.0,5433.0,5433.0
1262,222.410,53.040,222.38,52.95,948.91,32574.0,6511.0,6511.0
1263,222.410,53.040,222.38,52.95,948.91,32120.0,6367.0,6367.0
1264,222.410,53.040,222.38,52.95,948.91,30087.0,4732.0,4732.0
1265,222.410,53.040,222.33,52.89,948.91,32181.0,6406.0,6406.0
1266,222.410,53.040,222.38,52.95,948.91,29649.0,3884.0,3884.0
1267,222.410,53.040,222.31,52.97,948.91,32830.0,7008.0,7008.0
1268,222.410,53.040,222.08,52.79,948.91,34010.0,8127.0,8127.0
1269,222.410,53.040,222.13,52.92,948.91,33812.0,8072.0,8072.0
1270,222.410,53.040,222.24,53.21,948.91,34123.0,8947.0,8947.0
1271,222.410,53.040,222.07,52.81,948.91,34707.0,8806.0,8806.0
1272,222.410,53.040,222.46,52.63,948.91,34608.0,9331.0,9331.0
1273,222.410,53.040,222.33,52.9,948.91,32159.0,6600.0,6600.0
1274,222.410,53.040,222.46,53.01,948.91,33047.0,7783.0,7783.0
1275,222.410,53.040,222.42,53.07,948.91,34971.0,9042.0,9042.0
1276,222.410,53.040,222.26,53.09,948.91,32556.0,7549.0,7549.0
1277,222.410,53.040,222.18,52.89,948.91,34187.0,7947.0,7947.0
1278,222.410,53.040,222.43,53.07,948.91,34017.0,7374.0,7374.0
1279,222.410,53.040,222.36,52.92,948.91,32978.0,7794.0,7794.0
1280,222.410,53.040,222.44,53.05,948.91,32163.0,6410.0,6410.0
1281,222.410,53.040,222.38,52.95,948.91,32381.0,5654.0,5654.0
1282,222.410,53.040,222.31,52.88,948.91,38002.0,11961.0,11961.0
1283,222.410,53.040,222.01,52.86,948.91,35789.0,8953.0,8953.0
1284,222.410,53.040,222.06,52.81,948.91,33086.0,7362.0,7362.0
1285,222.410,53.040,222.22,52.83,948.91,34894.0,9112.0,9112.0
1286,222.410,53.040,222.16,52.83,948.91,34899.0,10203.0,10203.0
1287,222.410,53.040,222.38,52.95,948.91,32550.0,5762.0,5762.0
1288,222.410,53.040,222.48,53.37,948.91,35114.0,9096.0,9096.0
1289,222.410,53.040,222.45,52.64,948.91,32635.0,6778.0,6778.0
1290,222.410,53.040,222.25,53.14,948.91,33672.0,7745.0,7745.0
1291,222.410,53.040,222.25,52.8,948.91,34317.0,9239.0,9239.0
1292,222.410,53.040,222.41,52.8,948.91,34041.0,8604.0,8604.0
1293,222.410,53.040,221.65,52.56,948.91,31126.0,6276.0,6276.0
1294,222.410,53.040,222.35,53.37,948.91,36217.0,9453.0,9453.0
1295,222.410,53.040,222.65,53.08,948.91,33230.0,7348.0,7348.0
1296,222.410,53.040,222.55,53.2,948.91,37406.0,10980.0,10980.0
1297,222.410,53.040,222.42,52.55,948.91,33093.0,7566.0,7566.0
1298,222.410,53.040,222.25,53.18,948.91,36067.0,9143.0,9143.0
1299,222.410,53.040,222.4,52.89,948.91,34123.0,8277.0,8277.0
1300,222.410,53.040,222.38,52.95,948.91,31094.0,5539.0,5539.0
1301,222.410,53.040,221.98,52.79,948.91,34851.0,7379.0,7379.0
1302,222.410,53.040,222.5,53.12,948.91,33344.0,7533.0,7533.0
1303,222.410,53.040,222.27,53.02,948.91,34500.0,7922.0,7922.0
1304,222.410,53.040,222.07,53.0,948.91,34226.0,8528.0,8528.0
1305,222.410,53.040,222.51,53.12,948.91,37546.0,10666.0,10666.0
1306,222.410,53.040,222.38,52.95,948.91,31189.0,6021.0,6021.0
1307,222.410,53.040,222.06,53.03,948.91,34079.0,7565.0,7565.0
1308,222.410,53.040,222.59,53.06,948.91,31884.0,6154.0,6154.0
1309,222.410,53.040,222.18,52.82,948.91,35771.0,9253.0,9253.0
1310,222.410,53.040,222.15,53.02,948.91,33643.0,6668.0,6668.0
1311,222.410,53.040,222.13,52.87,948.91,33174.0,7602.0,7602.0
1312,222.410,53.040,222.38,52.95,948.91,32321.0,5518.0,5518.0
1313,222.410,53.040,222.32,52.84,948.91,34533.0,8914.0,8914.0
1314,222.410,53.040,222.43,53.03,948.91,34133.0,8257.0,8257.0
1315,222.410,53.040,222.49,52.64,948.91,33014.0,7726.0,7726.0
1316,222.410,53.040,222.38,52.95,948.91,32719.0,6816.0,6816.0
1317,222.410,53.040,222.4,52.89,948.91,34155.0,7849.0,7849.0
1318,222.410,53.040,222.33,52.63,948.91,33353.0,7243.0,7243.0
1319,222.410,53.040,222.56,52.87,948.91,36786.0,10863.0,10863.0
1320,222.410,53.040,222.43,52.94,948.91,32561.0,7493.0,7493.0
1321,222.410,53.040,222.12,52.9,948.91,33300.0,7013.0,7013.0
1322,222.410,53.040,222.11,53.03,948.91,34092.0,8112.0,8112.0
1323,222.410,53.040,222.47,52.97,948.91,35283.0,8802.0,8802.0
1324,222.410,53.040,222.16,52.86,948.91,33763.0,8738.0,8738.0
1325,222.410,53.040,222.42,52.68,948.91,32912.0,7367.0,7367.0
1326,222.410,53.040,222.38,52.95,948.91,31218.0,6011.0,6011.0
1327,222.410,53.040,222.31,53.0,948.91,31885.0,6340.0,6340.0
1328,222.410,53.040,222.08,52.75,948.91,34785.0,9106.0,9106.0
1329,222.410,53.040,222.31,52.93,948.91,35791.0,9281.0,9281.0
1330,222.410,53.040,222.22,52.83,948.91,35331.0,9487.0,9487.0
1331,222.410,53.040,222.15,53.02,948.91,33505.0,7416.0,7416.0
1332,222.410,53.040,222.38,52.95,948.91,34348.0,7020.0,7020.0
1333,222.410,53.040,222.38,52.95,948.91,28397.0,3266.0,3266.0
1334,222.410,53.040,222.43,53.03,948.91,35472.0,8909.0,8909.0
1335,222.410,53.040,222.44,52.89,948.91,36721.0,11093.0,11093.0
1336,222.410,53.040,222.22,52.76,948.91,36316.0,9224.0,9224.0
1337,222.410,53.040,222.33,52.87,948.91,36928.0,10670.0,10670.0
1338,222.410,53.040,222.63,52.51,948.91,34671.0,9084.0,9084.0
1339,222.410,53.040,222.23,52.68,948.91,34904.0,9178.0,9178.0
1340,222.410,53.040,222.31,52.83,948.91,34747.0,8447.0,8447.0
1341,222.410,53.040,222.37,52.56,948.91,36295.0,10151.0,10151.0
1342,222.410,53.040,222.22,52.89,948.91,35997.0,9000.0,9000.0
1343,222.410,53.040,222.25,52.88,948.91,38658.0,11735.0,11735.0
1344,222.410,53.040,222.29,52.77,948.91,35105.0,9801.0,9801.0
1345,222.410,53.040,222.45,53.0,948.91,37792.0,10012.0,10012.0
1346,222.410,53.040,222.41,52.97,948.91,35421.0,9453.0,9453.0
1347,222.410,53.040,222.33,52.92,948.91,39606.0,12450.0,12450.0
1348,222.410,53.040,222.28,53.01,948.91,38145.0,10451.0,10451.0
1349,222.410,53.040,222.36,52.85,948.91,35221.0,9784.0,9784.0
1350,222.410,53.040,222.37,53.1,948.91,34669.0,8759.0,8759.0
1351,222.410,53.040,222.41,52.57,948.91,39054.0,12850.0,12850.0
1352,222.410,53.040,222.37,52.71,948.91,37765.0,11931.0,11931.0
1353,222.410,53.040,222.25,52.98,948.91,37047.0,10318.0,10318.0
1354,222.410,53.040,222.41,53.0,948.91,38992.0,11650.0,11650.0
1355,222.410,53.040,222.21,52.88,948.91,38020.0,11351.0,11351.0
1356,222.410,53.040,222.29,52.81,948.91,37443.0,11572.0,11572.0
1357,222.410,53.040,222.3,52.92,948.91,39394.0,12574.0,12574.0
1358,222.410,53.040,222.36,52.68,948.91,36395.0,9582.0,9582.0
1359,222.410,53.040,222.11,52.58,948.91,38833.0,13470.0,13470.0
1360,222.410,53.040,222.42,52.88,948.91,36916.0,9928.0,9928.0
1361,222.410,53.040,222.37,52.85,948.91,34851.0,9068.0,9068.0
1362,222.410,53.040,222.32,53.0,948.91,35660.0,9718.0,9718.0
1363,222.410,53.040,222.37,53.09,948.91,35498.0,8641.0,8641.0
1364,222.410,53.040,222.38,52.95,948.91,30325.0,4956.0,4956.0
1365,222.410,53.040,222.37,52.97,948.91,32363.0,6586.0,6586.0
1366,222.410,53.040,222.52,53.03,948.91,36295.0,8812.0,8812.0
1367,222.410,53.040,222.35,52.71,948.91,38400.0,11704.0,11704.0
1368,222.410,53.040,222.33,52.77,948.91,35722.0,9406.0,9406.0
1369,222.410,53.040,222.52,52.95,948.91,34650.0,8457.0,8457.0
1370,222.410,53.040,222.33,52.83,948.91,34064.0,8593.0,8593.0
1371,222.410,53.040,222.49,52.58,948.91,38771.0,12306.0,12306.0
1372,222.410,53.040,222.36,52.61,948.91,36736.0,10856.0,10856.0
1373,222.410,53.040,222.18,52.81,948.91,35614.0,9766.0,9766.0
1374,222.410,53.040,222.18,52.84,948.91,35834.0,9630.0,9630.0
1375,222.410,53.040,222.36,53.02,948.91,36330.0,10509.0,10509.0
1376,222.410,53.040,222.38,52.98,948.91,34122.0,7575.0,7575.0
1377,222.410,53.040,222.08,52.64,948.91,36579.0,9983.0,9983.0
1378,222.410,53.040,222.38,52.95,948.91,33171.0,7087.0,7087.0
1379,222.410,53.040,222.56,52.85,948.91,35424.0,9458.0,9458.0
1380,222.410,53.040,222.45,52.66,948.91,35746.0,10975.0,10975.0
1381,222.410,53.040,222.42,52.57,948.91,34152.0,8546.0,8546.0
1382,222.410,53.040,222.1,52.98,948.91,35070.0,9025.0,9025.0
1383,222.410,53.040,221.97,52.8,948.91,35547.0,8976.0,8976.0
1384,222.410,53.040,222.18,52.85,948.91,36097.0,10388.0,10388.0
1385,222.410,53.040,222.17,52.6,948.91,34188.0,7590.0,7590.0
1386,222.410,53.040,222.36,52.87,948.91,36154.0,10670.0,10670.0
1387,222.410,53.040,222.4,52.82,948.91,36548.0,10648.0,10648.0
1388,222.410,53.040,222.41,53.0,948.91,35343.0,10217.0,10217.0
1389,222.410,53.040,222.32,53.01,948.91,37251.0,10387.0,10387.0
1390,222.410,53.040,222.35,52.8,948.91,33796.0,8567.0,8567.0
1391,222.410,53.040,222.34,53.0,948.91,34486.0,7946.0,7946.0
1392,222.410,53.040,222.47,52.8,948.91,36902.0,10157.0,10157.0
1393,222.410,53.040,222.28,52.8,948.91,34458.0,9229.0,9229.0
1394,222.410,53.040,222.51,52.68,948.91,35986.0,9766.0,9766.0
1395,222.410,53.040,221.99,52.83,948.91,34258.0,8494.0,8494.0
1396,222.410,53.040,222.41,52.83,948.91,35420.0,9619.0,9619.0
1397,222.410,53.040,222.25,52.75,948.91,33990.0,8837.0,8837.0
1398,222.410,53.040,222.56,52.95,948.91,37501.0,10996.0,10996.0
1399,222.410,53.040,222.17,52.8,948.91,34023.0,7581.0,7581.0
1400,222.410,53.040,222.71,52.83,948.91,34166.0,8340.0,8340.0
1401,222.410,53.040,222.05,52.61,948.91,36656.0,10831.0,10831.0
1402,222.410,53.040,222.24,52.63,948.91,35317.0,10312.0,10312.0
1403,222.410,53.040,222.35,52.68,948.91,34654.0,7868.0,7868.0
1404,222.410,53.040,222.51,52.69,948.91,35290.0,9114.0,9114.0
1405,222.410,53.040,222.1,52.66,948.91,35424.0,8896.0,8896.0
1406,222.410,53.040,222.21,53.08,948.91,34116.0,8974.0,8974.0
1407,222.410,53.040,222.23,52.92,948.91,37509.0,10354.0,10354.0
1408,222.410,53.040,222.27,52.72,948.91,35747.0,9796.0,9796.0
1409,222.410,53.040,222.19,52.87,948.91,33891.0,8204.0,8204.0
1410,222.410,53.040,222.46,52.74,948.91,36012.0,9869.0,9869.0
1411,222.410,53.040,222.25,52.86,948.91,34912.0,9198.0,9198.0
1412,222.410,53.040,222.38,52.95,948.91,31476.0,5860.0,5860.0
1413,222.410,53.040,222.67,52.81,948.91,34261.0,8520.0,8520.0
1414,222.410,53.040,222.04,53.25,948.91,33030.0,6977.0,6977.0
1415,222.410,53.040,222.31,52.52,948.91,33566.0,8239.0,8239.0
1416,222.410,53.040,222.51,52.57,948.91,33658.0,8904.0,8904.0
1417,222.410,53.040,222.25,52.93,948.91,33428.0,8409.0,8409.0
1418,222.410,53.040,222.38,52.95,948.91,32914.0,7483.0,7483.0
1419,222.410,53.040,222.33,52.89,948.91,35664.0,9479.0,9479.0
1420,222.410,53.040,222.44,52.97,948.91,33353.0,7894.0,7894.0
1421,222.410,53.040,222.38,52.95,948.91,32039.0,5806.0,5806.0
1422,222.410,53.040,222.54,52.94,948.91,36568.0,10858.0,10858.0
1423,222.410,53.040,222.49,52.77,948.91,32801.0,6604.0,6604.0
1424,222.410,53.040,222.35,52.7,948.91,34984.0,9108.0,9108.0
1425,222.410,53.040,222.48,52.59,948.91,35225.0,9499.0,9499.0
1426,222.410,53.040,222.15,52.71,948.91,34218.0,8039.0,8039.0
1427,222.410,53.040,222.37,53.03,948.91,35119.0,8994.0,8994.0
1428,222.410,53.040,222.38,52.95,948.91,31306.0,5453.0,5453.0
1429,222.410,53.040,222.3,52.88,948.91,33600.0,7273.0,7273.0
1430,222.410,53.040,222.45,52.63,948.91,33950.0,8350.0,8350.0
1431,222.410,53.040,222.53,52.71,948.91,34230.0,9187.0,9187.0
1432,222.410,53.040,222.65,53.16,948.91,35197.0,9348.0,9348.0
1433,222.410,53.040,222.52,52.56,948.91,32980.0,8342.0,8342.0
1434,222.410,53.040,222.2,52.91,948.91,33889.0,8199.0,8199.0
1435,222.410,53.040,222.25,53.04,948.91,35039.0,7866.0,7866.0
1436,222.410,53.040,222.17,52.83,948.91,33951.0,8696.0,8696.0
1437,222.410,53.040,222.38,52.95,948.91,30184.0,5367.0,5367.0
1438,222.410,53.040,222.03,52.66,948.91,32983.0,6390.0,6390.0
1439,222.410,53.040,222.39,52.9,948.91,35097.0,8614.0,8614.0
1440,222.410,53.040,222.29,52.83,948.91,34062.0,8290.0,8290.0
1441,222.410,53.040,222.25,52.9,948.91,37195.0,10591.0,10591.0
1442,222.410,53.040,222.33,53.01,948.91,35368.0,8230.0,8230.0
1443,222.410,53.040,222.38,52.95,948.91,32744.0,6923.0,6923.0
1444,222.410,53.040,222.38,52.95,948.91,30988.0,6191.0,6191.0
1445,222.410,53.040,222.38,52.95,948.91,35177.0,8628.0,8628.0
1446,222.410,53.040,222.59,52.97,948.91,34608.0,8109.0,8109.0
1447,222.410,53.040,222.12,52.83,948.91,32663.0,7507.0,7507.0
1448,222.410,53.040,222.43,52.55,948.91,35838.0,9267.0,9267.0
1449,222.410,53.040,222.36,52.61,948.91,35104.0,9634.0,9634.0
1450,222.410,53.040,222.38,52.95,948.91,30863.0,5977.0,5977.0
1451,222.410,53.040,222.49,52.93,948.91,32388.0,6888.0,6888.0
1452,222.410,53.040,222.63,53.01,948.91,34871.0,8155.0,8155.0
1453,222.410,53.040,222.3,52.95,948.91,31956.0,6826.0,6826.0
1454,222.410,53.040,222.41,52.66,948.91,32099.0,7121.0,7121.0
1455,222.410,53.040,222.65,52.67,948.91,33968.0,8550.0,8550.0
1456,222.410,53.040,222.38,52.95,948.91,30464.0,4855.0,4855.0
1457,222.410,53.040,222.26,52.78,948.91,34687.0,9660.0,9660.0
1458,222.410,53.040,222.34,52.92,948.91,31610.0,5740.0,5740.0
1459,222.410,53.040,222.49,52.76,948.91,34653.0,9411.0,9411.0
1460,222.410,53.040,222.18,52.85,948.91,34310.0,8868.0,8868.0
1461,222.410,53.040,222.38,52.95,948.91,32335.0,6240.0,6240.0
1462,222.410,53.040,222.53,52.89,948.91,33645.0,8539.0,8539.0
1463,222.410,53.040,222.38,52.95,948.91,32194.0,6065.0,6065.0
1464,222.410,53.040,222.38,52.95,948.91,30396.0,5376.0,5376.0
1465,222.410,53.040,222.38,52.95,948.91,32884.0,6733.0,6733.0
1466,222.410,53.040,222.36,52.62,948.91,33635.0,8174.0,8174.0
1467,222.410,53.040,222.38,52.73,948.91,36003.0,9539.0,9539.0
1468,222.410,53.040,222.52,52.87,948.91,34315.0,8643.0,8643.0
1469,222.410,53.040,222.43,52.65,948.91,34560.0,9750.0,9750.0
1470,222.410,53.040,222.53,52.77,948.91,34351.0,8248.0,8248.0
1471,222.410,53.040,222.4,52.61,948.91,34517.0,8743.0,8743.0
1472,222.410,53.040,222.41,52.59,948.91,33665.0,8305.0,8305.0
1473,222.410,53.040,222.07,52.96,948.91,34201.0,8455.0,8455.0
1474,222.410,53.040,222.38,52.95,948.91,31250.0,5543.0,5543.0
1475,222.410,53.040,222.01,52.86,948.91,33976.0,7936.0,7936.0
1476,222.410,53.040,222.48,52.53,948.91,34839.0,9821.0,9821.0
1477,222.410,53.040,222.38,52.95,948.91,31931.0,5564.0,5564.0
1478,222.410,53.040,222.38,52.95,948.91,34751.0,7465.0,7465.0
1479,222.410,53.040,222.44,52.53,948.91,35576.0,8827.0,8827.0
1480,222.410,53.040,222.38,52.95,948.91,32182.0,6804.0,6804.0
1481,222.410,53.040,222.33,52.77,948.91,32923.0,7644.0,7644.0
1482,222.410,53.040,222.38,52.95,948.91,31838.0,4930.0,4930.0
1483,222.410,53.040,222.27,52.77,948.91,32008.0,6167.0,6167.0
1484,222.410,53.040,221.84,52.62,948.91,31637.0,6202.0,6202.0
1485,222.410,53.040,222.38,52.95,948.91,31429.0,5966.0,5966.0
1486,222.410,53.040,222.38,52.95,948.91,32664.0,6203.0,6203.0
1487,222.410,53.040,222.49,52.53,948.91,33948.0,8531.0,8531.0
1488,222.410,53.040,222.41,52.85,948.91,33686.0,8083.0,8083.0
1489,222.410,53.040,222.45,52.69,948.91,34719.0,7564.0,7564.0
1490,222.410,53.040,222.38,52.95,948.91,31371.0,6250.0,6250.0
1491,222.410,53.040,222.38,52.95,948.91,31547.0,6177.0,6177.0
1492,222.410,53.040,222.46,52.74,948.91,33590.0,7184.0,7184.0
1493,222.410,53.040,222.61,53.04,948.91,35194.0,8495.0,8495.0
1494,222.410,53.040,222.54,52.49,948.91,33568.0,7939.0,7939.0
1495,222.410,53.040,222.38,52.95,948.91,32066.0,7166.0,7166.0
1496,222.410,53.040,222.56,52.62,948.91,32823.0,6918.0,6918.0
1497,222.410,53.040,222.38,52.95,948.91,30516.0,4750.0,4750.0
1498,222.410,53.040,222.38,52.95,948.91,33361.0,7008.0,7008.0
1499,222.410,53.040,222.5,52.71,948.91,32678.0,7292.0,7292.0
1500,222.410,53.040,222.39,52.64,948.91,34642.0,9535.0,9535.0
