id,avg_x,avg_y,x,y,bg,Square_intensity,circular_intensity,Gaussian_intensity
505,164.340,207.240,164.59,207.51,1030.9,24611.0,0.0,0.0
506,164.340,207.240,164.59,207.51,1030.9,24657.0,0.0,0.0
507,164.340,207.240,164.59,207.51,1030.9,25687.0,856.0,856.0
508,164.340,207.240,164.59,207.51,1030.9,26238.0,1459.0,1459.0
509,164.340,207.240,164.59,207.51,1030.9,24968.0,398.0,398.0
510,164.340,207.240,164.59,207.51,1030.9,25054.0,0.0,0.0
511,164.340,207.240,164.59,207.51,1030.9,23480.0,0.0,0.0
512,164.340,207.240,164.59,207.51,1030.9,25018.0,462.0,462.0
513,164.340,207.240,164.59,207.51,1030.9,24842.0,701.0,701.0
514,164.340,207.240,164.59,207.51,1030.9,23755.0,0.0,0.0
515,164.340,207.240,164.59,207.51,1030.9,24370.0,0.0,0.0
516,164.340,207.240,164.59,207.51,1030.9,25237.0,143.0,143.0
517,164.340,207.240,164.59,207.51,1030.9,23775.0,0.0,0.0
518,164.340,207.240,164.59,207.51,1030.9,26104.0,194.0,194.0
519,164.340,207.240,164.59,207.51,1030.9,24570.0,0.0,0.0
520,164.340,207.240,164.59,207.51,1030.9,24777.0,0.0,0.0
521,164.340,207.240,164.59,207.51,1030.9,24515.0,0.0,0.0
522,164.340,207.240,164.59,207.51,1030.9,24611.0,0.0,0.0
523,164.340,207.240,164.59,207.51,1030.9,23985.0,0.0,0.0
524,164.340,207.240,164.59,207.51,1030.9,25614.0,522.0,522.0
525,164.340,207.240,164.59,207.51,1030.9,26487.0,847.0,847.0
526,164.340,207.240,164.59,207.51,1030.9,23311.0,0.0,0.0
527,164.340,207.240,164.59,207.51,1030.9,23333.0,0.0,0.0
528,164.340,207.240,164.59,207.51,1030.9,24896.0,883.0,883.0
529,164.340,207.240,164.59,207.51,1030.9,25004.0,107.0,107.0
530,164.340,207.240,164.59,207.51,1030.9,25766.0,208.0,208.0
531,164.340,207.240,164.59,207.51,1030.9,24808.0,0.0,0.0
532,164.340,207.240,164.59,207.51,1030.9,25074.0,613.0,613.0
533,164.340,207.240,164.59,207.51,1030.9,23943.0,0.0,0.0
534,164.340,207.240,164.59,207.51,1030.9,22689.0,0.0,0.0
535,164.340,207.240,164.59,207.51,1030.9,24780.0,1276.0,1276.0
536,164.340,207.240,164.59,207.51,1030.9,24312.0,0.0,0.0
537,164.340,207.240,164.59,207.51,1030.9,24187.0,0.0,0.0
538,164.340,207.240,164.59,207.51,1030.9,24999.0,28.0,28.0
539,164.340,207.240,164.59,207.51,1030.9,23264.0,0.0,0.0
540,164.340,207.240,164.59,207.51,1030.9,23726.0,0.0,0.0
541,164.340,207.240,164.59,207.51,1030.9,25607.0,614.0,614.0
542,164.340,207.240,164.59,207.51,1030.9,23898.0,0.0,0.0
543,164.340,207.240,164.59,207.51,1030.9,23782.0,0.0,0.0
544,164.340,207.240,164.59,207.51,1030.9,25312.0,520.0,520.0
545,164.340,207.240,164.59,207.51,1030.9,23132.0,0.0,0.0
546,164.340,207.240,164.59,207.51,1030.9,25023.0,892.0,892.0
547,164.340,207.240,164.59,207.51,1030.9,24640.0,0.0,0.0
548,164.340,207.240,164.59,207.51,1030.9,24826.0,0.0,0.0
549,164.340,207.240,164.59,207.51,1030.9,23509.0,0.0,0.0
550,164.340,207.240,164.59,207.51,1030.9,25890.0,1239.0,1239.0
551,164.340,207.240,164.59,207.51,1030.9,24249.0,0.0,0.0
552,164.340,207.240,164.59,207.51,1030.9,24269.0,243.0,243.0
553,164.340,207.240,164.59,207.51,1030.9,23163.0,0.0,0.0
554,164.340,207.240,164.59,207.51,1030.9,24189.0,143.0,143.0
555,164.340,207.240,164.59,207.51,1030.9,25321.0,377.0,377.0
556,164.340,207.240,164.59,207.51,1030.9,24980.0,0.0,0.0
557,164.340,207.240,164.59,207.51,1030.9,24706.0,202.0,202.0
558,164.340,207.240,164.59,207.51,1030.9,24144.0,0.0,0.0
559,164.340,207.240,164.59,207.51,1030.9,24338.0,0.0,0.0
560,164.340,207.240,164.59,207.51,1030.9,25423.0,391.0,391.0
561,164.340,207.240,164.59,207.51,1030.9,26201.0,899.0,899.0
562,164.340,207.240,164.59,207.51,1030.9,25073.0,444.0,444.0
563,164.340,207.240,164.59,207.51,1030.9,24946.0,389.0,389.0
564,164.340,207.240,164.59,207.51,1030.9,23543.0,0.0,0.0
565,164.340,207.240,164.59,207.51,1030.9,24606.0,0.0,0.0
566,164.340,207.240,164.59,207.51,1030.9,23498.0,0.0,0.0
567,164.340,207.240,164.59,207.51,1030.9,24964.0,1190.0,1190.0
568,164.340,207.240,164.59,207.51,1030.9,25758.0,1130.0,1130.0
569,164.340,207.240,164.59,207.51,1030.9,24866.0,0.0,0.0
570,164.340,207.240,164.59,207.51,1030.9,24047.0,0.0,0.0
571,164.340,207.240,164.59,207.51,1030.9,25185.0,121.0,121.0
572,164.340,207.240,164.59,207.51,1030.9,24958.0,0.0,0.0
573,164.340,207.240,164.59,207.51,1030.9,24549.0,0.0,0.0
574,164.340,207.240,164.59,207.51,1030.9,24311.0,0.0,0.0
575,164.340,207.240,164.59,207.51,1030.9,24566.0,25.0,25.0
576,164.340,207.240,164.59,207.51,1030.9,25263.0,1601.0,1601.0
577,164.340,207.240,164.59,207.51,1030.9,24352.0,0.0,0.0
578,164.340,207.240,164.59,207.51,1030.9,24294.0,0.0,0.0
579,164.340,207.240,164.59,207.51,1030.9,24244.0,0.0,0.0
580,164.340,207.240,164.59,207.51,1030.9,25131.0,743.0,743.0
581,164.340,207.240,164.59,207.51,1030.9,23265.0,0.0,0.0
582,164.340,207.240,164.59,207.51,1030.9,24313.0,591.0,591.0
583,164.340,207.240,164.59,207.51,1030.9,24342.0,430.0,430.0
584,164.340,207.240,164.59,207.51,1030.9,24327.0,0.0,0.0
585,164.340,207.240,164.59,207.51,1030.9,23801.0,0.0,0.0
586,164.340,207.240,164.59,207.51,1030.9,24216.0,0.0,0.0
587,164.340,207.240,164.59,207.51,1030.9,23444.0,0.0,0.0
588,164.340,207.240,164.59,207.51,1030.9,25065.0,0.0,0.0
589,164.340,207.240,164.59,207.51,1030.9,23922.0,0.0,0.0
590,164.340,207.240,164.59,207.51,1030.9,23819.0,52.0,52.0
591,164.340,207.240,164.59,207.51,1030.9,24792.0,120.0,120.0
592,164.340,207.240,164.59,207.51,1030.9,24384.0,0.0,0.0
593,164.340,207.240,164.59,207.51,1030.9,23600.0,0.0,0.0
594,164.340,207.240,164.59,207.51,1030.9,23294.0,0.0,0.0
595,164.340,207.240,164.59,207.51,1030.9,24834.0,0.0,0.0
596,164.340,207.240,164.59,207.51,1030.9,25001.0,0.0,0.0
597,164.340,207.240,164.59,207.51,1030.9,25735.0,1678.0,1678.0
598,164.340,207.240,164.59,207.51,1030.9,24089.0,582.0,582.0
599,164.340,207.240,164.59,207.51,1030.9,25517.0,1358.0,1358.0
600,164.340,207.240,164.59,207.51,1030.9,23377.0,0.0,0.0
601,164.340,207.240,164.59,207.51,1030.9,24563.0,58.0,58.0
602,164.340,207.240,164.59,207.51,1030.9,25865.0,907.0,907.0
603,164.340,207.240,164.59,207.51,1030.9,25108.0,235.0,235.0
604,164.340,207.240,164.59,207.51,1030.9,24315.0,0.0,0.0
605,164.340,207.240,164.59,207.51,1030.9,25479.0,0.0,0.0
606,164.340,207.240,164.59,207.51,1030.9,24534.0,923.0,923.0
607,164.340,207.240,164.59,207.51,1030.9,23864.0,0.0,0.0
608,164.340,207.240,164.59,207.51,1030.9,25419.0,817.0,817.0
609,164.340,207.240,164.59,207.51,1030.9,25661.0,688.0,688.0
610,164.340,207.240,164.59,207.51,1030.9,26744.0,1574.0,1574.0
611,164.340,207.240,164.59,207.51,1030.9,22492.0,0.0,0.0
612,164.340,207.240,164.59,207.51,1030.9,23531.0,0.0,0.0
613,164.340,207.240,164.59,207.51,1030.9,24559.0,0.0,0.0
614,164.340,207.240,164.59,207.51,1030.9,26809.0,1462.0,1462.0
615,164.340,207.240,164.59,207.51,1030.9,24980.0,313.0,313.0
616,164.340,207.240,164.59,207.51,1030.9,25243.0,574.0,574.0
617,164.340,207.240,164.59,207.51,1030.9,24772.0,352.0,352.0
618,164.340,207.240,164.59,207.51,1030.9,24134.0,0.0,0.0
619,164.340,207.240,164.59,207.51,1030.9,24708.0,479.0,479.0
620,164.340,207.240,164.59,207.51,1030.9,23528.0,0.0,0.0
621,164.340,207.240,164.59,207.51,1030.9,24207.0,0.0,0.0
622,164.340,207.240,164.59,207.51,1030.9,25656.0,868.0,868.0
623,164.340,207.240,164.59,207.51,1030.9,22496.0,0.0,0.0
624,164.340,207.240,164.59,207.51,1030.9,23365.0,0.0,0.0
625,164.340,207.240,164.59,207.51,1030.9,25985.0,1503.0,1503.0
626,164.340,207.240,164.59,207.51,1030.9,24668.0,0.0,0.0
627,164.340,207.240,164.59,207.51,1030.9,24445.0,0.0,0.0
628,164.340,207.240,164.59,207.51,1030.9,24735.0,0.0,0.0
629,164.340,207.240,164.59,207.51,1030.9,25513.0,903.0,903.0
630,164.340,207.240,164.59,207.51,1030.9,24000.0,0.0,0.0
631,164.340,207.240,164.59,207.51,1030.9,24720.0,561.0,561.0
632,164.340,207.240,164.59,207.51,1030.9,25879.0,812.0,812.0
633,164.340,207.240,164.59,207.51,1030.9,23856.0,0.0,0.0
634,164.340,207.240,164.59,207.51,1030.9,23559.0,0.0,0.0
635,164.340,207.240,164.59,207.51,1030.9,23637.0,0.0,0.0
636,164.340,207.240,164.59,207.51,1030.9,24506.0,0.0,0.0
637,164.340,207.240,164.59,207.51,1030.9,24483.0,327.0,327.0
638,164.340,207.240,164.59,207.51,1030.9,23922.0,0.0,0.0
639,164.340,207.240,164.59,207.51,1030.9,23531.0,0.0,0.0
640,164.340,207.240,164.59,207.51,1030.9,24123.0,0.0,0.0
641,164.340,207.240,164.59,207.51,1030.9,26694.0,2330.0,2330.0
642,164.340,207.240,164.59,207.51,1030.9,22806.0,0.0,0.0
643,164.340,207.240,164.59,207.51,1030.9,24271.0,0.0,0.0
644,164.340,207.240,164.59,207.51,1030.9,25075.0,1220.0,1220.0
645,164.340,207.240,164.59,207.51,1030.9,23502.0,0.0,0.0
646,164.340,207.240,164.59,207.51,1030.9,26450.0,1430.0,1430.0
647,164.340,207.240,164.59,207.51,1030.9,24751.0,61.0,61.0
648,164.340,207.240,164.59,207.51,1030.9,24135.0,0.0,0.0
649,164.340,207.240,164.59,207.51,1030.9,25697.0,1473.0,1473.0
650,164.340,207.240,164.59,207.51,1030.9,23776.0,0.0,0.0
651,164.340,207.240,164.59,207.51,1030.9,24728.0,0.0,0.0
652,164.340,207.240,164.59,207.51,1030.9,24261.0,0.0,0.0
653,164.340,207.240,164.59,207.51,1030.9,25192.0,707.0,707.0
654,164.340,207.240,164.59,207.51,1030.9,23847.0,0.0,0.0
655,164.340,207.240,164.59,207.51,1030.9,26130.0,2122.0,2122.0
656,164.340,207.240,164.59,207.51,1030.9,25877.0,192.0,192.0
657,164.340,207.240,164.59,207.51,1030.9,25302.0,794.0,794.0
658,164.340,207.240,164.59,207.51,1030.9,25289.0,378.0,378.0
659,164.340,207.240,164.59,207.51,1030.9,23629.0,0.0,0.0
660,164.340,207.240,164.59,207.51,1030.9,25160.0,784.0,784.0
661,164.340,207.240,164.59,207.51,1030.9,24126.0,0.0,0.0
662,164.340,207.240,164.59,207.51,1030.9,23117.0,0.0,0.0
663,164.340,207.240,164.59,207.51,1030.9,22755.0,0.0,0.0
664,164.340,207.240,164.59,207.51,1030.9,22831.0,0.0,0.0
665,164.340,207.240,164.59,207.51,1030.9,24516.0,0.0,0.0
666,164.340,207.240,164.59,207.51,1030.9,24135.0,0.0,0.0
667,164.340,207.240,164.59,207.51,1030.9,23404.0,0.0,0.0
668,164.340,207.240,164.59,207.51,1030.9,24921.0,89.0,89.0
669,164.340,207.240,164.59,207.51,1030.9,24027.0,0.0,0.0
670,164.340,207.240,164.59,207.51,1030.9,26104.0,801.0,801.0
671,164.340,207.240,164.59,207.51,1030.9,24752.0,0.0,0.0
672,164.340,207.240,164.59,207.51,1030.9,24876.0,162.0,162.0
673,164.340,207.240,164.59,207.51,1030.9,25120.0,909.0,909.0
674,164.340,207.240,164.59,207.51,1030.9,25394.0,1164.0,1164.0
675,164.340,207.240,164.59,207.51,1030.9,23026.0,0.0,0.0
676,164.340,207.240,164.59,207.51,1030.9,26624.0,1379.0,1379.0
677,164.340,207.240,164.59,207.51,1030.9,25817.0,500.0,500.0
678,164.340,207.240,164.59,207.51,1030.9,23789.0,0.0,0.0
679,164.340,207.240,164.59,207.51,1030.9,23096.0,0.0,0.0
680,164.340,207.240,164.59,207.51,1030.9,24222.0,0.0,0.0
681,164.340,207.240,164.59,207.51,1030.9,23622.0,0.0,0.0
682,164.340,207.240,164.59,207.51,1030.9,25391.0,0.0,0.0
683,164.340,207.240,164.59,207.51,1030.9,24100.0,0.0,0.0
684,164.340,207.240,164.59,207.51,1030.9,24810.0,11.0,11.0
685,164.340,207.240,164.59,207.51,1030.9,24170.0,0.0,0.0
686,164.340,207.240,164.59,207.51,1030.9,25921.0,1797.0,1797.0
687,164.340,207.240,164.59,207.51,1030.9,25428.0,888.0,888.0
688,164.340,207.240,164.59,207.51,1030.9,24491.0,254.0,254.0
689,164.340,207.240,164.59,207.51,1030.9,23381.0,0.0,0.0
690,164.340,207.240,164.59,207.51,1030.9,25798.0,97.0,97.0
691,164.340,207.240,164.59,207.51,1030.9,24485.0,0.0,0.0
692,164.340,207.240,164.59,207.51,1030.9,25981.0,1428.0,1428.0
693,164.340,207.240,164.59,207.51,1030.9,24572.0,0.0,0.0
694,164.340,207.240,164.59,207.51,1030.9,24657.0,0.0,0.0
695,164.340,207.240,164.59,207.51,1030.9,25027.0,120.0,120.0
696,164.340,207.240,164.59,207.51,1030.9,24481.0,828.0,828.0
697,164.340,207.240,164.59,207.51,1030.9,24087.0,0.0,0.0
698,164.340,207.240,164.59,207.51,1030.9,26287.0,68.0,68.0
699,164.340,207.240,164.59,207.51,1030.9,22694.0,0.0,0.0
700,164.340,207.240,164.59,207.51,1030.9,24742.0,902.0,902.0
701,164.340,207.240,164.59,207.51,1030.9,23623.0,0.0,0.0
702,164.340,207.240,164.59,207.51,1030.9,25317.0,1646.0,1646.0
703,164.340,207.240,164.59,207.51,1030.9,24018.0,0.0,0.0
704,164.340,207.240,164.59,207.51,1030.9,24350.0,0.0,0.0
705,164.340,207.240,164.59,207.51,1030.9,23857.0,0.0,0.0
706,164.340,207.240,164.59,207.51,1030.9,26153.0,1412.0,1412.0
707,164.340,207.240,164.59,207.51,1030.9,24036.0,77.0,77.0
708,164.340,207.240,164.59,207.51,1030.9,23699.0,0.0,0.0
709,164.340,207.240,164.59,207.51,1030.9,24621.0,46.0,46.0
710,164.340,207.240,164.59,207.51,1030.9,23647.0,0.0,0.0
711,164.340,207.240,164.59,207.51,1030.9,24762.0,1284.0,1284.0
712,164.340,207.240,164.59,207.51,1030.9,23925.0,0.0,0.0
713,164.340,207.240,164.59,207.51,1030.9,24824.0,479.0,479.0
714,164.340,207.240,164.59,207.51,1030.9,23935.0,0.0,0.0
715,164.340,207.240,164.59,207.51,1030.9,24693.0,558.0,558.0
716,164.340,207.240,164.59,207.51,1030.9,23400.0,0.0,0.0
717,164.340,207.240,164.59,207.51,1030.9,24157.0,123.0,123.0
718,164.340,207.240,164.59,207.51,1030.9,24337.0,0.0,0.0
719,164.340,207.240,164.59,207.51,1030.9,24321.0,0.0,0.0
720,164.340,207.240,164.59,207.51,1030.9,24277.0,109.0,109.0
721,164.340,207.240,164.59,207.51,1030.9,24465.0,0.0,0.0
722,164.340,207.240,164.59,207.51,1030.9,26122.0,1730.0,1730.0
723,164.340,207.240,164.59,207.51,1030.9,23667.0,0.0,0.0
724,164.340,207.240,164.59,207.51,1030.9,25216.0,1091.0,1091.0
725,164.340,207.240,164.59,207.51,1030.9,22800.0,0.0,0.0
726,164.340,207.240,164.59,207.51,1030.9,24489.0,543.0,543.0
727,164.340,207.240,164.59,207.51,1030.9,24722.0,1108.0,1108.0
728,164.340,207.240,164.59,207.51,1030.9,23511.0,0.0,0.0
729,164.340,207.240,164.59,207.51,1030.9,24261.0,515.0,515.0
730,164.340,207.240,164.59,207.51,1030.9,25076.0,293.0,293.0
731,164.340,207.240,164.59,207.51,1030.9,23353.0,0.0,0.0
732,164.340,207.240,164.59,207.51,1030.9,24666.0,0.0,0.0
733,164.340,207.240,164.59,207.51,1030.9,24812.0,794.0,794.0
734,164.340,207.240,164.59,207.51,1030.9,24320.0,78.0,78.0
735,164.340,207.240,164.59,207.51,1030.9,24671.0,0.0,0.0
736,164.340,207.240,164.59,207.51,1030.9,24149.0,0.0,0.0
737,164.340,207.240,164.59,207.51,1030.9,24403.0,828.0,828.0
738,164.340,207.240,164.59,207.51,1030.9,23988.0,75.0,75.0
739,164.340,207.240,164.59,207.51,1030.9,27603.0,1587.0,1587.0
740,164.340,207.240,164.59,207.51,1030.9,22246.0,0.0,0.0
741,164.340,207.240,164.59,207.51,1030.9,25349.0,991.0,991.0
742,164.340,207.240,164.59,207.51,1030.9,23906.0,0.0,0.0
743,164.340,207.240,164.59,207.51,1030.9,24361.0,0.0,0.0
744,164.340,207.240,164.59,207.51,1030.9,25123.0,393.0,393.0
745,164.340,207.240,164.59,207.51,1030.9,25769.0,1487.0,1487.0
746,164.340,207.240,164.59,207.51,1030.9,25230.0,1159.0,1159.0
747,164.340,207.240,164.59,207.51,1030.9,25685.0,1017.0,1017.0
748,164.340,207.240,164.59,207.51,1030.9,24967.0,654.0,654.0
749,164.340,207.240,164.59,207.51,1030.9,23664.0,0.0,0.0
750,164.340,207.240,164.59,207.51,1030.9,24868.0,1112.0,1112.0
751,164.340,207.240,164.59,207.51,1030.9,24684.0,384.0,384.0
752,164.340,207.240,164.59,207.51,1030.9,23767.0,0.0,0.0
753,164.340,207.240,164.59,207.51,1030.9,23011.0,0.0,0.0
754,164.340,207.240,164.59,207.51,1030.9,23460.0,0.0,0.0
755,164.340,207.240,164.59,207.51,1030.9,25314.0,542.0,542.0
756,164.340,207.240,164.59,207.51,1030.9,24056.0,679.0,679.0
757,164.340,207.240,164.59,207.51,1030.9,25374.0,867.0,867.0
758,164.340,207.240,164.59,207.51,1030.9,24739.0,430.0,430.0
759,164.340,207.240,164.59,207.51,1030.9,24387.0,0.0,0.0
760,164.340,207.240,164.59,207.51,1030.9,23226.0,0.0,0.0
761,164.340,207.240,164.59,207.51,1030.9,24077.0,0.0,0.0
762,164.340,207.240,164.59,207.51,1030.9,23260.0,0.0,0.0
763,164.340,207.240,164.59,207.51,1030.9,24279.0,349.0,349.0
764,164.340,207.240,164.59,207.51,1030.9,25666.0,1560.0,1560.0
765,164.340,207.240,164.59,207.51,1030.9,22796.0,0.0,0.0
766,164.340,207.240,164.59,207.51,1030.9,24040.0,0.0,0.0
767,164.340,207.240,164.59,207.51,1030.9,24342.0,308.0,308.0
768,164.340,207.240,164.59,207.51,1030.9,25276.0,282.0,282.0
769,164.340,207.240,164.59,207.51,1030.9,24512.0,484.0,484.0
770,164.340,207.240,164.59,207.51,1030.9,24701.0,268.0,268.0
771,164.340,207.240,164.59,207.51,1030.9,24856.0,809.0,809.0
772,164.340,207.240,164.59,207.51,1030.9,24352.0,55.0,55.0
773,164.340,207.240,164.59,207.51,1030.9,24599.0,142.0,142.0
774,164.340,207.240,164.59,207.51,1030.9,24277.0,0.0,0.0
775,164.340,207.240,164.59,207.51,1030.9,24111.0,0.0,0.0
776,164.340,207.240,164.59,207.51,1030.9,22917.0,0.0,0.0
777,164.340,207.240,164.59,207.51,1030.9,23860.0,0.0,0.0
778,164.340,207.240,164.59,207.51,1030.9,23734.0,44.0,44.0
779,164.340,207.240,164.59,207.51,1030.9,25248.0,272.0,272.0
780,164.340,207.240,164.59,207.51,1030.9,24264.0,0.0,0.0
781,164.340,207.240,164.59,207.51,1030.9,25760.0,1579.0,1579.0
782,164.340,207.240,164.59,207.51,1030.9,25980.0,1293.0,1293.0
783,164.340,207.240,164.59,207.51,1030.9,24042.0,0.0,0.0
784,164.340,207.240,164.59,207.51,1030.9,25142.0,514.0,514.0
785,164.340,207.240,164.59,207.51,1030.9,25449.0,1419.0,1419.0
786,164.340,207.240,164.59,207.51,1030.9,23961.0,0.0,0.0
787,164.340,207.240,164.59,207.51,1030.9,23146.0,0.0,0.0
788,164.340,207.240,164.59,207.51,1030.9,24080.0,0.0,0.0
789,164.340,207.240,164.59,207.51,1030.9,23087.0,0.0,0.0
790,164.340,207.240,164.59,207.51,1030.9,22921.0,0.0,0.0
791,164.340,207.240,164.59,207.51,1030.9,24710.0,500.0,500.0
792,164.340,207.240,164.59,207.51,1030.9,25415.0,671.0,671.0
793,164.340,207.240,164.59,207.51,1030.9,24536.0,206.0,206.0
794,164.340,207.240,164.59,207.51,1030.9,24330.0,0.0,0.0
795,164.340,207.240,164.59,207.51,1030.9,25465.0,585.0,585.0
796,164.340,207.240,164.59,207.51,1030.9,25352.0,263.0,263.0
797,164.340,207.240,164.59,207.51,1030.9,24446.0,1114.0,1114.0
798,164.340,207.240,164.59,207.51,1030.9,25350.0,449.0,449.0
799,164.340,207.240,164.59,207.51,1030.9,24195.0,831.0,831.0
800,164.340,207.240,164.59,207.51,1030.9,23272.0,0.0,0.0
801,164.340,207.240,164.59,207.51,1030.9,22549.0,0.0,0.0
802,164.340,207.240,164.59,207.51,1030.9,25305.0,117.0,117.0
803,164.340,207.240,164.59,207.51,1030.9,25384.0,1169.0,1169.0
804,164.340,207.240,164.59,207.51,1030.9,24972.0,844.0,844.0
805,164.340,207.240,164.59,207.51,1030.9,25255.0,1330.0,1330.0
806,164.340,207.240,164.59,207.51,1030.9,24600.0,0.0,0.0
807,164.340,207.240,164.59,207.51,1030.9,23664.0,0.0,0.0
808,164.340,207.240,164.59,207.51,1030.9,24984.0,0.0,0.0
809,164.340,207.240,164.59,207.51,1030.9,24592.0,228.0,228.0
810,164.340,207.240,164.59,207.51,1030.9,24598.0,860.0,860.0
811,164.340,207.240,164.59,207.51,1030.9,24189.0,249.0,249.0
812,164.340,207.240,164.59,207.51,1030.9,24654.0,84.0,84.0
813,164.340,207.240,164.59,207.51,1030.9,24169.0,0.0,0.0
814,164.340,207.240,164.59,207.51,1030.9,25875.0,1247.0,1247.0
815,164.340,207.240,164.59,207.51,1030.9,22934.0,0.0,0.0
816,164.340,207.240,164.59,207.51,1030.9,24538.0,0.0,0.0
817,164.340,207.240,164.59,207.51,1030.9,25357.0,1501.0,1501.0
818,164.340,207.240,164.59,207.51,1030.9,24581.0,0.0,0.0
819,164.340,207.240,164.59,207.51,1030.9,24063.0,131.0,131.0
820,164.340,207.240,164.59,207.51,1030.9,23754.0,0.0,0.0
821,164.340,207.240,164.59,207.51,1030.9,24066.0,0.0,0.0
822,164.340,207.240,164.59,207.51,1030.9,24061.0,622.0,622.0
823,164.340,207.240,164.59,207.51,1030.9,24432.0,1077.0,1077.0
824,164.340,207.240,164.59,207.51,1030.9,25088.0,1350.0,1350.0
825,164.340,207.240,164.59,207.51,1030.9,23817.0,93.0,93.0
826,164.340,207.240,164.59,207.51,1030.9,23614.0,0.0,0.0
827,164.340,207.240,164.59,207.51,1030.9,24022.0,0.0,0.0
828,164.340,207.240,164.59,207.51,1030.9,24325.0,0.0,0.0
829,164.340,207.240,164.59,207.51,1030.9,23645.0,0.0,0.0
830,164.340,207.240,164.59,207.51,1030.9,24894.0,0.0,0.0
831,164.340,207.240,164.59,207.51,1030.9,23955.0,0.0,0.0
832,164.340,207.240,164.59,207.51,1030.9,23652.0,0.0,0.0
833,164.340,207.240,164.59,207.51,1030.9,24497.0,302.0,302.0
834,164.340,207.240,164.59,207.51,1030.9,23051.0,0.0,0.0
835,164.340,207.240,164.59,207.51,1030.9,24438.0,343.0,343.0
836,164.340,207.240,164.59,207.51,1030.9,24689.0,992.0,992.0
837,164.340,207.240,164.59,207.51,1030.9,23932.0,147.0,147.0
838,164.340,207.240,164.59,207.51,1030.9,25236.0,731.0,731.0
839,164.340,207.240,164.59,207.51,1030.9,23812.0,0.0,0.0
840,164.340,207.240,164.59,207.51,1030.9,24096.0,0.0,0.0
841,164.340,207.240,164.59,207.51,1030.9,23163.0,0.0,0.0
842,164.340,207.240,164.59,207.51,1030.9,24336.0,0.0,0.0
843,164.340,207.240,164.59,207.51,1030.9,24173.0,311.0,311.0
844,164.340,207.240,164.59,207.51,1030.9,22874.0,0.0,0.0
845,164.340,207.240,164.59,207.51,1030.9,24394.0,0.0,0.0
846,164.340,207.240,164.59,207.51,1030.9,25557.0,1260.0,1260.0
847,164.340,207.240,164.59,207.51,1030.9,23887.0,160.0,160.0
848,164.340,207.240,164.59,207.51,1030.9,24358.0,0.0,0.0
849,164.340,207.240,164.59,207.51,1030.9,25596.0,1101.0,1101.0
850,164.340,207.240,164.59,207.51,1030.9,24902.0,0.0,0.0
851,164.340,207.240,164.59,207.51,1030.9,23774.0,268.0,268.0
852,164.340,207.240,164.59,207.51,1030.9,25172.0,1065.0,1065.0
853,164.340,207.240,164.59,207.51,1030.9,26077.0,1322.0,1322.0
854,164.340,207.240,164.59,207.51,1030.9,24434.0,567.0,567.0
855,164.340,207.240,164.59,207.51,1030.9,23692.0,126.0,126.0
856,164.340,207.240,164.59,207.51,1030.9,24043.0,709.0,709.0
857,164.340,207.240,164.59,207.51,1030.9,23789.0,0.0,0.0
858,164.340,207.240,164.59,207.51,1030.9,25646.0,1499.0,1499.0
859,164.340,207.240,164.59,207.51,1030.9,23300.0,0.0,0.0
860,164.340,207.240,164.59,207.51,1030.9,24378.0,0.0,0.0
861,164.340,207.240,164.59,207.51,1030.9,23405.0,0.0,0.0
862,164.340,207.240,164.59,207.51,1030.9,24014.0,359.0,359.0
863,164.340,207.240,164.59,207.51,1030.9,23051.0,0.0,0.0
864,164.340,207.240,164.59,207.51,1030.9,25109.0,478.0,478.0
865,164.340,207.240,164.59,207.51,1030.9,24164.0,0.0,0.0
866,164.340,207.240,164.59,207.51,1030.9,23716.0,0.0,0.0
867,164.340,207.240,164.59,207.51,1030.9,24935.0,693.0,693.0
868,164.340,207.240,164.59,207.51,1030.9,22701.0,0.0,0.0
869,164.340,207.240,164.59,207.51,1030.9,25784.0,1370.0,1370.0
870,164.340,207.240,164.59,207.51,1030.9,26416.0,1804.0,1804.0
871,164.340,207.240,164.59,207.51,1030.9,24470.0,195.0,195.0
872,164.340,207.240,164.59,207.51,1030.9,25786.0,724.0,724.0
873,164.340,207.240,164.59,207.51,1030.9,23035.0,0.0,0.0
874,164.340,207.240,164.59,207.51,1030.9,24285.0,326.0,326.0
875,164.340,207.240,164.59,207.51,1030.9,24514.0,568.0,568.0
876,164.340,207.240,164.59,207.51,1030.9,24700.0,212.0,212.0
877,164.340,207.240,164.59,207.51,1030.9,24278.0,0.0,0.0
878,164.340,207.240,164.59,207.51,1030.9,22532.0,0.0,0.0
879,164.340,207.240,164.59,207.51,1030.9,25362.0,1355.0,1355.0
880,164.340,207.240,164.59,207.51,1030.9,23062.0,0.0,0.0
881,164.340,207.240,164.59,207.51,1030.9,24945.0,653.0,653.0
882,164.340,207.240,164.59,207.51,1030.9,25389.0,2082.0,2082.0
883,164.340,207.240,164.59,207.51,1030.9,24947.0,872.0,872.0
884,164.340,207.240,164.59,207.51,1030.9,22912.0,0.0,0.0
885,164.340,207.240,164.59,207.51,1030.9,24889.0,1238.0,1238.0
886,164.340,207.240,164.59,207.51,1030.9,22730.0,0.0,0.0
887,164.340,207.240,164.59,207.51,1030.9,24828.0,678.0,678.0
888,164.340,207.240,164.59,207.51,1030.9,22299.0,0.0,0.0
889,164.340,207.240,164.59,207.51,1030.9,23028.0,0.0,0.0
890,164.340,207.240,164.59,207.51,1030.9,23426.0,0.0,0.0
891,164.340,207.240,164.59,207.51,1030.9,24390.0,0.0,0.0
892,164.340,207.240,164.59,207.51,1030.9,23695.0,0.0,0.0
893,164.340,207.240,164.59,207.51,1030.9,25499.0,231.0,231.0
894,164.340,207.240,164.59,207.51,1030.9,24822.0,0.0,0.0
895,164.340,207.240,164.59,207.51,1030.9,25212.0,348.0,348.0
896,164.340,207.240,164.59,207.51,1030.9,23431.0,0.0,0.0
897,164.340,207.240,164.59,207.51,1030.9,25382.0,261.0,261.0
898,164.340,207.240,164.59,207.51,1030.9,23925.0,0.0,0.0
899,164.340,207.240,164.59,207.51,1030.9,24870.0,497.0,497.0
900,164.340,207.240,164.59,207.51,1030.9,24679.0,691.0,691.0
901,164.340,207.240,164.59,207.51,1030.9,23644.0,0.0,0.0
902,164.340,207.240,164.59,207.51,1030.9,22465.0,0.0,0.0
903,164.340,207.240,164.59,207.51,1030.9,21753.0,0.0,0.0
904,164.340,207.240,164.59,207.51,1030.9,23613.0,0.0,0.0
905,164.340,207.240,164.59,207.51,1030.9,23407.0,0.0,0.0
906,164.340,207.240,164.59,207.51,1030.9,25834.0,938.0,938.0
907,164.340,207.240,164.59,207.51,1030.9,23225.0,0.0,0.0
908,164.340,207.240,164.59,207.51,1030.9,22645.0,0.0,0.0
909,164.340,207.240,164.59,207.51,1030.9,24217.0,0.0,0.0
910,164.340,207.240,164.59,207.51,1030.9,22502.0,0.0,0.0
911,164.340,207.240,164.59,207.51,1030.9,24472.0,502.0,502.0
912,164.340,207.240,164.59,207.51,1030.9,24836.0,735.0,735.0
913,164.340,207.240,164.59,207.51,1030.9,25409.0,413.0,413.0
914,164.340,207.240,164.59,207.51,1030.9,23570.0,0.0,0.0
915,164.340,207.240,164.59,207.51,1030.9,23317.0,0.0,0.0
916,164.340,207.240,164.59,207.51,1030.9,24627.0,619.0,619.0
917,164.340,207.240,164.59,207.51,1030.9,23483.0,62.0,62.0
918,164.340,207.240,164.59,207.51,1030.9,24981.0,835.0,835.0
919,164.340,207.240,164.59,207.51,1030.9,25364.0,1228.0,1228.0
920,164.340,207.240,164.59,207.51,1030.9,24407.0,73.0,73.0
921,164.340,207.240,164.59,207.51,1030.9,24572.0,156.0,156.0
922,164.340,207.240,164.59,207.51,1030.9,26091.0,1438.0,1438.0
923,164.340,207.240,164.59,207.51,1030.9,24768.0,596.0,596.0
924,164.340,207.240,164.59,207.51,1030.9,24846.0,996.0,996.0
925,164.340,207.240,164.59,207.51,1030.9,24975.0,68.0,68.0
926,164.340,207.240,164.59,207.51,1030.9,24639.0,131.0,131.0
927,164.340,207.240,164.59,207.51,1030.9,25131.0,516.0,516.0
928,164.340,207.240,164.59,207.51,1030.9,24257.0,0.0,0.0
929,164.340,207.240,164.59,207.51,1030.9,23486.0,0.0,0.0
930,164.340,207.240,164.59,207.51,1030.9,26809.0,2410.0,2410.0
931,164.340,207.240,164.59,207.51,1030.9,23995.0,0.0,0.0
932,164.340,207.240,164.59,207.51,1030.9,24080.0,41.0,41.0
933,164.340,207.240,164.59,207.51,1030.9,25204.0,944.0,944.0
934,164.340,207.240,164.59,207.51,1030.9,25069.0,925.0,925.0
935,164.340,207.240,164.59,207.51,1030.9,24004.0,41.0,41.0
936,164.340,207.240,164.59,207.51,1030.9,23732.0,0.0,0.0
937,164.340,207.240,164.59,207.51,1030.9,25105.0,1829.0,1829.0
938,164.340,207.240,164.59,207.51,1030.9,23572.0,0.0,0.0
939,164.340,207.240,164.59,207.51,1030.9,25901.0,334.0,334.0
940,164.340,207.240,164.59,207.51,1030.9,24522.0,266.0,266.0
941,164.340,207.240,164.59,207.51,1030.9,24570.0,426.0,426.0
942,164.340,207.240,164.59,207.51,1030.9,24859.0,701.0,701.0
943,164.340,207.240,164.59,207.51,1030.9,24475.0,172.0,172.0
944,164.340,207.240,164.59,207.51,1030.9,24843.0,1441.0,1441.0
945,164.340,207.240,164.59,207.51,1030.9,25104.0,306.0,306.0
946,164.340,207.240,164.59,207.51,1030.9,24455.0,394.0,394.0
947,164.340,207.240,164.59,207.51,1030.9,23723.0,152.0,152.0
948,164.340,207.240,164.59,207.51,1030.9,24919.0,0.0,0.0
949,164.340,207.240,164.59,207.51,1030.9,23397.0,0.0,0.0
950,164.340,207.240,164.59,207.51,1030.9,26755.0,2025.0,2025.0
951,164.340,207.240,164.59,207.51,1030.9,23952.0,260.0,260.0
952,164.340,207.240,164.59,207.51,1030.9,24961.0,28.0,28.0
953,164.340,207.240,164.59,207.51,1030.9,24205.0,1043.0,1043.0
954,164.340,207.240,164.59,207.51,1030.9,23553.0,0.0,0.0
955,164.340,207.240,164.59,207.51,1030.9,25139.0,955.0,955.0
956,164.340,207.240,164.59,207.51,1030.9,25248.0,728.0,728.0
957,164.340,207.240,164.59,207.51,1030.9,25302.0,2483.0,2483.0
958,164.340,207.240,164.59,207.51,1030.9,24635.0,910.0,910.0
959,164.340,207.240,164.59,207.51,1030.9,24850.0,127.0,127.0
960,164.340,207.240,164.59,207.51,1030.9,24536.0,163.0,163.0
961,164.340,207.240,164.59,207.51,1030.9,24764.0,470.0,470.0
962,164.340,207.240,164.59,207.51,1030.9,23374.0,0.0,0.0
963,164.340,207.240,164.59,207.51,1030.9,23695.0,0.0,0.0
964,164.340,207.240,164.59,207.51,1030.9,25595.0,1515.0,1515.0
965,164.340,207.240,164.59,207.51,1030.9,22987.0,0.0,0.0
966,164.340,207.240,164.59,207.51,1030.9,24600.0,302.0,302.0
967,164.340,207.240,164.59,207.51,1030.9,23445.0,0.0,0.0
968,164.340,207.240,164.59,207.51,1030.9,24135.0,0.0,0.0
969,164.340,207.240,164.59,207.51,1030.9,23771.0,81.0,81.0
970,164.340,207.240,164.59,207.51,1030.9,23261.0,0.0,0.0
971,164.340,207.240,164.59,207.51,1030.9,25006.0,672.0,672.0
972,164.340,207.240,164.59,207.51,1030.9,26217.0,1504.0,1504.0
973,164.340,207.240,164.59,207.51,1030.9,24326.0,0.0,0.0
974,164.340,207.240,164.59,207.51,1030.9,23022.0,0.0,0.0
975,164.340,207.240,164.59,207.51,1030.9,24155.0,153.0,153.0
976,164.340,207.240,164.59,207.51,1030.9,24118.0,0.0,0.0
977,164.340,207.240,164.59,207.51,1030.9,22797.0,0.0,0.0
978,164.340,207.240,164.59,207.51,1030.9,22862.0,0.0,0.0
979,164.340,207.240,164.59,207.51,1030.9,24255.0,0.0,0.0
980,164.340,207.240,164.59,207.51,1030.9,24271.0,0.0,0.0
981,164.340,207.240,164.59,207.51,1030.9,25331.0,1573.0,1573.0
982,164.340,207.240,164.59,207.51,1030.9,24425.0,161.0,161.0
983,164.340,207.240,164.59,207.51,1030.9,22795.0,0.0,0.0
984,164.340,207.240,164.59,207.51,1030.9,22236.0,0.0,0.0
985,164.340,207.240,164.59,207.51,1030.9,23665.0,0.0,0.0
986,164.340,207.240,164.59,207.51,1030.9,23045.0,0.0,0.0
987,164.340,207.240,164.59,207.51,1030.9,23524.0,0.0,0.0
988,164.340,207.240,164.59,207.51,1030.9,25893.0,1381.0,1381.0
989,164.340,207.240,164.59,207.51,1030.9,24201.0,0.0,0.0
990,164.340,207.240,164.59,207.51,1030.9,23887.0,140.0,140.0
991,164.340,207.240,164.59,207.51,1030.9,24617.0,624.0,624.0
992,164.340,207.240,164.59,207.51,1030.9,25461.0,219.0,219.0
993,164.340,207.240,164.59,207.51,1030.9,23969.0,0.0,0.0
994,164.340,207.240,164.59,207.51,1030.9,25836.0,1230.0,1230.0
995,164.340,207.240,164.59,207.51,1030.9,24801.0,742.0,742.0
996,164.340,207.240,164.59,207.51,1030.9,24676.0,186.0,186.0
997,164.340,207.240,164.59,207.51,1030.9,23639.0,0.0,0.0
998,164.340,207.240,164.59,207.51,1030.9,23575.0,0.0,0.0
999,164.340,207.240,164.59,207.51,1030.9,23273.0,0.0,0.0
1000,164.340,207.240,164.59,207.51,1030.9,22331.0,0.0,0.0
1001,164.340,207.240,164.59,207.51,1030.9,24027.0,0.0,0.0
1002,164.340,207.240,164.59,207.51,1030.9,25000.0,1312.0,1312.0
1003,164.340,207.240,164.59,207.51,1030.9,24422.0,0.0,0.0
1004,164.340,207.240,164.59,207.51,1030.9,29344.0,4494.0,4494.0
1005,164.340,207.240,164.59,207.51,1030.9,36187.0,10463.0,10463.0
1006,164.340,207.240,164.46,207.43,1030.9,36853.0,10763.0,10763.0
1007,164.340,207.240,164.26,207.05,1030.9,39245.0,12312.0,12312.0
1008,164.340,207.240,164.46,207.43,1030.9,40443.0,13748.0,13748.0
1009,164.340,207.240,164.42,207.18,1030.9,39900.0,12576.0,12576.0
1010,164.340,207.240,164.59,207.17,1030.9,35195.0,9320.0,9320.0
1011,164.340,207.240,164.33,207.14,1030.9,36851.0,9758.0,9758.0
1012,164.340,207.240,164.48,207.24,1030.9,37070.0,10838.0,10838.0
1013,164.340,207.240,164.37,207.16,1030.9,34132.0,9065.0,9065.0
1014,164.340,207.240,164.44,207.14,1030.9,38832.0,13136.0,13136.0
1015,164.340,207.240,164.43,207.29,1030.9,37814.0,11628.0,11628.0
1016,164.340,207.240,164.43,207.34,1030.9,36484.0,10422.0,10422.0
1017,164.340,207.240,164.33,207.11,1030.9,39575.0,12238.0,12238.0
1018,164.340,207.240,164.35,207.16,1030.9,36831.0,10609.0,10609.0
1019,164.340,207.240,164.41,207.19,1030.9,37226.0,10682.0,10682.0
1020,164.340,207.240,164.23,207.21,1030.9,40731.0,14437.0,14437.0
1021,164.340,207.240,164.45,207.29,1030.9,39185.0,12910.0,12910.0
1022,164.340,207.240,164.44,207.19,1030.9,36924.0,10664.0,10664.0
1023,164.340,207.240,164.34,207.17,1030.9,40548.0,13302.0,13302.0
1024,164.340,207.240,164.25,207.12,1030.9,36216.0,10540.0,10540.0
1025,164.340,207.240,164.43,207.21,1030.9,38024.0,11677.0,11677.0
1026,164.340,207.240,164.47,207.15,1030.9,36831.0,10938.0,10938.0
1027,164.340,207.240,164.21,206.9,1030.9,37296.0,10607.0,10607.0
1028,164.340,207.240,164.44,207.14,1030.9,35396.0,10149.0,10149.0
1029,164.340,207.240,164.41,207.25,1030.9,35667.0,9844.0,9844.0
1030,164.340,207.240,164.75,207.19,1030.9,38504.0,12081.0,12081.0
1031,164.340,207.240,164.38,207.33,1030.9,38064.0,12530.0,12530.0
1032,164.340,207.240,164.51,207.39,1030.9,40018.0,14218.0,14218.0
1033,164.340,207.240,164.39,207.29,1030.9,39024.0,12040.0,12040.0
1034,164.340,207.240,164.64,207.24,1030.9,36269.0,9928.0,9928.0
1035,164.340,207.240,164.4,207.14,1030.9,38689.0,12519.0,12519.0
1036,164.340,207.240,164.32,207.36,1030.9,40787.0,13674.0,13674.0
1037,164.340,207.240,164.31,207.04,1030.9,35390.0,9167.0,9167.0
1038,164.340,207.240,164.11,206.86,1030.9,35290.0,9093.0,9093.0
1039,164.340,207.240,164.58,207.13,1030.9,37013.0,11036.0,11036.0
1040,164.340,207.240,164.35,207.19,1030.9,37094.0,10746.0,10746.0
1041,164.340,207.240,164.16,207.23,1030.9,38184.0,11912.0,11912.0
1042,164.340,207.240,164.43,207.34,1030.9,33769.0,8914.0,8914.0
1043,164.340,207.240,164.46,207.07,1030.9,37457.0,10636.0,10636.0
1044,164.340,207.240,164.34,207.17,1030.9,37974.0,12625.0,12625.0
1045,164.340,207.240,164.48,207.11,1030.9,34713.0,9159.0,9159.0
1046,164.340,207.240,164.35,207.5,1030.9,36309.0,10374.0,10374.0
1047,164.340,207.240,164.52,207.32,1030.9,37432.0,11172.0,11172.0
1048,164.340,207.240,164.14,207.33,1030.9,35695.0,10692.0,10692.0
1049,164.340,207.240,164.47,207.29,1030.9,37643.0,11637.0,11637.0
1050,164.340,207.240,164.27,207.3,1030.9,39079.0,12427.0,12427.0
1051,164.340,207.240,164.49,207.52,1030.9,36932.0,10900.0,10900.0
1052,164.340,207.240,164.31,207.05,1030.9,37338.0,10858.0,10858.0
1053,164.340,207.240,164.61,207.11,1030.9,34921.0,9325.0,9325.0
1054,164.340,207.240,164.49,207.09,1030.9,39287.0,13245.0,13245.0
1055,164.340,207.240,164.41,207.3,1030.9,38134.0,11915.0,11915.0
1056,164.340,207.240,164.66,207.17,1030.9,39115.0,12853.0,12853.0
1057,164.340,207.240,164.27,207.32,1030.9,37136.0,12039.0,12039.0
1058,164.340,207.240,164.42,207.21,1030.9,39675.0,12894.0,12894.0
1059,164.340,207.240,165.37,207.57,1030.9,35015.0,8089.0,8089.0
1060,164.340,207.240,164.41,207.12,1030.9,38088.0,12098.0,12098.0
1061,164.340,207.240,164.43,207.39,1030.9,38546.0,11636.0,11636.0
1062,164.340,207.240,164.5,207.16,1030.9,36985.0,11415.0,11415.0
1063,164.340,207.240,164.49,207.1,1030.9,40130.0,13470.0,13470.0
1064,164.340,207.240,164.41,207.22,1030.9,40567.0,14829.0,14829.0
1065,164.340,207.240,164.6,207.1,1030.9,37037.0,10660.0,10660.0
1066,164.340,207.240,164.5,207.31,1030.9,36063.0,10486.0,10486.0
1067,164.340,207.240,164.27,207.15,1030.9,37838.0,11625.0,11625.0
1068,164.340,207.240,164.52,207.27,1030.9,36287.0,9736.0,9736.0
1069,164.340,207.240,164.19,207.13,1030.9,38429.0,13018.0,13018.0
1070,164.340,207.240,163.98,207.02,1030.9,40308.0,12949.0,12949.0
1071,164.340,207.240,164.61,207.11,1030.9,40611.0,14367.0,14367.0
1072,164.340,207.240,164.22,207.16,1030.9,39041.0,11707.0,11707.0
1073,164.340,207.240,164.43,207.52,1030.9,37297.0,10810.0,10810.0
1074,164.340,207.240,164.28,207.31,1030.9,35488.0,10204.0,10204.0
1075,164.340,207.240,164.23,207.3,1030.9,38527.0,11787.0,11787.0
1076,164.340,207.240,164.47,207.13,1030.9,34813.0,9399.0,9399.0
1077,164.340,207.240,164.33,207.1,1030.9,34629.0,9485.0,9485.0
1078,164.340,207.240,164.52,207.43,1030.9,38093.0,13330.0,13330.0
1079,164.340,207.240,164.41,207.14,1030.9,37202.0,10912.0,10912.0
1080,164.340,207.240,164.39,207.32,1030.9,35796.0,10823.0,10823.0
1081,164.340,207.240,164.59,207.26,1030.9,37237.0,12043.0,12043.0
1082,164.340,207.240,164.48,207.08,1030.9,37817.0,11550.0,11550.0
1083,164.340,207.240,164.27,207.22,1030.9,35861.0,10321.0,10321.0
1084,164.340,207.240,164.55,207.08,1030.9,34214.0,9312.0,9312.0
1085,164.340,207.240,164.41,206.97,1030.9,36367.0,9679.0,9679.0
1086,164.340,207.240,164.59,207.26,1030.9,38451.0,12354.0,12354.0
1087,164.340,207.240,164.41,207.28,1030.9,39069.0,12464.0,12464.0
1088,164.340,207.240,164.28,207.14,1030.9,37074.0,11463.0,11463.0
1089,164.340,207.240,164.29,207.09,1030.9,32794.0,7482.0,7482.0
1090,164.340,207.240,164.59,207.51,1030.9,30133.0,5437.0,5437.0
1091,164.340,207.240,164.43,207.16,1030.9,34219.0,9681.0,9681.0
1092,164.340,207.240,164.59,207.51,1030.9,30584.0,5090.0,5090.0
1093,164.340,207.240,164.38,207.14,1030.9,34635.0,9502.0,9502.0
1094,164.340,207.240,164.34,207.02,1030.9,34802.0,8768.0,8768.0
1095,164.340,207.240,164.5,207.13,1030.9,36887.0,11433.0,11433.0
1096,164.340,207.240,164.32,207.18,1030.9,35982.0,10609.0,10609.0
1097,164.340,207.240,164.46,207.23,1030.9,37765.0,10924.0,10924.0
1098,164.340,207.240,164.53,207.14,1030.9,37773.0,11766.0,11766.0
1099,164.340,207.240,164.35,207.17,1030.9,37933.0,11590.0,11590.0
1100,164.340,207.240,164.34,207.05,1030.9,40504.0,14773.0,14773.0
1101,164.340,207.240,164.46,207.09,1030.9,41113.0,14728.0,14728.0
1102,164.340,207.240,164.57,207.4,1030.9,43112.0,15534.0,15534.0
1103,164.340,207.240,164.41,207.08,1030.9,41678.0,14871.0,14871.0
1104,164.340,207.240,164.33,207.16,1030.9,42510.0,15584.0,15584.0
1105,164.340,207.240,164.26,207.06,1030.9,42401.0,15241.0,15241.0
1106,164.340,207.240,164.27,207.02,1030.9,43562.0,16490.0,16490.0
1107,164.340,207.240,164.4,207.04,1030.9,46537.0,18857.0,18857.0
1108,164.340,207.240,164.36,207.14,1030.9,45605.0,19140.0,19140.0
1109,164.340,207.240,164.49,207.07,1030.9,43756.0,17012.0,17012.0
1110,164.340,207.240,164.27,207.3,1030.9,45588.0,18176.0,18176.0
1111,164.340,207.240,164.36,207.07,1030.9,43225.0,16092.0,16092.0
1112,164.340,207.240,164.39,207.25,1030.9,43011.0,15259.0,15259.0
1113,164.340,207.240,164.52,207.14,1030.9,41868.0,15130.0,15130.0
1114,164.340,207.240,164.44,207.08,1030.9,43632.0,17383.0,17383.0
1115,164.340,207.240,164.29,206.92,1030.9,41606.0,13856.0,13856.0
1116,164.340,207.240,164.2,207.17,1030.9,46000.0,17364.0,17364.0
1117,164.340,207.240,164.56,207.12,1030.9,43509.0,16251.0,16251.0
1118,164.340,207.240,164.36,207.01,1030.9,40756.0,13087.0,13087.0
1119,164.340,207.240,164.42,207.18,1030.9,39567.0,12755.0,12755.0
1120,164.340,207.240,164.1,207.32,1030.9,38892.0,11423.0,11423.0
1121,164.340,207.240,164.24,207.11,1030.9,39890.0,13852.0,13852.0
1122,164.340,207.240,164.19,207.18,1030.9,37520.0,12042.0,12042.0
1123,164.340,207.240,164.46,207.46,1030.9,38548.0,11959.0,11959.0
1124,164.340,207.240,164.79,207.08,1030.9,39752.0,12774.0,12774.0
1125,164.340,207.240,164.61,207.24,1030.9,36166.0,11682.0,11682.0
1126,164.340,207.240,164.31,207.04,1030.9,36155.0,10075.0,10075.0
1127,164.340,207.240,164.6,207.33,1030.9,40771.0,14055.0,14055.0
1128,164.340,207.240,164.51,207.05,1030.9,41616.0,15431.0,15431.0
1129,164.340,207.240,164.5,207.08,1030.9,38039.0,12289.0,12289.0
1130,164.340,207.240,164.37,207,1030.9,37207.0,10744.0,10744.0
1131,164.340,207.240,164.38,207.13,1030.9,42911.0,15772.0,15772.0
1132,164.340,207.240,164.34,207.07,1030.9,40337.0,14464.0,14464.0
1133,164.340,207.240,164.48,207.16,1030.9,44328.0,17201.0,17201.0
1134,164.340,207.240,164.33,207.11,1030.9,36313.0,9923.0,9923.0
1135,164.340,207.240,164.36,207.17,1030.9,41583.0,15712.0,15712.0
1136,164.340,207.240,164.56,207.27,1030.9,38374.0,11957.0,11957.0
1137,164.340,207.240,164.58,207.29,1030.9,37390.0,11854.0,11854.0
1138,164.340,207.240,164.44,207.43,1030.9,35998.0,10341.0,10341.0
1139,164.340,207.240,164.68,207.08,1030.9,39290.0,12649.0,12649.0
1140,164.340,207.240,164.3,207.19,1030.9,46316.0,19264.0,19264.0
1141,164.340,207.240,164.3,207.2,1030.9,39436.0,12630.0,12630.0
1142,164.340,207.240,164.34,207.43,1030.9,39513.0,12444.0,12444.0
1143,164.340,207.240,164.45,207.15,1030.9,39759.0,13742.0,13742.0
1144,164.340,207.240,164.35,207.4,1030.9,42322.0,15572.0,15572.0
1145,164.340,207.240,164.43,207.05,1030.9,42475.0,15785.0,15785.0
1146,164.340,207.240,164.55,207.32,1030.9,39243.0,12884.0,12884.0
1147,164.340,207.240,164.39,207.06,1030.9,40777.0,14326.0,14326.0
1148,164.340,207.240,164.34,207.13,1030.9,43741.0,16204.0,16204.0
1149,164.340,207.240,164.49,207.23,1030.9,41234.0,14699.0,14699.0
1150,164.340,207.240,164.39,207.08,1030.9,31620.0,6357.0,6357.0
1151,164.340,207.240,164.57,207.06,1030.9,41937.0,14794.0,14794.0
1152,164.340,207.240,164.34,207.01,1030.9,40531.0,13850.0,13850.0
1153,164.340,207.240,164.32,207.16,1030.9,38965.0,13058.0,13058.0
1154,164.340,207.240,164.37,207.45,1030.9,34959.0,8295.0,8295.0
1155,164.340,207.240,164.59,207.51,1030.9,30171.0,6347.0,6347.0
1156,164.340,207.240,164.66,207.1,1030.9,33376.0,7560.0,7560.0
1157,164.340,207.240,164.45,207,1030.9,35466.0,9971.0,9971.0
1158,164.340,207.240,164.5,207.2,1030.9,40398.0,13858.0,13858.0
1159,164.340,207.240,164.44,207.37,1030.9,37095.0,10593.0,10593.0
1160,164.340,207.240,164.53,207.06,1030.9,37430.0,11631.0,11631.0
1161,164.340,207.240,164.68,207.04,1030.9,35810.0,9348.0,9348.0
1162,164.340,207.240,164.38,207.04,1030.9,39453.0,13413.0,13413.0
1163,164.340,207.240,164.37,207.23,1030.9,40775.0,14697.0,14697.0
1164,164.340,207.240,164.59,207.12,1030.9,36233.0,11154.0,11154.0
1165,164.340,207.240,164.76,207,1030.9,33815.0,7535.0,7535.0
1166,164.340,207.240,164.31,207.09,1030.9,43333.0,16132.0,16132.0
1167,164.340,207.240,164.45,206.99,1030.9,42396.0,15466.0,15466.0
1168,164.340,207.240,164.48,207.17,1030.9,43233.0,16240.0,16240.0
1169,164.340,207.240,164.54,207.35,1030.9,46057.0,18805.0,18805.0
1170,164.340,207.240,164.33,207.14,1030.9,43126.0,15882.0,15882.0
1171,164.340,207.240,164.4,207.15,1030.9,46648.0,19208.0,19208.0
1172,164.340,207.240,164.34,207.06,1030.9,43198.0,15447.0,15447.0
1173,164.340,207.240,164.51,206.99,1030.9,45587.0,17644.0,17644.0
1174,164.340,207.240,164.27,207.09,1030.9,41711.0,14428.0,14428.0
1175,164.340,207.240,164.42,207.17,1030.9,42577.0,15504.0,15504.0
1176,164.340,207.240,164.44,207.12,1030.9,43585.0,16515.0,16515.0
1177,164.340,207.240,164.55,207.17,1030.9,39369.0,11949.0,11949.0
1178,164.340,207.240,164.36,207.16,1030.9,44019.0,17203.0,17203.0
1179,164.340,207.240,164.68,207.13,1030.9,44580.0,17067.0,17067.0
1180,164.340,207.240,164.53,207.34,1030.9,46657.0,19456.0,19456.0
1181,164.340,207.240,164.52,207.11,1030.9,44927.0,17506.0,17506.0
1182,164.340,207.240,164.33,207.09,1030.9,42129.0,16781.0,16781.0
1183,164.340,207.240,164.43,207.18,1030.9,36397.0,10627.0,10627.0
1184,164.340,207.240,164.42,207.08,1030.9,40873.0,14309.0,14309.0
1185,164.340,207.240,164.55,207,1030.9,44444.0,16685.0,16685.0
1186,164.340,207.240,164.6,206.99,1030.9,42399.0,15736.0,15736.0
1187,164.340,207.240,164.36,207.03,1030.9,49014.0,21253.0,21253.0
1188,164.340,207.240,164.58,207.33,1030.9,44120.0,16080.0,16080.0
1189,164.340,207.240,164.56,207.15,1030.9,43964.0,16907.0,16907.0
1190,164.340,207.240,164.54,207.1,1030.9,44848.0,17861.0,17861.0
1191,164.340,207.240,164.46,207.2,1030.9,44203.0,17133.0,17133.0
1192,164.340,207.240,164.47,207.13,1030.9,46687.0,19206.0,19206.0
1193,164.340,207.240,164.57,207.19,1030.9,44492.0,17791.0,17791.0
1194,164.340,207.240,164.36,207.14,1030.9,41607.0,16007.0,16007.0
1195,164.340,207.240,164.51,207.19,1030.9,43128.0,16457.0,16457.0
1196,164.340,207.240,164.38,207.08,1030.9,45767.0,18494.0,18494.0
1197,164.340,207.240,164.35,206.92,1030.9,44712.0,16589.0,16589.0
1198,164.340,207.240,164.5,207.03,1030.9,37630.0,10449.0,10449.0
1199,164.340,207.240,164.39,207.24,1030.9,42429.0,16747.0,16747.0
1200,164.340,207.240,164.58,207.28,1030.9,35239.0,10734.0,10734.0
1201,164.340,207.240,164.58,207.12,1030.9,44532.0,17531.0,17531.0
1202,164.340,207.240,164.3,207.18,1030.9,41881.0,15663.0,15663.0
1203,164.340,207.240,164.55,206.85,1030.9,42527.0,15708.0,15708.0
1204,164.340,207.240,164.72,207.23,1030.9,39735.0,13375.0,13375.0
1205,164.340,207.240,164.46,207.15,1030.9,43507.0,16666.0,16666.0
1206,164.340,207.240,164.22,207.21,1030.9,41603.0,14671.0,14671.0
1207,164.340,207.240,164.38,207.15,1030.9,46406.0,18232.0,18232.0
1208,164.340,207.240,164.6,207.05,1030.9,43940.0,17396.0,17396.0
1209,164.340,207.240,164.6,207.08,1030.9,44203.0,17089.0,17089.0
1210,164.340,207.240,164.38,207.16,1030.9,43658.0,16011.0,16011.0
1211,164.340,207.240,164.67,207.01,1030.9,43573.0,16176.0,16176.0
1212,164.340,207.240,164.51,207.06,1030.9,40908.0,13836.0,13836.0
1213,164.340,207.240,164.31,207.1,1030.9,44169.0,17214.0,17214.0
1214,164.340,207.240,164.48,207.09,1030.9,45471.0,17145.0,17145.0
1215,164.340,207.240,164.51,206.99,1030.9,41411.0,14859.0,14859.0
1216,164.340,207.240,164.51,207.18,1030.9,42117.0,15035.0,15035.0
1217,164.340,207.240,164.52,207.23,1030.9,44049.0,16598.0,16598.0
1218,164.340,207.240,164.32,207.06,1030.9,44601.0,16431.0,16431.0
1219,164.340,207.240,164.44,206.96,1030.9,46861.0,18779.0,18779.0
1220,164.340,207.240,164.44,207.16,1030.9,42173.0,15702.0,15702.0
1221,164.340,207.240,164.56,207.04,1030.9,47490.0,20057.0,20057.0
1222,164.340,207.240,164.32,207.06,1030.9,43505.0,16999.0,16999.0
1223,164.340,207.240,164.36,207.27,1030.9,41767.0,15433.0,15433.0
1224,164.340,207.240,164.47,207.21,1030.9,44826.0,16555.0,16555.0
1225,164.340,207.240,164.39,207.1,1030.9,44826.0,19013.0,19013.0
1226,164.340,207.240,164.34,207.08,1030.9,43480.0,16980.0,16980.0
1227,164.340,207.240,164.34,207.11,1030.9,41245.0,14706.0,14706.0
1228,164.340,207.240,164.29,207.03,1030.9,43590.0,16057.0,16057.0
1229,164.340,207.240,164.42,207.01,1030.9,45626.0,17829.0,17829.0
1230,164.340,207.240,164.42,207.12,1030.9,43350.0,16666.0,16666.0
1231,164.340,207.240,164.45,207.27,1030.9,44243.0,17576.0,17576.0
1232,164.340,207.240,164.57,207.36,1030.9,45506.0,17438.0,17438.0
1233,164.340,207.240,164.53,206.94,1030.9,44658.0,17287.0,17287.0
1234,164.340,207.240,164.5,206.99,1030.9,41671.0,15016.0,15016.0
1235,164.340,207.240,164.49,207.34,1030.9,41259.0,13871.0,13871.0
1236,164.340,207.240,164.48,207.28,1030.9,41190.0,13977.0,13977.0
1237,164.340,207.240,164.62,207.1,1030.9,46052.0,18169.0,18169.0
1238,164.340,207.240,164.29,207.2,1030.9,43372.0,16080.0,16080.0
1239,164.340,207.240,164.26,207.21,1030.9,43199.0,16433.0,16433.0
1240,164.340,207.240,164.41,207.16,1030.9,42753.0,16358.0,16358.0
1241,164.340,207.240,164.42,207.19,1030.9,44357.0,18166.0,18166.0
1242,164.340,207.240,164.58,207.12,1030.9,43585.0,16664.0,16664.0
1243,164.340,207.240,164.59,207.13,1030.9,40948.0,14901.0,14901.0
1244,164.340,207.240,164.49,207.17,1030.9,44144.0,16689.0,16689.0
1245,164.340,207.240,164.51,207.1,1030.9,46900.0,19820.0,19820.0
1246,164.340,207.240,164.46,207.17,1030.9,45005.0,18101.0,18101.0
1247,164.340,207.240,164.34,207.13,1030.9,46068.0,19498.0,19498.0
1248,164.340,207.240,164.45,207.15,1030.9,45260.0,17966.0,17966.0
1249,164.340,207.240,164.45,207.1,1030.9,48251.0,20340.0,20340.0
1250,164.340,207.240,164.5,207.16,1030.9,48856.0,21928.0,21928.0
1251,164.340,207.240,164.34,207.15,1030.9,42767.0,16085.0,16085.0
1252,164.340,207.240,164.33,207.14,1030.9,43437.0,16136.0,16136.0
1253,164.340,207.240,164.41,207.07,1030.9,41515.0,14691.0,14691.0
1254,164.340,207.240,164.5,206.82,1030.9,39406.0,12699.0,12699.0
1255,164.340,207.240,164.64,207.24,1030.9,41008.0,14802.0,14802.0
1256,164.340,207.240,164.44,206.99,1030.9,45149.0,16455.0,16455.0
1257,164.340,207.240,164.56,207.37,1030.9,46729.0,19630.0,19630.0
1258,164.340,207.240,164.48,206.91,1030.9,41599.0,14253.0,14253.0
1259,164.340,207.240,164.42,207.11,1030.9,39867.0,12967.0,12967.0
1260,164.340,207.240,164.54,206.96,1030.9,40609.0,13573.0,13573.0
1261,164.340,207.240,164.49,207.1,1030.9,44770.0,17193.0,17193.0
1262,164.340,207.240,164.48,207.16,1030.9,43580.0,17622.0,17622.0
1263,164.340,207.240,164.53,207.18,1030.9,37799.0,11626.0,11626.0
1264,164.340,207.240,164.39,207.07,1030.9,38625.0,12752.0,12752.0
1265,164.340,207.240,164.44,207.14,1030.9,42439.0,15678.0,15678.0
1266,164.340,207.240,164.35,206.99,1030.9,42053.0,15456.0,15456.0
1267,164.340,207.240,164.44,207.04,1030.9,47933.0,19922.0,19922.0
1268,164.340,207.240,164.49,207.13,1030.9,46018.0,18751.0,18751.0
1269,164.340,207.240,164.42,206.99,1030.9,50409.0,22247.0,22247.0
1270,164.340,207.240,164.3,207.05,1030.9,45155.0,17809.0,17809.0
1271,164.340,207.240,164.48,207.21,1030.9,41335.0,15840.0,15840.0
1272,164.340,207.240,164.48,207.24,1030.9,46797.0,18675.0,18675.0
1273,164.340,207.240,164.51,207.21,1030.9,44520.0,17784.0,17784.0
1274,164.340,207.240,164.41,207.11,1030.9,44971.0,18877.0,18877.0
1275,164.340,207.240,164.77,207.25,1030.9,44329.0,17253.0,17253.0
1276,164.340,207.240,164.3,207.02,1030.9,45241.0,17089.0,17089.0
1277,164.340,207.240,164.43,207.14,1030.9,44066.0,17331.0,17331.0
1278,164.340,207.240,164.65,207.15,1030.9,43475.0,16074.0,16074.0
1279,164.340,207.240,164.51,206.97,1030.9,42330.0,14350.0,14350.0
1280,164.340,207.240,164.32,207.43,1030.9,45703.0,19094.0,19094.0
1281,164.340,207.240,164.47,207.09,1030.9,41932.0,14482.0,14482.0
1282,164.340,207.240,164.47,207.24,1030.9,40075.0,13271.0,13271.0
1283,164.340,207.240,164.35,207.08,1030.9,40548.0,14109.0,14109.0
1284,164.340,207.240,164.69,207.08,1030.9,36936.0,11222.0,11222.0
1285,164.340,207.240,164.43,207.1,1030.9,35380.0,10655.0,10655.0
1286,164.340,207.240,164.38,207.11,1030.9,35516.0,10108.0,10108.0
1287,164.340,207.240,164.4,206.93,1030.9,42828.0,15931.0,15931.0
1288,164.340,207.240,164.35,207.14,1030.9,39943.0,13272.0,13272.0
1289,164.340,207.240,164.32,207.01,1030.9,40200.0,13696.0,13696.0
1290,164.340,207.240,164.52,206.96,1030.9,42203.0,15005.0,15005.0
1291,164.340,207.240,164.46,206.85,1030.9,40640.0,13652.0,13652.0
1292,164.340,207.240,164.52,207.15,1030.9,46754.0,18672.0,18672.0
1293,164.340,207.240,164.69,207.06,1030.9,47104.0,19452.0,19452.0
1294,164.340,207.240,164.42,207.02,1030.9,49276.0,20794.0,20794.0
1295,164.340,207.240,164.63,206.94,1030.9,41927.0,15155.0,15155.0
1296,164.340,207.240,164.34,207.24,1030.9,36819.0,10037.0,10037.0
1297,164.340,207.240,164.34,207.24,1030.9,23315.0,0.0,0.0
1298,164.340,207.240,164.34,207.24,1030.9,22585.0,0.0,0.0
1299,164.340,207.240,164.34,207.24,1030.9,22859.0,0.0,0.0
1300,164.340,207.240,164.34,207.24,1030.9,25502.0,990.0,990.0
1301,164.340,207.240,164.34,207.24,1030.9,23070.0,155.0,155.0
1302,164.340,207.240,164.34,207.24,1030.9,23280.0,253.0,253.0
1303,164.340,207.240,164.34,207.24,1030.9,24048.0,703.0,703.0
1304,164.340,207.240,164.34,207.24,1030.9,23243.0,0.0,0.0
1305,164.340,207.240,164.34,207.24,1030.9,24430.0,0.0,0.0
1306,164.340,207.240,164.34,207.24,1030.9,21977.0,0.0,0.0
1307,164.340,207.240,164.34,207.24,1030.9,23084.0,0.0,0.0
1308,164.340,207.240,164.34,207.24,1030.9,23824.0,465.0,465.0
1309,164.340,207.240,164.34,207.24,1030.9,24553.0,692.0,692.0
1310,164.340,207.240,164.34,207.24,1030.9,23724.0,771.0,771.0
1311,164.340,207.240,164.34,207.24,1030.9,25126.0,1863.0,1863.0
1312,164.340,207.240,164.34,207.24,1030.9,23432.0,0.0,0.0
1313,164.340,207.240,164.34,207.24,1030.9,23378.0,0.0,0.0
1314,164.340,207.240,164.34,207.24,1030.9,23182.0,0.0,0.0
1315,164.340,207.240,164.34,207.24,1030.9,24347.0,487.0,487.0
1316,164.340,207.240,164.34,207.24,1030.9,23753.0,355.0,355.0
1317,164.340,207.240,164.34,207.24,1030.9,22616.0,0.0,0.0
1318,164.340,207.240,164.34,207.24,1030.9,23782.0,302.0,302.0
1319,164.340,207.240,164.34,207.24,1030.9,24119.0,538.0,538.0
1320,164.340,207.240,164.34,207.24,1030.9,24655.0,75.0,75.0
1321,164.340,207.240,164.34,207.24,1030.9,24548.0,450.0,450.0
1322,164.340,207.240,164.34,207.24,1030.9,23141.0,0.0,0.0
1323,164.340,207.240,164.34,207.24,1030.9,23680.0,0.0,0.0
1324,164.340,207.240,164.34,207.24,1030.9,24865.0,834.0,834.0
1325,164.340,207.240,164.34,207.24,1030.9,25178.0,1644.0,1644.0
1326,164.340,207.240,164.34,207.24,1030.9,23712.0,0.0,0.0
1327,164.340,207.240,164.34,207.24,1030.9,24102.0,613.0,613.0
1328,164.340,207.240,164.34,207.24,1030.9,23037.0,356.0,356.0
1329,164.340,207.240,164.34,207.24,1030.9,22888.0,0.0,0.0
1330,164.340,207.240,164.34,207.24,1030.9,24021.0,0.0,0.0
1331,164.340,207.240,164.34,207.24,1030.9,22683.0,0.0,0.0
1332,164.340,207.240,164.34,207.24,1030.9,22856.0,0.0,0.0
1333,164.340,207.240,164.34,207.24,1030.9,23680.0,604.0,604.0
1334,164.340,207.240,164.34,207.24,1030.9,23763.0,0.0,0.0
1335,164.340,207.240,164.34,207.24,1030.9,23231.0,359.0,359.0
1336,164.340,207.240,164.34,207.24,1030.9,23193.0,0.0,0.0
1337,164.340,207.240,164.34,207.24,1030.9,23384.0,0.0,0.0
1338,164.340,207.240,164.34,207.24,1030.9,23651.0,638.0,638.0
1339,164.340,207.240,164.34,207.24,1030.9,22269.0,0.0,0.0
1340,164.340,207.240,164.34,207.24,1030.9,23359.0,193.0,193.0
1341,164.340,207.240,164.34,207.24,1030.9,24926.0,521.0,521.0
1342,164.340,207.240,164.34,207.24,1030.9,23874.0,943.0,943.0
1343,164.340,207.240,164.34,207.24,1030.9,21960.0,0.0,0.0
1344,164.340,207.240,164.34,207.24,1030.9,24939.0,1462.0,1462.0
1345,164.340,207.240,164.34,207.24,1030.9,23367.0,0.0,0.0
1346,164.340,207.240,164.34,207.24,1030.9,24503.0,1167.0,1167.0
1347,164.340,207.240,164.34,207.24,1030.9,23988.0,133.0,133.0
1348,164.340,207.240,164.34,207.24,1030.9,23040.0,0.0,0.0
1349,164.340,207.240,164.34,207.24,1030.9,23299.0,574.0,574.0
1350,164.340,207.240,164.34,207.24,1030.9,25097.0,1553.0,1553.0
1351,164.340,207.240,164.34,207.24,1030.9,23587.0,0.0,0.0
1352,164.340,207.240,164.34,207.24,1030.9,23875.0,208.0,208.0
1353,164.340,207.240,164.34,207.24,1030.9,22245.0,0.0,0.0
1354,164.340,207.240,164.34,207.24,1030.9,23852.0,0.0,0.0
1355,164.340,207.240,164.34,207.24,1030.9,23751.0,20.0,20.0
1356,164.340,207.240,164.34,207.24,1030.9,24727.0,872.0,872.0
1357,164.340,207.240,164.34,207.24,1030.9,23863.0,0.0,0.0
1358,164.340,207.240,164.34,207.24,1030.9,23720.0,175.0,175.0
1359,164.340,207.240,164.34,207.24,1030.9,23588.0,157.0,157.0
1360,164.340,207.240,164.34,207.24,1030.9,21596.0,0.0,0.0
1361,164.340,207.240,164.34,207.24,1030.9,22393.0,0.0,0.0
1362,164.340,207.240,164.34,207.24,1030.9,24567.0,741.0,741.0
1363,164.340,207.240,164.34,207.24,1030.9,22880.0,0.0,0.0
1364,164.340,207.240,164.34,207.24,1030.9,24510.0,0.0,0.0
1365,164.340,207.240,164.34,207.24,1030.9,23226.0,257.0,257.0
1366,164.340,207.240,164.34,207.24,1030.9,22588.0,0.0,0.0
1367,164.340,207.240,164.34,207.24,1030.9,23611.0,0.0,0.0
1368,164.340,207.240,164.34,207.24,1030.9,24738.0,682.0,682.0
1369,164.340,207.240,164.34,207.24,1030.9,23714.0,0.0,0.0
1370,164.340,207.240,164.34,207.24,1030.9,24268.0,402.0,402.0
1371,164.340,207.240,164.34,207.24,1030.9,23373.0,0.0,0.0
1372,164.340,207.240,164.34,207.24,1030.9,24201.0,72.0,72.0
1373,164.340,207.240,164.34,207.24,1030.9,23121.0,0.0,0.0
1374,164.340,207.240,164.34,207.24,1030.9,24480.0,385.0,385.0
1375,164.340,207.240,164.34,207.24,1030.9,23579.0,0.0,0.0
1376,164.340,207.240,164.34,207.24,1030.9,22909.0,0.0,0.0
1377,164.340,207.240,164.34,207.24,1030.9,23614.0,71.0,71.0
1378,164.340,207.240,164.34,207.24,1030.9,22221.0,0.0,0.0
1379,164.340,207.240,164.34,207.24,1030.9,23285.0,289.0,289.0
1380,164.340,207.240,164.34,207.24,1030.9,23155.0,0.0,0.0
1381,164.340,207.240,164.34,207.24,1030.9,24197.0,390.0,390.0
1382,164.340,207.240,164.34,207.24,1030.9,24166.0,591.0,591.0
1383,164.340,207.240,164.34,207.24,1030.9,23516.0,261.0,261.0
1384,164.340,207.240,164.34,207.24,1030.9,22010.0,0.0,0.0
1385,164.340,207.240,164.34,207.24,1030.9,24424.0,414.0,414.0
1386,164.340,207.240,164.34,207.24,1030.9,22175.0,0.0,0.0
1387,164.340,207.240,164.34,207.24,1030.9,25023.0,820.0,820.0
1388,164.340,207.240,164.34,207.24,1030.9,22610.0,0.0,0.0
1389,164.340,207.240,164.34,207.24,1030.9,23429.0,0.0,0.0
1390,164.340,207.240,164.34,207.24,1030.9,25332.0,1251.0,1251.0
1391,164.340,207.240,164.34,207.24,1030.9,23955.0,0.0,0.0
1392,164.340,207.240,164.34,207.24,1030.9,23574.0,443.0,443.0
1393,164.340,207.240,164.34,207.24,1030.9,22588.0,0.0,0.0
1394,164.340,207.240,164.34,207.24,1030.9,23997.0,194.0,194.0
1395,164.340,207.240,164.34,207.24,1030.9,23069.0,0.0,0.0
1396,164.340,207.240,164.34,207.24,1030.9,24891.0,135.0,135.0
1397,164.340,207.240,164.34,207.24,1030.9,23289.0,0.0,0.0
1398,164.340,207.240,164.34,207.24,1030.9,23725.0,0.0,0.0
1399,164.340,207.240,164.34,207.24,1030.9,24930.0,1288.0,1288.0
1400,164.340,207.240,164.34,207.24,1030.9,25927.0,1964.0,1964.0
1401,164.340,207.240,164.34,207.24,1030.9,23193.0,0.0,0.0
1402,164.340,207.240,164.34,207.24,1030.9,25490.0,1329.0,1329.0
1403,164.340,207.240,164.34,207.24,1030.9,23762.0,0.0,0.0
1404,164.340,207.240,164.34,207.24,1030.9,24734.0,735.0,735.0
1405,164.340,207.240,164.34,207.24,1030.9,24434.0,1301.0,1301.0
1406,164.340,207.240,164.34,207.24,1030.9,25202.0,978.0,978.0
1407,164.340,207.240,164.34,207.24,1030.9,22830.0,19.0,19.0
1408,164.340,207.240,164.34,207.24,1030.9,21844.0,0.0,0.0
1409,164.340,207.240,164.34,207.24,1030.9,23831.0,295.0,295.0
1410,164.340,207.240,164.34,207.24,1030.9,24023.0,0.0,0.0
1411,164.340,207.240,164.34,207.24,1030.9,23331.0,0.0,0.0
1412,164.340,207.240,164.34,207.24,1030.9,23248.0,0.0,0.0
1413,164.340,207.240,164.34,207.24,1030.9,23542.0,0.0,0.0
1414,164.340,207.240,164.34,207.24,1030.9,23771.0,0.0,0.0
1415,164.340,207.240,164.34,207.24,1030.9,24268.0,26.0,26.0
1416,164.340,207.240,164.34,207.24,1030.9,23009.0,226.0,226.0
1417,164.340,207.240,164.34,207.24,1030.9,23752.0,46.0,46.0
1418,164.340,207.240,164.34,207.24,1030.9,24375.0,0.0,0.0
1419,164.340,207.240,164.34,207.24,1030.9,23024.0,184.0,184.0
1420,164.340,207.240,164.34,207.24,1030.9,23269.0,0.0,0.0
1421,164.340,207.240,164.34,207.24,1030.9,23574.0,0.0,0.0
1422,164.340,207.240,164.34,207.24,1030.9,23862.0,775.0,775.0
1423,164.340,207.240,164.34,207.24,1030.9,25806.0,1704.0,1704.0
1424,164.340,207.240,164.34,207.24,1030.9,23836.0,223.0,223.0
1425,164.340,207.240,164.34,207.24,1030.9,22681.0,0.0,0.0
1426,164.340,207.240,164.34,207.24,1030.9,24666.0,449.0,449.0
1427,164.340,207.240,164.34,207.24,1030.9,23112.0,0.0,0.0
1428,164.340,207.240,164.34,207.24,1030.9,22404.0,0.0,0.0
1429,164.340,207.240,164.34,207.24,1030.9,22899.0,0.0,0.0
1430,164.340,207.240,164.34,207.24,1030.9,23262.0,0.0,0.0
1431,164.340,207.240,164.34,207.24,1030.9,24339.0,558.0,558.0
1432,164.340,207.240,164.34,207.24,1030.9,23933.0,0.0,0.0
1433,164.340,207.240,164.34,207.24,1030.9,23554.0,0.0,0.0
1434,164.340,207.240,164.34,207.24,1030.9,24677.0,0.0,0.0
1435,164.340,207.240,164.34,207.24,1030.9,23095.0,0.0,0.0
1436,164.340,207.240,164.34,207.24,1030.9,23963.0,0.0,0.0
1437,164.340,207.240,164.34,207.24,1030.9,24690.0,114.0,114.0
1438,164.340,207.240,164.34,207.24,1030.9,22639.0,0.0,0.0
1439,164.340,207.240,164.34,207.24,1030.9,22148.0,0.0,0.0
1440,164.340,207.240,164.34,207.24,1030.9,23848.0,258.0,258.0
1441,164.340,207.240,164.34,207.24,1030.9,24620.0,774.0,774.0
1442,164.340,207.240,164.34,207.24,1030.9,23804.0,0.0,0.0
1443,164.340,207.240,164.34,207.24,1030.9,22072.0,0.0,0.0
1444,164.340,207.240,164.34,207.24,1030.9,23115.0,20.0,20.0
1445,164.340,207.240,164.34,207.24,1030.9,24378.0,0.0,0.0
1446,164.340,207.240,164.34,207.24,1030.9,25467.0,1283.0,1283.0
1447,164.340,207.240,164.34,207.24,1030.9,24155.0,0.0,0.0
1448,164.340,207.240,164.34,207.24,1030.9,24025.0,4.0,4.0
1449,164.340,207.240,164.34,207.24,1030.9,22528.0,0.0,0.0
1450,164.340,207.240,164.34,207.24,1030.9,22705.0,0.0,0.0
1451,164.340,207.240,164.34,207.24,1030.9,24611.0,689.0,689.0
1452,164.340,207.240,164.34,207.24,1030.9,22082.0,0.0,0.0
1453,164.340,207.240,164.34,207.24,1030.9,23719.0,196.0,196.0
1454,164.340,207.240,164.34,207.24,1030.9,23884.0,0.0,0.0
1455,164.340,207.240,164.34,207.24,1030.9,24069.0,559.0,559.0
1456,164.340,207.240,164.34,207.24,1030.9,24701.0,821.0,821.0
1457,164.340,207.240,164.34,207.24,1030.9,24123.0,672.0,672.0
1458,164.340,207.240,164.34,207.24,1030.9,22532.0,0.0,0.0
1459,164.340,207.240,164.34,207.24,1030.9,24302.0,975.0,975.0
1460,164.340,207.240,164.34,207.24,1030.9,24656.0,1205.0,1205.0
1461,164.340,207.240,164.34,207.24,1030.9,23268.0,0.0,0.0
1462,164.340,207.240,164.34,207.24,1030.9,23703.0,0.0,0.0
1463,164.340,207.240,164.34,207.24,1030.9,22888.0,0.0,0.0
1464,164.340,207.240,164.34,207.24,1030.9,23415.0,0.0,0.0
1465,164.340,207.240,164.34,207.24,1030.9,24046.0,1123.0,1123.0
1466,164.340,207.240,164.34,207.24,1030.9,25379.0,583.0,583.0
1467,164.340,207.240,164.34,207.24,1030.9,25008.0,698.0,698.0
1468,164.340,207.240,164.34,207.24,1030.9,22987.0,0.0,0.0
1469,164.340,207.240,164.34,207.24,1030.9,24972.0,1224.0,1224.0
1470,164.340,207.240,164.34,207.24,1030.9,22313.0,0.0,0.0
1471,164.340,207.240,164.34,207.24,1030.9,23269.0,330.0,330.0
1472,164.340,207.240,164.34,207.24,1030.9,24456.0,965.0,965.0
1473,164.340,207.240,164.34,207.24,1030.9,23382.0,283.0,283.0
1474,164.340,207.240,164.34,207.24,1030.9,22777.0,0.0,0.0
1475,164.340,207.240,164.34,207.24,1030.9,24365.0,575.0,575.0
1476,164.340,207.240,164.34,207.24,1030.9,24334.0,1000.0,1000.0
1477,164.340,207.240,164.34,207.24,1030.9,22835.0,0.0,0.0
1478,164.340,207.240,164.34,207.24,1030.9,23051.0,0.0,0.0
1479,164.340,207.240,164.34,207.24,1030.9,23279.0,0.0,0.0
1480,164.340,207.240,164.34,207.24,1030.9,25265.0,1075.0,1075.0
1481,164.340,207.240,164.34,207.24,1030.9,24880.0,889.0,889.0
1482,164.340,207.240,164.34,207.24,1030.9,23555.0,140.0,140.0
1483,164.340,207.240,164.34,207.24,1030.9,21706.0,0.0,0.0
1484,164.340,207.240,164.34,207.24,1030.9,23883.0,0.0,0.0
1485,164.340,207.240,164.34,207.24,1030.9,22185.0,0.0,0.0
1486,164.340,207.240,164.34,207.24,1030.9,23327.0,0.0,0.0
1487,164.340,207.240,164.34,207.24,1030.9,24591.0,863.0,863.0
1488,164.340,207.240,164.34,207.24,1030.9,25220.0,1390.0,1390.0
1489,164.340,207.240,164.34,207.24,1030.9,24411.0,781.0,781.0
1490,164.340,207.240,164.34,207.24,1030.9,23182.0,181.0,181.0
1491,164.340,207.240,164.34,207.24,1030.9,22894.0,0.0,0.0
1492,164.340,207.240,164.34,207.24,1030.9,23256.0,0.0,0.0
1493,164.340,207.240,164.34,207.24,1030.9,23657.0,0.0,0.0
1494,164.340,207.240,164.34,207.24,1030.9,24830.0,157.0,157.0
1495,164.340,207.240,164.34,207.24,1030.9,23106.0,555.0,555.0
1496,164.340,207.240,164.34,207.24,1030.9,24060.0,0.0,0.0
