id,avg_x,avg_y,x,y,bg,Square_intensity,circular_intensity,Gaussian_intensity
344,187.340,93.460,187.29,93.5,1089.16,32345.0,5477.0,5477.0
345,187.340,93.460,187.29,93.5,1089.16,34261.0,7492.0,7492.0
346,187.340,93.460,187.29,93.5,1089.16,31322.0,5811.0,5811.0
347,187.340,93.460,187.29,93.5,1089.16,34246.0,7475.0,7475.0
348,187.340,93.460,187.29,93.5,1089.16,31343.0,5320.0,5320.0
349,187.340,93.460,187.29,93.5,1089.16,32459.0,5420.0,5420.0
350,187.340,93.460,187.29,93.5,1089.16,32839.0,6392.0,6392.0
351,187.340,93.460,187.29,93.5,1089.16,34600.0,7521.0,7521.0
352,187.340,93.460,187.29,93.5,1089.16,32526.0,5254.0,5254.0
353,187.340,93.460,187.29,93.5,1089.16,35656.0,7837.0,7837.0
354,187.340,93.460,187.29,93.5,1089.16,31893.0,5220.0,5220.0
355,187.340,93.460,187.29,93.5,1089.16,31548.0,4625.0,4625.0
356,187.340,93.460,187.29,93.5,1089.16,32034.0,5286.0,5286.0
357,187.340,93.460,187.29,93.5,1089.16,35172.0,8678.0,8678.0
358,187.340,93.460,187.29,93.5,1089.16,34438.0,7978.0,7978.0
359,187.340,93.460,187.29,93.5,1089.16,32429.0,4557.0,4557.0
360,187.340,93.460,187.29,93.5,1089.16,33733.0,6464.0,6464.0
361,187.340,93.460,187.29,93.5,1089.16,34420.0,6841.0,6841.0
362,187.340,93.460,187.29,93.5,1089.16,31306.0,5038.0,5038.0
363,187.340,93.460,187.29,93.5,1089.16,32714.0,6552.0,6552.0
364,187.340,93.460,187.29,93.5,1089.16,34608.0,6748.0,6748.0
365,187.340,93.460,187.29,93.5,1089.16,33041.0,6323.0,6323.0
366,187.340,93.460,187.29,93.5,1089.16,32145.0,4994.0,4994.0
367,187.340,93.460,187.29,93.5,1089.16,31333.0,4404.0,4404.0
368,187.340,93.460,187.29,93.5,1089.16,32246.0,5553.0,5553.0
369,187.340,93.460,187.29,93.5,1089.16,33674.0,6754.0,6754.0
370,187.340,93.460,187.29,93.5,1089.16,35784.0,8433.0,8433.0
371,187.340,93.460,187.29,93.5,1089.16,32576.0,5708.0,5708.0
372,187.340,93.460,187.29,93.5,1089.16,30637.0,5075.0,5075.0
373,187.340,93.460,187.29,93.5,1089.16,33659.0,6302.0,6302.0
374,187.340,93.460,187.29,93.5,1089.16,30218.0,4406.0,4406.0
375,187.340,93.460,187.29,93.5,1089.16,27239.0,1565.0,1565.0
376,187.340,93.460,187.29,93.5,1089.16,25733.0,523.0,523.0
377,187.340,93.460,187.29,93.5,1089.16,25245.0,95.0,95.0
378,187.340,93.460,187.29,93.5,1089.16,24978.0,0.0,0.0
379,187.340,93.460,187.29,93.5,1089.16,24090.0,0.0,0.0
380,187.340,93.460,187.29,93.5,1089.16,24898.0,262.0,262.0
381,187.340,93.460,187.29,93.5,1089.16,25206.0,0.0,0.0
382,187.340,93.460,187.29,93.5,1089.16,27110.0,1456.0,1456.0
383,187.340,93.460,187.29,93.5,1089.16,24927.0,0.0,0.0
384,187.340,93.460,187.29,93.5,1089.16,25067.0,0.0,0.0
385,187.340,93.460,187.29,93.5,1089.16,25700.0,890.0,890.0
386,187.340,93.460,187.29,93.5,1089.16,24609.0,0.0,0.0
387,187.340,93.460,187.29,93.5,1089.16,26925.0,633.0,633.0
388,187.340,93.460,187.29,93.5,1089.16,25351.0,63.0,63.0
389,187.340,93.460,187.29,93.5,1089.16,25749.0,570.0,570.0
390,187.340,93.460,187.29,93.5,1089.16,24132.0,0.0,0.0
391,187.340,93.460,187.29,93.5,1089.16,24743.0,0.0,0.0
392,187.340,93.460,187.29,93.5,1089.16,26161.0,921.0,921.0
393,187.340,93.460,187.29,93.5,1089.16,23047.0,0.0,0.0
394,187.340,93.460,187.29,93.5,1089.16,24981.0,0.0,0.0
395,187.340,93.460,187.29,93.5,1089.16,25583.0,0.0,0.0
396,187.340,93.460,187.29,93.5,1089.16,25859.0,1009.0,1009.0
397,187.340,93.460,187.29,93.5,1089.16,25268.0,0.0,0.0
398,187.340,93.460,187.29,93.5,1089.16,25628.0,0.0,0.0
399,187.340,93.460,187.29,93.5,1089.16,24698.0,0.0,0.0
400,187.340,93.460,187.29,93.5,1089.16,24834.0,0.0,0.0
401,187.340,93.460,187.29,93.5,1089.16,24912.0,0.0,0.0
402,187.340,93.460,187.29,93.5,1089.16,26134.0,966.0,966.0
403,187.340,93.460,187.29,93.5,1089.16,27158.0,1682.0,1682.0
404,187.340,93.460,187.29,93.5,1089.16,26485.0,888.0,888.0
405,187.340,93.460,187.29,93.5,1089.16,26163.0,723.0,723.0
406,187.340,93.460,187.29,93.5,1089.16,25680.0,441.0,441.0
407,187.340,93.460,187.29,93.5,1089.16,25111.0,0.0,0.0
408,187.340,93.460,187.29,93.5,1089.16,25638.0,105.0,105.0
409,187.340,93.460,187.29,93.5,1089.16,24390.0,0.0,0.0
410,187.340,93.460,187.29,93.5,1089.16,24689.0,0.0,0.0
411,187.340,93.460,187.29,93.5,1089.16,25116.0,0.0,0.0
412,187.340,93.460,187.29,93.5,1089.16,25108.0,0.0,0.0
413,187.340,93.460,187.29,93.5,1089.16,25716.0,1026.0,1026.0
414,187.340,93.460,187.29,93.5,1089.16,25515.0,0.0,0.0
415,187.340,93.460,187.29,93.5,1089.16,27370.0,1483.0,1483.0
416,187.340,93.460,187.29,93.5,1089.16,25838.0,502.0,502.0
417,187.340,93.460,187.29,93.5,1089.16,24979.0,191.0,191.0
418,187.340,93.460,187.29,93.5,1089.16,25160.0,0.0,0.0
419,187.340,93.460,187.29,93.5,1089.16,24757.0,0.0,0.0
420,187.340,93.460,187.29,93.5,1089.16,26285.0,1020.0,1020.0
421,187.340,93.460,187.29,93.5,1089.16,25423.0,0.0,0.0
422,187.340,93.460,187.29,93.5,1089.16,25400.0,0.0,0.0
423,187.340,93.460,187.29,93.5,1089.16,25868.0,278.0,278.0
424,187.340,93.460,187.29,93.5,1089.16,25111.0,32.0,32.0
425,187.340,93.460,187.29,93.5,1089.16,25888.0,0.0,0.0
426,187.340,93.460,187.29,93.5,1089.16,24288.0,0.0,0.0
427,187.340,93.460,187.29,93.5,1089.16,24009.0,0.0,0.0
428,187.340,93.460,187.29,93.5,1089.16,24898.0,0.0,0.0
429,187.340,93.460,187.29,93.5,1089.16,26122.0,422.0,422.0
430,187.340,93.460,187.29,93.5,1089.16,25876.0,164.0,164.0
431,187.340,93.460,187.29,93.5,1089.16,24513.0,0.0,0.0
432,187.340,93.460,187.29,93.5,1089.16,25541.0,679.0,679.0
433,187.340,93.460,187.29,93.5,1089.16,25064.0,0.0,0.0
434,187.340,93.460,187.29,93.5,1089.16,25528.0,0.0,0.0
435,187.340,93.460,187.29,93.5,1089.16,22903.0,0.0,0.0
436,187.340,93.460,187.29,93.5,1089.16,24410.0,0.0,0.0
437,187.340,93.460,187.29,93.5,1089.16,24507.0,0.0,0.0
438,187.340,93.460,187.29,93.5,1089.16,25056.0,165.0,165.0
439,187.340,93.460,187.29,93.5,1089.16,23861.0,0.0,0.0
440,187.340,93.460,187.29,93.5,1089.16,26071.0,839.0,839.0
441,187.340,93.460,187.29,93.5,1089.16,24967.0,0.0,0.0
442,187.340,93.460,187.29,93.5,1089.16,25535.0,388.0,388.0
443,187.340,93.460,187.29,93.5,1089.16,24164.0,0.0,0.0
444,187.340,93.460,187.29,93.5,1089.16,25810.0,0.0,0.0
445,187.340,93.460,187.29,93.5,1089.16,25844.0,0.0,0.0
446,187.340,93.460,187.29,93.5,1089.16,25166.0,402.0,402.0
447,187.340,93.460,187.29,93.5,1089.16,25442.0,966.0,966.0
448,187.340,93.460,187.29,93.5,1089.16,26594.0,751.0,751.0
449,187.340,93.460,187.29,93.5,1089.16,26400.0,1081.0,1081.0
450,187.340,93.460,187.29,93.5,1089.16,25791.0,655.0,655.0
451,187.340,93.460,187.29,93.5,1089.16,25428.0,0.0,0.0
452,187.340,93.460,187.29,93.5,1089.16,25372.0,0.0,0.0
453,187.340,93.460,187.29,93.5,1089.16,25372.0,47.0,47.0
454,187.340,93.460,187.29,93.5,1089.16,24538.0,0.0,0.0
455,187.340,93.460,187.29,93.5,1089.16,26449.0,1148.0,1148.0
456,187.340,93.460,187.29,93.5,1089.16,23520.0,0.0,0.0
457,187.340,93.460,187.29,93.5,1089.16,24419.0,0.0,0.0
458,187.340,93.460,187.29,93.5,1089.16,24374.0,0.0,0.0
459,187.340,93.460,187.29,93.5,1089.16,25420.0,20.0,20.0
460,187.340,93.460,187.29,93.5,1089.16,26325.0,732.0,732.0
461,187.340,93.460,187.29,93.5,1089.16,23351.0,0.0,0.0
462,187.340,93.460,187.29,93.5,1089.16,24649.0,0.0,0.0
463,187.340,93.460,187.29,93.5,1089.16,22807.0,0.0,0.0
464,187.340,93.460,187.29,93.5,1089.16,27757.0,1849.0,1849.0
465,187.340,93.460,187.29,93.5,1089.16,24671.0,0.0,0.0
466,187.340,93.460,187.29,93.5,1089.16,25499.0,0.0,0.0
467,187.340,93.460,187.29,93.5,1089.16,24650.0,0.0,0.0
468,187.340,93.460,187.29,93.5,1089.16,26965.0,2182.0,2182.0
469,187.340,93.460,187.29,93.5,1089.16,26710.0,299.0,299.0
470,187.340,93.460,187.29,93.5,1089.16,24795.0,0.0,0.0
471,187.340,93.460,187.29,93.5,1089.16,24494.0,0.0,0.0
472,187.340,93.460,187.29,93.5,1089.16,25705.0,99.0,99.0
473,187.340,93.460,187.29,93.5,1089.16,27373.0,1626.0,1626.0
474,187.340,93.460,187.29,93.5,1089.16,26677.0,1331.0,1331.0
475,187.340,93.460,187.29,93.5,1089.16,25677.0,34.0,34.0
476,187.340,93.460,187.29,93.5,1089.16,26138.0,889.0,889.0
477,187.340,93.460,187.29,93.5,1089.16,25406.0,339.0,339.0
478,187.340,93.460,187.29,93.5,1089.16,26617.0,849.0,849.0
479,187.340,93.460,187.29,93.5,1089.16,25481.0,306.0,306.0
480,187.340,93.460,187.29,93.5,1089.16,26121.0,1152.0,1152.0
481,187.340,93.460,187.29,93.5,1089.16,24478.0,0.0,0.0
482,187.340,93.460,187.29,93.5,1089.16,26750.0,1079.0,1079.0
483,187.340,93.460,187.29,93.5,1089.16,24982.0,0.0,0.0
484,187.340,93.460,187.29,93.5,1089.16,25070.0,0.0,0.0
485,187.340,93.460,187.29,93.5,1089.16,25361.0,370.0,370.0
486,187.340,93.460,187.29,93.5,1089.16,25281.0,314.0,314.0
487,187.340,93.460,187.29,93.5,1089.16,24580.0,0.0,0.0
488,187.340,93.460,187.29,93.5,1089.16,24636.0,139.0,139.0
489,187.340,93.460,187.29,93.5,1089.16,24098.0,0.0,0.0
490,187.340,93.460,187.29,93.5,1089.16,24667.0,358.0,358.0
491,187.340,93.460,187.29,93.5,1089.16,24070.0,0.0,0.0
492,187.340,93.460,187.29,93.5,1089.16,24013.0,0.0,0.0
493,187.340,93.460,187.29,93.5,1089.16,23865.0,0.0,0.0
494,187.340,93.460,187.29,93.5,1089.16,24860.0,0.0,0.0
495,187.340,93.460,187.29,93.5,1089.16,24589.0,0.0,0.0
496,187.340,93.460,187.29,93.5,1089.16,25392.0,713.0,713.0
497,187.340,93.460,187.29,93.5,1089.16,27254.0,866.0,866.0
498,187.340,93.460,187.29,93.5,1089.16,25119.0,0.0,0.0
499,187.340,93.460,187.29,93.5,1089.16,24850.0,0.0,0.0
500,187.340,93.460,187.29,93.5,1089.16,24850.0,0.0,0.0
501,187.340,93.460,187.29,93.5,1089.16,25522.0,0.0,0.0
502,187.340,93.460,187.29,93.5,1089.16,25375.0,200.0,200.0
503,187.340,93.460,187.29,93.5,1089.16,26176.0,710.0,710.0
504,187.340,93.460,187.29,93.5,1089.16,23319.0,0.0,0.0
505,187.340,93.460,187.29,93.5,1089.16,25492.0,0.0,0.0
506,187.340,93.460,187.29,93.5,1089.16,25796.0,0.0,0.0
507,187.340,93.460,187.29,93.5,1089.16,25961.0,883.0,883.0
508,187.340,93.460,187.29,93.5,1089.16,23864.0,0.0,0.0
509,187.340,93.460,187.29,93.5,1089.16,25983.0,498.0,498.0
510,187.340,93.460,187.29,93.5,1089.16,25965.0,1163.0,1163.0
511,187.340,93.460,187.29,93.5,1089.16,25492.0,75.0,75.0
512,187.340,93.460,187.29,93.5,1089.16,25166.0,0.0,0.0
513,187.340,93.460,187.29,93.5,1089.16,23621.0,0.0,0.0
514,187.340,93.460,187.29,93.5,1089.16,25593.0,193.0,193.0
515,187.340,93.460,187.29,93.5,1089.16,25427.0,208.0,208.0
516,187.340,93.460,187.29,93.5,1089.16,25854.0,1178.0,1178.0
517,187.340,93.460,187.29,93.5,1089.16,24154.0,0.0,0.0
518,187.340,93.460,187.29,93.5,1089.16,25997.0,568.0,568.0
519,187.340,93.460,187.29,93.5,1089.16,24171.0,0.0,0.0
520,187.340,93.460,187.29,93.5,1089.16,24439.0,93.0,93.0
521,187.340,93.460,187.29,93.5,1089.16,23252.0,0.0,0.0
522,187.340,93.460,187.29,93.5,1089.16,24671.0,0.0,0.0
523,187.340,93.460,187.29,93.5,1089.16,27778.0,790.0,790.0
524,187.340,93.460,187.29,93.5,1089.16,25072.0,0.0,0.0
525,187.340,93.460,187.29,93.5,1089.16,25288.0,400.0,400.0
526,187.340,93.460,187.29,93.5,1089.16,25134.0,0.0,0.0
527,187.340,93.460,187.29,93.5,1089.16,24192.0,0.0,0.0
528,187.340,93.460,187.29,93.5,1089.16,24363.0,316.0,316.0
529,187.340,93.460,187.29,93.5,1089.16,25728.0,622.0,622.0
530,187.340,93.460,187.29,93.5,1089.16,25021.0,421.0,421.0
531,187.340,93.460,187.29,93.5,1089.16,26392.0,1268.0,1268.0
532,187.340,93.460,187.29,93.5,1089.16,26405.0,372.0,372.0
533,187.340,93.460,187.29,93.5,1089.16,25236.0,276.0,276.0
534,187.340,93.460,187.29,93.5,1089.16,24808.0,90.0,90.0
535,187.340,93.460,187.29,93.5,1089.16,24837.0,182.0,182.0
536,187.340,93.460,187.29,93.5,1089.16,25129.0,99.0,99.0
537,187.340,93.460,187.29,93.5,1089.16,25581.0,398.0,398.0
538,187.340,93.460,187.29,93.5,1089.16,26080.0,0.0,0.0
539,187.340,93.460,187.29,93.5,1089.16,24529.0,0.0,0.0
540,187.340,93.460,187.29,93.5,1089.16,24067.0,0.0,0.0
541,187.340,93.460,187.29,93.5,1089.16,26305.0,842.0,842.0
542,187.340,93.460,187.29,93.5,1089.16,25434.0,0.0,0.0
543,187.340,93.460,187.29,93.5,1089.16,24059.0,0.0,0.0
544,187.340,93.460,187.29,93.5,1089.16,25837.0,704.0,704.0
545,187.340,93.460,187.29,93.5,1089.16,25149.0,275.0,275.0
546,187.340,93.460,187.29,93.5,1089.16,25572.0,392.0,392.0
547,187.340,93.460,187.29,93.5,1089.16,25177.0,0.0,0.0
548,187.340,93.460,187.29,93.5,1089.16,25496.0,0.0,0.0
549,187.340,93.460,187.29,93.5,1089.16,25076.0,0.0,0.0
550,187.340,93.460,187.29,93.5,1089.16,23160.0,0.0,0.0
551,187.340,93.460,187.29,93.5,1089.16,24667.0,0.0,0.0
552,187.340,93.460,187.29,93.5,1089.16,23828.0,0.0,0.0
553,187.340,93.460,187.29,93.5,1089.16,26281.0,1024.0,1024.0
554,187.340,93.460,187.29,93.5,1089.16,24956.0,139.0,139.0
555,187.340,93.460,187.29,93.5,1089.16,26248.0,683.0,683.0
556,187.340,93.460,187.29,93.5,1089.16,25229.0,0.0,0.0
557,187.340,93.460,187.29,93.5,1089.16,24650.0,0.0,0.0
558,187.340,93.460,187.29,93.5,1089.16,25857.0,987.0,987.0
559,187.340,93.460,187.29,93.5,1089.16,25589.0,582.0,582.0
560,187.340,93.460,187.29,93.5,1089.16,24261.0,0.0,0.0
561,187.340,93.460,187.29,93.5,1089.16,24480.0,0.0,0.0
562,187.340,93.460,187.29,93.5,1089.16,25577.0,627.0,627.0
563,187.340,93.460,187.29,93.5,1089.16,23825.0,0.0,0.0
564,187.340,93.460,187.29,93.5,1089.16,24776.0,341.0,341.0
565,187.340,93.460,187.29,93.5,1089.16,26040.0,469.0,469.0
566,187.340,93.460,187.29,93.5,1089.16,26138.0,810.0,810.0
567,187.340,93.460,187.29,93.5,1089.16,24967.0,0.0,0.0
568,187.340,93.460,187.29,93.5,1089.16,23914.0,313.0,313.0
569,187.340,93.460,187.29,93.5,1089.16,25297.0,0.0,0.0
570,187.340,93.460,187.29,93.5,1089.16,25634.0,95.0,95.0
571,187.340,93.460,187.29,93.5,1089.16,25694.0,0.0,0.0
572,187.340,93.460,187.29,93.5,1089.16,25043.0,204.0,204.0
573,187.340,93.460,187.29,93.5,1089.16,27286.0,1489.0,1489.0
574,187.340,93.460,187.29,93.5,1089.16,25594.0,943.0,943.0
575,187.340,93.460,187.29,93.5,1089.16,24873.0,0.0,0.0
576,187.340,93.460,187.29,93.5,1089.16,24990.0,41.0,41.0
577,187.340,93.460,187.29,93.5,1089.16,24218.0,0.0,0.0
578,187.340,93.460,187.29,93.5,1089.16,25121.0,509.0,509.0
579,187.340,93.460,187.29,93.5,1089.16,26812.0,208.0,208.0
580,187.340,93.460,187.29,93.5,1089.16,24016.0,0.0,0.0
581,187.340,93.460,187.29,93.5,1089.16,25872.0,0.0,0.0
582,187.340,93.460,187.29,93.5,1089.16,25867.0,837.0,837.0
583,187.340,93.460,187.29,93.5,1089.16,25440.0,463.0,463.0
584,187.340,93.460,187.29,93.5,1089.16,26037.0,290.0,290.0
585,187.340,93.460,187.29,93.5,1089.16,25313.0,150.0,150.0
586,187.340,93.460,187.29,93.5,1089.16,23748.0,0.0,0.0
587,187.340,93.460,187.29,93.5,1089.16,24773.0,339.0,339.0
588,187.340,93.460,187.29,93.5,1089.16,24134.0,202.0,202.0
589,187.340,93.460,187.29,93.5,1089.16,25737.0,306.0,306.0
590,187.340,93.460,187.29,93.5,1089.16,24095.0,2.0,2.0
591,187.340,93.460,187.29,93.5,1089.16,24024.0,0.0,0.0
592,187.340,93.460,187.29,93.5,1089.16,26077.0,0.0,0.0
593,187.340,93.460,187.29,93.5,1089.16,29890.0,4347.0,4347.0
594,187.340,93.460,187.29,93.5,1089.16,34785.0,7435.0,7435.0
595,187.340,93.460,187.47,93.36,1089.16,40265.0,12975.0,12975.0
596,187.340,93.460,187.59,93.45,1089.16,43594.0,15283.0,15283.0
597,187.340,93.460,187.48,93.53,1089.16,34123.0,8043.0,8043.0
598,187.340,93.460,187.53,93.53,1089.16,37185.0,10363.0,10363.0
599,187.340,93.460,187.5,93.57,1089.16,36750.0,9562.0,9562.0
600,187.340,93.460,187.22,93.65,1089.16,37250.0,10558.0,10558.0
601,187.340,93.460,187.5,93.45,1089.16,40370.0,12650.0,12650.0
602,187.340,93.460,187.49,93.53,1089.16,35883.0,9846.0,9846.0
603,187.340,93.460,187.77,93.54,1089.16,34984.0,8597.0,8597.0
604,187.340,93.460,187.27,93.52,1089.16,35801.0,7979.0,7979.0
605,187.340,93.460,187.45,93.7,1089.16,36001.0,9050.0,9050.0
606,187.340,93.460,187.55,93.41,1089.16,36159.0,8977.0,8977.0
607,187.340,93.460,187.3,93.66,1089.16,35151.0,8090.0,8090.0
608,187.340,93.460,187.29,93.5,1089.16,34641.0,7999.0,7999.0
609,187.340,93.460,187.38,93.63,1089.16,37079.0,9791.0,9791.0
610,187.340,93.460,187.03,93.65,1089.16,33498.0,7180.0,7180.0
611,187.340,93.460,187.5,93.49,1089.16,36930.0,10419.0,10419.0
612,187.340,93.460,187.33,93.24,1089.16,34007.0,7800.0,7800.0
613,187.340,93.460,187.29,93.5,1089.16,33275.0,7332.0,7332.0
614,187.340,93.460,187.32,93.75,1089.16,35521.0,9017.0,9017.0
615,187.340,93.460,187.12,93.47,1089.16,39213.0,12064.0,12064.0
616,187.340,93.460,187.29,93.5,1089.16,33145.0,6540.0,6540.0
617,187.340,93.460,187.44,93.49,1089.16,35012.0,8971.0,8971.0
618,187.340,93.460,187.29,93.5,1089.16,32443.0,6716.0,6716.0
619,187.340,93.460,187.58,93.5,1089.16,35111.0,8677.0,8677.0
620,187.340,93.460,187.48,93.42,1089.16,36257.0,9506.0,9506.0
621,187.340,93.460,187.57,93.61,1089.16,35655.0,8305.0,8305.0
622,187.340,93.460,187.29,93.5,1089.16,32923.0,6394.0,6394.0
623,187.340,93.460,187.19,93.63,1089.16,33005.0,6997.0,6997.0
624,187.340,93.460,187.29,93.43,1089.16,38710.0,11281.0,11281.0
625,187.340,93.460,187.43,93.76,1089.16,34418.0,7910.0,7910.0
626,187.340,93.460,187.16,93.17,1089.16,39518.0,12018.0,12018.0
627,187.340,93.460,187.17,93.68,1089.16,35522.0,8576.0,8576.0
628,187.340,93.460,187.39,93.48,1089.16,38325.0,11576.0,11576.0
629,187.340,93.460,187.5,93.51,1089.16,40160.0,12511.0,12511.0
630,187.340,93.460,187.52,93.47,1089.16,32676.0,6852.0,6852.0
631,187.340,93.460,187.39,93.23,1089.16,36275.0,8845.0,8845.0
632,187.340,93.460,187.58,93.53,1089.16,36050.0,9769.0,9769.0
633,187.340,93.460,187.27,93.81,1089.16,34864.0,9455.0,9455.0
634,187.340,93.460,187.29,93.5,1089.16,33907.0,6540.0,6540.0
635,187.340,93.460,187.87,93.58,1089.16,35620.0,9796.0,9796.0
636,187.340,93.460,187.66,93.17,1089.16,34542.0,7754.0,7754.0
637,187.340,93.460,187.09,93.38,1089.16,34322.0,8794.0,8794.0
638,187.340,93.460,187.18,93.62,1089.16,31783.0,5800.0,5800.0
639,187.340,93.460,187.34,93.41,1089.16,39746.0,12726.0,12726.0
640,187.340,93.460,187.58,93.53,1089.16,40289.0,13105.0,13105.0
641,187.340,93.460,187.32,93.6,1089.16,36880.0,10214.0,10214.0
642,187.340,93.460,187.46,93.44,1089.16,34105.0,8914.0,8914.0
643,187.340,93.460,187.35,93.64,1089.16,36526.0,10057.0,10057.0
644,187.340,93.460,187.51,93.55,1089.16,39114.0,10960.0,10960.0
645,187.340,93.460,187.35,93.5,1089.16,39023.0,12668.0,12668.0
646,187.340,93.460,187.47,93.66,1089.16,34147.0,7427.0,7427.0
647,187.340,93.460,187.41,93.52,1089.16,37324.0,10735.0,10735.0
648,187.340,93.460,187.29,93.5,1089.16,33024.0,6309.0,6309.0
649,187.340,93.460,187.39,93.63,1089.16,37170.0,10126.0,10126.0
650,187.340,93.460,187.55,93.39,1089.16,37519.0,10145.0,10145.0
651,187.340,93.460,187.41,93.73,1089.16,39353.0,12079.0,12079.0
652,187.340,93.460,187.35,93.72,1089.16,36129.0,9293.0,9293.0
653,187.340,93.460,187.29,93.5,1089.16,33131.0,6604.0,6604.0
654,187.340,93.460,187.32,93.66,1089.16,39230.0,11378.0,11378.0
655,187.340,93.460,187.52,93.47,1089.16,33808.0,7749.0,7749.0
656,187.340,93.460,187.72,93.22,1089.16,37176.0,10313.0,10313.0
657,187.340,93.460,187.46,93.52,1089.16,37097.0,10088.0,10088.0
658,187.340,93.460,187.51,93.38,1089.16,36750.0,10131.0,10131.0
659,187.340,93.460,187.48,93.62,1089.16,38340.0,11023.0,11023.0
660,187.340,93.460,187.4,93.47,1089.16,37721.0,10854.0,10854.0
661,187.340,93.460,187.52,93.28,1089.16,37937.0,11106.0,11106.0
662,187.340,93.460,187.49,93.58,1089.16,36236.0,9235.0,9235.0
663,187.340,93.460,187.56,93.56,1089.16,33991.0,8158.0,8158.0
664,187.340,93.460,187.64,93.51,1089.16,38401.0,10622.0,10622.0
665,187.340,93.460,187.39,93.55,1089.16,36715.0,9747.0,9747.0
666,187.340,93.460,187.35,93.53,1089.16,36868.0,8746.0,8746.0
667,187.340,93.460,187.3,93.67,1089.16,37175.0,9933.0,9933.0
668,187.340,93.460,187.41,93.51,1089.16,36330.0,8881.0,8881.0
669,187.340,93.460,187.33,93.69,1089.16,34173.0,7116.0,7116.0
670,187.340,93.460,187.29,93.5,1089.16,30894.0,5289.0,5289.0
671,187.340,93.460,187.54,93.57,1089.16,35017.0,8991.0,8991.0
672,187.340,93.460,187.29,93.5,1089.16,29311.0,3430.0,3430.0
673,187.340,93.460,187.29,93.5,1089.16,34740.0,7244.0,7244.0
674,187.340,93.460,187.5,93.52,1089.16,34894.0,9311.0,9311.0
675,187.340,93.460,187.61,93.59,1089.16,35007.0,7920.0,7920.0
676,187.340,93.460,187.46,93.73,1089.16,34907.0,7288.0,7288.0
677,187.340,93.460,187.29,93.5,1089.16,29916.0,4589.0,4589.0
678,187.340,93.460,187.29,93.5,1089.16,32711.0,6117.0,6117.0
679,187.340,93.460,187.29,93.5,1089.16,31726.0,5017.0,5017.0
680,187.340,93.460,187.4,93.55,1089.16,35547.0,8955.0,8955.0
681,187.340,93.460,187.29,93.5,1089.16,32263.0,6133.0,6133.0
682,187.340,93.460,187.38,93.33,1089.16,35295.0,7966.0,7966.0
683,187.340,93.460,187.5,93.46,1089.16,34144.0,7916.0,7916.0
684,187.340,93.460,187.48,93.5,1089.16,35757.0,8971.0,8971.0
685,187.340,93.460,187.49,93.28,1089.16,33664.0,6959.0,6959.0
686,187.340,93.460,187.5,93.62,1089.16,34176.0,7903.0,7903.0
687,187.340,93.460,187.47,93.52,1089.16,36958.0,10981.0,10981.0
688,187.340,93.460,187.29,93.5,1089.16,34695.0,7833.0,7833.0
689,187.340,93.460,187.36,93.48,1089.16,37363.0,10276.0,10276.0
690,187.340,93.460,187.4,93.47,1089.16,38113.0,11530.0,11530.0
691,187.340,93.460,187.34,93.46,1089.16,35605.0,8348.0,8348.0
692,187.340,93.460,187.56,93.42,1045.78,30577.0,4742.0,4742.0
693,187.340,93.460,187.56,93.42,1045.78,27521.0,2396.0,2396.0
694,187.340,93.460,187.56,93.42,1045.78,26916.0,1585.0,1585.0
695,187.340,93.460,187.56,93.42,1045.78,28133.0,2911.0,2911.0
696,187.340,93.460,187.56,93.42,1045.78,36665.0,9639.0,9639.0
697,187.340,93.460,187.56,93.42,1045.78,39129.0,12494.0,12494.0
698,187.340,93.460,187.56,93.42,1045.78,39231.0,11818.0,11818.0
699,187.340,93.460,187.56,93.42,1045.78,31884.0,6048.0,6048.0
700,187.340,93.460,187.56,93.42,1045.78,35313.0,8466.0,8466.0
701,187.340,93.460,187.56,93.42,1045.78,31001.0,4661.0,4661.0
702,187.340,93.460,187.56,93.42,1045.78,31323.0,6318.0,6318.0
703,187.340,93.460,187.56,93.42,1045.78,33491.0,6538.0,6538.0
704,187.340,93.460,187.56,93.42,1045.78,36384.0,9966.0,9966.0
705,187.340,93.460,187.56,93.42,1045.78,33288.0,7369.0,7369.0
706,187.340,93.460,187.56,93.42,1045.78,33580.0,6868.0,6868.0
707,187.340,93.460,187.56,93.42,1045.78,29914.0,4732.0,4732.0
708,187.340,93.460,187.56,93.42,1045.78,35319.0,8760.0,8760.0
709,187.340,93.460,187.56,93.42,1045.78,33034.0,7061.0,7061.0
710,187.340,93.460,187.56,93.42,1045.78,33458.0,6809.0,6809.0
711,187.340,93.460,187.56,93.42,1045.78,34592.0,8544.0,8544.0
712,187.340,93.460,187.56,93.42,1045.78,32173.0,6195.0,6195.0
713,187.340,93.460,187.56,93.42,1045.78,32501.0,6777.0,6777.0
714,187.340,93.460,187.56,93.42,1045.78,32900.0,6801.0,6801.0
715,187.340,93.460,187.56,93.42,1045.78,33327.0,6621.0,6621.0
716,187.340,93.460,187.56,93.42,1045.78,32579.0,8258.0,8258.0
717,187.340,93.460,187.56,93.42,1045.78,32858.0,5926.0,5926.0
718,187.340,93.460,187.35,93.68,1045.78,36723.0,9932.0,9932.0
719,187.340,93.460,187.49,93.62,1045.78,34465.0,7391.0,7391.0
720,187.340,93.460,187.56,93.42,1045.78,32103.0,6560.0,6560.0
721,187.340,93.460,187.56,93.42,1045.78,33408.0,6681.0,6681.0
722,187.340,93.460,187.56,93.42,1045.78,33405.0,7623.0,7623.0
723,187.340,93.460,187.28,93.42,1045.78,37681.0,11499.0,11499.0
724,187.340,93.460,187.3,93.61,1045.78,39231.0,12109.0,12109.0
725,187.340,93.460,187.42,93.41,1045.78,34214.0,7865.0,7865.0
726,187.340,93.460,187.32,93.68,1045.78,36121.0,9781.0,9781.0
727,187.340,93.460,187.56,93.42,1045.78,33566.0,7275.0,7275.0
728,187.340,93.460,187.47,93.44,1045.78,37714.0,10754.0,10754.0
729,187.340,93.460,187.8,93.08,1045.78,40012.0,11788.0,11788.0
730,187.340,93.460,187.53,93.5,1045.78,36093.0,9564.0,9564.0
731,187.340,93.460,187.51,93.59,1045.78,36738.0,9417.0,9417.0
732,187.340,93.460,187.78,93.58,1045.78,33692.0,7685.0,7685.0
733,187.340,93.460,187.41,93.42,1045.78,36005.0,9537.0,9537.0
734,187.340,93.460,187.61,93.56,1045.78,35450.0,7623.0,7623.0
735,187.340,93.460,187.56,93.42,1045.78,32598.0,5990.0,5990.0
736,187.340,93.460,187.48,93.62,1045.78,34037.0,7226.0,7226.0
737,187.340,93.460,187.51,93.32,1045.78,38584.0,10564.0,10564.0
738,187.340,93.460,187.53,93.4,1045.78,37360.0,10490.0,10490.0
739,187.340,93.460,187.67,93.74,1045.78,39461.0,12700.0,12700.0
740,187.340,93.460,187.5,93.5,1045.78,44133.0,17125.0,17125.0
741,187.340,93.460,187.56,93.44,1045.78,45569.0,17770.0,17770.0
742,187.340,93.460,187.45,93.58,1045.78,44441.0,15677.0,15677.0
743,187.340,93.460,187.54,93.54,1045.78,37054.0,10657.0,10657.0
744,187.340,93.460,187.56,93.42,1045.78,34241.0,7780.0,7780.0
745,187.340,93.460,187.56,93.42,1045.78,34232.0,6955.0,6955.0
746,187.340,93.460,187.11,93.63,1045.78,34680.0,7503.0,7503.0
747,187.340,93.460,187.44,93.65,1045.78,39912.0,12897.0,12897.0
748,187.340,93.460,187.72,93.36,1045.78,40637.0,12744.0,12744.0
749,187.340,93.460,187.49,93.47,1045.78,38839.0,11892.0,11892.0
750,187.340,93.460,187.55,93.53,1045.78,37090.0,10430.0,10430.0
751,187.340,93.460,187.58,93.55,1045.78,40277.0,12849.0,12849.0
752,187.340,93.460,187.28,93.56,1045.78,36464.0,9342.0,9342.0
753,187.340,93.460,187.56,93.42,1045.78,33865.0,7181.0,7181.0
754,187.340,93.460,187.56,93.42,1045.78,32495.0,5931.0,5931.0
755,187.340,93.460,187.56,93.42,1045.78,34110.0,6902.0,6902.0
756,187.340,93.460,187.35,93.35,1045.78,36498.0,8937.0,8937.0
757,187.340,93.460,187.36,93.64,1045.78,34251.0,8437.0,8437.0
758,187.340,93.460,187.56,93.42,1045.78,29451.0,3798.0,3798.0
759,187.340,93.460,187.56,93.42,1045.78,28299.0,1715.0,1715.0
760,187.340,93.460,187.59,93.14,1045.78,38411.0,12074.0,12074.0
761,187.340,93.460,187.59,93.63,1045.78,41380.0,13153.0,13153.0
762,187.340,93.460,187.22,93.45,1045.78,41502.0,13754.0,13754.0
763,187.340,93.460,187.59,93.64,1045.78,36935.0,9890.0,9890.0
764,187.340,93.460,187.47,93.48,1045.78,36096.0,9459.0,9459.0
765,187.340,93.460,187.29,93.95,1045.78,35506.0,8762.0,8762.0
766,187.340,93.460,187.34,93.32,1045.78,38769.0,11267.0,11267.0
767,187.340,93.460,187.27,93.43,1045.78,40292.0,13429.0,13429.0
768,187.340,93.460,187.38,93.48,1045.78,35629.0,8810.0,8810.0
769,187.340,93.460,187.28,93.64,1045.78,36318.0,9684.0,9684.0
770,187.340,93.460,187.34,93.56,1045.78,35999.0,8474.0,8474.0
771,187.340,93.460,187.7,93.51,1045.78,35074.0,8979.0,8979.0
772,187.340,93.460,187.56,93.42,1045.78,33282.0,6864.0,6864.0
773,187.340,93.460,187.34,93.31,1045.78,36878.0,9985.0,9985.0
774,187.340,93.460,187.67,93.71,1045.78,42003.0,14374.0,14374.0
775,187.340,93.460,187.5,93.64,1045.78,43216.0,14740.0,14740.0
776,187.340,93.460,187.56,93.42,1045.78,35619.0,8330.0,8330.0
777,187.340,93.460,187.41,93.47,1045.78,37591.0,11137.0,11137.0
778,187.340,93.460,187.59,93.71,1045.78,37216.0,10782.0,10782.0
779,187.340,93.460,187.32,93.35,1045.78,39961.0,13337.0,13337.0
780,187.340,93.460,187.41,93.48,1045.78,44974.0,17191.0,17191.0
781,187.340,93.460,187.57,93.36,1045.78,35376.0,8821.0,8821.0
782,187.340,93.460,187.53,93.62,1045.78,41799.0,15069.0,15069.0
783,187.340,93.460,187.43,93.49,1045.78,37735.0,11594.0,11594.0
784,187.340,93.460,187.6,93.4,1045.78,38549.0,11500.0,11500.0
785,187.340,93.460,187.41,93.5,1045.78,34913.0,8442.0,8442.0
786,187.340,93.460,187.64,93.81,1045.78,37978.0,11577.0,11577.0
787,187.340,93.460,187.48,93.55,1045.78,38269.0,10823.0,10823.0
788,187.340,93.460,187.39,93.38,1045.78,37404.0,11054.0,11054.0
789,187.340,93.460,187.26,93.41,1045.78,35090.0,8890.0,8890.0
790,187.340,93.460,187.39,93.21,1045.78,37727.0,10790.0,10790.0
791,187.340,93.460,187.56,93.42,1045.78,32538.0,6546.0,6546.0
792,187.340,93.460,187.57,93.59,1045.78,39077.0,11302.0,11302.0
793,187.340,93.460,187.38,93.48,1045.78,41668.0,13298.0,13298.0
794,187.340,93.460,187.51,93.46,1045.78,39104.0,12344.0,12344.0
795,187.340,93.460,187.15,93.53,1045.78,37238.0,10528.0,10528.0
796,187.340,93.460,187.37,93.63,1045.78,36576.0,9880.0,9880.0
797,187.340,93.460,187.42,93.32,1045.78,39969.0,12579.0,12579.0
798,187.340,93.460,187.36,93.39,1045.78,37394.0,10269.0,10269.0
799,187.340,93.460,187.53,93.56,1045.78,33973.0,8503.0,8503.0
800,187.340,93.460,187.41,93.49,1045.78,33255.0,7599.0,7599.0
801,187.340,93.460,187.49,93.7,1045.78,37615.0,12041.0,12041.0
802,187.340,93.460,187.58,93.38,1045.78,38336.0,11135.0,11135.0
803,187.340,93.460,187.48,93.67,1045.78,36695.0,10291.0,10291.0
804,187.340,93.460,187.4,93.52,1045.78,37048.0,10488.0,10488.0
805,187.340,93.460,187.41,93.27,1045.78,38707.0,11726.0,11726.0
806,187.340,93.460,187.43,93.34,1045.78,40922.0,13774.0,13774.0
807,187.340,93.460,187.52,93.46,1045.78,39075.0,12499.0,12499.0
808,187.340,93.460,187.14,93.5,1045.78,40624.0,12507.0,12507.0
809,187.340,93.460,187.51,93.37,1045.78,35888.0,9803.0,9803.0
810,187.340,93.460,187.51,93.52,1045.78,37487.0,10290.0,10290.0
811,187.340,93.460,187.58,93.54,1045.78,36208.0,9217.0,9217.0
812,187.340,93.460,187.4,93.22,1045.78,37408.0,10356.0,10356.0
813,187.340,93.460,187.31,93.41,1045.78,42265.0,13880.0,13880.0
814,187.340,93.460,187.65,93.53,1045.78,41203.0,13979.0,13979.0
815,187.340,93.460,187.51,93.6,1045.78,40806.0,14098.0,14098.0
816,187.340,93.460,187.56,93.67,1045.78,36408.0,9648.0,9648.0
817,187.340,93.460,187.47,93.56,1045.78,37509.0,10240.0,10240.0
818,187.340,93.460,187.54,93.57,1045.78,37550.0,10825.0,10825.0
819,187.340,93.460,187.4,93.45,1045.78,35803.0,9003.0,9003.0
820,187.340,93.460,187.53,93.35,1045.78,36340.0,8468.0,8468.0
821,187.340,93.460,187.37,93.6,1045.78,36328.0,9608.0,9608.0
822,187.340,93.460,187.61,93.02,1045.78,35239.0,7836.0,7836.0
823,187.340,93.460,187.65,93.59,1045.78,37973.0,10894.0,10894.0
824,187.340,93.460,187.51,93.32,1045.78,38166.0,11339.0,11339.0
825,187.340,93.460,187.67,93.65,1045.78,36875.0,10387.0,10387.0
826,187.340,93.460,187.57,93.33,1045.78,39009.0,11873.0,11873.0
827,187.340,93.460,187.52,93.46,1045.78,39232.0,12095.0,12095.0
828,187.340,93.460,187.5,93.13,1045.78,38290.0,10994.0,10994.0
829,187.340,93.460,187.51,93.26,1045.78,40328.0,12932.0,12932.0
830,187.340,93.460,187.41,93.26,1045.78,36061.0,9120.0,9120.0
831,187.340,93.460,187.47,93.39,1045.78,36663.0,9667.0,9667.0
832,187.340,93.460,187.63,93.23,1045.78,35085.0,7997.0,7997.0
833,187.340,93.460,187.32,93.36,1045.78,35716.0,9717.0,9717.0
834,187.340,93.460,187.75,93.52,1045.78,35031.0,7879.0,7879.0
835,187.340,93.460,187.75,93.05,1045.78,34851.0,8189.0,8189.0
836,187.340,93.460,187.48,93.55,1045.78,34467.0,8993.0,8993.0
837,187.340,93.460,187.58,93.61,1045.78,37290.0,10417.0,10417.0
838,187.340,93.460,187.56,93.42,1045.78,35451.0,7873.0,7873.0
839,187.340,93.460,187.41,93.35,1045.78,37720.0,11143.0,11143.0
840,187.340,93.460,187.61,93.24,1045.78,40507.0,13038.0,13038.0
841,187.340,93.460,187.54,93.42,1045.78,38076.0,11032.0,11032.0
842,187.340,93.460,187.38,93.51,1045.78,39590.0,13092.0,13092.0
843,187.340,93.460,187.46,93.5,1045.78,36572.0,9830.0,9830.0
844,187.340,93.460,187.62,93.64,1045.78,38998.0,10961.0,10961.0
845,187.340,93.460,187.54,93.56,1045.78,39882.0,12682.0,12682.0
846,187.340,93.460,187.37,93.46,1045.78,37370.0,10640.0,10640.0
847,187.340,93.460,187.28,93.42,1045.78,42972.0,14526.0,14526.0
848,187.340,93.460,187.37,93.5,1045.78,40020.0,13075.0,13075.0
849,187.340,93.460,187.45,93.32,1045.78,38665.0,11001.0,11001.0
850,187.340,93.460,187.56,93.37,1045.78,37054.0,9778.0,9778.0
851,187.340,93.460,187.56,93.42,1045.78,32416.0,6249.0,6249.0
852,187.340,93.460,187.7,93.42,1045.78,35242.0,9072.0,9072.0
853,187.340,93.460,187.44,93.46,1045.78,40296.0,14088.0,14088.0
854,187.340,93.460,187.38,93.24,1045.78,37875.0,11188.0,11188.0
855,187.340,93.460,187.21,93.27,1045.78,39331.0,12633.0,12633.0
856,187.340,93.460,187.58,93.32,1045.78,34066.0,8042.0,8042.0
857,187.340,93.460,187.44,93.18,1045.78,38299.0,10986.0,10986.0
858,187.340,93.460,187.37,93.58,1045.78,38819.0,11685.0,11685.0
859,187.340,93.460,187.23,93.75,1045.78,34737.0,8275.0,8275.0
860,187.340,93.460,187.43,93.36,1045.78,35687.0,9278.0,9278.0
861,187.340,93.460,188.12,92.97,1045.78,35574.0,8542.0,8542.0
862,187.340,93.460,187.43,93.49,1045.78,37826.0,11995.0,11995.0
863,187.340,93.460,187.53,93.4,1045.78,40865.0,13970.0,13970.0
864,187.340,93.460,187.5,93.55,1045.78,39403.0,11875.0,11875.0
865,187.340,93.460,187.37,93.39,1045.78,41284.0,13974.0,13974.0
866,187.340,93.460,187.5,93.36,1045.78,39542.0,11749.0,11749.0
867,187.340,93.460,187.39,93.16,1045.78,36321.0,8973.0,8973.0
868,187.340,93.460,187.51,93.54,1045.78,38347.0,11832.0,11832.0
869,187.340,93.460,187.56,93.42,1045.78,32734.0,5948.0,5948.0
870,187.340,93.460,187.41,93.46,1045.78,37536.0,11108.0,11108.0
871,187.340,93.460,187.65,93.33,1045.78,36815.0,9446.0,9446.0
872,187.340,93.460,187.42,93.41,1045.78,39975.0,12449.0,12449.0
873,187.340,93.460,187.56,93.42,1045.78,32241.0,6273.0,6273.0
874,187.340,93.460,187.44,93.55,1045.78,38945.0,12213.0,12213.0
875,187.340,93.460,187.42,93.54,1045.78,37223.0,10153.0,10153.0
876,187.340,93.460,187.36,93.31,1045.78,39882.0,13109.0,13109.0
877,187.340,93.460,187.65,93.22,1045.78,40000.0,13246.0,13246.0
878,187.340,93.460,187.44,93.46,1045.78,36269.0,9244.0,9244.0
879,187.340,93.460,187.46,93.41,1045.78,35395.0,8555.0,8555.0
880,187.340,93.460,186.99,93.45,1045.78,37371.0,10002.0,10002.0
881,187.340,93.460,187.55,93.56,1045.78,37001.0,9693.0,9693.0
882,187.340,93.460,187.47,93.25,1045.78,33515.0,7308.0,7308.0
883,187.340,93.460,187.56,93.42,1045.78,32892.0,6312.0,6312.0
884,187.340,93.460,187.3,93.55,1045.78,38639.0,11874.0,11874.0
885,187.340,93.460,187.69,93.39,1045.78,37895.0,10157.0,10157.0
886,187.340,93.460,187.67,93.65,1045.78,38690.0,12023.0,12023.0
887,187.340,93.460,187.49,93.55,1045.78,38348.0,11680.0,11680.0
888,187.340,93.460,187.24,93.56,1045.78,44235.0,15641.0,15641.0
889,187.340,93.460,187.46,93.43,1045.78,43612.0,16464.0,16464.0
890,187.340,93.460,187.62,93.57,1045.78,37245.0,10426.0,10426.0
891,187.340,93.460,187.68,93.45,1045.78,39052.0,11999.0,11999.0
892,187.340,93.460,187.41,93.45,1045.78,39688.0,12648.0,12648.0
893,187.340,93.460,187.44,93.41,1045.78,35573.0,9680.0,9680.0
894,187.340,93.460,187.46,93.35,1045.78,38441.0,11941.0,11941.0
895,187.340,93.460,187.22,93.46,1045.78,38740.0,11100.0,11100.0
896,187.340,93.460,187.51,93.4,1045.78,37869.0,11377.0,11377.0
897,187.340,93.460,187.58,93.32,1045.78,42777.0,14976.0,14976.0
898,187.340,93.460,187.46,93.49,1045.78,39571.0,12444.0,12444.0
899,187.340,93.460,187.52,93.4,1045.78,38854.0,11977.0,11977.0
900,187.340,93.460,187.46,93.53,1045.78,39572.0,11884.0,11884.0
901,187.340,93.460,187.29,93.28,1045.78,37187.0,11065.0,11065.0
902,187.340,93.460,187.56,93.53,1045.78,33156.0,7348.0,7348.0
903,187.340,93.460,187.41,93.57,1045.78,40522.0,12313.0,12313.0
904,187.340,93.460,187.47,93.42,1045.78,43247.0,16410.0,16410.0
905,187.340,93.460,187.43,93.55,1045.78,39747.0,12212.0,12212.0
906,187.340,93.460,187.32,93.59,1045.78,41501.0,14583.0,14583.0
907,187.340,93.460,187.6,93.23,1045.78,41316.0,13360.0,13360.0
908,187.340,93.460,187.34,93.32,1045.78,38324.0,11691.0,11691.0
909,187.340,93.460,187.34,93.58,1045.78,36784.0,9369.0,9369.0
910,187.340,93.460,187.54,93.33,1045.78,38948.0,11738.0,11738.0
911,187.340,93.460,187.54,93.67,1045.78,40544.0,13501.0,13501.0
912,187.340,93.460,187.67,93.47,1045.78,37731.0,11309.0,11309.0
913,187.340,93.460,187.2,93.13,1045.78,36975.0,10228.0,10228.0
914,187.340,93.460,187.34,93.64,1045.78,38959.0,11737.0,11737.0
915,187.340,93.460,187.71,93.5,1045.78,38553.0,11236.0,11236.0
916,187.340,93.460,187.74,93.11,1045.78,38013.0,12021.0,12021.0
917,187.340,93.460,187.57,93.44,1045.78,36764.0,8867.0,8867.0
918,187.340,93.460,187.89,93.14,1045.78,37458.0,10990.0,10990.0
919,187.340,93.460,187.59,93.54,1045.78,37159.0,10064.0,10064.0
920,187.340,93.460,187.55,93.42,1045.78,39084.0,11984.0,11984.0
921,187.340,93.460,187.47,93.43,1045.78,36424.0,10233.0,10233.0
922,187.340,93.460,187.42,93.46,1045.78,35983.0,9746.0,9746.0
923,187.340,93.460,187.39,93.34,1045.78,36632.0,10559.0,10559.0
924,187.340,93.460,187.43,93.53,1045.78,36601.0,10282.0,10282.0
925,187.340,93.460,187.41,93.39,1045.78,38226.0,11246.0,11246.0
926,187.340,93.460,187.45,93.39,1045.78,37924.0,10571.0,10571.0
927,187.340,93.460,187.43,93.41,1045.78,38837.0,11877.0,11877.0
928,187.340,93.460,187.42,93.21,1045.78,36165.0,8921.0,8921.0
929,187.340,93.460,187.26,93.49,1045.78,37047.0,10156.0,10156.0
930,187.340,93.460,187.77,93.45,1045.78,33076.0,7482.0,7482.0
931,187.340,93.460,187.66,93.42,1045.78,36611.0,10044.0,10044.0
932,187.340,93.460,187.6,93.2,1045.78,37545.0,10723.0,10723.0
933,187.340,93.460,187.56,93.23,1045.78,38434.0,11707.0,11707.0
934,187.340,93.460,187.48,93.31,1045.78,38051.0,11277.0,11277.0
935,187.340,93.460,187.55,93.34,1045.78,39911.0,12708.0,12708.0
936,187.340,93.460,187.37,93.37,1045.78,36058.0,10651.0,10651.0
937,187.340,93.460,187.51,93.3,1045.78,40985.0,13031.0,13031.0
938,187.340,93.460,187.55,93.28,1045.78,41811.0,14374.0,14374.0
939,187.340,93.460,187.74,93.34,1045.78,37527.0,11219.0,11219.0
940,187.340,93.460,187.52,93.18,1045.78,37103.0,10089.0,10089.0
941,187.340,93.460,187.81,93.45,1045.78,38910.0,12305.0,12305.0
942,187.340,93.460,187.48,93.48,1045.78,38513.0,11857.0,11857.0
943,187.340,93.460,187.58,93.3,1045.78,39052.0,12292.0,12292.0
944,187.340,93.460,187.52,93.13,1045.78,33553.0,7915.0,7915.0
945,187.340,93.460,187.4,93.26,1045.78,37280.0,10761.0,10761.0
946,187.340,93.460,187.79,93.6,1045.78,37053.0,11203.0,11203.0
947,187.340,93.460,187.52,93.41,1045.78,36004.0,10889.0,10889.0
948,187.340,93.460,187.24,93.89,1045.78,36275.0,9214.0,9214.0
949,187.340,93.460,187.55,93.5,1045.78,34859.0,8771.0,8771.0
950,187.340,93.460,187.56,93.37,1045.78,39050.0,11218.0,11218.0
951,187.340,93.460,187.29,93.33,1045.78,37269.0,10808.0,10808.0
952,187.340,93.460,187.42,93.56,1045.78,39151.0,11569.0,11569.0
953,187.340,93.460,187.63,93.31,1045.78,39289.0,11797.0,11797.0
954,187.340,93.460,187.34,93.26,1045.78,42285.0,14801.0,14801.0
955,187.340,93.460,187.49,93.16,1045.78,38933.0,11977.0,11977.0
956,187.340,93.460,187.46,93.45,1045.78,38247.0,12083.0,12083.0
957,187.340,93.460,187.58,93.41,1045.78,38276.0,12010.0,12010.0
958,187.340,93.460,187.62,93.36,1045.78,36894.0,10446.0,10446.0
959,187.340,93.460,187.36,93.51,1045.78,36895.0,9577.0,9577.0
960,187.340,93.460,187.58,93.36,1045.78,38624.0,12730.0,12730.0
961,187.340,93.460,187.57,93.38,1045.78,38324.0,11439.0,11439.0
962,187.340,93.460,187.72,93.16,1045.78,32546.0,7598.0,7598.0
963,187.340,93.460,187.56,93.42,1045.78,33552.0,7247.0,7247.0
964,187.340,93.460,187.53,93.46,1045.78,37448.0,11354.0,11354.0
965,187.340,93.460,187.5,93.41,1045.78,35251.0,9456.0,9456.0
966,187.340,93.460,187.88,93.56,1045.78,35943.0,8925.0,8925.0
967,187.340,93.460,187.47,93.4,1045.78,34714.0,9156.0,9156.0
968,187.340,93.460,187.49,93.39,1045.78,34204.0,9188.0,9188.0
969,187.340,93.460,187.47,93.47,1045.78,37004.0,11147.0,11147.0
970,187.340,93.460,187.57,93.37,1045.78,33767.0,8382.0,8382.0
971,187.340,93.460,187.57,93.34,1045.78,38508.0,11112.0,11112.0
972,187.340,93.460,187.6,93.76,1045.78,34749.0,8630.0,8630.0
973,187.340,93.460,187.39,93.47,1045.78,40848.0,13523.0,13523.0
974,187.340,93.460,187.55,93.37,1045.78,38652.0,11954.0,11954.0
975,187.340,93.460,187.45,93.3,1045.78,36919.0,10332.0,10332.0
976,187.340,93.460,187.81,93.49,1045.78,42465.0,15279.0,15279.0
977,187.340,93.460,187.46,93.19,1045.78,36416.0,10023.0,10023.0
978,187.340,93.460,187.54,93.56,1045.78,39558.0,13248.0,13248.0
979,187.340,93.460,187.57,93.51,1045.78,38627.0,12921.0,12921.0
980,187.340,93.460,187.47,93.55,1045.78,35841.0,10156.0,10156.0
981,187.340,93.460,187.39,93.52,1045.78,40628.0,13140.0,13140.0
982,187.340,93.460,187.35,93.35,1045.78,38135.0,11783.0,11783.0
983,187.340,93.460,187.41,93.54,1045.78,43364.0,16793.0,16793.0
984,187.340,93.460,187.47,93.46,1045.78,38414.0,12027.0,12027.0
985,187.340,93.460,187.55,93.55,1045.78,37603.0,11167.0,11167.0
986,187.340,93.460,187.25,93.31,1045.78,34213.0,7589.0,7589.0
987,187.340,93.460,187.51,93.31,1045.78,37027.0,11041.0,11041.0
988,187.340,93.460,187.57,93.19,1045.78,35028.0,8575.0,8575.0
989,187.340,93.460,187.57,93.37,1045.78,40240.0,13251.0,13251.0
990,187.340,93.460,187.54,93.43,1045.78,33752.0,8415.0,8415.0
991,187.340,93.460,187.66,93.19,1045.78,33955.0,8441.0,8441.0
992,187.340,93.460,187.52,93.53,1045.78,39818.0,13713.0,13713.0
993,187.340,93.460,187.56,93.42,1045.78,33518.0,7361.0,7361.0
994,187.340,93.460,187.43,93.37,1045.78,37590.0,9432.0,9432.0
995,187.340,93.460,187.59,93.25,1045.78,35959.0,9409.0,9409.0
996,187.340,93.460,187.46,93.47,1045.78,35451.0,9262.0,9262.0
997,187.340,93.460,187.41,93.47,1045.78,36142.0,9089.0,9089.0
998,187.340,93.460,187.52,93.39,1045.78,37659.0,11484.0,11484.0
999,187.340,93.460,187.58,93.42,1045.78,36979.0,10564.0,10564.0
1000,187.340,93.460,187.65,93.39,1045.78,32574.0,7063.0,7063.0
1001,187.340,93.460,187.55,93.39,1045.78,33528.0,7030.0,7030.0
1002,187.340,93.460,187.35,93.3,1045.78,36225.0,10442.0,10442.0
1003,187.340,93.460,187.38,93.39,1045.78,37107.0,10875.0,10875.0
1004,187.340,93.460,187.55,93.34,1045.78,35764.0,9915.0,9915.0
1005,187.340,93.460,187.46,93.3,1045.78,39091.0,12677.0,12677.0
1006,187.340,93.460,187.32,93.32,1045.78,36359.0,9844.0,9844.0
1007,187.340,93.460,187.62,93.43,1045.78,35800.0,9661.0,9661.0
1008,187.340,93.460,187.43,93.21,1045.78,37736.0,11320.0,11320.0
1009,187.340,93.460,187.43,93.4,1045.78,35806.0,9449.0,9449.0
1010,187.340,93.460,187.4,93.51,1045.78,38120.0,11059.0,11059.0
1011,187.340,93.460,187.79,93.17,1045.78,36469.0,9332.0,9332.0
1012,187.340,93.460,187.55,93.17,1045.78,37586.0,11174.0,11174.0
1013,187.340,93.460,187.37,93.35,1045.78,36580.0,9514.0,9514.0
1014,187.340,93.460,187.49,93.23,1045.78,39924.0,12649.0,12649.0
1015,187.340,93.460,187.53,93.53,1045.78,36592.0,10264.0,10264.0
1016,187.340,93.460,187.53,93.39,1045.78,36883.0,10460.0,10460.0
1017,187.340,93.460,187.66,93.08,1045.78,34550.0,8400.0,8400.0
1018,187.340,93.460,187.48,93.44,1045.78,35089.0,9044.0,9044.0
1019,187.340,93.460,187.67,93.5,1045.78,36686.0,9959.0,9959.0
1020,187.340,93.460,187.57,93.32,1045.78,37994.0,10994.0,10994.0
1021,187.340,93.460,187.38,93.29,1045.78,36281.0,9687.0,9687.0
1022,187.340,93.460,187.5,93.41,1045.78,34575.0,9129.0,9129.0
1023,187.340,93.460,187.56,93.42,1045.78,32156.0,6098.0,6098.0
1024,187.340,93.460,187.56,93.42,1045.78,34480.0,7435.0,7435.0
1025,187.340,93.460,187.53,93.26,1045.78,34458.0,8095.0,8095.0
1026,187.340,93.460,187.58,93.41,1045.78,35067.0,8550.0,8550.0
1027,187.340,93.460,187.56,93.42,1045.78,32408.0,6343.0,6343.0
1028,187.340,93.460,187.54,93.5,1045.78,34791.0,8416.0,8416.0
1029,187.340,93.460,187.39,93.44,1045.78,37574.0,10743.0,10743.0
1030,187.340,93.460,187.59,93.46,1045.78,35890.0,9486.0,9486.0
1031,187.340,93.460,187.55,93.47,1045.78,34096.0,8379.0,8379.0
1032,187.340,93.460,187.63,93.5,1045.78,34247.0,8669.0,8669.0
1033,187.340,93.460,187.5,93.39,1045.78,32737.0,6084.0,6084.0
1034,187.340,93.460,187.56,93.42,1045.78,33592.0,7145.0,7145.0
1035,187.340,93.460,187.5,93.09,1045.78,37203.0,11633.0,11633.0
1036,187.340,93.460,187.67,93.12,1045.78,33910.0,8427.0,8427.0
1037,187.340,93.460,187.45,93.5,1045.78,36656.0,9786.0,9786.0
1038,187.340,93.460,187.56,93.42,1045.78,32880.0,7209.0,7209.0
1039,187.340,93.460,187.48,93.46,1045.78,36013.0,9787.0,9787.0
1040,187.340,93.460,187.72,93.55,1045.78,32630.0,6838.0,6838.0
1041,187.340,93.460,187.32,93.31,1045.78,35600.0,9786.0,9786.0
1042,187.340,93.460,187.47,93.52,1045.78,37415.0,11342.0,11342.0
1043,187.340,93.460,187.5,93.55,1045.78,37089.0,10807.0,10807.0
1044,187.340,93.460,187.63,93.37,1045.78,37845.0,10119.0,10119.0
1045,187.340,93.460,187.5,93.62,1045.78,35357.0,8976.0,8976.0
1046,187.340,93.460,187.41,93.42,1045.78,39697.0,12695.0,12695.0
1047,187.340,93.460,187.66,93.48,1045.78,35869.0,9341.0,9341.0
1048,187.340,93.460,187.57,93.22,1045.78,36454.0,9521.0,9521.0
1049,187.340,93.460,187.56,93.44,1045.78,36992.0,10402.0,10402.0
1050,187.340,93.460,187.55,93.47,1045.78,37449.0,10446.0,10446.0
1051,187.340,93.460,187.55,93.23,1045.78,39970.0,12465.0,12465.0
1052,187.340,93.460,187.5,93.19,1045.78,36186.0,9225.0,9225.0
1053,187.340,93.460,187.34,93.36,1045.78,41602.0,14684.0,14684.0
1054,187.340,93.460,187.37,93.2,1045.78,36650.0,9631.0,9631.0
1055,187.340,93.460,187.56,93.42,1045.78,32787.0,6496.0,6496.0
1056,187.340,93.460,187.47,93.39,1045.78,38869.0,11790.0,11790.0
1057,187.340,93.460,187.51,93.37,1045.78,36114.0,9546.0,9546.0
1058,187.340,93.460,187.44,93.44,1045.78,34257.0,6824.0,6824.0
1059,187.340,93.460,187.56,93.42,1045.78,32453.0,6494.0,6494.0
1060,187.340,93.460,187.66,93.61,1045.78,34230.0,7889.0,7889.0
1061,187.340,93.460,187.55,93.46,1045.78,34382.0,8822.0,8822.0
1062,187.340,93.460,187.14,93.29,1045.78,33142.0,6786.0,6786.0
1063,187.340,93.460,187.56,93.42,1045.78,31756.0,5205.0,5205.0
1064,187.340,93.460,187.51,93.62,1045.78,34629.0,8589.0,8589.0
1065,187.340,93.460,187.57,93.49,1045.78,36082.0,9808.0,9808.0
1066,187.340,93.460,187.56,93.42,1045.78,35903.0,9520.0,9520.0
1067,187.340,93.460,187.56,93.42,1045.78,34146.0,7639.0,7639.0
1068,187.340,93.460,187.42,93.33,1045.78,34971.0,8187.0,8187.0
1069,187.340,93.460,187.34,93.41,1045.78,33904.0,7515.0,7515.0
1070,187.340,93.460,187.56,93.42,1045.78,32573.0,6038.0,6038.0
1071,187.340,93.460,187.56,93.42,1045.78,34786.0,8340.0,8340.0
1072,187.340,93.460,187.81,93.52,1045.78,34407.0,8306.0,8306.0
1073,187.340,93.460,187.54,93.35,1045.78,33855.0,6926.0,6926.0
1074,187.340,93.460,187.41,93.39,1045.78,36406.0,9866.0,9866.0
1075,187.340,93.460,187.67,93.34,1045.78,36024.0,8582.0,8582.0
1076,187.340,93.460,187.57,93.15,1045.78,36180.0,9508.0,9508.0
1077,187.340,93.460,187.63,93.37,1045.78,36616.0,10545.0,10545.0
1078,187.340,93.460,187.56,93.42,1045.78,34676.0,8164.0,8164.0
1079,187.340,93.460,187.56,93.42,1045.78,32487.0,6235.0,6235.0
1080,187.340,93.460,187.37,93.3,1045.78,33346.0,7233.0,7233.0
1081,187.340,93.460,187.62,93.37,1045.78,35103.0,9351.0,9351.0
1082,187.340,93.460,187.34,93.17,1045.78,34338.0,8543.0,8543.0
1083,187.340,93.460,187.5,93.46,1045.78,35097.0,8454.0,8454.0
1084,187.340,93.460,187.5,93.26,1045.78,34890.0,8051.0,8051.0
1085,187.340,93.460,187.23,93.56,1045.78,34313.0,8304.0,8304.0
1086,187.340,93.460,187.6,93.43,1045.78,33993.0,7665.0,7665.0
1087,187.340,93.460,187.56,93.39,1045.78,33461.0,7334.0,7334.0
1088,187.340,93.460,187.41,93.09,1045.78,35780.0,9601.0,9601.0
1089,187.340,93.460,187.4,93.13,1045.78,37528.0,10739.0,10739.0
1090,187.340,93.460,187.36,93.42,1045.78,33794.0,8105.0,8105.0
1091,187.340,93.460,187.45,93.25,1045.78,36971.0,9813.0,9813.0
1092,187.340,93.460,187.54,93.25,1045.78,36075.0,10579.0,10579.0
1093,187.340,93.460,187.5,93.46,1045.78,38693.0,11556.0,11556.0
1094,187.340,93.460,187.59,93.39,1045.78,34659.0,8653.0,8653.0
1095,187.340,93.460,187.48,93.44,1045.78,36208.0,9741.0,9741.0
1096,187.340,93.460,187.55,93.55,1045.78,36366.0,10329.0,10329.0
1097,187.340,93.460,187.6,93.45,1045.78,35607.0,8862.0,8862.0
1098,187.340,93.460,187.6,93.31,1045.78,35886.0,8908.0,8908.0
1099,187.340,93.460,187.71,93.51,1045.78,37441.0,11161.0,11161.0
1100,187.340,93.460,187.33,93.31,1045.78,38807.0,11932.0,11932.0
1101,187.340,93.460,187.34,93.33,1045.78,36885.0,10576.0,10576.0
1102,187.340,93.460,187.43,93.47,1045.78,36162.0,9147.0,9147.0
1103,187.340,93.460,187.51,93.31,1045.78,34828.0,8401.0,8401.0
1104,187.340,93.460,187.51,93.29,1045.78,34130.0,7691.0,7691.0
1105,187.340,93.460,187.75,93.33,1045.78,37130.0,10247.0,10247.0
1106,187.340,93.460,187.43,93.47,1045.78,36627.0,10086.0,10086.0
1107,187.340,93.460,187.63,93.37,1045.78,39495.0,12663.0,12663.0
1108,187.340,93.460,187.36,93.4,1045.78,34604.0,9000.0,9000.0
1109,187.340,93.460,187.56,93.42,1045.78,25055.0,482.0,482.0
1110,187.340,93.460,187.56,93.42,1045.78,24395.0,0.0,0.0
1111,187.340,93.460,187.56,93.42,1045.78,27793.0,1999.0,1999.0
1112,187.340,93.460,187.65,93.36,1045.78,35126.0,8770.0,8770.0
1113,187.340,93.460,187.56,93.42,1045.78,31971.0,4588.0,4588.0
1114,187.340,93.460,187.56,93.42,1045.78,34110.0,7428.0,7428.0
1115,187.340,93.460,187.56,93.42,1045.78,32593.0,6014.0,6014.0
1116,187.340,93.460,187.71,93.42,1045.78,36760.0,10781.0,10781.0
1117,187.340,93.460,187.66,93.28,1045.78,38946.0,11809.0,11809.0
1118,187.340,93.460,187.56,93.42,1045.78,34431.0,7253.0,7253.0
1119,187.340,93.460,187.56,93.42,1045.78,32239.0,5496.0,5496.0
1120,187.340,93.460,187.56,93.42,1045.78,33065.0,6795.0,6795.0
1121,187.340,93.460,187.42,93.23,1045.78,37317.0,10265.0,10265.0
1122,187.340,93.460,187.43,93.19,1045.78,36313.0,9281.0,9281.0
1123,187.340,93.460,187.53,93.03,1045.78,35849.0,9865.0,9865.0
1124,187.340,93.460,187.46,93.3,1045.78,37736.0,10862.0,10862.0
1125,187.340,93.460,187.28,93.4,1045.78,37861.0,11420.0,11420.0
1126,187.340,93.460,187.47,93.19,1045.78,36476.0,10544.0,10544.0
1127,187.340,93.460,187.42,93.21,1045.78,35580.0,9695.0,9695.0
1128,187.340,93.460,187.48,93.46,1045.78,38520.0,11562.0,11562.0
1129,187.340,93.460,187.67,93.14,1045.78,33257.0,8698.0,8698.0
1130,187.340,93.460,187.64,93.34,1045.78,37979.0,11752.0,11752.0
1131,187.340,93.460,187.48,93.54,1045.78,37889.0,10681.0,10681.0
1132,187.340,93.460,187.52,93.21,1045.78,37296.0,10185.0,10185.0
1133,187.340,93.460,187.56,93.42,1045.78,33348.0,6753.0,6753.0
1134,187.340,93.460,187.5,93.19,1045.78,35052.0,8896.0,8896.0
1135,187.340,93.460,187.65,93.18,1045.78,36897.0,9934.0,9934.0
1136,187.340,93.460,187.64,93.13,1045.78,36677.0,9990.0,9990.0
1137,187.340,93.460,187.56,93.42,1045.78,32731.0,6816.0,6816.0
1138,187.340,93.460,187.63,93.56,1045.78,33317.0,7684.0,7684.0
1139,187.340,93.460,187.63,93.56,1045.78,34191.0,7161.0,7161.0
1140,187.340,93.460,187.63,93.56,1045.78,33163.0,7504.0,7504.0
1141,187.340,93.460,187.63,93.56,1045.78,32357.0,5988.0,5988.0
1142,187.340,93.460,187.63,93.56,1045.78,32384.0,5804.0,5804.0
1143,187.340,93.460,187.63,93.56,1045.78,31266.0,5845.0,5845.0
1144,187.340,93.460,187.63,93.56,1045.78,33673.0,7347.0,7347.0
1145,187.340,93.460,187.63,93.56,1045.78,36526.0,10314.0,10314.0
1146,187.340,93.460,187.63,93.56,1045.78,36001.0,9975.0,9975.0
1147,187.340,93.460,187.63,93.56,1045.78,37951.0,12341.0,12341.0
1148,187.340,93.460,187.63,93.56,1045.78,35664.0,9210.0,9210.0
1149,187.340,93.460,187.63,93.56,1045.78,34459.0,8010.0,8010.0
1150,187.340,93.460,187.63,93.56,1045.78,38964.0,11726.0,11726.0
1151,187.340,93.460,187.63,93.56,1045.78,36291.0,9993.0,9993.0
1152,187.340,93.460,187.63,93.56,1045.78,38504.0,12104.0,12104.0
1153,187.340,93.460,187.63,93.56,1045.78,37308.0,11033.0,11033.0
1154,187.340,93.460,187.63,93.56,1045.78,37482.0,10432.0,10432.0
1155,187.340,93.460,187.63,93.56,1045.78,39190.0,13062.0,13062.0
1156,187.340,93.460,187.63,93.56,1045.78,41592.0,13146.0,13146.0
1157,187.340,93.460,187.63,93.56,1045.78,34373.0,7610.0,7610.0
1158,187.340,93.460,187.63,93.56,1045.78,36662.0,10576.0,10576.0
1159,187.340,93.460,187.63,93.56,1045.78,35695.0,8972.0,8972.0
1160,187.340,93.460,187.63,93.56,1045.78,37406.0,9196.0,9196.0
1161,187.340,93.460,187.63,93.56,1045.78,36834.0,10083.0,10083.0
1162,187.340,93.460,187.63,93.56,1045.78,39011.0,11785.0,11785.0
1163,187.340,93.460,187.63,93.56,1045.78,35664.0,9002.0,9002.0
1164,187.340,93.460,187.63,93.56,1045.78,35554.0,8102.0,8102.0
1165,187.340,93.460,187.63,93.56,1045.78,38431.0,11368.0,11368.0
1166,187.340,93.460,187.63,93.56,1045.78,37082.0,10406.0,10406.0
1167,187.340,93.460,187.63,93.56,1045.78,38035.0,10581.0,10581.0
1168,187.340,93.460,187.63,93.56,1045.78,37794.0,9825.0,9825.0
1169,187.340,93.460,187.63,93.56,1045.78,36684.0,9137.0,9137.0
1170,187.340,93.460,187.63,93.56,1045.78,38044.0,11398.0,11398.0
1171,187.340,93.460,187.63,93.56,1045.78,36677.0,10915.0,10915.0
1172,187.340,93.460,187.63,93.56,1045.78,37514.0,11023.0,11023.0
1173,187.340,93.460,187.63,93.56,1045.78,35538.0,9438.0,9438.0
1174,187.340,93.460,187.63,93.56,1045.78,38538.0,11980.0,11980.0
1175,187.340,93.460,187.63,93.56,1045.78,38339.0,11357.0,11357.0
1176,187.340,93.460,187.63,93.56,1045.78,42340.0,14197.0,14197.0
1177,187.340,93.460,187.63,93.56,1045.78,37411.0,11111.0,11111.0
1178,187.340,93.460,187.63,93.56,1045.78,34888.0,8490.0,8490.0
1179,187.340,93.460,187.63,93.56,1045.78,36858.0,10464.0,10464.0
1180,187.340,93.460,187.63,93.56,1045.78,38110.0,11535.0,11535.0
1181,187.340,93.460,187.63,93.56,1045.78,40108.0,12564.0,12564.0
1182,187.340,93.460,187.63,93.56,1045.78,38541.0,11686.0,11686.0
1183,187.340,93.460,187.63,93.56,1045.78,40444.0,13375.0,13375.0
1184,187.340,93.460,187.63,93.56,1045.78,35612.0,9468.0,9468.0
1185,187.340,93.460,187.63,93.56,1045.78,37512.0,11407.0,11407.0
1186,187.340,93.460,187.63,93.56,1045.78,36851.0,10574.0,10574.0
1187,187.340,93.460,187.63,93.56,1045.78,40561.0,12987.0,12987.0
1188,187.340,93.460,187.63,93.56,1045.78,40762.0,13213.0,13213.0
1189,187.340,93.460,187.63,93.56,1045.78,37026.0,9953.0,9953.0
1190,187.340,93.460,187.63,93.56,1045.78,37829.0,10994.0,10994.0
1191,187.340,93.460,187.63,93.56,1045.78,38464.0,10418.0,10418.0
1192,187.340,93.460,187.63,93.56,1045.78,36125.0,9715.0,9715.0
1193,187.340,93.460,187.63,93.56,1045.78,36759.0,10039.0,10039.0
1194,187.340,93.460,187.63,93.56,1045.78,38606.0,10949.0,10949.0
1195,187.340,93.460,187.63,93.56,1045.78,36969.0,10710.0,10710.0
1196,187.340,93.460,187.63,93.56,1045.78,37827.0,10556.0,10556.0
1197,187.340,93.460,187.63,93.56,1045.78,34467.0,8665.0,8665.0
1198,187.340,93.460,187.63,93.56,1045.78,36132.0,9004.0,9004.0
1199,187.340,93.460,187.63,93.56,1045.78,37630.0,10081.0,10081.0
1200,187.340,93.460,187.63,93.56,1045.78,39991.0,13819.0,13819.0
1201,187.340,93.460,187.63,93.56,1045.78,36800.0,9896.0,9896.0
1202,187.340,93.460,187.63,93.56,1045.78,39172.0,12701.0,12701.0
1203,187.340,93.460,187.63,93.56,1045.78,37933.0,11312.0,11312.0
1204,187.340,93.460,187.63,93.56,1045.78,39223.0,11791.0,11791.0
1205,187.340,93.460,187.63,93.56,1045.78,38613.0,11381.0,11381.0
1206,187.340,93.460,187.63,93.56,1045.78,38346.0,11348.0,11348.0
1207,187.340,93.460,187.63,93.56,1045.78,38449.0,11642.0,11642.0
1208,187.340,93.460,187.63,93.56,1045.78,40930.0,14149.0,14149.0
1209,187.340,93.460,187.63,93.56,1045.78,38892.0,12223.0,12223.0
1210,187.340,93.460,187.63,93.56,1045.78,37651.0,10688.0,10688.0
1211,187.340,93.460,187.63,93.56,1045.78,38770.0,12439.0,12439.0
1212,187.340,93.460,187.63,93.56,1045.78,37725.0,11713.0,11713.0
1213,187.340,93.460,187.63,93.56,1045.78,36743.0,10817.0,10817.0
1214,187.340,93.460,187.63,93.56,1045.78,37280.0,10603.0,10603.0
1215,187.340,93.460,187.63,93.56,1045.78,37655.0,11110.0,11110.0
1216,187.340,93.460,187.63,93.56,1045.78,37370.0,11313.0,11313.0
1217,187.340,93.460,187.63,93.56,1045.78,35789.0,9783.0,9783.0
1218,187.340,93.460,187.63,93.56,1045.78,32631.0,6824.0,6824.0
1219,187.340,93.460,187.63,93.56,1045.78,35646.0,9689.0,9689.0
1220,187.340,93.460,187.63,93.56,1045.78,37598.0,11037.0,11037.0
1221,187.340,93.460,187.63,93.56,1045.78,36239.0,9125.0,9125.0
1222,187.340,93.460,187.63,93.56,1045.78,39711.0,13381.0,13381.0
1223,187.340,93.460,187.63,93.56,1045.78,36049.0,9856.0,9856.0
1224,187.340,93.460,187.63,93.56,1045.78,36144.0,9603.0,9603.0
1225,187.340,93.460,187.63,93.56,1045.78,36898.0,10298.0,10298.0
1226,187.340,93.460,187.63,93.56,1045.78,36271.0,10509.0,10509.0
1227,187.340,93.460,187.63,93.56,1045.78,38098.0,11195.0,11195.0
1228,187.340,93.460,187.63,93.56,1045.78,37421.0,10647.0,10647.0
1229,187.340,93.460,187.63,93.56,1045.78,35926.0,9693.0,9693.0
1230,187.340,93.460,187.63,93.56,1045.78,35614.0,9594.0,9594.0
1231,187.340,93.460,187.63,93.56,1045.78,35739.0,9127.0,9127.0
1232,187.340,93.460,187.63,93.56,1045.78,37234.0,10627.0,10627.0
1233,187.340,93.460,187.63,93.56,1045.78,37979.0,10835.0,10835.0
1234,187.340,93.460,187.63,93.56,1045.78,33390.0,6821.0,6821.0
1235,187.340,93.460,187.63,93.56,1045.78,34874.0,7638.0,7638.0
1236,187.340,93.460,187.63,93.56,1045.78,34002.0,7885.0,7885.0
1237,187.340,93.460,187.63,93.56,1045.78,32626.0,7472.0,7472.0
1238,187.340,93.460,187.63,93.56,1045.78,32905.0,7681.0,7681.0
1239,187.340,93.460,187.63,93.56,1045.78,31921.0,7577.0,7577.0
1240,187.340,93.460,187.63,93.56,1045.78,30148.0,4879.0,4879.0
1241,187.340,93.460,187.63,93.56,1045.78,32462.0,6459.0,6459.0
1242,187.340,93.460,187.63,93.56,1045.78,32318.0,5408.0,5408.0
1243,187.340,93.460,187.63,93.56,1045.78,32613.0,5982.0,5982.0
1244,187.340,93.460,187.63,93.56,1045.78,32587.0,6738.0,6738.0
1245,187.340,93.460,187.63,93.56,1045.78,31274.0,5854.0,5854.0
1246,187.340,93.460,187.63,93.56,1045.78,28527.0,2813.0,2813.0
1247,187.340,93.460,187.63,93.56,1045.78,27520.0,3263.0,3263.0
1248,187.340,93.460,187.63,93.56,1045.78,31405.0,5859.0,5859.0
1249,187.340,93.460,187.63,93.56,1045.78,30984.0,4693.0,4693.0
1250,187.340,93.460,187.63,93.56,1045.78,32330.0,5947.0,5947.0
1251,187.340,93.460,187.63,93.56,1045.78,32593.0,6118.0,6118.0
1252,187.340,93.460,187.63,93.56,1045.78,33733.0,7120.0,7120.0
1253,187.340,93.460,187.63,93.56,1045.78,34962.0,9304.0,9304.0
1254,187.340,93.460,187.63,93.56,1045.78,32756.0,6830.0,6830.0
1255,187.340,93.460,187.63,93.56,1045.78,32071.0,6828.0,6828.0
1256,187.340,93.460,187.63,93.56,1045.78,34019.0,7771.0,7771.0
1257,187.340,93.460,187.63,93.56,1045.78,33389.0,7229.0,7229.0
1258,187.340,93.460,187.63,93.56,1045.78,32726.0,6307.0,6307.0
1259,187.340,93.460,187.63,93.56,1045.78,31706.0,6181.0,6181.0
1260,187.340,93.460,187.63,93.56,1045.78,37795.0,11278.0,11278.0
1261,187.340,93.460,187.63,93.56,1045.78,39293.0,11861.0,11861.0
1262,187.340,93.460,187.63,93.56,1045.78,37770.0,11019.0,11019.0
1263,187.340,93.460,187.63,93.56,1045.78,36621.0,9225.0,9225.0
1264,187.340,93.460,187.63,93.56,1045.78,41517.0,14342.0,14342.0
1265,187.340,93.460,187.63,93.56,1045.78,36904.0,9962.0,9962.0
1266,187.340,93.460,187.63,93.56,1045.78,40186.0,12665.0,12665.0
1267,187.340,93.460,187.63,93.56,1045.78,39814.0,12446.0,12446.0
1268,187.340,93.460,187.63,93.56,1045.78,42931.0,15089.0,15089.0
1269,187.340,93.460,187.63,93.56,1045.78,40277.0,13378.0,13378.0
1270,187.340,93.460,187.63,93.56,1045.78,38409.0,10564.0,10564.0
1271,187.340,93.460,187.63,93.56,1045.78,40074.0,12955.0,12955.0
1272,187.340,93.460,187.63,93.56,1045.78,37288.0,10533.0,10533.0
1273,187.340,93.460,187.63,93.56,1045.78,39954.0,12874.0,12874.0
1274,187.340,93.460,187.63,93.56,1045.78,39158.0,12433.0,12433.0
1275,187.340,93.460,187.63,93.56,1045.78,37577.0,11279.0,11279.0
1276,187.340,93.460,187.63,93.56,1045.78,38845.0,12597.0,12597.0
1277,187.340,93.460,187.63,93.56,1045.78,39671.0,12579.0,12579.0
1278,187.340,93.460,187.63,93.56,1045.78,41624.0,15170.0,15170.0
1279,187.340,93.460,187.63,93.56,1045.78,38604.0,11543.0,11543.0
1280,187.340,93.460,187.63,93.56,1045.78,40407.0,13107.0,13107.0
1281,187.340,93.460,187.63,93.56,1045.78,37248.0,10952.0,10952.0
1282,187.340,93.460,187.63,93.56,1045.78,36018.0,9372.0,9372.0
1283,187.340,93.460,187.63,93.56,1045.78,36582.0,10173.0,10173.0
1284,187.340,93.460,187.63,93.56,1045.78,37256.0,9970.0,9970.0
1285,187.340,93.460,187.63,93.56,1045.78,39054.0,11289.0,11289.0
1286,187.340,93.460,187.63,93.56,1045.78,38446.0,12007.0,12007.0
1287,187.340,93.460,187.63,93.56,1045.78,37735.0,10994.0,10994.0
1288,187.340,93.460,187.63,93.56,1045.78,36234.0,10288.0,10288.0
1289,187.340,93.460,187.63,93.56,1045.78,39396.0,11699.0,11699.0
1290,187.340,93.460,187.63,93.56,1045.78,39747.0,13695.0,13695.0
1291,187.340,93.460,187.63,93.56,1045.78,38143.0,11228.0,11228.0
1292,187.340,93.460,187.63,93.56,1045.78,36474.0,10164.0,10164.0
1293,187.340,93.460,187.63,93.56,1045.78,35436.0,9081.0,9081.0
1294,187.340,93.460,187.63,93.56,1045.78,40700.0,12871.0,12871.0
1295,187.340,93.460,187.63,93.56,1045.78,41109.0,13124.0,13124.0
1296,187.340,93.460,187.63,93.56,1045.78,37776.0,11070.0,11070.0
1297,187.340,93.460,187.63,93.56,1045.78,40317.0,12725.0,12725.0
1298,187.340,93.460,187.63,93.56,1045.78,43026.0,15390.0,15390.0
1299,187.340,93.460,187.63,93.56,1045.78,39087.0,11803.0,11803.0
1300,187.340,93.460,187.63,93.56,1045.78,40275.0,13483.0,13483.0
1301,187.340,93.460,187.63,93.56,1045.78,43770.0,16059.0,16059.0
1302,187.340,93.460,187.63,93.56,1045.78,39417.0,11459.0,11459.0
1303,187.340,93.460,187.63,93.56,1045.78,40156.0,13008.0,13008.0
1304,187.340,93.460,187.63,93.56,1045.78,41891.0,14069.0,14069.0
1305,187.340,93.460,187.63,93.56,1045.78,42064.0,14589.0,14589.0
1306,187.340,93.460,187.63,93.56,1045.78,33748.0,7956.0,7956.0
1307,187.340,93.460,187.63,93.56,1045.78,35115.0,8696.0,8696.0
1308,187.340,93.460,187.63,93.56,1045.78,35204.0,8822.0,8822.0
1309,187.340,93.460,187.63,93.56,1045.78,38886.0,11942.0,11942.0
1310,187.340,93.460,187.63,93.56,1045.78,35583.0,9824.0,9824.0
1311,187.340,93.460,187.63,93.56,1045.78,39128.0,12391.0,12391.0
1312,187.340,93.460,187.63,93.56,1045.78,42116.0,14334.0,14334.0
1313,187.340,93.460,187.63,93.56,1045.78,39289.0,11971.0,11971.0
1314,187.340,93.460,187.63,93.56,1045.78,42755.0,15328.0,15328.0
1315,187.340,93.460,187.63,93.56,1045.78,44369.0,15894.0,15894.0
1316,187.340,93.460,187.63,93.56,1045.78,38532.0,10410.0,10410.0
1317,187.340,93.460,187.63,93.56,1045.78,40375.0,13917.0,13917.0
1318,187.340,93.460,187.63,93.56,1045.78,40697.0,12493.0,12493.0
1319,187.340,93.460,187.63,93.56,1045.78,36854.0,9352.0,9352.0
1320,187.340,93.460,187.63,93.56,1045.78,39927.0,13722.0,13722.0
1321,187.340,93.460,187.63,93.56,1045.78,39426.0,12767.0,12767.0
1322,187.340,93.460,187.63,93.56,1045.78,39287.0,12400.0,12400.0
1323,187.340,93.460,187.63,93.56,1045.78,37408.0,10738.0,10738.0
1324,187.340,93.460,187.63,93.56,1045.78,35935.0,9770.0,9770.0
1325,187.340,93.460,187.63,93.56,1045.78,38136.0,12388.0,12388.0
1326,187.340,93.460,187.63,93.56,1045.78,38428.0,11669.0,11669.0
1327,187.340,93.460,187.63,93.56,1045.78,38362.0,11251.0,11251.0
1328,187.340,93.460,187.63,93.56,1045.78,36409.0,8947.0,8947.0
1329,187.340,93.460,187.63,93.56,1045.78,36669.0,10075.0,10075.0
1330,187.340,93.460,187.63,93.56,1045.78,33177.0,7460.0,7460.0
1331,187.340,93.460,187.63,93.56,1045.78,38680.0,12308.0,12308.0
1332,187.340,93.460,187.63,93.56,1045.78,34964.0,8752.0,8752.0
1333,187.340,93.460,187.63,93.56,1045.78,37443.0,11240.0,11240.0
1334,187.340,93.460,187.63,93.56,1045.78,38752.0,11722.0,11722.0
1335,187.340,93.460,187.63,93.56,1045.78,37602.0,10872.0,10872.0
1336,187.340,93.460,187.63,93.56,1045.78,37953.0,11805.0,11805.0
1337,187.340,93.460,187.63,93.56,1045.78,40408.0,12995.0,12995.0
1338,187.340,93.460,187.63,93.56,1045.78,39317.0,12209.0,12209.0
