id,avg_x,avg_y,x,y,bg,Square_intensity,circular_intensity,Gaussian_intensity
1,113.430,50.600,113.68,51.25,1247.16,34311.0,1754.0,1754.0
2,113.430,50.600,113.68,51.25,1247.16,32634.0,578.0,578.0
3,113.430,50.600,113.68,51.25,1247.16,33072.0,0.0,0.0
4,113.430,50.600,113.68,51.25,1247.16,29672.0,0.0,0.0
5,113.430,50.600,113.68,51.25,1247.16,30856.0,0.0,0.0
6,113.430,50.600,113.68,51.25,1247.16,31195.0,0.0,0.0
7,113.430,50.600,113.68,51.25,1247.16,31314.0,0.0,0.0
8,113.430,50.600,113.68,51.25,1247.16,32589.0,1118.0,1118.0
9,113.430,50.600,113.68,51.25,1247.16,33638.0,1525.0,1525.0
10,113.430,50.600,113.68,51.25,1247.16,30750.0,0.0,0.0
11,113.430,50.600,113.68,51.25,1247.16,31078.0,221.0,221.0
12,113.430,50.600,113.68,51.25,1247.16,32974.0,1106.0,1106.0
13,113.430,50.600,113.68,51.25,1247.16,30452.0,0.0,0.0
14,113.430,50.600,113.68,51.25,1247.16,31758.0,0.0,0.0
15,113.430,50.600,113.68,51.25,1247.16,33040.0,974.0,974.0
16,113.430,50.600,113.68,51.25,1247.16,31069.0,0.0,0.0
17,113.430,50.600,113.68,51.25,1247.16,34711.0,2938.0,2938.0
18,113.430,50.600,113.68,51.25,1247.16,32608.0,823.0,823.0
19,113.430,50.600,113.68,51.25,1247.16,29873.0,0.0,0.0
20,113.430,50.600,113.68,51.25,1247.16,30612.0,0.0,0.0
21,113.430,50.600,113.68,51.25,1247.16,33637.0,2094.0,2094.0
22,113.430,50.600,113.68,51.25,1247.16,33016.0,2737.0,2737.0
23,113.430,50.600,113.68,51.25,1247.16,32047.0,991.0,991.0
24,113.430,50.600,113.68,51.25,1247.16,34771.0,3574.0,3574.0
25,113.430,50.600,113.68,51.25,1247.16,34024.0,2708.0,2708.0
26,113.430,50.600,113.68,51.25,1247.16,33149.0,1269.0,1269.0
27,113.430,50.600,113.68,51.25,1247.16,33530.0,1717.0,1717.0
28,113.430,50.600,113.68,51.25,1247.16,33357.0,587.0,587.0
29,113.430,50.600,113.68,51.25,1247.16,33529.0,1611.0,1611.0
30,113.430,50.600,113.68,51.25,1247.16,32058.0,1150.0,1150.0
31,113.430,50.600,113.68,51.25,1247.16,33002.0,1005.0,1005.0
32,113.430,50.600,113.68,51.25,1247.16,31463.0,870.0,870.0
33,113.430,50.600,113.68,51.25,1247.16,30819.0,1264.0,1264.0
34,113.430,50.600,113.68,51.25,1247.16,30856.0,773.0,773.0
35,113.430,50.600,113.68,51.25,1247.16,33531.0,2225.0,2225.0
36,113.430,50.600,113.68,51.25,1247.16,33721.0,3063.0,3063.0
37,113.430,50.600,113.68,51.25,1247.16,35890.0,3108.0,3108.0
38,113.430,50.600,113.68,51.25,1247.16,32660.0,1813.0,1813.0
39,113.430,50.600,113.68,51.25,1247.16,31741.0,1820.0,1820.0
40,113.430,50.600,113.68,51.25,1247.16,34018.0,4082.0,4082.0
41,113.430,50.600,113.68,51.25,1247.16,35309.0,4455.0,4455.0
42,113.430,50.600,113.68,51.25,1247.16,35369.0,5576.0,5576.0
43,113.430,50.600,113.68,51.25,1247.16,35556.0,5022.0,5022.0
44,113.430,50.600,113.68,51.25,1247.16,32307.0,3538.0,3538.0
45,113.430,50.600,113.68,51.25,1247.16,34725.0,4082.0,4082.0
46,113.430,50.600,113.68,51.25,1247.16,34849.0,4913.0,4913.0
47,113.430,50.600,113.68,51.25,1247.16,36141.0,5085.0,5085.0
48,113.430,50.600,113.68,51.25,1247.16,33537.0,1856.0,1856.0
49,113.430,50.600,113.68,51.25,1247.16,32726.0,2294.0,2294.0
50,113.430,50.600,113.68,51.25,1247.16,31204.0,1389.0,1389.0
51,113.430,50.600,113.68,51.25,1247.16,32893.0,2396.0,2396.0
52,113.430,50.600,113.68,51.25,1247.16,32944.0,2070.0,2070.0
53,113.430,50.600,113.68,51.25,1247.16,32608.0,2682.0,2682.0
54,113.430,50.600,113.68,51.25,1247.16,33962.0,3451.0,3451.0
55,113.430,50.600,113.68,51.25,1247.16,32421.0,2702.0,2702.0
56,113.430,50.600,113.68,51.25,1247.16,34334.0,3179.0,3179.0
57,113.430,50.600,113.68,51.25,1247.16,33642.0,4615.0,4615.0
58,113.430,50.600,113.68,51.25,1247.16,34707.0,5289.0,5289.0
59,113.430,50.600,113.68,51.25,1247.16,32625.0,3651.0,3651.0
60,113.430,50.600,113.68,51.25,1247.16,35396.0,5266.0,5266.0
61,113.430,50.600,113.68,51.25,1247.16,33744.0,3946.0,3946.0
62,113.430,50.600,113.68,51.25,1247.16,36145.0,5865.0,5865.0
63,113.430,50.600,113.68,51.25,1247.16,35230.0,5323.0,5323.0
64,113.430,50.600,113.68,51.25,1247.16,35822.0,4989.0,4989.0
65,113.430,50.600,113.68,51.25,1247.16,37103.0,6959.0,6959.0
66,113.430,50.600,113.45,51.09,1247.16,38538.0,8753.0,8753.0
67,113.430,50.600,113.21,50.98,1247.16,41109.0,9431.0,9431.0
68,113.430,50.600,113.58,51.38,1247.16,39472.0,8764.0,8764.0
69,113.430,50.600,113.25,50.89,1247.16,39136.0,8852.0,8852.0
70,113.430,50.600,113.34,50.86,1247.16,44707.0,12737.0,12737.0
71,113.430,50.600,113.56,51.09,1247.16,46230.0,14644.0,14644.0
72,113.430,50.600,113.5,50.98,1247.16,44920.0,12996.0,12996.0
73,113.430,50.600,113.3,51.11,1247.16,40904.0,8994.0,8994.0
74,113.430,50.600,113.51,51.3,1247.16,38395.0,7717.0,7717.0
75,113.430,50.600,113.55,51.3,1247.16,37966.0,7756.0,7756.0
76,113.430,50.600,113.15,50.99,1247.16,40257.0,8987.0,8987.0
77,113.430,50.600,113.55,50.91,1247.16,39214.0,8491.0,8491.0
78,113.430,50.600,113.69,51.04,1247.16,36201.0,7569.0,7569.0
79,113.430,50.600,113.57,51.43,1247.16,36428.0,7024.0,7024.0
80,113.430,50.600,113.54,51.01,1247.16,38389.0,7797.0,7797.0
81,113.430,50.600,113.51,50.86,1247.16,38732.0,9150.0,9150.0
82,113.430,50.600,113.51,50.72,1247.16,38257.0,8631.0,8631.0
83,113.430,50.600,113.65,51.17,1247.16,39051.0,9131.0,9131.0
84,113.430,50.600,113.67,51.42,1247.16,38656.0,8591.0,8591.0
85,113.430,50.600,113.24,50.94,1247.16,42791.0,11363.0,11363.0
86,113.430,50.600,113.29,50.95,1247.16,45217.0,13539.0,13539.0
87,113.430,50.600,113.56,50.97,1247.16,45087.0,12805.0,12805.0
88,113.430,50.600,113.2,50.97,1247.16,43132.0,11502.0,11502.0
89,113.430,50.600,113.46,50.99,1247.16,45707.0,13806.0,13806.0
90,113.430,50.600,113.57,51.38,1247.16,39080.0,9131.0,9131.0
91,113.430,50.600,113.52,51.23,1247.16,38107.0,7727.0,7727.0
92,113.430,50.600,113.35,50.9,1247.16,38966.0,8191.0,8191.0
93,113.430,50.600,113.17,50.85,1247.16,41645.0,9401.0,9401.0
94,113.430,50.600,113.66,51.18,1247.16,42364.0,10574.0,10574.0
95,113.430,50.600,113.44,51.01,1247.16,38273.0,8522.0,8522.0
96,113.430,50.600,113.68,51.25,1247.16,36882.0,6984.0,6984.0
97,113.430,50.600,113.37,50.56,1247.16,36999.0,5865.0,5865.0
98,113.430,50.600,113.51,51.02,1247.16,47506.0,16705.0,16705.0
99,113.430,50.600,113.21,51.07,1247.16,46003.0,13927.0,13927.0
100,113.430,50.600,113.43,51.11,1247.16,38904.0,8252.0,8252.0
101,113.430,50.600,113.51,50.95,1247.16,42419.0,10743.0,10743.0
102,113.430,50.600,113.4,51.13,1247.16,44643.0,13927.0,13927.0
103,113.430,50.600,113.49,50.94,1247.16,46453.0,16533.0,16533.0
104,113.430,50.600,113.34,51.14,1247.16,42522.0,12074.0,12074.0
105,113.430,50.600,113.39,50.95,1247.16,42208.0,11553.0,11553.0
106,113.430,50.600,113.36,50.82,1247.16,40051.0,10305.0,10305.0
107,113.430,50.600,113.53,51.09,1247.16,44669.0,13057.0,13057.0
108,113.430,50.600,113.56,51.02,1247.16,44683.0,12841.0,12841.0
109,113.430,50.600,113.31,50.84,1247.16,38748.0,9136.0,9136.0
110,113.430,50.600,113.31,50.82,1247.16,40931.0,10822.0,10822.0
111,113.430,50.600,113.44,51.01,1247.16,40171.0,10772.0,10772.0
112,113.430,50.600,113.25,50.9,1247.16,42133.0,11587.0,11587.0
113,113.430,50.600,113.27,50.93,1247.16,42715.0,11705.0,11705.0
114,113.430,50.600,113.51,51,1247.16,47909.0,16051.0,16051.0
115,113.430,50.600,113.49,51.05,1247.16,40597.0,11249.0,11249.0
116,113.430,50.600,113.35,51.05,1247.16,47080.0,15218.0,15218.0
117,113.430,50.600,113.55,51.08,1247.16,42943.0,12355.0,12355.0
118,113.430,50.600,113.54,50.98,1247.16,45140.0,13598.0,13598.0
119,113.430,50.600,113.33,50.95,1247.16,39368.0,8384.0,8384.0
120,113.430,50.600,113.54,50.96,1247.16,40284.0,10487.0,10487.0
121,113.430,50.600,113.46,50.98,1247.16,38878.0,9558.0,9558.0
122,113.430,50.600,113.48,51.06,1247.16,45089.0,15088.0,15088.0
123,113.430,50.600,113.35,51.08,1247.16,38023.0,8858.0,8858.0
124,113.430,50.600,113.59,51.01,1247.16,38239.0,9797.0,9797.0
125,113.430,50.600,113.48,51.05,1247.16,43904.0,13859.0,13859.0
126,113.430,50.600,113.62,51.15,1247.16,42856.0,12548.0,12548.0
127,113.430,50.600,113.25,51.02,1247.16,45786.0,14737.0,14737.0
128,113.430,50.600,113.25,51.02,1247.16,46208.0,15290.0,15290.0
129,113.430,50.600,113.27,50.99,1247.16,44615.0,12387.0,12387.0
130,113.430,50.600,113.26,50.88,1247.16,42301.0,12125.0,12125.0
131,113.430,50.600,113.4,51.02,1247.16,44005.0,13609.0,13609.0
132,113.430,50.600,113.34,51.17,1247.16,47118.0,16850.0,16850.0
133,113.430,50.600,113.42,50.78,1247.16,42810.0,12127.0,12127.0
134,113.430,50.600,113.36,51.1,1247.16,42476.0,12404.0,12404.0
135,113.430,50.600,113.39,50.93,1247.16,40136.0,11091.0,11091.0
136,113.430,50.600,113.29,51.11,1247.16,42999.0,12745.0,12745.0
137,113.430,50.600,113.4,50.91,1247.16,43339.0,13015.0,13015.0
138,113.430,50.600,113.3,50.92,1247.16,42815.0,12000.0,12000.0
139,113.430,50.600,113.31,51.05,1247.16,38787.0,9024.0,9024.0
140,113.430,50.600,113.41,50.98,1247.16,45464.0,13923.0,13923.0
141,113.430,50.600,113.31,50.93,1247.16,52812.0,20384.0,20384.0
142,113.430,50.600,113.4,50.92,1247.16,51876.0,18033.0,18033.0
143,113.430,50.600,113.44,50.98,1247.16,50206.0,17992.0,17992.0
144,113.430,50.600,113.43,50.94,1247.16,47861.0,14370.0,14370.0
145,113.430,50.600,113.5,51.12,1247.16,43952.0,12709.0,12709.0
146,113.430,50.600,113.5,51.04,1247.16,46961.0,14671.0,14671.0
147,113.430,50.600,113.35,50.91,1247.16,56237.0,21510.0,21510.0
148,113.430,50.600,113.45,51.09,1247.16,53594.0,21140.0,21140.0
149,113.430,50.600,113.36,50.93,1247.16,52415.0,18263.0,18263.0
150,113.430,50.600,113.44,51.09,1247.16,54040.0,21720.0,21720.0
151,113.430,50.600,113.37,50.84,1247.16,51894.0,18119.0,18119.0
152,113.430,50.600,113.45,50.92,1247.16,50644.0,16711.0,16711.0
153,113.430,50.600,113.55,50.88,1247.16,50209.0,16933.0,16933.0
154,113.430,50.600,113.49,51.03,1247.16,56163.0,24247.0,24247.0
155,113.430,50.600,113.46,51.01,1247.16,48962.0,16211.0,16211.0
156,113.430,50.600,113.41,51.25,1247.16,50236.0,17536.0,17536.0
157,113.430,50.600,113.54,50.94,1247.16,49567.0,17427.0,17427.0
158,113.430,50.600,113.41,50.89,1247.16,50581.0,17048.0,17048.0
159,113.430,50.600,113.32,50.99,1247.16,42129.0,9121.0,9121.0
160,113.430,50.600,113.48,50.81,1247.16,44317.0,11730.0,11730.0
161,113.430,50.600,113.39,51.06,1247.16,45636.0,13397.0,13397.0
162,113.430,50.600,113.47,50.97,1247.16,54792.0,21995.0,21995.0
163,113.430,50.600,113.39,51.1,1247.16,44516.0,12362.0,12362.0
164,113.430,50.600,113.21,50.92,1247.16,44652.0,10814.0,10814.0
165,113.430,50.600,113.52,51,1247.16,46060.0,13699.0,13699.0
166,113.430,50.600,113.38,51.06,1247.16,43474.0,10716.0,10716.0
167,113.430,50.600,113.36,50.91,1247.16,46579.0,12972.0,12972.0
168,113.430,50.600,113.43,51.05,1247.16,52809.0,20253.0,20253.0
169,113.430,50.600,113.61,50.89,1247.16,43900.0,10957.0,10957.0
170,113.430,50.600,113.44,50.85,1247.16,43506.0,10718.0,10718.0
171,113.430,50.600,113.23,50.9,1247.16,47982.0,14686.0,14686.0
172,113.430,50.600,113.54,50.76,1247.16,49141.0,17568.0,17568.0
173,113.430,50.600,113.38,51,1247.16,54445.0,19901.0,19901.0
174,113.430,50.600,113.29,50.84,1247.16,53319.0,19439.0,19439.0
175,113.430,50.600,113.43,50.98,1247.16,59534.0,25834.0,25834.0
176,113.430,50.600,113.23,50.91,1247.16,51461.0,17406.0,17406.0
177,113.430,50.600,113.49,50.77,1247.16,50216.0,17097.0,17097.0
178,113.430,50.600,113.32,50.92,1247.16,58192.0,23626.0,23626.0
179,113.430,50.600,113.37,50.86,1247.16,52436.0,18995.0,18995.0
180,113.430,50.600,113.36,50.96,1247.16,49302.0,15691.0,15691.0
181,113.430,50.600,113.44,50.8,1247.16,47936.0,14644.0,14644.0
182,113.430,50.600,113.57,51,1247.16,43429.0,11348.0,11348.0
183,113.430,50.600,113.44,50.82,1247.16,44868.0,12623.0,12623.0
184,113.430,50.600,113.27,51.01,1247.16,52977.0,18360.0,18360.0
185,113.430,50.600,113.26,51.06,1247.16,43003.0,10652.0,10652.0
186,113.430,50.600,113.68,50.93,1247.16,43802.0,11118.0,11118.0
187,113.430,50.600,113.32,50.96,1247.16,48260.0,14677.0,14677.0
188,113.430,50.600,113.39,50.83,1247.16,43184.0,10514.0,10514.0
189,113.430,50.600,113.42,50.96,1247.16,44228.0,12437.0,12437.0
190,113.430,50.600,113.4,50.73,1247.16,51418.0,18871.0,18871.0
191,113.430,50.600,113.34,51.02,1247.16,36274.0,4312.0,4312.0
192,113.430,50.600,113.18,51.37,1247.16,36674.0,4904.0,4904.0
193,113.430,50.600,113.25,50.92,1247.16,37427.0,5358.0,5358.0
194,113.430,50.600,113.39,51.05,1247.16,38341.0,6668.0,6668.0
195,113.430,50.600,113.13,50.47,1247.16,37389.0,5879.0,5879.0
196,113.430,50.600,113.43,50.81,1247.16,41893.0,9869.0,9869.0
197,113.430,50.600,113.21,50.9,1247.16,46472.0,13516.0,13516.0
198,113.430,50.600,113.59,50.77,1247.16,42155.0,10435.0,10435.0
199,113.430,50.600,113.25,50.91,1247.16,47586.0,16996.0,16996.0
200,113.430,50.600,113.36,50.85,1247.16,45483.0,15058.0,15058.0
201,113.430,50.600,113.41,50.78,1247.16,44398.0,14749.0,14749.0
202,113.430,50.600,113.67,50.71,1247.16,50026.0,19835.0,19835.0
203,113.430,50.600,113.26,50.88,1247.16,45884.0,15250.0,15250.0
204,113.430,50.600,113.36,51.18,1247.16,40992.0,12181.0,12181.0
205,113.430,50.600,113.5,51.2,1247.16,45773.0,15790.0,15790.0
206,113.430,50.600,113.31,50.79,1247.16,43774.0,14520.0,14520.0
207,113.430,50.600,113.52,51.06,1247.16,45361.0,15340.0,15340.0
208,113.430,50.600,113.37,50.98,1247.16,45111.0,15191.0,15191.0
209,113.430,50.600,113.17,50.81,1247.16,46502.0,17451.0,17451.0
210,113.430,50.600,113.19,50.98,1247.16,45177.0,14124.0,14124.0
211,113.430,50.600,113.26,50.96,1247.16,47021.0,16988.0,16988.0
212,113.430,50.600,113.4,51.12,1247.16,42704.0,13171.0,13171.0
213,113.430,50.600,113.19,50.99,1247.16,49705.0,17476.0,17476.0
214,113.430,50.600,113.42,51.04,1247.16,48533.0,16650.0,16650.0
215,113.430,50.600,113.34,50.62,1247.16,41417.0,12696.0,12696.0
216,113.430,50.600,113.32,50.79,1247.16,44467.0,14830.0,14830.0
217,113.430,50.600,113.21,50.9,1247.16,46063.0,16047.0,16047.0
218,113.430,50.600,113.28,50.93,1247.16,51764.0,20623.0,20623.0
219,113.430,50.600,113.42,50.96,1247.16,47305.0,16023.0,16023.0
220,113.430,50.600,113.34,50.92,1247.16,50122.0,18865.0,18865.0
221,113.430,50.600,113.36,50.87,1247.16,50717.0,20579.0,20579.0
222,113.430,50.600,113.34,50.79,1247.16,45876.0,15552.0,15552.0
223,113.430,50.600,113.45,51.07,1247.16,50358.0,19942.0,19942.0
224,113.430,50.600,113.21,50.91,1247.16,47198.0,17641.0,17641.0
225,113.430,50.600,113.33,50.84,1247.16,46960.0,16456.0,16456.0
226,113.430,50.600,113.33,50.96,1247.16,42862.0,13960.0,13960.0
227,113.430,50.600,113.27,50.61,1247.16,55075.0,23639.0,23639.0
228,113.430,50.600,113.29,50.92,1247.16,46096.0,15190.0,15190.0
229,113.430,50.600,113.34,50.77,1247.16,44634.0,13763.0,13763.0
230,113.430,50.600,113.35,51.09,1247.16,47678.0,16850.0,16850.0
231,113.430,50.600,113.49,50.8,1247.16,49649.0,19048.0,19048.0
232,113.430,50.600,113.55,51.18,1247.16,42285.0,13287.0,13287.0
233,113.430,50.600,113.23,50.91,1247.16,41308.0,12024.0,12024.0
234,113.430,50.600,113.31,50.9,1247.16,40754.0,11400.0,11400.0
235,113.430,50.600,113.47,51.03,1247.16,37440.0,8632.0,8632.0
236,113.430,50.600,113.34,50.92,1247.16,42509.0,12901.0,12901.0
237,113.430,50.600,113.41,50.84,1247.16,40165.0,12266.0,12266.0
238,113.430,50.600,113.35,50.73,1247.16,38295.0,8898.0,8898.0
239,113.430,50.600,113.27,50.9,1247.16,42552.0,13225.0,13225.0
240,113.430,50.600,113.22,50.87,1247.16,44668.0,13400.0,13400.0
241,113.430,50.600,113.28,50.93,1247.16,45897.0,15403.0,15403.0
242,113.430,50.600,113.32,50.91,1247.16,44460.0,14770.0,14770.0
243,113.430,50.600,113.51,50.67,1247.16,44847.0,14735.0,14735.0
244,113.430,50.600,113.25,50.97,1247.16,49151.0,18032.0,18032.0
245,113.430,50.600,113.51,50.93,1247.16,46645.0,16765.0,16765.0
246,113.430,50.600,113.37,50.78,1247.16,48482.0,17776.0,17776.0
247,113.430,50.600,113.27,50.88,1247.16,51869.0,19988.0,19988.0
248,113.430,50.600,113.31,50.96,1247.16,46110.0,15037.0,15037.0
249,113.430,50.600,113.26,50.93,1247.16,49562.0,19061.0,19061.0
250,113.430,50.600,113.22,50.9,1247.16,48068.0,16466.0,16466.0
251,113.430,50.600,113.44,50.92,1247.16,42957.0,13358.0,13358.0
252,113.430,50.600,113.47,50.92,1247.16,45641.0,15716.0,15716.0
253,113.430,50.600,113.22,50.83,1247.16,51158.0,19997.0,19997.0
254,113.430,50.600,113.36,50.88,1247.16,53514.0,21947.0,21947.0
255,113.430,50.600,113.01,51.02,1247.16,49309.0,18975.0,18975.0
256,113.430,50.600,113.31,50.53,1247.16,40522.0,10708.0,10708.0
257,113.430,50.600,113.26,50.93,1247.16,52063.0,20230.0,20230.0
258,113.430,50.600,113.21,50.91,1247.16,47678.0,17743.0,17743.0
259,113.430,50.600,113.44,51.04,1247.16,47967.0,17579.0,17579.0
260,113.430,50.600,113.28,51.02,1247.16,47406.0,15581.0,15581.0
261,113.430,50.600,113.21,50.87,1247.16,44289.0,14315.0,14315.0
262,113.430,50.600,113.27,50.88,1247.16,44599.0,13875.0,13875.0
263,113.430,50.600,113.32,50.81,1247.16,45099.0,15368.0,15368.0
264,113.430,50.600,113.1,50.89,1247.16,47795.0,16698.0,16698.0
265,113.430,50.600,113.4,50.94,1247.16,47101.0,16475.0,16475.0
266,113.430,50.600,113.4,50.9,1247.16,44884.0,15765.0,15765.0
267,113.430,50.600,113.45,50.83,1247.16,50480.0,18484.0,18484.0
268,113.430,50.600,113.22,50.94,1247.16,42767.0,13010.0,13010.0
269,113.430,50.600,113.24,50.97,1247.16,48093.0,17539.0,17539.0
270,113.430,50.600,113.46,50.92,1247.16,48694.0,17663.0,17663.0
271,113.430,50.600,113.33,50.71,1247.16,47910.0,17483.0,17483.0
272,113.430,50.600,113.21,50.83,1247.16,47442.0,16997.0,16997.0
273,113.430,50.600,113.3,50.83,1247.16,53126.0,21362.0,21362.0
274,113.430,50.600,113.23,50.91,1247.16,52261.0,21034.0,21034.0
275,113.430,50.600,113.32,50.95,1247.16,43232.0,12897.0,12897.0
276,113.430,50.600,113.38,50.81,1247.16,43583.0,13190.0,13190.0
277,113.430,50.600,113.1,50.89,1247.16,52485.0,20965.0,20965.0
278,113.430,50.600,113.3,50.88,1247.16,54461.0,22660.0,22660.0
279,113.430,50.600,113.27,50.91,1247.16,49295.0,18054.0,18054.0
280,113.430,50.600,113.29,50.85,1247.16,47878.0,17478.0,17478.0
281,113.430,50.600,113.45,50.83,1247.16,50562.0,20733.0,20733.0
282,113.430,50.600,113.31,50.6,1247.16,50911.0,19848.0,19848.0
283,113.430,50.600,113.37,50.69,1247.16,54328.0,23944.0,23944.0
284,113.430,50.600,113.36,50.9,1247.16,51050.0,18904.0,18904.0
285,113.430,50.600,113.27,50.79,1247.16,46157.0,15879.0,15879.0
286,113.430,50.600,113.35,50.84,1247.16,50808.0,20348.0,20348.0
287,113.430,50.600,113.19,50.87,1247.16,51713.0,20398.0,20398.0
288,113.430,50.600,113.3,50.9,1247.16,49914.0,20048.0,20048.0
289,113.430,50.600,113.52,50.92,1247.16,47487.0,16428.0,16428.0
290,113.430,50.600,113.4,51,1247.16,47701.0,16690.0,16690.0
291,113.430,50.600,113.18,50.82,1247.16,48184.0,17351.0,17351.0
292,113.430,50.600,113.29,50.98,1247.16,49735.0,17367.0,17367.0
293,113.430,50.600,113.23,50.83,1247.16,53034.0,21775.0,21775.0
294,113.430,50.600,113.25,50.88,1247.16,52706.0,20612.0,20612.0
295,113.430,50.600,113.25,50.95,1247.16,43226.0,13025.0,13025.0
296,113.430,50.600,113.28,50.93,1247.16,52273.0,21780.0,21780.0
297,113.430,50.600,113.29,50.94,1247.16,50398.0,18422.0,18422.0
298,113.430,50.600,113.18,50.88,1247.16,52818.0,21241.0,21241.0
299,113.430,50.600,113.33,50.77,1247.16,47594.0,16987.0,16987.0
300,113.430,50.600,113.41,50.67,1247.16,51250.0,20790.0,20790.0
301,113.430,50.600,113.3,50.82,1247.16,45858.0,15403.0,15403.0
302,113.430,50.600,113.43,50.73,1247.16,47268.0,16515.0,16515.0
303,113.430,50.600,113.42,50.76,1247.16,49543.0,19254.0,19254.0
304,113.430,50.600,113.38,50.81,1247.16,47353.0,17093.0,17093.0
305,113.430,50.600,113.52,50.88,1247.16,51230.0,21027.0,21027.0
306,113.430,50.600,113.36,50.91,1247.16,54768.0,22983.0,22983.0
307,113.430,50.600,113.36,50.67,1247.16,44258.0,14738.0,14738.0
308,113.430,50.600,113.25,50.93,1247.16,55009.0,23645.0,23645.0
309,113.430,50.600,113.47,50.84,1247.16,46435.0,16914.0,16914.0
310,113.430,50.600,113.38,50.8,1247.16,56664.0,25769.0,25769.0
311,113.430,50.600,113.32,50.85,1247.16,55195.0,24666.0,24666.0
312,113.430,50.600,113.44,50.69,1247.16,44780.0,15087.0,15087.0
313,113.430,50.600,113.21,50.87,1247.16,50052.0,19748.0,19748.0
314,113.430,50.600,113.14,50.88,1247.16,46924.0,16406.0,16406.0
315,113.430,50.600,113.23,50.67,1247.16,43561.0,14942.0,14942.0
316,113.430,50.600,113.31,50.76,1247.16,49233.0,18835.0,18835.0
317,113.430,50.600,113.33,50.91,1247.16,48099.0,16893.0,16893.0
318,113.430,50.600,113.35,50.65,1247.16,49548.0,19076.0,19076.0
319,113.430,50.600,113.24,50.75,1247.16,46209.0,15723.0,15723.0
320,113.430,50.600,113.2,50.88,1247.16,43761.0,13250.0,13250.0
321,113.430,50.600,113.55,50.86,1247.16,45280.0,15041.0,15041.0
322,113.430,50.600,113.22,50.85,1247.16,46345.0,16057.0,16057.0
323,113.430,50.600,113.27,50.97,1247.16,48903.0,18108.0,18108.0
324,113.430,50.600,113.27,50.78,1247.16,50953.0,21316.0,21316.0
325,113.430,50.600,113.44,50.9,1247.16,50096.0,19621.0,19621.0
326,113.430,50.600,113.35,51.01,1247.16,52400.0,21030.0,21030.0
327,113.430,50.600,113.3,50.77,1247.16,49667.0,18996.0,18996.0
328,113.430,50.600,113.41,50.84,1247.16,52222.0,20419.0,20419.0
329,113.430,50.600,113.25,51,1247.16,48051.0,17088.0,17088.0
330,113.430,50.600,113.2,50.83,1247.16,46194.0,16982.0,16982.0
331,113.430,50.600,113.33,50.9,1247.16,46209.0,16446.0,16446.0
332,113.430,50.600,113.25,50.96,1247.16,42500.0,14362.0,14362.0
333,113.430,50.600,113.41,50.72,1247.16,44500.0,14488.0,14488.0
334,113.430,50.600,113.26,50.9,1247.16,50844.0,20916.0,20916.0
335,113.430,50.600,113.42,50.68,1247.16,47765.0,17674.0,17674.0
336,113.430,50.600,113.28,50.87,1247.16,47982.0,17649.0,17649.0
337,113.430,50.600,113.2,50.95,1247.16,43308.0,13486.0,13486.0
338,113.430,50.600,113.21,50.88,1247.16,42295.0,13370.0,13370.0
339,113.430,50.600,113.44,50.74,1247.16,44938.0,14953.0,14953.0
340,113.430,50.600,113.36,50.87,1247.16,43052.0,13265.0,13265.0
341,113.430,50.600,113.24,50.87,1247.16,46187.0,16647.0,16647.0
342,113.430,50.600,113.31,50.75,1247.16,41225.0,12360.0,12360.0
343,113.430,50.600,113.32,50.89,1247.16,48674.0,19230.0,19230.0
344,113.430,50.600,113.35,50.81,1247.16,43307.0,14180.0,14180.0
345,113.430,50.600,113.59,50.75,1247.16,49032.0,17858.0,17858.0
346,113.430,50.600,113.4,50.91,1247.16,50098.0,20124.0,20124.0
347,113.430,50.600,113.25,50.73,1247.16,41182.0,12860.0,12860.0
348,113.430,50.600,113.59,50.79,1247.16,47537.0,17897.0,17897.0
349,113.430,50.600,113.29,50.95,1247.16,41703.0,12947.0,12947.0
350,113.430,50.600,113.22,50.92,1247.16,46962.0,17985.0,17985.0
351,113.430,50.600,113.43,50.91,1247.16,49778.0,19096.0,19096.0
352,113.430,50.600,113.29,50.81,1247.16,49288.0,18449.0,18449.0
353,113.430,50.600,113.26,50.7,1247.16,48973.0,19116.0,19116.0
354,113.430,50.600,113.44,50.72,1247.16,54329.0,23184.0,23184.0
355,113.430,50.600,113.17,50.92,1247.16,47457.0,16158.0,16158.0
356,113.430,50.600,113.26,51,1247.16,46603.0,15818.0,15818.0
357,113.430,50.600,113.35,50.93,1247.16,47466.0,16372.0,16372.0
358,113.430,50.600,113.35,50.89,1247.16,49457.0,19402.0,19402.0
359,113.430,50.600,113.31,50.92,1247.16,51334.0,19999.0,19999.0
360,113.430,50.600,113.27,50.89,1247.16,49339.0,20286.0,20286.0
361,113.430,50.600,113.37,50.68,1247.16,39748.0,10835.0,10835.0
362,113.430,50.600,113.35,50.74,1247.16,41701.0,13426.0,13426.0
363,113.430,50.600,113.38,50.7,1247.16,37117.0,9185.0,9185.0
364,113.430,50.600,113.56,50.7,1247.16,41735.0,13375.0,13375.0
365,113.430,50.600,113.42,50.6,1247.16,44475.0,15528.0,15528.0
366,113.430,50.600,113.3,50.86,1247.16,44532.0,15402.0,15402.0
367,113.430,50.600,113.33,50.78,1247.16,42970.0,13219.0,13219.0
368,113.430,50.600,113.38,51.03,1247.16,43910.0,13975.0,13975.0
369,113.430,50.600,113.34,50.85,1247.16,46031.0,16613.0,16613.0
370,113.430,50.600,113.19,50.85,1247.16,49892.0,19702.0,19702.0
371,113.430,50.600,113.29,50.88,1247.16,51668.0,21116.0,21116.0
372,113.430,50.600,113.19,50.8,1247.16,49544.0,20097.0,20097.0
373,113.430,50.600,113.43,50.86,1247.16,47983.0,17944.0,17944.0
374,113.430,50.600,113.26,50.76,1247.16,53276.0,23036.0,23036.0
375,113.430,50.600,113.38,50.89,1247.16,50831.0,19582.0,19582.0
376,113.430,50.600,113.31,50.91,1247.16,46228.0,15756.0,15756.0
377,113.430,50.600,113.23,50.87,1247.16,53309.0,21717.0,21717.0
378,113.430,50.600,113.33,50.84,1247.16,56739.0,25395.0,25395.0
379,113.430,50.600,113.2,50.85,1247.16,50072.0,19406.0,19406.0
380,113.430,50.600,113.31,50.82,1247.16,50050.0,19111.0,19111.0
381,113.430,50.600,113.11,50.83,1247.16,54117.0,22663.0,22663.0
382,113.430,50.600,113.19,50.81,1247.16,51622.0,20696.0,20696.0
383,113.430,50.600,113.13,50.8,1247.16,50843.0,20014.0,20014.0
384,113.430,50.600,113.23,50.89,1247.16,43801.0,14136.0,14136.0
385,113.430,50.600,113.27,50.81,1247.16,51037.0,20230.0,20230.0
386,113.430,50.600,113.19,50.92,1247.16,50725.0,20957.0,20957.0
387,113.430,50.600,113.2,50.84,1247.16,48891.0,19667.0,19667.0
388,113.430,50.600,113.21,50.87,1247.16,48908.0,19338.0,19338.0
389,113.430,50.600,113.23,50.87,1247.16,53272.0,22418.0,22418.0
390,113.430,50.600,113.47,50.75,1247.16,61501.0,28531.0,28531.0
391,113.430,50.600,113.5,50.76,1247.16,53288.0,22799.0,22799.0
392,113.430,50.600,113.34,50.87,1247.16,55476.0,24247.0,24247.0
393,113.430,50.600,113.29,50.87,1247.16,57061.0,25227.0,25227.0
394,113.430,50.600,113.28,50.75,1247.16,52808.0,21330.0,21330.0
395,113.430,50.600,113.46,50.59,1247.16,56616.0,25472.0,25472.0
396,113.430,50.600,113.43,50.88,1247.16,49570.0,19214.0,19214.0
397,113.430,50.600,113.31,50.92,1247.16,55234.0,23776.0,23776.0
398,113.430,50.600,113.22,50.88,1247.16,58016.0,26553.0,26553.0
399,113.430,50.600,113.22,50.8,1247.16,54557.0,23490.0,23490.0
400,113.430,50.600,113.28,50.83,1247.16,53030.0,23201.0,23201.0
401,113.430,50.600,113.07,50.8,1247.16,51587.0,20934.0,20934.0
402,113.430,50.600,113.23,50.82,1247.16,50619.0,20371.0,20371.0
403,113.430,50.600,113.38,50.66,1247.16,56474.0,25393.0,25393.0
404,113.430,50.600,113.19,50.83,1247.16,51866.0,21594.0,21594.0
405,113.430,50.600,113.34,50.83,1247.16,50560.0,21121.0,21121.0
406,113.430,50.600,113.23,50.76,1247.16,49255.0,19188.0,19188.0
407,113.430,50.600,113.4,50.52,1247.16,50448.0,20046.0,20046.0
408,113.430,50.600,113.21,50.83,1247.16,44493.0,14724.0,14724.0
409,113.430,50.600,113.37,50.81,1247.16,44018.0,14847.0,14847.0
410,113.430,50.600,113.35,50.81,1247.16,44308.0,14106.0,14106.0
411,113.430,50.600,113.27,50.74,1247.16,51740.0,21607.0,21607.0
412,113.430,50.600,113.23,50.88,1247.16,58630.0,27456.0,27456.0
413,113.430,50.600,113.36,50.76,1247.16,59048.0,28020.0,28020.0
414,113.430,50.600,113.26,50.82,1247.16,50321.0,19997.0,19997.0
415,113.430,50.600,113.52,50.81,1247.16,42638.0,13943.0,13943.0
416,113.430,50.600,113.16,50.62,1247.16,45779.0,16069.0,16069.0
417,113.430,50.600,113.31,50.74,1247.16,47260.0,17015.0,17015.0
418,113.430,50.600,113.34,50.92,1247.16,46203.0,15792.0,15792.0
419,113.430,50.600,113.23,50.8,1247.16,48083.0,18005.0,18005.0
420,113.430,50.600,113.41,50.84,1247.16,50571.0,20425.0,20425.0
421,113.430,50.600,113.28,50.95,1247.16,49692.0,19350.0,19350.0
422,113.430,50.600,113.22,50.67,1247.16,47652.0,18058.0,18058.0
423,113.430,50.600,113.22,50.71,1247.16,47993.0,18480.0,18480.0
424,113.430,50.600,113.35,50.77,1247.16,43765.0,15075.0,15075.0
425,113.430,50.600,113.25,50.62,1247.16,49900.0,19709.0,19709.0
426,113.430,50.600,113.39,50.82,1247.16,46272.0,15920.0,15920.0
427,113.430,50.600,113.29,50.71,1247.16,46743.0,15811.0,15811.0
428,113.430,50.600,113.2,50.88,1247.16,40624.0,11799.0,11799.0
429,113.430,50.600,113.18,50.77,1247.16,39145.0,10635.0,10635.0
430,113.430,50.600,113.52,50.73,1247.16,39851.0,10074.0,10074.0
431,113.430,50.600,113.27,50.65,1247.16,43156.0,14096.0,14096.0
432,113.430,50.600,113.11,50.79,1247.16,44098.0,15603.0,15603.0
433,113.430,50.600,113.29,50.74,1247.16,48067.0,17485.0,17485.0
434,113.430,50.600,113.38,50.61,1247.16,46525.0,17378.0,17378.0
435,113.430,50.600,113.44,50.61,1247.16,46495.0,17248.0,17248.0
436,113.430,50.600,113.26,50.78,1247.16,50109.0,18841.0,18841.0
437,113.430,50.600,113.39,50.97,1247.16,44682.0,15501.0,15501.0
438,113.430,50.600,113.19,50.87,1247.16,44087.0,14677.0,14677.0
439,113.430,50.600,113.41,50.73,1247.16,43676.0,14948.0,14948.0
440,113.430,50.600,113.29,50.91,1247.16,38973.0,10810.0,10810.0
441,113.430,50.600,113.33,50.94,1247.16,40891.0,12195.0,12195.0
442,113.430,50.600,113.28,50.75,1247.16,42736.0,13406.0,13406.0
443,113.430,50.600,113.16,50.93,1247.16,44617.0,15561.0,15561.0
444,113.430,50.600,113.38,50.72,1247.16,45044.0,15728.0,15728.0
445,113.430,50.600,113.3,50.74,1247.16,45682.0,16413.0,16413.0
446,113.430,50.600,113.31,50.72,1247.16,47706.0,18796.0,18796.0
447,113.430,50.600,113.37,50.56,1247.16,47677.0,18773.0,18773.0
448,113.430,50.600,113.47,50.74,1247.16,54734.0,23206.0,23206.0
449,113.430,50.600,113.26,50.69,1247.16,56062.0,24681.0,24681.0
450,113.430,50.600,113.27,50.72,1247.16,46353.0,16970.0,16970.0
451,113.430,50.600,113.34,50.89,1247.16,48124.0,18306.0,18306.0
452,113.430,50.600,113.21,50.84,1247.16,44174.0,14724.0,14724.0
453,113.430,50.600,113.39,50.85,1247.16,46790.0,16267.0,16267.0
454,113.430,50.600,113.09,50.86,1247.16,45860.0,15972.0,15972.0
455,113.430,50.600,113.25,50.59,1247.16,37645.0,9743.0,9743.0
456,113.430,50.600,113.28,50.83,1247.16,43293.0,14318.0,14318.0
457,113.430,50.600,113.28,50.41,1247.16,41839.0,12536.0,12536.0
458,113.430,50.600,113.43,50.6,1247.16,49656.0,20053.0,20053.0
459,113.430,50.600,113.43,50.6,1247.16,32151.0,4237.0,4237.0
460,113.430,50.600,113.43,50.6,1247.16,26139.0,290.0,290.0
461,113.430,50.600,113.43,50.6,1247.16,24891.0,0.0,0.0
462,113.430,50.600,113.43,50.6,1247.16,26129.0,0.0,0.0
463,113.430,50.600,113.43,50.6,1247.16,27430.0,366.0,366.0
464,113.430,50.600,113.43,50.6,1247.16,25660.0,0.0,0.0
465,113.430,50.600,113.43,50.6,1247.16,24471.0,0.0,0.0
466,113.430,50.600,113.43,50.6,1247.16,26045.0,378.0,378.0
467,113.430,50.600,113.43,50.6,1247.16,25106.0,0.0,0.0
468,113.430,50.600,113.43,50.6,1247.16,26305.0,0.0,0.0
469,113.430,50.600,113.43,50.6,1247.16,27148.0,657.0,657.0
470,113.430,50.600,113.43,50.6,1247.16,26552.0,306.0,306.0
471,113.430,50.600,113.43,50.6,1247.16,25240.0,0.0,0.0
472,113.430,50.600,113.43,50.6,1247.16,24486.0,0.0,0.0
473,113.430,50.600,113.43,50.6,1247.16,26205.0,0.0,0.0
474,113.430,50.600,113.43,50.6,1247.16,26037.0,34.0,34.0
475,113.430,50.600,113.43,50.6,1247.16,26097.0,0.0,0.0
476,113.430,50.600,113.43,50.6,1247.16,25693.0,0.0,0.0
477,113.430,50.600,113.43,50.6,1247.16,25852.0,0.0,0.0
478,113.430,50.600,113.43,50.6,1247.16,25870.0,257.0,257.0
479,113.430,50.600,113.43,50.6,1247.16,24464.0,0.0,0.0
480,113.430,50.600,113.43,50.6,1247.16,25633.0,0.0,0.0
481,113.430,50.600,113.43,50.6,1247.16,24655.0,0.0,0.0
482,113.430,50.600,113.43,50.6,1247.16,25945.0,25.0,25.0
483,113.430,50.600,113.43,50.6,1247.16,26981.0,410.0,410.0
484,113.430,50.600,113.43,50.6,1247.16,26221.0,1.0,1.0
485,113.430,50.600,113.43,50.6,1247.16,25801.0,0.0,0.0
486,113.430,50.600,113.43,50.6,1247.16,25423.0,0.0,0.0
487,113.430,50.600,113.43,50.6,1247.16,25961.0,0.0,0.0
488,113.430,50.600,113.43,50.6,1247.16,24347.0,0.0,0.0
489,113.430,50.600,113.43,50.6,1247.16,25877.0,0.0,0.0
490,113.430,50.600,113.43,50.6,1247.16,25595.0,0.0,0.0
491,113.430,50.600,113.43,50.6,1247.16,25782.0,136.0,136.0
492,113.430,50.600,113.43,50.6,1247.16,24178.0,0.0,0.0
493,113.430,50.600,113.43,50.6,1247.16,25730.0,0.0,0.0
494,113.430,50.600,113.43,50.6,1247.16,26286.0,987.0,987.0
495,113.430,50.600,113.43,50.6,1247.16,25905.0,0.0,0.0
496,113.430,50.600,113.43,50.6,1247.16,25758.0,0.0,0.0
497,113.430,50.600,113.43,50.6,1247.16,26473.0,0.0,0.0
498,113.430,50.600,113.43,50.6,1247.16,25080.0,0.0,0.0
499,113.430,50.600,113.43,50.6,1247.16,25293.0,0.0,0.0
500,113.430,50.600,113.43,50.6,1247.16,27642.0,0.0,0.0
501,113.430,50.600,113.43,50.6,1247.16,25971.0,0.0,0.0
502,113.430,50.600,113.43,50.6,1247.16,25572.0,0.0,0.0
503,113.430,50.600,113.43,50.6,1247.16,24790.0,0.0,0.0
504,113.430,50.600,113.43,50.6,1247.16,26558.0,0.0,0.0
505,113.430,50.600,113.43,50.6,1247.16,26681.0,818.0,818.0
506,113.430,50.600,113.43,50.6,1247.16,25906.0,0.0,0.0
507,113.430,50.600,113.43,50.6,1247.16,24559.0,0.0,0.0
508,113.430,50.600,113.43,50.6,1247.16,25074.0,0.0,0.0
509,113.430,50.600,113.43,50.6,1247.16,25940.0,0.0,0.0
510,113.430,50.600,113.43,50.6,1247.16,26288.0,0.0,0.0
511,113.430,50.600,113.43,50.6,1247.16,27232.0,166.0,166.0
512,113.430,50.600,113.43,50.6,1247.16,26901.0,0.0,0.0
513,113.430,50.600,113.43,50.6,1247.16,25709.0,0.0,0.0
514,113.430,50.600,113.43,50.6,1247.16,25085.0,0.0,0.0
515,113.430,50.600,113.43,50.6,1247.16,25787.0,0.0,0.0
516,113.430,50.600,113.43,50.6,1247.16,28140.0,2091.0,2091.0
517,113.430,50.600,113.43,50.6,1247.16,25199.0,0.0,0.0
518,113.430,50.600,113.43,50.6,1247.16,25990.0,0.0,0.0
519,113.430,50.600,113.43,50.6,1247.16,25353.0,0.0,0.0
520,113.430,50.600,113.43,50.6,1247.16,27943.0,807.0,807.0
521,113.430,50.600,113.43,50.6,1247.16,26807.0,0.0,0.0
522,113.430,50.600,113.43,50.6,1247.16,25373.0,0.0,0.0
523,113.430,50.600,113.43,50.6,1247.16,28154.0,0.0,0.0
524,113.430,50.600,113.43,50.6,1247.16,26016.0,0.0,0.0
525,113.430,50.600,113.43,50.6,1247.16,25980.0,0.0,0.0
526,113.430,50.600,113.43,50.6,1247.16,26105.0,0.0,0.0
527,113.430,50.600,113.43,50.6,1247.16,26998.0,591.0,591.0
528,113.430,50.600,113.43,50.6,1247.16,24947.0,0.0,0.0
529,113.430,50.600,113.43,50.6,1247.16,25075.0,0.0,0.0
530,113.430,50.600,113.43,50.6,1247.16,26494.0,0.0,0.0
531,113.430,50.600,113.43,50.6,1247.16,24349.0,0.0,0.0
532,113.430,50.600,113.43,50.6,1247.16,25607.0,0.0,0.0
533,113.430,50.600,113.43,50.6,1247.16,24867.0,0.0,0.0
534,113.430,50.600,113.43,50.6,1247.16,25695.0,0.0,0.0
535,113.430,50.600,113.43,50.6,1247.16,25446.0,160.0,160.0
536,113.430,50.600,113.43,50.6,1247.16,25779.0,220.0,220.0
537,113.430,50.600,113.43,50.6,1247.16,24792.0,0.0,0.0
538,113.430,50.600,113.43,50.6,1247.16,24826.0,0.0,0.0
539,113.430,50.600,113.43,50.6,1247.16,25451.0,0.0,0.0
540,113.430,50.600,113.43,50.6,1247.16,27312.0,0.0,0.0
541,113.430,50.600,113.43,50.6,1247.16,25085.0,0.0,0.0
542,113.430,50.600,113.43,50.6,1247.16,25471.0,0.0,0.0
543,113.430,50.600,113.43,50.6,1247.16,26322.0,0.0,0.0
544,113.430,50.600,113.43,50.6,1247.16,25404.0,0.0,0.0
545,113.430,50.600,113.43,50.6,1247.16,23882.0,0.0,0.0
546,113.430,50.600,113.43,50.6,1247.16,26972.0,144.0,144.0
547,113.430,50.600,113.43,50.6,1247.16,27069.0,0.0,0.0
548,113.430,50.600,113.43,50.6,1247.16,26690.0,0.0,0.0
549,113.430,50.600,113.43,50.6,1247.16,26723.0,542.0,542.0
550,113.430,50.600,113.43,50.6,1247.16,25207.0,0.0,0.0
551,113.430,50.600,113.43,50.6,1247.16,26061.0,0.0,0.0
552,113.430,50.600,113.43,50.6,1247.16,25283.0,0.0,0.0
553,113.430,50.600,113.43,50.6,1247.16,26384.0,0.0,0.0
554,113.430,50.600,113.43,50.6,1247.16,23995.0,0.0,0.0
555,113.430,50.600,113.43,50.6,1247.16,26469.0,693.0,693.0
556,113.430,50.600,113.43,50.6,1247.16,26190.0,0.0,0.0
557,113.430,50.600,113.43,50.6,1247.16,26500.0,0.0,0.0
558,113.430,50.600,113.43,50.6,1247.16,26401.0,620.0,620.0
559,113.430,50.600,113.43,50.6,1247.16,25299.0,0.0,0.0
560,113.430,50.600,113.43,50.6,1247.16,24806.0,0.0,0.0
561,113.430,50.600,113.43,50.6,1247.16,24129.0,0.0,0.0
562,113.430,50.600,113.43,50.6,1247.16,25280.0,0.0,0.0
563,113.430,50.600,113.43,50.6,1247.16,25374.0,0.0,0.0
564,113.430,50.600,113.43,50.6,1247.16,25184.0,0.0,0.0
565,113.430,50.600,113.43,50.6,1247.16,24128.0,0.0,0.0
566,113.430,50.600,113.43,50.6,1247.16,26394.0,0.0,0.0
567,113.430,50.600,113.43,50.6,1247.16,25406.0,0.0,0.0
568,113.430,50.600,113.43,50.6,1247.16,26764.0,1009.0,1009.0
569,113.430,50.600,113.43,50.6,1247.16,24601.0,0.0,0.0
570,113.430,50.600,113.43,50.6,1247.16,24594.0,0.0,0.0
571,113.430,50.600,113.43,50.6,1247.16,26168.0,351.0,351.0
572,113.430,50.600,113.43,50.6,1247.16,25888.0,0.0,0.0
573,113.430,50.600,113.43,50.6,1247.16,26276.0,651.0,651.0
574,113.430,50.600,113.43,50.6,1247.16,27513.0,1129.0,1129.0
575,113.430,50.600,113.43,50.6,1247.16,24755.0,0.0,0.0
576,113.430,50.600,113.43,50.6,1247.16,25092.0,0.0,0.0
577,113.430,50.600,113.43,50.6,1247.16,25162.0,0.0,0.0
578,113.430,50.600,113.43,50.6,1247.16,27519.0,1041.0,1041.0
579,113.430,50.600,113.43,50.6,1247.16,26495.0,259.0,259.0
580,113.430,50.600,113.43,50.6,1247.16,26778.0,615.0,615.0
581,113.430,50.600,113.43,50.6,1247.16,25878.0,0.0,0.0
582,113.430,50.600,113.43,50.6,1247.16,25047.0,0.0,0.0
583,113.430,50.600,113.43,50.6,1247.16,27535.0,1256.0,1256.0
584,113.430,50.600,113.43,50.6,1247.16,24755.0,0.0,0.0
585,113.430,50.600,113.43,50.6,1247.16,27995.0,1472.0,1472.0
586,113.430,50.600,113.43,50.6,1247.16,24698.0,0.0,0.0
587,113.430,50.600,113.43,50.6,1247.16,26382.0,157.0,157.0
588,113.430,50.600,113.43,50.6,1247.16,24511.0,0.0,0.0
589,113.430,50.600,113.43,50.6,1247.16,23998.0,0.0,0.0
590,113.430,50.600,113.43,50.6,1247.16,27633.0,948.0,948.0
591,113.430,50.600,113.43,50.6,1247.16,25316.0,0.0,0.0
592,113.430,50.600,113.43,50.6,1247.16,25461.0,0.0,0.0
593,113.430,50.600,113.43,50.6,1247.16,25368.0,0.0,0.0
594,113.430,50.600,113.43,50.6,1247.16,27531.0,1386.0,1386.0
595,113.430,50.600,113.43,50.6,1247.16,24533.0,0.0,0.0
596,113.430,50.600,113.43,50.6,1247.16,24849.0,0.0,0.0
597,113.430,50.600,113.43,50.6,1247.16,24652.0,0.0,0.0
598,113.430,50.600,113.43,50.6,1247.16,24901.0,0.0,0.0
599,113.430,50.600,113.43,50.6,1247.16,26478.0,579.0,579.0
600,113.430,50.600,113.43,50.6,1247.16,25684.0,0.0,0.0
601,113.430,50.600,113.43,50.6,1247.16,25165.0,0.0,0.0
602,113.430,50.600,113.43,50.6,1247.16,25006.0,0.0,0.0
603,113.430,50.600,113.43,50.6,1247.16,25271.0,0.0,0.0
604,113.430,50.600,113.43,50.6,1247.16,25192.0,0.0,0.0
605,113.430,50.600,113.43,50.6,1247.16,24125.0,0.0,0.0
606,113.430,50.600,113.43,50.6,1247.16,25468.0,0.0,0.0
607,113.430,50.600,113.43,50.6,1247.16,24740.0,0.0,0.0
608,113.430,50.600,113.43,50.6,1247.16,27100.0,944.0,944.0
609,113.430,50.600,113.43,50.6,1247.16,23596.0,0.0,0.0
610,113.430,50.600,113.43,50.6,1247.16,26806.0,574.0,574.0
611,113.430,50.600,113.43,50.6,1247.16,25118.0,0.0,0.0
612,113.430,50.600,113.43,50.6,1247.16,25243.0,0.0,0.0
613,113.430,50.600,113.43,50.6,1247.16,26898.0,1524.0,1524.0
614,113.430,50.600,113.43,50.6,1247.16,25793.0,0.0,0.0
615,113.430,50.600,113.43,50.6,1247.16,24712.0,0.0,0.0
616,113.430,50.600,113.43,50.6,1247.16,24216.0,0.0,0.0
617,113.430,50.600,113.43,50.6,1247.16,24858.0,0.0,0.0
618,113.430,50.600,113.43,50.6,1247.16,26371.0,821.0,821.0
619,113.430,50.600,113.43,50.6,1247.16,25635.0,0.0,0.0
620,113.430,50.600,113.43,50.6,1247.16,25688.0,240.0,240.0
621,113.430,50.600,113.43,50.6,1247.16,24694.0,0.0,0.0
622,113.430,50.600,113.43,50.6,1247.16,25618.0,133.0,133.0
623,113.430,50.600,113.43,50.6,1247.16,25238.0,0.0,0.0
624,113.430,50.600,113.43,50.6,1247.16,24751.0,0.0,0.0
625,113.430,50.600,113.43,50.6,1247.16,25224.0,0.0,0.0
626,113.430,50.600,113.43,50.6,1247.16,25893.0,1216.0,1216.0
627,113.430,50.600,113.43,50.6,1247.16,24817.0,0.0,0.0
628,113.430,50.600,113.43,50.6,1247.16,25599.0,475.0,475.0
629,113.430,50.600,113.43,50.6,1247.16,25417.0,144.0,144.0
630,113.430,50.600,113.43,50.6,1247.16,25971.0,34.0,34.0
631,113.430,50.600,113.43,50.6,1247.16,26280.0,968.0,968.0
632,113.430,50.600,113.43,50.6,1247.16,25444.0,0.0,0.0
633,113.430,50.600,113.43,50.6,1247.16,26805.0,1735.0,1735.0
634,113.430,50.600,113.43,50.6,1247.16,25296.0,0.0,0.0
635,113.430,50.600,113.43,50.6,1247.16,23724.0,0.0,0.0
636,113.430,50.600,113.43,50.6,1247.16,27190.0,1896.0,1896.0
637,113.430,50.600,113.43,50.6,1247.16,25083.0,0.0,0.0
638,113.430,50.600,113.43,50.6,1247.16,24839.0,0.0,0.0
639,113.430,50.600,113.43,50.6,1247.16,24896.0,0.0,0.0
640,113.430,50.600,113.43,50.6,1247.16,25083.0,9.0,9.0
641,113.430,50.600,113.43,50.6,1247.16,25787.0,795.0,795.0
642,113.430,50.600,113.43,50.6,1247.16,26287.0,0.0,0.0
643,113.430,50.600,113.43,50.6,1247.16,26387.0,310.0,310.0
644,113.430,50.600,113.43,50.6,1247.16,25256.0,133.0,133.0
645,113.430,50.600,113.43,50.6,1247.16,26272.0,1215.0,1215.0
646,113.430,50.600,113.43,50.6,1247.16,24519.0,0.0,0.0
647,113.430,50.600,113.43,50.6,1247.16,26180.0,637.0,637.0
648,113.430,50.600,113.43,50.6,1247.16,24694.0,0.0,0.0
649,113.430,50.600,113.43,50.6,1247.16,25961.0,1204.0,1204.0
650,113.430,50.600,113.43,50.6,1247.16,25856.0,14.0,14.0
651,113.430,50.600,113.43,50.6,1247.16,25787.0,0.0,0.0
652,113.430,50.600,113.43,50.6,1247.16,26251.0,326.0,326.0
653,113.430,50.600,113.43,50.6,1247.16,25544.0,0.0,0.0
654,113.430,50.600,113.43,50.6,1247.16,24872.0,0.0,0.0
655,113.430,50.600,113.43,50.6,1247.16,24807.0,0.0,0.0
656,113.430,50.600,113.43,50.6,1247.16,24892.0,59.0,59.0
657,113.430,50.600,113.43,50.6,1247.16,24499.0,0.0,0.0
658,113.430,50.600,113.43,50.6,1247.16,27089.0,1901.0,1901.0
