id,avg_x,avg_y,x,y,bg,Square_intensity,circular_intensity,Gaussian_intensity
942,59.620,77.200,59.46,77.51,935.55,25299.0,32.0,32.0
943,59.620,77.200,59.46,77.51,935.55,25721.0,565.0,565.0
944,59.620,77.200,59.46,77.51,935.55,25400.0,0.0,0.0
945,59.620,77.200,59.46,77.51,935.55,25718.0,743.0,743.0
946,59.620,77.200,59.46,77.51,935.55,25854.0,601.0,601.0
947,59.620,77.200,59.46,77.51,935.55,25635.0,325.0,325.0
948,59.620,77.200,59.46,77.51,935.55,23664.0,0.0,0.0
949,59.620,77.200,59.46,77.51,935.55,26126.0,711.0,711.0
950,59.620,77.200,59.46,77.51,935.55,25330.0,544.0,544.0
951,59.620,77.200,59.46,77.51,935.55,26086.0,1137.0,1137.0
952,59.620,77.200,59.46,77.51,935.55,25391.0,296.0,296.0
953,59.620,77.200,59.46,77.51,935.55,25499.0,0.0,0.0
954,59.620,77.200,59.46,77.51,935.55,25578.0,1792.0,1792.0
955,59.620,77.200,59.46,77.51,935.55,24152.0,0.0,0.0
956,59.620,77.200,59.46,77.51,935.55,24701.0,0.0,0.0
957,59.620,77.200,59.46,77.51,935.55,24260.0,0.0,0.0
958,59.620,77.200,59.46,77.51,935.55,25174.0,394.0,394.0
959,59.620,77.200,59.46,77.51,935.55,24874.0,0.0,0.0
960,59.620,77.200,59.46,77.51,935.55,23942.0,0.0,0.0
961,59.620,77.200,59.46,77.51,935.55,26100.0,1420.0,1420.0
962,59.620,77.200,59.46,77.51,935.55,25582.0,575.0,575.0
963,59.620,77.200,59.46,77.51,935.55,26462.0,1331.0,1331.0
964,59.620,77.200,59.46,77.51,935.55,26389.0,1043.0,1043.0
965,59.620,77.200,59.46,77.51,935.55,24882.0,146.0,146.0
966,59.620,77.200,59.46,77.51,935.55,25542.0,434.0,434.0
967,59.620,77.200,59.46,77.51,935.55,25077.0,328.0,328.0
968,59.620,77.200,59.46,77.51,935.55,25178.0,19.0,19.0
969,59.620,77.200,59.46,77.51,935.55,25196.0,479.0,479.0
970,59.620,77.200,59.46,77.51,935.55,25885.0,1078.0,1078.0
971,59.620,77.200,59.46,77.51,935.55,24063.0,0.0,0.0
972,59.620,77.200,59.46,77.51,935.55,24850.0,402.0,402.0
973,59.620,77.200,59.46,77.51,935.55,25063.0,1256.0,1256.0
974,59.620,77.200,59.46,77.51,935.55,26108.0,1791.0,1791.0
975,59.620,77.200,59.46,77.51,935.55,25873.0,52.0,52.0
976,59.620,77.200,59.46,77.51,935.55,23825.0,0.0,0.0
977,59.620,77.200,59.46,77.51,935.55,24827.0,558.0,558.0
978,59.620,77.200,59.46,77.51,935.55,24634.0,0.0,0.0
979,59.620,77.200,59.46,77.51,935.55,23800.0,0.0,0.0
980,59.620,77.200,59.46,77.51,935.55,24169.0,0.0,0.0
981,59.620,77.200,59.46,77.51,935.55,24015.0,0.0,0.0
982,59.620,77.200,59.46,77.51,935.55,25454.0,301.0,301.0
983,59.620,77.200,59.46,77.51,935.55,24896.0,0.0,0.0
984,59.620,77.200,59.46,77.51,935.55,25770.0,1305.0,1305.0
985,59.620,77.200,59.46,77.51,935.55,25384.0,1292.0,1292.0
986,59.620,77.200,59.46,77.51,935.55,23994.0,0.0,0.0
987,59.620,77.200,59.46,77.51,935.55,25877.0,1044.0,1044.0
988,59.620,77.200,59.46,77.51,935.55,25704.0,1047.0,1047.0
989,59.620,77.200,59.46,77.51,935.55,24251.0,0.0,0.0
990,59.620,77.200,59.46,77.51,935.55,25294.0,631.0,631.0
991,59.620,77.200,59.46,77.51,935.55,25895.0,1483.0,1483.0
992,59.620,77.200,59.46,77.51,935.55,23989.0,0.0,0.0
993,59.620,77.200,59.46,77.51,935.55,23344.0,0.0,0.0
994,59.620,77.200,59.46,77.51,935.55,25520.0,1256.0,1256.0
995,59.620,77.200,59.46,77.51,935.55,24894.0,48.0,48.0
996,59.620,77.200,59.46,77.51,935.55,23991.0,258.0,258.0
997,59.620,77.200,59.46,77.51,935.55,25654.0,1031.0,1031.0
998,59.620,77.200,59.46,77.51,935.55,24551.0,1.0,1.0
999,59.620,77.200,59.46,77.51,935.55,25826.0,895.0,895.0
1000,59.620,77.200,59.46,77.51,935.55,25373.0,778.0,778.0
1001,59.620,77.200,59.46,77.51,935.55,24781.0,0.0,0.0
1002,59.620,77.200,59.46,77.51,935.55,25793.0,504.0,504.0
1003,59.620,77.200,59.46,77.51,935.55,24843.0,0.0,0.0
1004,59.620,77.200,59.46,77.51,935.55,25126.0,255.0,255.0
1005,59.620,77.200,59.46,77.51,935.55,24129.0,0.0,0.0
1006,59.620,77.200,59.46,77.51,935.55,24692.0,110.0,110.0
1007,59.620,77.200,59.46,77.51,935.55,25219.0,361.0,361.0
1008,59.620,77.200,59.46,77.51,935.55,24913.0,0.0,0.0
1009,59.620,77.200,59.46,77.51,935.55,25944.0,1082.0,1082.0
1010,59.620,77.200,59.46,77.51,935.55,24835.0,635.0,635.0
1011,59.620,77.200,59.46,77.51,935.55,23954.0,0.0,0.0
1012,59.620,77.200,59.46,77.51,935.55,25176.0,0.0,0.0
1013,59.620,77.200,59.46,77.51,935.55,23998.0,0.0,0.0
1014,59.620,77.200,59.46,77.51,935.55,25565.0,979.0,979.0
1015,59.620,77.200,59.46,77.51,935.55,25518.0,408.0,408.0
1016,59.620,77.200,59.46,77.51,935.55,24833.0,0.0,0.0
1017,59.620,77.200,59.46,77.51,935.55,23771.0,36.0,36.0
1018,59.620,77.200,59.46,77.51,935.55,25609.0,1239.0,1239.0
1019,59.620,77.200,59.46,77.51,935.55,24360.0,0.0,0.0
1020,59.620,77.200,59.46,77.51,935.55,23775.0,0.0,0.0
1021,59.620,77.200,59.46,77.51,935.55,25757.0,1416.0,1416.0
1022,59.620,77.200,59.46,77.51,935.55,24289.0,177.0,177.0
1023,59.620,77.200,59.46,77.51,935.55,25887.0,1128.0,1128.0
1024,59.620,77.200,59.46,77.51,935.55,26186.0,1752.0,1752.0
1025,59.620,77.200,59.46,77.51,935.55,26685.0,1942.0,1942.0
1026,59.620,77.200,59.46,77.51,935.55,25489.0,1230.0,1230.0
1027,59.620,77.200,59.46,77.51,935.55,25681.0,811.0,811.0
1028,59.620,77.200,59.46,77.51,935.55,24461.0,98.0,98.0
1029,59.620,77.200,59.46,77.51,935.55,25141.0,0.0,0.0
1030,59.620,77.200,59.46,77.51,935.55,23840.0,0.0,0.0
1031,59.620,77.200,59.46,77.51,935.55,24490.0,0.0,0.0
1032,59.620,77.200,59.46,77.51,935.55,25434.0,623.0,623.0
1033,59.620,77.200,59.46,77.51,935.55,23913.0,0.0,0.0
1034,59.620,77.200,59.46,77.51,935.55,25687.0,940.0,940.0
1035,59.620,77.200,59.46,77.51,935.55,27457.0,2128.0,2128.0
1036,59.620,77.200,59.46,77.51,935.55,25618.0,0.0,0.0
1037,59.620,77.200,59.46,77.51,935.55,25179.0,1134.0,1134.0
1038,59.620,77.200,59.46,77.51,935.55,25457.0,481.0,481.0
1039,59.620,77.200,59.46,77.51,935.55,25083.0,134.0,134.0
1040,59.620,77.200,59.46,77.51,935.55,25851.0,1265.0,1265.0
1041,59.620,77.200,59.46,77.51,935.55,24966.0,436.0,436.0
1042,59.620,77.200,59.46,77.51,935.55,24431.0,0.0,0.0
1043,59.620,77.200,59.46,77.51,935.55,24694.0,0.0,0.0
1044,59.620,77.200,59.46,77.51,935.55,25211.0,0.0,0.0
1045,59.620,77.200,59.46,77.51,935.55,25473.0,1157.0,1157.0
1046,59.620,77.200,59.46,77.51,935.55,25094.0,679.0,679.0
1047,59.620,77.200,59.46,77.51,935.55,24855.0,551.0,551.0
1048,59.620,77.200,59.46,77.51,935.55,24651.0,0.0,0.0
1049,59.620,77.200,59.46,77.51,935.55,26520.0,1730.0,1730.0
1050,59.620,77.200,59.46,77.51,935.55,24592.0,436.0,436.0
1051,59.620,77.200,59.46,77.51,935.55,25850.0,1086.0,1086.0
1052,59.620,77.200,59.46,77.51,935.55,24273.0,496.0,496.0
1053,59.620,77.200,59.46,77.51,935.55,24620.0,331.0,331.0
1054,59.620,77.200,59.46,77.51,935.55,25107.0,1343.0,1343.0
1055,59.620,77.200,59.46,77.51,935.55,23509.0,0.0,0.0
1056,59.620,77.200,59.46,77.51,935.55,28065.0,2037.0,2037.0
1057,59.620,77.200,59.46,77.51,935.55,24899.0,0.0,0.0
1058,59.620,77.200,59.46,77.51,935.55,24269.0,0.0,0.0
1059,59.620,77.200,59.46,77.51,935.55,24248.0,513.0,513.0
1060,59.620,77.200,59.46,77.51,935.55,25507.0,341.0,341.0
1061,59.620,77.200,59.46,77.51,935.55,25623.0,345.0,345.0
1062,59.620,77.200,59.46,77.51,935.55,24497.0,81.0,81.0
1063,59.620,77.200,59.46,77.51,935.55,25516.0,546.0,546.0
1064,59.620,77.200,59.46,77.51,935.55,26079.0,1469.0,1469.0
1065,59.620,77.200,59.46,77.51,935.55,26150.0,1552.0,1552.0
1066,59.620,77.200,59.46,77.51,935.55,24271.0,0.0,0.0
1067,59.620,77.200,59.46,77.51,935.55,24101.0,0.0,0.0
1068,59.620,77.200,59.46,77.51,935.55,25599.0,1156.0,1156.0
1069,59.620,77.200,59.46,77.51,935.55,25460.0,602.0,602.0
1070,59.620,77.200,59.46,77.51,935.55,26620.0,2027.0,2027.0
1071,59.620,77.200,59.46,77.51,935.55,23875.0,0.0,0.0
1072,59.620,77.200,59.46,77.51,935.55,23123.0,0.0,0.0
1073,59.620,77.200,59.46,77.51,935.55,25290.0,538.0,538.0
1074,59.620,77.200,59.46,77.51,935.55,26930.0,1604.0,1604.0
1075,59.620,77.200,59.46,77.51,935.55,25169.0,467.0,467.0
1076,59.620,77.200,59.46,77.51,935.55,24532.0,0.0,0.0
1077,59.620,77.200,59.46,77.51,935.55,25264.0,621.0,621.0
1078,59.620,77.200,59.46,77.51,935.55,25137.0,0.0,0.0
1079,59.620,77.200,59.46,77.51,935.55,24666.0,0.0,0.0
1080,59.620,77.200,59.46,77.51,935.55,24471.0,227.0,227.0
1081,59.620,77.200,59.46,77.51,935.55,24436.0,0.0,0.0
1082,59.620,77.200,59.46,77.51,935.55,24062.0,0.0,0.0
1083,59.620,77.200,59.46,77.51,935.55,24404.0,0.0,0.0
1084,59.620,77.200,59.46,77.51,935.55,24165.0,56.0,56.0
1085,59.620,77.200,59.46,77.51,935.55,25476.0,1436.0,1436.0
1086,59.620,77.200,59.46,77.51,935.55,24050.0,0.0,0.0
1087,59.620,77.200,59.46,77.51,935.55,24993.0,0.0,0.0
1088,59.620,77.200,59.46,77.51,935.55,25457.0,907.0,907.0
1089,59.620,77.200,59.46,77.51,935.55,23582.0,0.0,0.0
1090,59.620,77.200,59.46,77.51,935.55,24635.0,48.0,48.0
1091,59.620,77.200,59.46,77.51,935.55,23487.0,0.0,0.0
1092,59.620,77.200,59.46,77.51,935.55,24693.0,477.0,477.0
1093,59.620,77.200,59.46,77.51,935.55,26347.0,1185.0,1185.0
1094,59.620,77.200,59.46,77.51,935.55,24542.0,0.0,0.0
1095,59.620,77.200,59.46,77.51,935.55,25601.0,426.0,426.0
1096,59.620,77.200,59.46,77.51,935.55,24118.0,0.0,0.0
1097,59.620,77.200,59.46,77.51,935.55,25431.0,201.0,201.0
1098,59.620,77.200,59.46,77.51,935.55,26059.0,1603.0,1603.0
1099,59.620,77.200,59.46,77.51,935.55,24114.0,0.0,0.0
1100,59.620,77.200,59.46,77.51,935.55,25097.0,0.0,0.0
1101,59.620,77.200,59.46,77.51,935.55,26339.0,1456.0,1456.0
1102,59.620,77.200,59.46,77.51,935.55,26090.0,1425.0,1425.0
1103,59.620,77.200,59.46,77.51,935.55,23928.0,155.0,155.0
1104,59.620,77.200,59.46,77.51,935.55,23805.0,0.0,0.0
1105,59.620,77.200,59.46,77.51,935.55,25921.0,631.0,631.0
1106,59.620,77.200,59.46,77.51,935.55,24390.0,386.0,386.0
1107,59.620,77.200,59.46,77.51,935.55,24517.0,600.0,600.0
1108,59.620,77.200,59.46,77.51,935.55,25135.0,668.0,668.0
1109,59.620,77.200,59.46,77.51,935.55,26521.0,1079.0,1079.0
1110,59.620,77.200,59.46,77.51,935.55,25483.0,810.0,810.0
1111,59.620,77.200,59.46,77.51,935.55,26453.0,1304.0,1304.0
1112,59.620,77.200,59.46,77.51,935.55,25156.0,845.0,845.0
1113,59.620,77.200,59.46,77.51,935.55,24787.0,0.0,0.0
1114,59.620,77.200,59.46,77.51,935.55,24053.0,306.0,306.0
1115,59.620,77.200,59.46,77.51,935.55,24059.0,0.0,0.0
1116,59.620,77.200,59.46,77.51,935.55,23829.0,0.0,0.0
1117,59.620,77.200,59.46,77.51,935.55,24874.0,0.0,0.0
1118,59.620,77.200,59.46,77.51,935.55,24850.0,409.0,409.0
1119,59.620,77.200,59.46,77.51,935.55,25028.0,0.0,0.0
1120,59.620,77.200,59.46,77.51,935.55,24030.0,0.0,0.0
1121,59.620,77.200,59.46,77.51,935.55,25832.0,843.0,843.0
1122,59.620,77.200,59.46,77.51,935.55,25266.0,342.0,342.0
1123,59.620,77.200,59.46,77.51,935.55,25376.0,0.0,0.0
1124,59.620,77.200,59.46,77.51,935.55,24983.0,0.0,0.0
1125,59.620,77.200,59.46,77.51,935.55,24003.0,0.0,0.0
1126,59.620,77.200,59.46,77.51,935.55,24522.0,0.0,0.0
1127,59.620,77.200,59.46,77.51,935.55,23867.0,0.0,0.0
1128,59.620,77.200,59.46,77.51,935.55,24175.0,0.0,0.0
1129,59.620,77.200,59.46,77.51,935.55,24566.0,0.0,0.0
1130,59.620,77.200,59.46,77.51,935.55,23670.0,0.0,0.0
1131,59.620,77.200,59.46,77.51,935.55,25084.0,0.0,0.0
1132,59.620,77.200,59.46,77.51,935.55,25479.0,864.0,864.0
1133,59.620,77.200,59.46,77.51,935.55,25057.0,346.0,346.0
1134,59.620,77.200,59.46,77.51,935.55,26467.0,1421.0,1421.0
1135,59.620,77.200,59.46,77.51,935.55,23476.0,0.0,0.0
1136,59.620,77.200,59.46,77.51,935.55,23650.0,0.0,0.0
1137,59.620,77.200,59.46,77.51,935.55,24916.0,1036.0,1036.0
1138,59.620,77.200,59.46,77.51,935.55,23597.0,0.0,0.0
1139,59.620,77.200,59.46,77.51,935.55,24499.0,0.0,0.0
1140,59.620,77.200,59.46,77.51,935.55,23187.0,0.0,0.0
1141,59.620,77.200,59.46,77.51,935.55,25493.0,742.0,742.0
1142,59.620,77.200,59.46,77.51,935.55,24990.0,293.0,293.0
1143,59.620,77.200,59.46,77.51,935.55,24607.0,215.0,215.0
1144,59.620,77.200,59.46,77.51,935.55,23568.0,0.0,0.0
1145,59.620,77.200,59.46,77.51,935.55,24540.0,0.0,0.0
1146,59.620,77.200,59.46,77.51,935.55,25373.0,647.0,647.0
1147,59.620,77.200,59.46,77.51,935.55,24130.0,111.0,111.0
1148,59.620,77.200,59.46,77.51,935.55,25084.0,456.0,456.0
1149,59.620,77.200,59.46,77.51,935.55,24480.0,489.0,489.0
1150,59.620,77.200,59.46,77.51,935.55,23318.0,0.0,0.0
1151,59.620,77.200,59.46,77.51,935.55,23302.0,0.0,0.0
1152,59.620,77.200,59.46,77.51,935.55,25010.0,590.0,590.0
1153,59.620,77.200,59.46,77.51,935.55,24346.0,0.0,0.0
1154,59.620,77.200,59.46,77.51,935.55,24921.0,371.0,371.0
1155,59.620,77.200,59.46,77.51,935.55,24100.0,0.0,0.0
1156,59.620,77.200,59.46,77.51,935.55,24959.0,0.0,0.0
1157,59.620,77.200,59.46,77.51,935.55,25891.0,738.0,738.0
1158,59.620,77.200,59.46,77.51,935.55,23606.0,0.0,0.0
1159,59.620,77.200,59.46,77.51,935.55,24785.0,769.0,769.0
1160,59.620,77.200,59.46,77.51,935.55,25529.0,917.0,917.0
1161,59.620,77.200,59.46,77.51,935.55,23933.0,0.0,0.0
1162,59.620,77.200,59.46,77.51,935.55,26895.0,1921.0,1921.0
1163,59.620,77.200,59.46,77.51,935.55,24320.0,0.0,0.0
1164,59.620,77.200,59.46,77.51,935.55,25068.0,158.0,158.0
1165,59.620,77.200,59.46,77.51,935.55,24588.0,0.0,0.0
1166,59.620,77.200,59.46,77.51,935.55,24402.0,188.0,188.0
1167,59.620,77.200,59.46,77.51,935.55,25519.0,78.0,78.0
1168,59.620,77.200,59.46,77.51,935.55,25495.0,228.0,228.0
1169,59.620,77.200,59.46,77.51,935.55,24591.0,15.0,15.0
1170,59.620,77.200,59.46,77.51,935.55,23497.0,0.0,0.0
1171,59.620,77.200,59.46,77.51,935.55,23841.0,0.0,0.0
1172,59.620,77.200,59.46,77.51,935.55,24801.0,64.0,64.0
1173,59.620,77.200,59.46,77.51,935.55,25251.0,363.0,363.0
1174,59.620,77.200,59.46,77.51,935.55,25095.0,35.0,35.0
1175,59.620,77.200,59.46,77.51,935.55,25505.0,508.0,508.0
1176,59.620,77.200,59.46,77.51,935.55,25200.0,997.0,997.0
1177,59.620,77.200,59.46,77.51,935.55,25283.0,353.0,353.0
1178,59.620,77.200,59.46,77.51,935.55,25512.0,894.0,894.0
1179,59.620,77.200,59.46,77.51,935.55,23253.0,0.0,0.0
1180,59.620,77.200,59.46,77.51,935.55,23114.0,0.0,0.0
1181,59.620,77.200,59.46,77.51,935.55,25105.0,0.0,0.0
1182,59.620,77.200,59.46,77.51,935.55,25182.0,314.0,314.0
1183,59.620,77.200,59.46,77.51,935.55,24906.0,357.0,357.0
1184,59.620,77.200,59.46,77.51,935.55,24722.0,0.0,0.0
1185,59.620,77.200,59.46,77.51,935.55,25292.0,1365.0,1365.0
1186,59.620,77.200,59.46,77.51,935.55,25636.0,1403.0,1403.0
1187,59.620,77.200,59.46,77.51,935.55,24753.0,368.0,368.0
1188,59.620,77.200,59.46,77.51,935.55,25460.0,1484.0,1484.0
1189,59.620,77.200,59.46,77.51,935.55,24980.0,48.0,48.0
1190,59.620,77.200,59.46,77.51,935.55,25413.0,348.0,348.0
1191,59.620,77.200,59.46,77.51,935.55,24525.0,0.0,0.0
1192,59.620,77.200,59.46,77.51,935.55,24845.0,0.0,0.0
1193,59.620,77.200,59.46,77.51,935.55,26937.0,2361.0,2361.0
1194,59.620,77.200,59.46,77.51,935.55,26166.0,1373.0,1373.0
1195,59.620,77.200,59.46,77.51,935.55,24833.0,745.0,745.0
1196,59.620,77.200,59.46,77.51,935.55,24655.0,0.0,0.0
1197,59.620,77.200,59.46,77.51,935.55,25725.0,1246.0,1246.0
1198,59.620,77.200,59.46,77.51,935.55,24597.0,229.0,229.0
1199,59.620,77.200,59.46,77.51,935.55,24484.0,276.0,276.0
1200,59.620,77.200,59.46,77.51,935.55,26058.0,388.0,388.0
1201,59.620,77.200,59.46,77.51,935.55,24620.0,254.0,254.0
1202,59.620,77.200,59.46,77.51,935.55,25250.0,0.0,0.0
1203,59.620,77.200,59.46,77.51,935.55,25501.0,315.0,315.0
1204,59.620,77.200,59.46,77.51,935.55,23009.0,0.0,0.0
1205,59.620,77.200,59.46,77.51,935.55,25123.0,1012.0,1012.0
1206,59.620,77.200,59.46,77.51,935.55,22957.0,0.0,0.0
1207,59.620,77.200,59.46,77.51,935.55,22272.0,0.0,0.0
1208,59.620,77.200,59.46,77.51,935.55,23723.0,0.0,0.0
1209,59.620,77.200,59.46,77.51,935.55,25560.0,135.0,135.0
1210,59.620,77.200,59.46,77.51,935.55,25171.0,521.0,521.0
1211,59.620,77.200,59.46,77.51,935.55,25007.0,116.0,116.0
1212,59.620,77.200,59.46,77.51,935.55,25161.0,1090.0,1090.0
1213,59.620,77.200,59.46,77.51,935.55,24273.0,0.0,0.0
1214,59.620,77.200,59.46,77.51,935.55,23941.0,0.0,0.0
1215,59.620,77.200,59.46,77.51,935.55,26209.0,1338.0,1338.0
1216,59.620,77.200,59.46,77.51,935.55,25190.0,737.0,737.0
1217,59.620,77.200,59.46,77.51,935.55,23297.0,0.0,0.0
1218,59.620,77.200,59.46,77.51,935.55,24253.0,0.0,0.0
1219,59.620,77.200,59.46,77.51,935.55,24193.0,0.0,0.0
1220,59.620,77.200,59.46,77.51,935.55,24298.0,0.0,0.0
1221,59.620,77.200,59.46,77.51,935.55,25012.0,433.0,433.0
1222,59.620,77.200,59.46,77.51,935.55,24153.0,0.0,0.0
1223,59.620,77.200,59.46,77.51,935.55,23677.0,0.0,0.0
1224,59.620,77.200,59.46,77.51,935.55,25369.0,645.0,645.0
1225,59.620,77.200,59.46,77.51,935.55,25413.0,510.0,510.0
1226,59.620,77.200,59.46,77.51,935.55,26021.0,828.0,828.0
1227,59.620,77.200,59.46,77.51,935.55,24463.0,0.0,0.0
1228,59.620,77.200,59.46,77.51,935.55,25107.0,675.0,675.0
1229,59.620,77.200,59.46,77.51,935.55,23772.0,0.0,0.0
1230,59.620,77.200,59.46,77.51,935.55,24139.0,0.0,0.0
1231,59.620,77.200,59.46,77.51,935.55,25390.0,44.0,44.0
1232,59.620,77.200,59.46,77.51,935.55,24141.0,0.0,0.0
1233,59.620,77.200,59.46,77.51,935.55,25816.0,120.0,120.0
1234,59.620,77.200,59.46,77.51,935.55,24546.0,0.0,0.0
1235,59.620,77.200,59.46,77.51,935.55,23886.0,0.0,0.0
1236,59.620,77.200,59.46,77.51,935.55,23163.0,0.0,0.0
1237,59.620,77.200,59.46,77.51,935.55,25617.0,890.0,890.0
1238,59.620,77.200,59.46,77.51,935.55,24198.0,429.0,429.0
1239,59.620,77.200,59.46,77.51,935.55,24617.0,190.0,190.0
1240,59.620,77.200,59.46,77.51,935.55,23667.0,0.0,0.0
1241,59.620,77.200,59.46,77.51,935.55,23783.0,0.0,0.0
1242,59.620,77.200,59.46,77.51,935.55,24825.0,1344.0,1344.0
1243,59.620,77.200,59.46,77.51,935.55,24564.0,0.0,0.0
1244,59.620,77.200,59.46,77.51,935.55,24153.0,0.0,0.0
1245,59.620,77.200,59.46,77.51,935.55,25378.0,0.0,0.0
1246,59.620,77.200,59.46,77.51,935.55,26575.0,919.0,919.0
1247,59.620,77.200,59.46,77.51,935.55,24896.0,0.0,0.0
1248,59.620,77.200,59.46,77.51,935.55,24072.0,0.0,0.0
1249,59.620,77.200,59.46,77.51,935.55,24778.0,602.0,602.0
1250,59.620,77.200,59.46,77.51,935.55,25286.0,432.0,432.0
1251,59.620,77.200,59.46,77.51,935.55,24757.0,1162.0,1162.0
1252,59.620,77.200,59.46,77.51,935.55,24284.0,456.0,456.0
1253,59.620,77.200,59.46,77.51,935.55,25260.0,330.0,330.0
1254,59.620,77.200,59.46,77.51,935.55,25196.0,83.0,83.0
1255,59.620,77.200,59.46,77.51,935.55,23679.0,451.0,451.0
1256,59.620,77.200,59.46,77.51,935.55,23264.0,0.0,0.0
1257,59.620,77.200,59.46,77.51,935.55,23830.0,0.0,0.0
1258,59.620,77.200,59.46,77.51,935.55,23987.0,0.0,0.0
1259,59.620,77.200,59.46,77.51,935.55,25760.0,1546.0,1546.0
1260,59.620,77.200,59.46,77.51,935.55,24440.0,0.0,0.0
1261,59.620,77.200,59.46,77.51,935.55,25853.0,782.0,782.0
1262,59.620,77.200,59.46,77.51,935.55,25421.0,436.0,436.0
1263,59.620,77.200,59.46,77.51,935.55,23404.0,0.0,0.0
1264,59.620,77.200,59.46,77.51,935.55,24732.0,969.0,969.0
1265,59.620,77.200,59.46,77.51,935.55,24667.0,0.0,0.0
1266,59.620,77.200,59.46,77.51,935.55,23918.0,0.0,0.0
1267,59.620,77.200,59.46,77.51,935.55,25035.0,202.0,202.0
1268,59.620,77.200,59.46,77.51,935.55,26318.0,2115.0,2115.0
1269,59.620,77.200,59.46,77.51,935.55,29597.0,5383.0,5383.0
1270,59.620,77.200,59.46,77.51,935.55,33112.0,7252.0,7252.0
1271,59.620,77.200,59.46,77.51,935.55,41965.0,15442.0,15442.0
1272,59.620,77.200,59.46,77.51,935.55,43210.0,17063.0,17063.0
1273,59.620,77.200,59.46,77.51,935.55,44511.0,17850.0,17850.0
1274,59.620,77.200,59.46,77.51,935.55,41924.0,15436.0,15436.0
1275,59.620,77.200,59.46,77.51,935.55,57712.0,29356.0,29356.0
1276,59.620,77.200,59.46,77.51,935.55,29705.0,4294.0,4294.0
1277,59.620,77.200,59.46,77.51,935.55,29650.0,3881.0,3881.0
1278,59.620,77.200,59.46,77.51,935.55,42052.0,15508.0,15508.0
1279,59.620,77.200,59.46,77.51,935.55,55798.0,26482.0,26482.0
1280,59.620,77.200,59.46,77.51,935.55,40863.0,13869.0,13869.0
1281,59.620,77.200,59.46,77.51,935.55,52317.0,24105.0,24105.0
1282,59.620,77.200,59.46,77.51,935.55,49822.0,22520.0,22520.0
1283,59.620,77.200,59.46,77.51,935.55,45021.0,17606.0,17606.0
1284,59.620,77.200,59.46,77.51,935.55,47696.0,20378.0,20378.0
1285,59.620,77.200,59.46,77.51,935.55,51493.0,24222.0,24222.0
1286,59.620,77.200,59.46,77.51,935.55,48689.0,21195.0,21195.0
1287,59.620,77.200,59.46,77.51,935.55,49941.0,22710.0,22710.0
1288,59.620,77.200,59.46,77.51,935.55,44968.0,16925.0,16925.0
1289,59.620,77.200,59.46,77.51,935.55,50837.0,23879.0,23879.0
1290,59.620,77.200,59.46,77.51,935.55,51103.0,23182.0,23182.0
1291,59.620,77.200,59.46,77.51,935.55,48461.0,21219.0,21219.0
1292,59.620,77.200,59.46,77.51,935.55,39417.0,13351.0,13351.0
1293,59.620,77.200,59.46,77.51,935.55,41750.0,15409.0,15409.0
1294,59.620,77.200,59.46,77.51,935.55,48552.0,21592.0,21592.0
1295,59.620,77.200,59.46,77.51,935.55,46272.0,19807.0,19807.0
1296,59.620,77.200,59.46,77.51,935.55,53586.0,25597.0,25597.0
1297,59.620,77.200,59.46,77.51,935.55,55875.0,28108.0,28108.0
1298,59.620,77.200,59.46,77.51,935.55,42216.0,15380.0,15380.0
1299,59.620,77.200,59.46,77.51,935.55,50452.0,23078.0,23078.0
1300,59.620,77.200,59.46,77.51,935.55,52847.0,25346.0,25346.0
1301,59.620,77.200,59.46,77.51,935.55,47756.0,20148.0,20148.0
1302,59.620,77.200,59.46,77.51,935.55,38846.0,12628.0,12628.0
1303,59.620,77.200,59.46,77.51,935.55,38084.0,11445.0,11445.0
1304,59.620,77.200,59.46,77.51,935.55,37526.0,11125.0,11125.0
1305,59.620,77.200,59.46,77.51,935.55,47670.0,21026.0,21026.0
1306,59.620,77.200,59.46,77.51,935.55,48339.0,21377.0,21377.0
1307,59.620,77.200,59.46,77.51,935.55,34626.0,8508.0,8508.0
1308,59.620,77.200,59.46,77.51,935.55,51901.0,23707.0,23707.0
1309,59.620,77.200,59.46,77.51,935.55,54717.0,27302.0,27302.0
1310,59.620,77.200,59.46,77.51,935.55,58315.0,29557.0,29557.0
1311,59.620,77.200,59.46,77.51,935.55,53439.0,25722.0,25722.0
1312,59.620,77.200,59.46,77.51,935.55,42867.0,16520.0,16520.0
1313,59.620,77.200,59.46,77.51,935.55,32270.0,7325.0,7325.0
1314,59.620,77.200,59.46,77.51,935.55,28512.0,3307.0,3307.0
1315,59.620,77.200,59.46,77.51,935.55,29138.0,4543.0,4543.0
1316,59.620,77.200,59.46,77.51,935.55,34402.0,8876.0,8876.0
1317,59.620,77.200,59.46,77.51,935.55,30386.0,5107.0,5107.0
1318,59.620,77.200,59.46,77.51,935.55,34624.0,9012.0,9012.0
1319,59.620,77.200,59.46,77.51,935.55,39082.0,12840.0,12840.0
1320,59.620,77.200,59.46,77.51,935.55,33303.0,7863.0,7863.0
1321,59.620,77.200,59.46,77.51,935.55,31956.0,7151.0,7151.0
1322,59.620,77.200,59.46,77.51,935.55,31716.0,6708.0,6708.0
1323,59.620,77.200,59.46,77.51,935.55,31319.0,5685.0,5685.0
1324,59.620,77.200,59.46,77.51,935.55,35377.0,9674.0,9674.0
1325,59.620,77.200,59.46,77.51,935.55,33219.0,8071.0,8071.0
1326,59.620,77.200,59.46,77.51,935.55,30250.0,5371.0,5371.0
1327,59.620,77.200,59.46,77.51,935.55,28981.0,4163.0,4163.0
1328,59.620,77.200,59.46,77.51,935.55,30065.0,4183.0,4183.0
1329,59.620,77.200,59.46,77.51,935.55,29553.0,4868.0,4868.0
1330,59.620,77.200,59.46,77.51,935.55,29973.0,3405.0,3405.0
1331,59.620,77.200,59.46,77.51,935.55,32799.0,7141.0,7141.0
1332,59.620,77.200,59.46,77.51,935.55,30145.0,4340.0,4340.0
1333,59.620,77.200,59.46,77.51,935.55,34692.0,9606.0,9606.0
1334,59.620,77.200,59.46,77.51,935.55,34175.0,7817.0,7817.0
1335,59.620,77.200,59.46,77.51,935.55,31172.0,3859.0,3859.0
1336,59.620,77.200,59.46,77.51,935.55,29913.0,1682.0,1682.0
1337,59.620,77.200,59.46,77.51,935.55,32802.0,3657.0,3657.0
1338,59.620,77.200,59.46,77.51,935.55,33094.0,5243.0,5243.0
1339,59.620,77.200,59.46,77.51,935.55,34419.0,6078.0,6078.0
1340,59.620,77.200,59.46,77.51,935.55,33125.0,4853.0,4853.0
1341,59.620,77.200,59.46,77.51,935.55,32022.0,3570.0,3570.0
1342,59.620,77.200,59.46,77.51,935.55,38045.0,8844.0,8844.0
1343,59.620,77.200,59.46,77.51,935.55,39262.0,11166.0,11166.0
1344,59.620,77.200,59.46,77.51,935.55,36986.0,8407.0,8407.0
1345,59.620,77.200,59.46,77.51,935.55,53039.0,22022.0,22022.0
1346,59.620,77.200,59.46,77.51,935.55,36012.0,8086.0,8086.0
1347,59.620,77.200,59.46,77.51,935.55,46999.0,17678.0,17678.0
1348,59.620,77.200,59.46,77.51,935.55,51978.0,21451.0,21451.0
1349,59.620,77.200,59.46,77.51,935.55,49835.0,19764.0,19764.0
1350,59.620,77.200,59.46,77.51,935.55,39847.0,12806.0,12806.0
1351,59.620,77.200,59.46,77.51,935.55,45392.0,15897.0,15897.0
1352,59.620,77.200,59.46,77.51,935.55,50813.0,21323.0,21323.0
1353,59.620,77.200,59.46,77.51,935.55,45306.0,16233.0,16233.0
1354,59.620,77.200,59.46,77.51,935.55,53606.0,23389.0,23389.0
1355,59.620,77.200,59.46,77.51,935.55,47212.0,17583.0,17583.0
1356,59.620,77.200,59.46,77.51,935.55,54755.0,23869.0,23869.0
1357,59.620,77.200,59.46,77.51,935.55,45939.0,16477.0,16477.0
1358,59.620,77.200,59.46,77.51,935.55,56890.0,25490.0,25490.0
1359,59.620,77.200,59.46,77.51,935.55,52848.0,22678.0,22678.0
1360,59.620,77.200,59.46,77.51,935.55,53107.0,23079.0,23079.0
1361,59.620,77.200,59.46,77.51,935.55,49978.0,19138.0,19138.0
1362,59.620,77.200,59.46,77.51,935.55,65535.0,26623.0,26623.0
1363,59.620,77.200,59.46,77.51,935.55,65535.0,26111.0,26111.0
1364,59.620,77.200,59.46,77.51,935.55,60036.0,27743.0,27743.0
1365,59.620,77.200,59.46,77.51,935.55,38205.0,10157.0,10157.0
1366,59.620,77.200,59.46,77.51,935.55,32376.0,4787.0,4787.0
1367,59.620,77.200,59.46,77.51,935.55,33224.0,5466.0,5466.0
1368,59.620,77.200,59.46,77.51,935.55,31849.0,4342.0,4342.0
1369,59.620,77.200,59.46,77.51,935.55,36879.0,8327.0,8327.0
1370,59.620,77.200,59.46,77.51,935.55,42913.0,13698.0,13698.0
1371,59.620,77.200,59.46,77.51,935.55,55339.0,25144.0,25144.0
1372,59.620,77.200,59.46,77.51,935.55,57363.0,26703.0,26703.0
1373,59.620,77.200,59.46,77.51,935.55,50973.0,21962.0,21962.0
1374,59.620,77.200,59.46,77.51,935.55,40613.0,12220.0,12220.0
1375,59.620,77.200,59.46,77.51,935.55,36258.0,7649.0,7649.0
1376,59.620,77.200,59.46,77.51,935.55,48108.0,18821.0,18821.0
1377,59.620,77.200,59.46,77.51,935.55,39987.0,11866.0,11866.0
1378,59.620,77.200,59.46,77.51,935.55,31175.0,2869.0,2869.0
1379,59.620,77.200,59.46,77.51,935.55,29455.0,1472.0,1472.0
1380,59.620,77.200,59.46,77.51,935.55,43252.0,14167.0,14167.0
1381,59.620,77.200,59.46,77.51,935.55,38009.0,10301.0,10301.0
1382,59.620,77.200,59.46,77.51,935.55,43612.0,14881.0,14881.0
1383,59.620,77.200,59.46,77.51,935.55,59463.0,27679.0,27679.0
1384,59.620,77.200,59.46,77.51,935.55,36646.0,8862.0,8862.0
1385,59.620,77.200,59.46,77.51,935.55,38075.0,9402.0,9402.0
1386,59.620,77.200,59.46,77.51,935.55,31878.0,4811.0,4811.0
1387,59.620,77.200,59.46,77.51,935.55,29680.0,2397.0,2397.0
1388,59.620,77.200,59.46,77.51,935.55,32461.0,4880.0,4880.0
1389,59.620,77.200,59.46,77.51,935.55,29537.0,1944.0,1944.0
1390,59.620,77.200,59.46,77.51,935.55,33639.0,4745.0,4745.0
1391,59.620,77.200,59.46,77.51,935.55,31311.0,4322.0,4322.0
1392,59.620,77.200,59.46,77.51,935.55,29544.0,3259.0,3259.0
1393,59.620,77.200,59.46,77.51,935.55,31145.0,6583.0,6583.0
1394,59.620,77.200,59.46,77.51,935.55,31842.0,7557.0,7557.0
1395,59.620,77.200,59.46,77.51,935.55,34390.0,8947.0,8947.0
1396,59.620,77.200,59.46,77.51,935.55,34558.0,9727.0,9727.0
1397,59.620,77.200,59.46,77.51,935.55,43152.0,16285.0,16285.0
1398,59.620,77.200,59.46,77.51,935.55,42089.0,15772.0,15772.0
1399,59.620,77.200,59.46,77.51,935.55,43187.0,16487.0,16487.0
1400,59.620,77.200,59.46,77.51,935.55,34062.0,8643.0,8643.0
1401,59.620,77.200,59.46,77.51,935.55,44018.0,16909.0,16909.0
1402,59.620,77.200,59.46,77.51,935.55,50291.0,22070.0,22070.0
1403,59.620,77.200,59.46,77.51,935.55,37965.0,12174.0,12174.0
1404,59.620,77.200,59.46,77.51,935.55,27692.0,2638.0,2638.0
1405,59.620,77.200,59.46,77.51,935.55,54456.0,26738.0,26738.0
1406,59.620,77.200,59.46,77.51,935.55,46365.0,18781.0,18781.0
1407,59.620,77.200,59.46,77.51,935.55,40573.0,13702.0,13702.0
1408,59.620,77.200,59.46,77.51,935.55,30931.0,5379.0,5379.0
1409,59.620,77.200,59.46,77.51,935.55,31930.0,6920.0,6920.0
1410,59.620,77.200,59.46,77.51,935.55,44008.0,16643.0,16643.0
1411,59.620,77.200,59.46,77.51,935.55,45003.0,17860.0,17860.0
1412,59.620,77.200,59.46,77.51,935.55,40489.0,13348.0,13348.0
1413,59.620,77.200,59.46,77.51,935.55,34350.0,8494.0,8494.0
1414,59.620,77.200,59.46,77.51,935.55,33235.0,8182.0,8182.0
1415,59.620,77.200,59.46,77.51,935.55,31674.0,6550.0,6550.0
1416,59.620,77.200,59.46,77.51,935.55,29866.0,3978.0,3978.0
1417,59.620,77.200,59.46,77.51,935.55,30962.0,5849.0,5849.0
1418,59.620,77.200,59.46,77.51,935.55,43583.0,17832.0,17832.0
1419,59.620,77.200,59.46,77.51,935.55,30675.0,6170.0,6170.0
1420,59.620,77.200,59.46,77.51,935.55,33509.0,8033.0,8033.0
1421,59.620,77.200,59.46,77.51,935.55,29539.0,5520.0,5520.0
1422,59.620,77.200,59.46,77.51,935.55,32296.0,7430.0,7430.0
1423,59.620,77.200,59.46,77.51,935.55,37046.0,9472.0,9472.0
1424,59.620,77.200,59.46,77.51,935.55,40475.0,14626.0,14626.0
1425,59.620,77.200,59.46,77.51,935.55,47834.0,20036.0,20036.0
1426,59.620,77.200,59.46,77.51,935.55,31009.0,5986.0,5986.0
1427,59.620,77.200,59.46,77.51,935.55,29279.0,4373.0,4373.0
1428,59.620,77.200,59.46,77.51,935.55,31021.0,5547.0,5547.0
1429,59.620,77.200,59.46,77.51,935.55,32279.0,6740.0,6740.0
1430,59.620,77.200,59.46,77.51,935.55,28170.0,3279.0,3279.0
1431,59.620,77.200,59.46,77.51,935.55,29567.0,4383.0,4383.0
1432,59.620,77.200,59.46,77.51,935.55,29188.0,3523.0,3523.0
1433,59.620,77.200,59.46,77.51,935.55,28465.0,4016.0,4016.0
1434,59.620,77.200,59.46,77.51,935.55,30135.0,5806.0,5806.0
1435,59.620,77.200,59.46,77.51,935.55,31234.0,6391.0,6391.0
1436,59.620,77.200,59.46,77.51,935.55,29447.0,4644.0,4644.0
1437,59.620,77.200,59.46,77.51,935.55,28510.0,2517.0,2517.0
1438,59.620,77.200,59.46,77.51,935.55,28454.0,2955.0,2955.0
1439,59.620,77.200,59.46,77.51,935.55,30189.0,4693.0,4693.0
1440,59.620,77.200,59.46,77.51,935.55,28308.0,3073.0,3073.0
1441,59.620,77.200,59.46,77.51,935.55,27924.0,3316.0,3316.0
1442,59.620,77.200,59.46,77.51,935.55,33383.0,8799.0,8799.0
1443,59.620,77.200,59.46,77.51,935.55,31417.0,6871.0,6871.0
1444,59.620,77.200,59.45,77.55,935.55,34627.0,9810.0,9810.0
1445,59.620,77.200,59.35,77.27,935.55,33101.0,8064.0,8064.0
1446,59.620,77.200,59.4,77.43,935.55,36112.0,8849.0,8849.0
1447,59.620,77.200,59.39,77.29,935.55,34706.0,8674.0,8674.0
1448,59.620,77.200,59.46,77.51,935.55,33631.0,6923.0,6923.0
1449,59.620,77.200,59.4,77.43,935.55,33704.0,8259.0,8259.0
1450,59.620,77.200,59.46,77.51,935.55,34000.0,8004.0,8004.0
1451,59.620,77.200,59.46,77.51,935.55,31657.0,6031.0,6031.0
1452,59.620,77.200,59.22,77.23,935.55,34043.0,8915.0,8915.0
1453,59.620,77.200,59.64,77.45,935.55,33708.0,8245.0,8245.0
1454,59.620,77.200,59.54,77.33,935.55,36217.0,9414.0,9414.0
1455,59.620,77.200,59.46,77.51,935.55,32632.0,7194.0,7194.0
1456,59.620,77.200,59.56,77.53,935.55,33245.0,7959.0,7959.0
1457,59.620,77.200,59.39,77.18,935.55,31512.0,6997.0,6997.0
1458,59.620,77.200,59.49,77.02,935.55,33957.0,7424.0,7424.0
1459,59.620,77.200,59.67,77.49,935.55,38016.0,11144.0,11144.0
1460,59.620,77.200,59.61,77.15,935.55,34240.0,8035.0,8035.0
1461,59.620,77.200,59.76,77.25,935.55,35647.0,9818.0,9818.0
1462,59.620,77.200,59.54,77.32,935.55,33926.0,7974.0,7974.0
1463,59.620,77.200,59.5,77.23,935.55,36159.0,10032.0,10032.0
1464,59.620,77.200,59.56,77.34,935.55,33990.0,7878.0,7878.0
1465,59.620,77.200,59.52,77.36,935.55,36223.0,10067.0,10067.0
1466,59.620,77.200,59.51,77.43,935.55,36221.0,10087.0,10087.0
1467,59.620,77.200,59.65,77.27,935.55,38207.0,10178.0,10178.0
1468,59.620,77.200,59.58,77.21,935.55,36539.0,9718.0,9718.0
1469,59.620,77.200,59.57,77.36,935.55,38814.0,11328.0,11328.0
1470,59.620,77.200,59.51,77.33,935.55,36007.0,9735.0,9735.0
1471,59.620,77.200,58.96,77.42,935.55,35768.0,9171.0,9171.0
1472,59.620,77.200,59.59,77.44,935.55,35555.0,9037.0,9037.0
1473,59.620,77.200,59.56,77.28,935.55,39365.0,12460.0,12460.0
1474,59.620,77.200,59.48,77.29,935.55,40202.0,13582.0,13582.0
1475,59.620,77.200,59.49,77.3,935.55,34908.0,9114.0,9114.0
1476,59.620,77.200,59.42,77.51,935.55,35583.0,9589.0,9589.0
1477,59.620,77.200,59.67,74.88,935.55,58817.0,24667.0,24667.0
1478,59.620,77.200,58.79,76.12,935.55,65535.0,28827.0,28827.0
1479,59.620,77.200,58.93,76.31,935.55,65535.0,30840.0,30840.0
1480,59.620,77.200,58.87,75.52,935.55,64765.0,29555.0,29555.0
1481,59.620,77.200,59.77,74.74,935.55,59147.0,25909.0,25909.0
1482,59.620,77.200,58.17,76.56,935.55,55928.0,20468.0,20468.0
1483,59.620,77.200,59.58,77.14,935.55,65535.0,29555.0,29555.0
1484,59.620,77.200,59.65,77.08,935.55,65535.0,28827.0,28827.0
1485,59.620,77.200,58.98,76.1,935.55,65535.0,28640.0,28640.0
1486,59.620,77.200,59.62,77.08,935.55,64374.0,29233.0,29233.0
1487,59.620,77.200,59.6,77.16,935.55,65535.0,29555.0,29555.0
1488,59.620,77.200,58.33,75.54,935.55,65535.0,27516.0,27516.0
1489,59.620,77.200,59.62,77.33,935.55,65535.0,28995.0,28995.0
1490,59.620,77.200,59.58,77.03,935.55,65535.0,30840.0,30840.0
1491,59.620,77.200,59.55,77.18,935.55,65535.0,29555.0,29555.0
1492,59.620,77.200,58.3,76.4,935.55,65535.0,28270.0,28270.0
1493,59.620,77.200,59.67,77.07,935.55,65535.0,30840.0,30840.0
1494,59.620,77.200,59.56,77.24,935.55,65535.0,30255.0,30255.0
1495,59.620,77.200,59.52,77.18,935.55,65535.0,30087.0,30087.0
1496,59.620,77.200,59.49,77.39,935.55,65535.0,29325.0,29325.0
1497,59.620,77.200,59.51,77.26,935.55,65535.0,30255.0,30255.0
1498,59.620,77.200,59.55,77.34,935.55,65535.0,29749.0,29749.0
1499,59.620,77.200,59.63,77.33,935.55,65535.0,28695.0,28695.0
1500,59.620,77.200,59.62,77.2,935.55,65535.0,29285.0,29285.0
