id,avg_x,avg_y,x,y,bg,Square_intensity,circular_intensity,Gaussian_intensity
505,80.760,159.250,80.87,159.47,1179.92,25346.0,0.0,0.0
506,80.760,159.250,80.87,159.47,1179.92,23425.0,0.0,0.0
507,80.760,159.250,80.87,159.47,1179.92,24110.0,0.0,0.0
508,80.760,159.250,80.87,159.47,1179.92,24667.0,230.0,230.0
509,80.760,159.250,80.87,159.47,1179.92,23787.0,0.0,0.0
510,80.760,159.250,80.87,159.47,1179.92,24431.0,0.0,0.0
511,80.760,159.250,80.87,159.47,1179.92,25402.0,265.0,265.0
512,80.760,159.250,80.87,159.47,1179.92,23752.0,0.0,0.0
513,80.760,159.250,80.87,159.47,1179.92,24579.0,0.0,0.0
514,80.760,159.250,80.87,159.47,1179.92,25400.0,593.0,593.0
515,80.760,159.250,80.87,159.47,1179.92,25483.0,259.0,259.0
516,80.760,159.250,80.87,159.47,1179.92,24129.0,252.0,252.0
517,80.760,159.250,80.87,159.47,1179.92,23909.0,0.0,0.0
518,80.760,159.250,80.87,159.47,1179.92,25157.0,0.0,0.0
519,80.760,159.250,80.87,159.47,1179.92,25330.0,0.0,0.0
520,80.760,159.250,80.87,159.47,1179.92,23538.0,0.0,0.0
521,80.760,159.250,80.87,159.47,1179.92,23577.0,0.0,0.0
522,80.760,159.250,80.87,159.47,1179.92,23627.0,0.0,0.0
523,80.760,159.250,80.87,159.47,1179.92,24951.0,0.0,0.0
524,80.760,159.250,80.87,159.47,1179.92,25247.0,685.0,685.0
525,80.760,159.250,80.87,159.47,1179.92,24444.0,0.0,0.0
526,80.760,159.250,80.87,159.47,1179.92,24170.0,0.0,0.0
527,80.760,159.250,80.87,159.47,1179.92,24761.0,76.0,76.0
528,80.760,159.250,80.87,159.47,1179.92,23808.0,0.0,0.0
529,80.760,159.250,80.87,159.47,1179.92,22604.0,0.0,0.0
530,80.760,159.250,80.87,159.47,1179.92,25054.0,0.0,0.0
531,80.760,159.250,80.87,159.47,1179.92,23777.0,0.0,0.0
532,80.760,159.250,80.87,159.47,1179.92,25104.0,0.0,0.0
533,80.760,159.250,80.87,159.47,1179.92,25121.0,750.0,750.0
534,80.760,159.250,80.87,159.47,1179.92,25033.0,270.0,270.0
535,80.760,159.250,80.87,159.47,1179.92,25308.0,358.0,358.0
536,80.760,159.250,80.87,159.47,1179.92,23797.0,0.0,0.0
537,80.760,159.250,80.87,159.47,1179.92,24618.0,28.0,28.0
538,80.760,159.250,80.87,159.47,1179.92,25321.0,313.0,313.0
539,80.760,159.250,80.87,159.47,1179.92,25451.0,835.0,835.0
540,80.760,159.250,80.87,159.47,1179.92,25979.0,868.0,868.0
541,80.760,159.250,80.87,159.47,1179.92,25072.0,0.0,0.0
542,80.760,159.250,80.87,159.47,1179.92,24729.0,0.0,0.0
543,80.760,159.250,80.87,159.47,1179.92,24457.0,299.0,299.0
544,80.760,159.250,80.87,159.47,1179.92,25010.0,0.0,0.0
545,80.760,159.250,80.87,159.47,1179.92,25114.0,212.0,212.0
546,80.760,159.250,80.87,159.47,1179.92,24399.0,0.0,0.0
547,80.760,159.250,80.87,159.47,1179.92,26901.0,1436.0,1436.0
548,80.760,159.250,80.87,159.47,1179.92,25461.0,0.0,0.0
549,80.760,159.250,80.87,159.47,1179.92,23220.0,0.0,0.0
550,80.760,159.250,80.87,159.47,1179.92,24580.0,0.0,0.0
551,80.760,159.250,80.87,159.47,1179.92,25451.0,373.0,373.0
552,80.760,159.250,80.87,159.47,1179.92,26709.0,942.0,942.0
553,80.760,159.250,80.87,159.47,1179.92,25090.0,0.0,0.0
554,80.760,159.250,80.87,159.47,1179.92,25892.0,0.0,0.0
555,80.760,159.250,80.87,159.47,1179.92,25277.0,846.0,846.0
556,80.760,159.250,80.87,159.47,1179.92,23888.0,0.0,0.0
557,80.760,159.250,80.87,159.47,1179.92,24063.0,0.0,0.0
558,80.760,159.250,80.87,159.47,1179.92,23968.0,0.0,0.0
559,80.760,159.250,80.87,159.47,1179.92,25163.0,196.0,196.0
560,80.760,159.250,80.87,159.47,1179.92,24651.0,0.0,0.0
561,80.760,159.250,80.87,159.47,1179.92,24181.0,0.0,0.0
562,80.760,159.250,80.87,159.47,1179.92,24245.0,0.0,0.0
563,80.760,159.250,80.87,159.47,1179.92,22678.0,0.0,0.0
564,80.760,159.250,80.87,159.47,1179.92,25427.0,0.0,0.0
565,80.760,159.250,80.87,159.47,1179.92,25211.0,0.0,0.0
566,80.760,159.250,80.87,159.47,1179.92,25371.0,405.0,405.0
567,80.760,159.250,80.87,159.47,1179.92,24308.0,0.0,0.0
568,80.760,159.250,80.87,159.47,1179.92,24248.0,0.0,0.0
569,80.760,159.250,80.87,159.47,1179.92,24147.0,0.0,0.0
570,80.760,159.250,80.87,159.47,1179.92,25563.0,0.0,0.0
571,80.760,159.250,80.87,159.47,1179.92,23025.0,0.0,0.0
572,80.760,159.250,80.87,159.47,1179.92,27264.0,1455.0,1455.0
573,80.760,159.250,80.87,159.47,1179.92,25336.0,761.0,761.0
574,80.760,159.250,80.87,159.47,1179.92,25706.0,690.0,690.0
575,80.760,159.250,80.87,159.47,1179.92,24537.0,0.0,0.0
576,80.760,159.250,80.87,159.47,1179.92,25478.0,448.0,448.0
577,80.760,159.250,80.87,159.47,1179.92,24734.0,207.0,207.0
578,80.760,159.250,80.87,159.47,1179.92,25689.0,761.0,761.0
579,80.760,159.250,80.87,159.47,1179.92,25160.0,192.0,192.0
580,80.760,159.250,80.87,159.47,1179.92,24273.0,0.0,0.0
581,80.760,159.250,80.87,159.47,1179.92,23589.0,0.0,0.0
582,80.760,159.250,80.87,159.47,1179.92,26847.0,1575.0,1575.0
583,80.760,159.250,80.87,159.47,1179.92,24387.0,0.0,0.0
584,80.760,159.250,80.87,159.47,1179.92,27016.0,1542.0,1542.0
585,80.760,159.250,80.87,159.47,1179.92,24282.0,0.0,0.0
586,80.760,159.250,80.87,159.47,1179.92,26180.0,946.0,946.0
587,80.760,159.250,80.87,159.47,1179.92,25044.0,0.0,0.0
588,80.760,159.250,80.87,159.47,1179.92,22471.0,0.0,0.0
589,80.760,159.250,80.87,159.47,1179.92,25191.0,580.0,580.0
590,80.760,159.250,80.87,159.47,1179.92,23981.0,0.0,0.0
591,80.760,159.250,80.87,159.47,1179.92,25678.0,1451.0,1451.0
592,80.760,159.250,80.87,159.47,1179.92,24395.0,0.0,0.0
593,80.760,159.250,80.87,159.47,1179.92,24201.0,746.0,746.0
594,80.760,159.250,80.87,159.47,1179.92,24227.0,61.0,61.0
595,80.760,159.250,80.87,159.47,1179.92,26048.0,1060.0,1060.0
596,80.760,159.250,80.87,159.47,1179.92,25211.0,235.0,235.0
597,80.760,159.250,80.87,159.47,1179.92,26129.0,518.0,518.0
598,80.760,159.250,80.87,159.47,1179.92,24212.0,0.0,0.0
599,80.760,159.250,80.87,159.47,1179.92,26240.0,1474.0,1474.0
600,80.760,159.250,80.87,159.47,1179.92,25036.0,0.0,0.0
601,80.760,159.250,80.87,159.47,1179.92,24831.0,814.0,814.0
602,80.760,159.250,80.87,159.47,1179.92,25255.0,455.0,455.0
603,80.760,159.250,80.87,159.47,1179.92,23200.0,0.0,0.0
604,80.760,159.250,80.87,159.47,1179.92,25440.0,131.0,131.0
605,80.760,159.250,80.87,159.47,1179.92,24693.0,207.0,207.0
606,80.760,159.250,80.87,159.47,1179.92,24109.0,0.0,0.0
607,80.760,159.250,80.87,159.47,1179.92,24519.0,0.0,0.0
608,80.760,159.250,80.87,159.47,1179.92,23966.0,0.0,0.0
609,80.760,159.250,80.87,159.47,1179.92,24077.0,0.0,0.0
610,80.760,159.250,80.87,159.47,1179.92,25672.0,411.0,411.0
611,80.760,159.250,80.87,159.47,1179.92,23513.0,0.0,0.0
612,80.760,159.250,80.87,159.47,1179.92,23903.0,0.0,0.0
613,80.760,159.250,80.87,159.47,1179.92,25542.0,407.0,407.0
614,80.760,159.250,80.87,159.47,1179.92,23820.0,0.0,0.0
615,80.760,159.250,80.87,159.47,1179.92,25295.0,0.0,0.0
616,80.760,159.250,80.87,159.47,1179.92,25072.0,45.0,45.0
617,80.760,159.250,80.87,159.47,1179.92,24347.0,0.0,0.0
618,80.760,159.250,80.87,159.47,1179.92,22566.0,0.0,0.0
619,80.760,159.250,80.87,159.47,1179.92,25686.0,0.0,0.0
620,80.760,159.250,80.87,159.47,1179.92,24627.0,313.0,313.0
621,80.760,159.250,80.87,159.47,1179.92,25935.0,533.0,533.0
622,80.760,159.250,80.87,159.47,1179.92,25490.0,419.0,419.0
623,80.760,159.250,80.87,159.47,1179.92,25364.0,1112.0,1112.0
624,80.760,159.250,80.87,159.47,1179.92,24932.0,0.0,0.0
625,80.760,159.250,80.87,159.47,1179.92,23165.0,0.0,0.0
626,80.760,159.250,80.87,159.47,1179.92,24838.0,883.0,883.0
627,80.760,159.250,80.87,159.47,1179.92,25375.0,15.0,15.0
628,80.760,159.250,80.87,159.47,1179.92,26107.0,860.0,860.0
629,80.760,159.250,80.87,159.47,1179.92,23157.0,0.0,0.0
630,80.760,159.250,80.87,159.47,1179.92,24800.0,0.0,0.0
631,80.760,159.250,80.87,159.47,1179.92,24308.0,74.0,74.0
632,80.760,159.250,80.87,159.47,1179.92,24546.0,0.0,0.0
633,80.760,159.250,80.87,159.47,1179.92,25156.0,545.0,545.0
634,80.760,159.250,80.87,159.47,1179.92,23814.0,0.0,0.0
635,80.760,159.250,80.87,159.47,1179.92,25107.0,430.0,430.0
636,80.760,159.250,80.87,159.47,1179.92,24942.0,0.0,0.0
637,80.760,159.250,80.87,159.47,1179.92,25428.0,1339.0,1339.0
638,80.760,159.250,80.87,159.47,1179.92,23418.0,0.0,0.0
639,80.760,159.250,80.87,159.47,1179.92,25018.0,698.0,698.0
640,80.760,159.250,80.87,159.47,1179.92,25305.0,0.0,0.0
641,80.760,159.250,80.87,159.47,1179.92,24371.0,0.0,0.0
642,80.760,159.250,80.87,159.47,1179.92,24191.0,0.0,0.0
643,80.760,159.250,80.87,159.47,1179.92,25355.0,0.0,0.0
644,80.760,159.250,80.87,159.47,1179.92,23987.0,0.0,0.0
645,80.760,159.250,80.87,159.47,1179.92,24924.0,244.0,244.0
646,80.760,159.250,80.87,159.47,1179.92,22242.0,0.0,0.0
647,80.760,159.250,80.87,159.47,1179.92,25034.0,455.0,455.0
648,80.760,159.250,80.87,159.47,1179.92,25282.0,467.0,467.0
649,80.760,159.250,80.87,159.47,1179.92,23745.0,0.0,0.0
650,80.760,159.250,80.87,159.47,1179.92,24018.0,0.0,0.0
651,80.760,159.250,80.87,159.47,1179.92,24878.0,0.0,0.0
652,80.760,159.250,80.87,159.47,1179.92,25699.0,1038.0,1038.0
653,80.760,159.250,80.87,159.47,1179.92,25450.0,577.0,577.0
654,80.760,159.250,80.87,159.47,1179.92,25065.0,386.0,386.0
655,80.760,159.250,80.87,159.47,1179.92,22791.0,0.0,0.0
656,80.760,159.250,80.87,159.47,1179.92,24608.0,0.0,0.0
657,80.760,159.250,80.87,159.47,1179.92,23800.0,0.0,0.0
658,80.760,159.250,80.87,159.47,1179.92,24445.0,0.0,0.0
659,80.760,159.250,80.87,159.47,1179.92,25360.0,641.0,641.0
660,80.760,159.250,80.87,159.47,1179.92,24963.0,0.0,0.0
661,80.760,159.250,80.87,159.47,1179.92,25074.0,1325.0,1325.0
662,80.760,159.250,80.87,159.47,1179.92,23923.0,0.0,0.0
663,80.760,159.250,80.87,159.47,1179.92,25930.0,723.0,723.0
664,80.760,159.250,80.87,159.47,1179.92,23769.0,0.0,0.0
665,80.760,159.250,80.87,159.47,1179.92,25224.0,837.0,837.0
666,80.760,159.250,80.87,159.47,1179.92,24519.0,0.0,0.0
667,80.760,159.250,80.87,159.47,1179.92,23244.0,0.0,0.0
668,80.760,159.250,80.87,159.47,1179.92,23970.0,0.0,0.0
669,80.760,159.250,80.87,159.47,1179.92,24697.0,809.0,809.0
670,80.760,159.250,80.87,159.47,1179.92,26292.0,665.0,665.0
671,80.760,159.250,80.87,159.47,1179.92,25747.0,928.0,928.0
672,80.760,159.250,80.87,159.47,1179.92,25190.0,360.0,360.0
673,80.760,159.250,80.87,159.47,1179.92,23699.0,0.0,0.0
674,80.760,159.250,80.87,159.47,1179.92,23999.0,0.0,0.0
675,80.760,159.250,80.87,159.47,1179.92,24514.0,0.0,0.0
676,80.760,159.250,80.87,159.47,1179.92,25739.0,1416.0,1416.0
677,80.760,159.250,80.87,159.47,1179.92,23680.0,0.0,0.0
678,80.760,159.250,80.87,159.47,1179.92,24126.0,0.0,0.0
679,80.760,159.250,80.87,159.47,1179.92,25338.0,343.0,343.0
680,80.760,159.250,80.87,159.47,1179.92,24523.0,0.0,0.0
681,80.760,159.250,80.87,159.47,1179.92,23235.0,0.0,0.0
682,80.760,159.250,80.87,159.47,1179.92,23863.0,0.0,0.0
683,80.760,159.250,80.87,159.47,1179.92,24084.0,0.0,0.0
684,80.760,159.250,80.87,159.47,1179.92,24175.0,0.0,0.0
685,80.760,159.250,80.87,159.47,1179.92,24372.0,186.0,186.0
686,80.760,159.250,80.87,159.47,1179.92,25287.0,833.0,833.0
687,80.760,159.250,80.87,159.47,1179.92,22317.0,0.0,0.0
688,80.760,159.250,80.87,159.47,1179.92,24307.0,0.0,0.0
689,80.760,159.250,80.87,159.47,1179.92,24410.0,0.0,0.0
690,80.760,159.250,80.87,159.47,1179.92,25028.0,0.0,0.0
691,80.760,159.250,80.87,159.47,1179.92,24995.0,354.0,354.0
692,80.760,159.250,80.87,159.47,1179.92,25792.0,211.0,211.0
693,80.760,159.250,80.87,159.47,1179.92,24629.0,233.0,233.0
694,80.760,159.250,80.87,159.47,1179.92,25632.0,995.0,995.0
695,80.760,159.250,80.87,159.47,1179.92,26014.0,323.0,323.0
696,80.760,159.250,80.87,159.47,1179.92,24286.0,0.0,0.0
697,80.760,159.250,80.87,159.47,1179.92,25416.0,0.0,0.0
698,80.760,159.250,80.87,159.47,1179.92,23834.0,0.0,0.0
699,80.760,159.250,80.87,159.47,1179.92,26055.0,140.0,140.0
700,80.760,159.250,80.87,159.47,1179.92,24304.0,0.0,0.0
701,80.760,159.250,80.87,159.47,1179.92,26145.0,0.0,0.0
702,80.760,159.250,80.87,159.47,1179.92,23219.0,0.0,0.0
703,80.760,159.250,80.87,159.47,1179.92,24658.0,0.0,0.0
704,80.760,159.250,80.87,159.47,1179.92,25865.0,0.0,0.0
705,80.760,159.250,80.87,159.47,1179.92,44605.0,14353.0,14353.0
706,80.760,159.250,80.87,159.47,1179.92,24380.0,0.0,0.0
707,80.760,159.250,80.87,159.47,1179.92,24553.0,0.0,0.0
708,80.760,159.250,80.87,159.47,1179.92,23800.0,0.0,0.0
709,80.760,159.250,80.87,159.47,1179.92,23891.0,0.0,0.0
710,80.760,159.250,80.87,159.47,1179.92,24222.0,0.0,0.0
711,80.760,159.250,80.87,159.47,1179.92,22975.0,0.0,0.0
712,80.760,159.250,80.87,159.47,1179.92,25904.0,0.0,0.0
713,80.760,159.250,80.87,159.47,1179.92,23342.0,0.0,0.0
714,80.760,159.250,80.87,159.47,1179.92,25598.0,0.0,0.0
715,80.760,159.250,80.87,159.47,1179.92,24621.0,0.0,0.0
716,80.760,159.250,80.87,159.47,1179.92,25404.0,0.0,0.0
717,80.760,159.250,80.87,159.47,1179.92,25717.0,0.0,0.0
718,80.760,159.250,80.87,159.47,1179.92,26144.0,0.0,0.0
719,80.760,159.250,80.87,159.47,1179.92,24772.0,0.0,0.0
720,80.760,159.250,80.87,159.47,1179.92,24723.0,0.0,0.0
721,80.760,159.250,80.87,159.47,1179.92,24970.0,0.0,0.0
722,80.760,159.250,80.87,159.47,1179.92,25858.0,0.0,0.0
723,80.760,159.250,80.87,159.47,1179.92,24979.0,0.0,0.0
724,80.760,159.250,80.87,159.47,1179.92,22905.0,0.0,0.0
725,80.760,159.250,80.87,159.47,1179.92,26029.0,0.0,0.0
726,80.760,159.250,80.87,159.47,1179.92,26560.0,0.0,0.0
727,80.760,159.250,80.87,159.47,1179.92,25539.0,0.0,0.0
728,80.760,159.250,80.87,159.47,1179.92,23964.0,0.0,0.0
729,80.760,159.250,80.87,159.47,1179.92,23687.0,0.0,0.0
730,80.760,159.250,80.87,159.47,1179.92,25485.0,0.0,0.0
731,80.760,159.250,80.87,159.47,1179.92,25203.0,0.0,0.0
732,80.760,159.250,80.87,159.47,1179.92,24848.0,0.0,0.0
733,80.760,159.250,80.87,159.47,1179.92,25308.0,0.0,0.0
734,80.760,159.250,80.87,159.47,1179.92,23459.0,0.0,0.0
735,80.760,159.250,80.87,159.47,1179.92,23869.0,0.0,0.0
736,80.760,159.250,80.87,159.47,1179.92,25673.0,0.0,0.0
737,80.760,159.250,80.87,159.47,1179.92,25433.0,0.0,0.0
738,80.760,159.250,80.87,159.47,1179.92,25174.0,0.0,0.0
739,80.760,159.250,80.87,159.47,1179.92,24391.0,0.0,0.0
740,80.760,159.250,80.87,159.47,1179.92,24840.0,0.0,0.0
741,80.760,159.250,80.87,159.47,1179.92,25610.0,0.0,0.0
742,80.760,159.250,80.87,159.47,1179.92,25521.0,0.0,0.0
743,80.760,159.250,80.87,159.47,1179.92,24802.0,0.0,0.0
744,80.760,159.250,80.87,159.47,1179.92,26377.0,0.0,0.0
745,80.760,159.250,80.87,159.47,1179.92,27124.0,0.0,0.0
746,80.760,159.250,80.87,159.47,1179.92,25338.0,0.0,0.0
747,80.760,159.250,80.87,159.47,1179.92,25718.0,0.0,0.0
748,80.760,159.250,80.87,159.47,1179.92,26837.0,0.0,0.0
749,80.760,159.250,80.87,159.47,1179.92,24322.0,0.0,0.0
750,80.760,159.250,80.87,159.47,1179.92,24673.0,0.0,0.0
751,80.760,159.250,80.87,159.47,1179.92,22118.0,0.0,0.0
752,80.760,159.250,80.87,159.47,1179.92,24555.0,0.0,0.0
753,80.760,159.250,80.87,159.47,1179.92,24781.0,0.0,0.0
754,80.760,159.250,80.87,159.47,1179.92,25921.0,340.0,340.0
755,80.760,159.250,80.87,159.47,1179.92,25304.0,0.0,0.0
756,80.760,159.250,80.87,159.47,1179.92,26521.0,1544.0,1544.0
757,80.760,159.250,80.87,159.47,1179.92,25811.0,0.0,0.0
758,80.760,159.250,80.87,159.47,1179.92,25019.0,0.0,0.0
759,80.760,159.250,80.87,159.47,1179.92,25929.0,0.0,0.0
760,80.760,159.250,80.87,159.47,1179.92,25883.0,0.0,0.0
761,80.760,159.250,80.87,159.47,1179.92,25758.0,0.0,0.0
762,80.760,159.250,80.87,159.47,1179.92,25720.0,0.0,0.0
763,80.760,159.250,80.87,159.47,1179.92,25130.0,0.0,0.0
764,80.760,159.250,80.87,159.47,1179.92,24316.0,0.0,0.0
765,80.760,159.250,80.87,159.47,1179.92,24251.0,0.0,0.0
766,80.760,159.250,80.87,159.47,1179.92,24691.0,0.0,0.0
767,80.760,159.250,80.87,159.47,1179.92,24088.0,0.0,0.0
768,80.760,159.250,80.87,159.47,1179.92,24928.0,0.0,0.0
769,80.760,159.250,80.87,159.47,1179.92,26111.0,0.0,0.0
770,80.760,159.250,80.87,159.47,1179.92,26128.0,0.0,0.0
771,80.760,159.250,80.87,159.47,1179.92,26554.0,550.0,550.0
772,80.760,159.250,80.87,159.47,1179.92,25201.0,0.0,0.0
773,80.760,159.250,80.87,159.47,1179.92,22669.0,0.0,0.0
774,80.760,159.250,80.87,159.47,1179.92,26580.0,0.0,0.0
775,80.760,159.250,80.87,159.47,1179.92,24417.0,0.0,0.0
776,80.760,159.250,80.87,159.47,1179.92,25274.0,0.0,0.0
777,80.760,159.250,80.87,159.47,1179.92,25141.0,0.0,0.0
778,80.760,159.250,80.87,159.47,1179.92,23445.0,0.0,0.0
779,80.760,159.250,80.87,159.47,1179.92,23393.0,0.0,0.0
780,80.760,159.250,80.87,159.47,1179.92,24730.0,0.0,0.0
781,80.760,159.250,80.87,159.47,1179.92,24575.0,0.0,0.0
782,80.760,159.250,80.87,159.47,1179.92,23960.0,0.0,0.0
783,80.760,159.250,80.87,159.47,1179.92,23586.0,0.0,0.0
784,80.760,159.250,80.87,159.47,1179.92,25480.0,0.0,0.0
785,80.760,159.250,80.87,159.47,1179.92,24965.0,0.0,0.0
786,80.760,159.250,80.87,159.47,1179.92,24944.0,0.0,0.0
787,80.760,159.250,80.87,159.47,1179.92,23488.0,0.0,0.0
788,80.760,159.250,80.87,159.47,1179.92,24542.0,0.0,0.0
789,80.760,159.250,80.87,159.47,1179.92,24044.0,0.0,0.0
790,80.760,159.250,80.87,159.47,1179.92,24173.0,0.0,0.0
791,80.760,159.250,80.87,159.47,1179.92,25938.0,0.0,0.0
792,80.760,159.250,80.87,159.47,1179.92,22237.0,0.0,0.0
793,80.760,159.250,80.87,159.47,1179.92,22947.0,0.0,0.0
794,80.760,159.250,80.87,159.47,1179.92,24443.0,0.0,0.0
795,80.760,159.250,80.87,159.47,1179.92,23643.0,0.0,0.0
796,80.760,159.250,80.87,159.47,1179.92,23660.0,0.0,0.0
797,80.760,159.250,80.87,159.47,1179.92,24847.0,0.0,0.0
798,80.760,159.250,80.87,159.47,1179.92,25262.0,0.0,0.0
799,80.760,159.250,80.87,159.47,1179.92,24258.0,0.0,0.0
800,80.760,159.250,80.87,159.47,1179.92,25322.0,0.0,0.0
801,80.760,159.250,80.87,159.47,1179.92,25472.0,0.0,0.0
802,80.760,159.250,80.87,159.47,1179.92,24173.0,0.0,0.0
803,80.760,159.250,80.87,159.47,1179.92,27546.0,622.0,622.0
804,80.760,159.250,80.87,159.47,1179.92,24583.0,0.0,0.0
805,80.760,159.250,80.87,159.47,1179.92,24040.0,0.0,0.0
806,80.760,159.250,80.87,159.47,1179.92,24546.0,0.0,0.0
807,80.760,159.250,80.87,159.47,1179.92,25247.0,0.0,0.0
808,80.760,159.250,80.87,159.47,1179.92,26120.0,475.0,475.0
809,80.760,159.250,80.87,159.47,1179.92,23996.0,0.0,0.0
810,80.760,159.250,80.87,159.47,1179.92,23722.0,0.0,0.0
811,80.760,159.250,80.87,159.47,1179.92,24583.0,0.0,0.0
812,80.760,159.250,80.87,159.47,1179.92,24531.0,0.0,0.0
813,80.760,159.250,80.87,159.47,1179.92,24516.0,0.0,0.0
814,80.760,159.250,80.87,159.47,1179.92,25023.0,0.0,0.0
815,80.760,159.250,80.87,159.47,1179.92,25086.0,0.0,0.0
816,80.760,159.250,80.87,159.47,1179.92,23909.0,0.0,0.0
817,80.760,159.250,80.87,159.47,1179.92,25118.0,0.0,0.0
818,80.760,159.250,80.87,159.47,1179.92,25605.0,0.0,0.0
819,80.760,159.250,80.87,159.47,1179.92,23754.0,0.0,0.0
820,80.760,159.250,80.87,159.47,1179.92,24193.0,0.0,0.0
821,80.760,159.250,80.87,159.47,1179.92,23787.0,0.0,0.0
822,80.760,159.250,80.87,159.47,1179.92,26299.0,211.0,211.0
823,80.760,159.250,80.87,159.47,1179.92,24757.0,0.0,0.0
824,80.760,159.250,80.87,159.47,1179.92,25065.0,0.0,0.0
825,80.760,159.250,80.87,159.47,1179.92,24966.0,0.0,0.0
826,80.760,159.250,80.87,159.47,1179.92,25885.0,0.0,0.0
827,80.760,159.250,80.87,159.47,1179.92,25334.0,0.0,0.0
828,80.760,159.250,80.87,159.47,1179.92,25250.0,0.0,0.0
829,80.760,159.250,80.87,159.47,1179.92,26191.0,0.0,0.0
830,80.760,159.250,80.87,159.47,1179.92,23479.0,0.0,0.0
831,80.760,159.250,80.87,159.47,1179.92,25290.0,0.0,0.0
832,80.760,159.250,80.87,159.47,1179.92,25216.0,0.0,0.0
833,80.760,159.250,80.87,159.47,1179.92,26996.0,625.0,625.0
834,80.760,159.250,80.87,159.47,1179.92,24844.0,0.0,0.0
835,80.760,159.250,80.87,159.47,1179.92,24356.0,0.0,0.0
836,80.760,159.250,80.87,159.47,1179.92,25744.0,0.0,0.0
837,80.760,159.250,80.87,159.47,1179.92,26238.0,0.0,0.0
838,80.760,159.250,80.87,159.47,1179.92,23963.0,0.0,0.0
839,80.760,159.250,80.87,159.47,1179.92,25286.0,434.0,434.0
840,80.760,159.250,80.87,159.47,1179.92,23642.0,0.0,0.0
841,80.760,159.250,80.87,159.47,1179.92,24530.0,0.0,0.0
842,80.760,159.250,80.87,159.47,1179.92,23933.0,0.0,0.0
843,80.760,159.250,80.87,159.47,1179.92,25215.0,0.0,0.0
844,80.760,159.250,80.87,159.47,1179.92,25272.0,0.0,0.0
845,80.760,159.250,80.87,159.47,1179.92,24572.0,0.0,0.0
846,80.760,159.250,80.87,159.47,1179.92,25667.0,0.0,0.0
847,80.760,159.250,80.87,159.47,1179.92,24550.0,0.0,0.0
848,80.760,159.250,80.87,159.47,1179.92,24424.0,0.0,0.0
849,80.760,159.250,80.87,159.47,1179.92,25632.0,0.0,0.0
850,80.760,159.250,80.87,159.47,1179.92,25326.0,0.0,0.0
851,80.760,159.250,80.87,159.47,1179.92,25638.0,0.0,0.0
852,80.760,159.250,80.87,159.47,1179.92,25173.0,0.0,0.0
853,80.760,159.250,80.87,159.47,1179.92,25687.0,0.0,0.0
854,80.760,159.250,80.87,159.47,1179.92,24904.0,0.0,0.0
855,80.760,159.250,80.87,159.47,1179.92,26440.0,0.0,0.0
856,80.760,159.250,80.87,159.47,1179.92,25960.0,0.0,0.0
857,80.760,159.250,80.87,159.47,1179.92,24841.0,0.0,0.0
858,80.760,159.250,80.87,159.47,1179.92,22973.0,0.0,0.0
859,80.760,159.250,80.87,159.47,1179.92,25160.0,0.0,0.0
860,80.760,159.250,80.87,159.47,1179.92,25150.0,0.0,0.0
861,80.760,159.250,80.87,159.47,1179.92,23474.0,0.0,0.0
862,80.760,159.250,80.87,159.47,1179.92,24887.0,0.0,0.0
863,80.760,159.250,80.87,159.47,1179.92,24384.0,0.0,0.0
864,80.760,159.250,80.87,159.47,1179.92,25309.0,0.0,0.0
865,80.760,159.250,80.87,159.47,1179.92,25333.0,0.0,0.0
866,80.760,159.250,80.87,159.47,1179.92,24779.0,0.0,0.0
867,80.760,159.250,80.87,159.47,1179.92,26467.0,0.0,0.0
868,80.760,159.250,80.87,159.47,1179.92,24351.0,0.0,0.0
869,80.760,159.250,80.87,159.47,1179.92,25391.0,0.0,0.0
870,80.760,159.250,80.87,159.47,1179.92,23622.0,0.0,0.0
871,80.760,159.250,80.87,159.47,1179.92,25051.0,0.0,0.0
872,80.760,159.250,80.87,159.47,1179.92,24127.0,0.0,0.0
873,80.760,159.250,80.87,159.47,1179.92,24547.0,0.0,0.0
874,80.760,159.250,80.87,159.47,1179.92,25433.0,0.0,0.0
875,80.760,159.250,80.87,159.47,1179.92,25128.0,0.0,0.0
876,80.760,159.250,80.87,159.47,1179.92,24757.0,0.0,0.0
877,80.760,159.250,80.87,159.47,1179.92,24201.0,0.0,0.0
878,80.760,159.250,80.87,159.47,1179.92,24728.0,0.0,0.0
879,80.760,159.250,80.87,159.47,1179.92,25343.0,0.0,0.0
880,80.760,159.250,80.87,159.47,1179.92,24551.0,0.0,0.0
881,80.760,159.250,80.87,159.47,1179.92,26190.0,0.0,0.0
882,80.760,159.250,80.87,159.47,1179.92,25952.0,0.0,0.0
883,80.760,159.250,80.87,159.47,1179.92,22323.0,0.0,0.0
884,80.760,159.250,80.87,159.47,1179.92,24071.0,0.0,0.0
885,80.760,159.250,80.87,159.47,1179.92,26268.0,0.0,0.0
886,80.760,159.250,80.87,159.47,1179.92,25589.0,0.0,0.0
887,80.760,159.250,80.87,159.47,1179.92,23061.0,0.0,0.0
888,80.760,159.250,80.87,159.47,1179.92,24392.0,0.0,0.0
889,80.760,159.250,80.87,159.47,1179.92,24766.0,0.0,0.0
890,80.760,159.250,80.87,159.47,1179.92,24813.0,0.0,0.0
891,80.760,159.250,80.87,159.47,1179.92,23020.0,0.0,0.0
892,80.760,159.250,80.87,159.47,1179.92,23753.0,0.0,0.0
893,80.760,159.250,80.87,159.47,1179.92,23343.0,0.0,0.0
894,80.760,159.250,80.87,159.47,1179.92,24056.0,0.0,0.0
895,80.760,159.250,80.87,159.47,1179.92,23412.0,0.0,0.0
896,80.760,159.250,80.87,159.47,1179.92,23544.0,0.0,0.0
897,80.760,159.250,80.87,159.47,1179.92,24313.0,0.0,0.0
898,80.760,159.250,80.87,159.47,1179.92,26098.0,337.0,337.0
899,80.760,159.250,80.87,159.47,1179.92,25179.0,0.0,0.0
900,80.760,159.250,80.87,159.47,1179.92,24936.0,0.0,0.0
901,80.760,159.250,80.87,159.47,1179.92,25908.0,0.0,0.0
902,80.760,159.250,80.87,159.47,1179.92,24762.0,0.0,0.0
903,80.760,159.250,80.87,159.47,1179.92,25430.0,0.0,0.0
904,80.760,159.250,80.87,159.47,1179.92,24882.0,0.0,0.0
905,80.760,159.250,80.87,159.47,1179.92,23757.0,0.0,0.0
906,80.760,159.250,80.87,159.47,1179.92,25562.0,0.0,0.0
907,80.760,159.250,80.87,159.47,1179.92,24659.0,0.0,0.0
908,80.760,159.250,80.87,159.47,1179.92,26453.0,0.0,0.0
909,80.760,159.250,80.87,159.47,1179.92,25909.0,0.0,0.0
910,80.760,159.250,80.87,159.47,1179.92,26315.0,0.0,0.0
911,80.760,159.250,80.87,159.47,1179.92,24227.0,0.0,0.0
912,80.760,159.250,80.87,159.47,1179.92,25035.0,0.0,0.0
913,80.760,159.250,80.87,159.47,1179.92,23903.0,0.0,0.0
914,80.760,159.250,80.87,159.47,1179.92,24120.0,0.0,0.0
915,80.760,159.250,80.87,159.47,1179.92,25937.0,0.0,0.0
916,80.760,159.250,80.87,159.47,1179.92,25467.0,0.0,0.0
917,80.760,159.250,80.87,159.47,1179.92,24091.0,0.0,0.0
918,80.760,159.250,80.87,159.47,1179.92,25629.0,0.0,0.0
919,80.760,159.250,80.87,159.47,1179.92,23809.0,0.0,0.0
920,80.760,159.250,80.87,159.47,1179.92,23319.0,0.0,0.0
921,80.760,159.250,80.87,159.47,1179.92,26579.0,358.0,358.0
922,80.760,159.250,80.87,159.47,1179.92,24026.0,0.0,0.0
923,80.760,159.250,80.87,159.47,1179.92,25011.0,0.0,0.0
924,80.760,159.250,80.87,159.47,1179.92,23614.0,0.0,0.0
925,80.760,159.250,80.87,159.47,1179.92,23750.0,0.0,0.0
926,80.760,159.250,80.87,159.47,1179.92,25448.0,0.0,0.0
927,80.760,159.250,80.87,159.47,1179.92,23868.0,0.0,0.0
928,80.760,159.250,80.87,159.47,1179.92,24751.0,0.0,0.0
929,80.760,159.250,80.87,159.47,1179.92,25271.0,0.0,0.0
930,80.760,159.250,80.87,159.47,1179.92,24271.0,0.0,0.0
931,80.760,159.250,80.87,159.47,1179.92,25694.0,0.0,0.0
932,80.760,159.250,80.87,159.47,1179.92,25136.0,0.0,0.0
933,80.760,159.250,80.87,159.47,1179.92,23588.0,0.0,0.0
934,80.760,159.250,80.87,159.47,1179.92,22956.0,0.0,0.0
935,80.760,159.250,80.87,159.47,1179.92,24281.0,0.0,0.0
936,80.760,159.250,80.87,159.47,1179.92,26517.0,343.0,343.0
937,80.760,159.250,80.87,159.47,1179.92,24279.0,0.0,0.0
938,80.760,159.250,80.87,159.47,1179.92,24818.0,0.0,0.0
939,80.760,159.250,80.87,159.47,1179.92,26180.0,0.0,0.0
940,80.760,159.250,80.87,159.47,1179.92,26998.0,0.0,0.0
941,80.760,159.250,80.87,159.47,1179.92,24645.0,0.0,0.0
942,80.760,159.250,80.87,159.47,1179.92,24979.0,0.0,0.0
943,80.760,159.250,80.87,159.47,1179.92,26949.0,0.0,0.0
944,80.760,159.250,80.87,159.47,1179.92,24726.0,0.0,0.0
945,80.760,159.250,80.87,159.47,1179.92,24401.0,0.0,0.0
946,80.760,159.250,80.87,159.47,1179.92,24625.0,0.0,0.0
947,80.760,159.250,80.87,159.47,1179.92,25551.0,0.0,0.0
948,80.760,159.250,80.87,159.47,1179.92,25533.0,0.0,0.0
949,80.760,159.250,80.87,159.47,1179.92,26036.0,0.0,0.0
950,80.760,159.250,80.87,159.47,1179.92,23886.0,0.0,0.0
951,80.760,159.250,80.87,159.47,1179.92,26204.0,0.0,0.0
952,80.760,159.250,80.87,159.47,1179.92,25933.0,0.0,0.0
953,80.760,159.250,80.87,159.47,1179.92,22735.0,0.0,0.0
954,80.760,159.250,80.87,159.47,1179.92,26548.0,0.0,0.0
955,80.760,159.250,80.87,159.47,1179.92,24719.0,0.0,0.0
956,80.760,159.250,80.87,159.47,1179.92,25265.0,0.0,0.0
957,80.760,159.250,80.87,159.47,1179.92,24774.0,0.0,0.0
958,80.760,159.250,80.87,159.47,1179.92,25261.0,0.0,0.0
959,80.760,159.250,80.87,159.47,1179.92,25908.0,0.0,0.0
960,80.760,159.250,80.87,159.47,1179.92,24031.0,0.0,0.0
961,80.760,159.250,80.87,159.47,1179.92,23933.0,0.0,0.0
962,80.760,159.250,80.87,159.47,1179.92,24694.0,0.0,0.0
963,80.760,159.250,80.87,159.47,1179.92,24130.0,0.0,0.0
964,80.760,159.250,80.87,159.47,1179.92,24331.0,0.0,0.0
965,80.760,159.250,80.87,159.47,1179.92,23606.0,0.0,0.0
966,80.760,159.250,80.87,159.47,1179.92,23795.0,0.0,0.0
967,80.760,159.250,80.87,159.47,1179.92,25182.0,0.0,0.0
968,80.760,159.250,80.87,159.47,1179.92,25415.0,0.0,0.0
969,80.760,159.250,80.87,159.47,1179.92,23922.0,0.0,0.0
970,80.760,159.250,80.87,159.47,1179.92,24749.0,0.0,0.0
971,80.760,159.250,80.87,159.47,1179.92,24222.0,0.0,0.0
972,80.760,159.250,80.87,159.47,1179.92,25868.0,0.0,0.0
973,80.760,159.250,80.87,159.47,1179.92,24197.0,0.0,0.0
974,80.760,159.250,80.87,159.47,1179.92,25025.0,0.0,0.0
975,80.760,159.250,80.87,159.47,1179.92,25721.0,114.0,114.0
976,80.760,159.250,80.87,159.47,1179.92,24360.0,0.0,0.0
977,80.760,159.250,80.87,159.47,1179.92,24982.0,0.0,0.0
978,80.760,159.250,80.87,159.47,1179.92,27318.0,606.0,606.0
979,80.760,159.250,80.87,159.47,1179.92,24030.0,0.0,0.0
980,80.760,159.250,80.87,159.47,1179.92,24545.0,0.0,0.0
981,80.760,159.250,80.87,159.47,1179.92,24767.0,0.0,0.0
982,80.760,159.250,80.87,159.47,1179.92,24445.0,0.0,0.0
983,80.760,159.250,80.87,159.47,1179.92,24599.0,0.0,0.0
984,80.760,159.250,80.87,159.47,1179.92,25473.0,0.0,0.0
985,80.760,159.250,80.87,159.47,1179.92,24601.0,0.0,0.0
986,80.760,159.250,80.87,159.47,1179.92,24452.0,0.0,0.0
987,80.760,159.250,80.87,159.47,1179.92,26449.0,105.0,105.0
988,80.760,159.250,80.87,159.47,1179.92,27402.0,0.0,0.0
989,80.760,159.250,80.87,159.47,1179.92,25601.0,0.0,0.0
990,80.760,159.250,80.87,159.47,1179.92,25725.0,0.0,0.0
991,80.760,159.250,80.87,159.47,1179.92,24772.0,0.0,0.0
992,80.760,159.250,80.87,159.47,1179.92,24753.0,0.0,0.0
993,80.760,159.250,80.87,159.47,1179.92,23378.0,0.0,0.0
994,80.760,159.250,80.87,159.47,1179.92,25226.0,28.0,28.0
995,80.760,159.250,80.87,159.47,1179.92,23137.0,0.0,0.0
996,80.760,159.250,80.87,159.47,1179.92,25052.0,0.0,0.0
997,80.760,159.250,80.87,159.47,1179.92,24231.0,0.0,0.0
998,80.760,159.250,80.87,159.47,1179.92,23954.0,0.0,0.0
999,80.760,159.250,80.87,159.47,1179.92,24107.0,0.0,0.0
1000,80.760,159.250,80.87,159.47,1179.92,25565.0,0.0,0.0
1001,80.760,159.250,80.87,159.47,1179.92,26307.0,0.0,0.0
1002,80.760,159.250,80.87,159.47,1179.92,25544.0,408.0,408.0
1003,80.760,159.250,80.87,159.47,1179.92,23739.0,0.0,0.0
1004,80.760,159.250,80.87,159.47,1179.92,30880.0,4729.0,4729.0
1005,80.760,159.250,80.87,159.47,1179.92,41408.0,12324.0,12324.0
1006,80.760,159.250,80.57,159.38,1179.92,37643.0,10724.0,10724.0
1007,80.760,159.250,80.84,159.54,1179.92,40678.0,13646.0,13646.0
1008,80.760,159.250,80.94,159.41,1179.92,40519.0,12773.0,12773.0
1009,80.760,159.250,80.64,159.44,1179.92,42286.0,14358.0,14358.0
1010,80.760,159.250,80.84,159.52,1179.92,39007.0,11488.0,11488.0
1011,80.760,159.250,80.7,159.28,1179.92,40356.0,11632.0,11632.0
1012,80.760,159.250,80.82,159.43,1179.92,38732.0,9926.0,9926.0
1013,80.760,159.250,80.65,159.36,1179.92,40809.0,13510.0,13510.0
1014,80.760,159.250,80.63,159.36,1179.92,39658.0,10855.0,10855.0
1015,80.760,159.250,80.64,159.43,1179.92,42085.0,13934.0,13934.0
1016,80.760,159.250,80.63,159.51,1179.92,38581.0,10884.0,10884.0
1017,80.760,159.250,80.98,159.15,1179.92,40530.0,11986.0,11986.0
1018,80.760,159.250,80.85,159.27,1179.92,42137.0,12501.0,12501.0
1019,80.760,159.250,80.82,159.12,1179.92,43449.0,14502.0,14502.0
1020,80.760,159.250,80.77,159.36,1179.92,42004.0,13145.0,13145.0
1021,80.760,159.250,80.9,159.25,1179.92,43856.0,14074.0,14074.0
1022,80.760,159.250,80.85,159.5,1179.92,44142.0,14341.0,14341.0
1023,80.760,159.250,80.86,159.43,1179.92,40827.0,12481.0,12481.0
1024,80.760,159.250,80.6,159.45,1179.92,38875.0,10750.0,10750.0
1025,80.760,159.250,80.9,159.35,1179.92,40105.0,12679.0,12679.0
1026,80.760,159.250,80.82,159.07,1179.92,41253.0,13265.0,13265.0
1027,80.760,159.250,80.94,159.31,1179.92,38989.0,10887.0,10887.0
1028,80.760,159.250,80.89,159.35,1179.92,40015.0,10077.0,10077.0
1029,80.760,159.250,80.77,159.3,1179.92,39117.0,10645.0,10645.0
1030,80.760,159.250,80.89,159.16,1179.92,40692.0,12621.0,12621.0
1031,80.760,159.250,80.92,159.27,1179.92,41565.0,13039.0,13039.0
1032,80.760,159.250,80.72,159.53,1179.92,41540.0,12604.0,12604.0
1033,80.760,159.250,80.64,159.53,1179.92,38582.0,10206.0,10206.0
1034,80.760,159.250,80.91,159.52,1179.92,40504.0,11735.0,11735.0
1035,80.760,159.250,80.96,159.62,1179.92,38312.0,9611.0,9611.0
1036,80.760,159.250,80.9,159.32,1179.92,39882.0,11609.0,11609.0
1037,80.760,159.250,80.88,159.43,1179.92,41207.0,13855.0,13855.0
1038,80.760,159.250,80.78,159.4,1179.92,41830.0,12862.0,12862.0
1039,80.760,159.250,80.72,159.42,1179.92,40794.0,11164.0,11164.0
1040,80.760,159.250,80.92,159.54,1179.92,40000.0,11768.0,11768.0
1041,80.760,159.250,81.08,159.32,1179.92,40789.0,10217.0,10217.0
1042,80.760,159.250,80.77,159.42,1179.92,42540.0,14575.0,14575.0
1043,80.760,159.250,80.76,159.25,1179.92,40739.0,12450.0,12450.0
1044,80.760,159.250,80.74,159.39,1179.92,41674.0,14800.0,14800.0
1045,80.760,159.250,80.81,159.42,1179.92,36707.0,9381.0,9381.0
1046,80.760,159.250,80.71,159.45,1179.92,38538.0,10405.0,10405.0
1047,80.760,159.250,80.85,159.35,1179.92,43054.0,13939.0,13939.0
1048,80.760,159.250,80.78,159.32,1179.92,40739.0,12110.0,12110.0
1049,80.760,159.250,80.65,159.28,1179.92,42914.0,15453.0,15453.0
1050,80.760,159.250,80.65,159.48,1179.92,40759.0,12939.0,12939.0
1051,80.760,159.250,80.76,159.4,1179.92,39334.0,11644.0,11644.0
1052,80.760,159.250,80.81,159.42,1179.92,40266.0,12156.0,12156.0
1053,80.760,159.250,80.78,159.44,1179.92,43120.0,14410.0,14410.0
1054,80.760,159.250,80.73,159.42,1179.92,39982.0,11706.0,11706.0
1055,80.760,159.250,80.74,159.47,1179.92,41550.0,12605.0,12605.0
1056,80.760,159.250,80.59,159.56,1179.92,39134.0,10770.0,10770.0
1057,80.760,159.250,80.7,159.24,1179.92,41103.0,12836.0,12836.0
1058,80.760,159.250,80.99,159.56,1179.92,39659.0,10694.0,10694.0
1059,80.760,159.250,80.8,159.58,1179.92,43791.0,13656.0,13656.0
1060,80.760,159.250,80.97,159.43,1179.92,41792.0,13779.0,13779.0
1061,80.760,159.250,80.53,159.43,1179.92,42920.0,13765.0,13765.0
1062,80.760,159.250,80.57,159.37,1179.92,41891.0,12811.0,12811.0
1063,80.760,159.250,81,159.58,1179.92,42764.0,13065.0,13065.0
1064,80.760,159.250,80.72,159.37,1179.92,38849.0,11753.0,11753.0
1065,80.760,159.250,80.8,159.27,1179.92,41923.0,13056.0,13056.0
1066,80.760,159.250,80.68,159.45,1179.92,40380.0,11823.0,11823.0
1067,80.760,159.250,80.91,159.27,1179.92,39471.0,10654.0,10654.0
1068,80.760,159.250,80.85,159.5,1179.92,39910.0,11554.0,11554.0
1069,80.760,159.250,80.64,159.51,1179.92,39605.0,10629.0,10629.0
1070,80.760,159.250,80.81,159.38,1179.92,41569.0,12771.0,12771.0
1071,80.760,159.250,80.61,159.41,1179.92,39150.0,12533.0,12533.0
1072,80.760,159.250,80.8,159.18,1179.92,40945.0,12689.0,12689.0
1073,80.760,159.250,80.66,159.5,1179.92,41946.0,12944.0,12944.0
1074,80.760,159.250,80.32,159.65,1179.92,39614.0,11569.0,11569.0
1075,80.760,159.250,80.73,159.51,1179.92,42325.0,14458.0,14458.0
1076,80.760,159.250,80.79,159.48,1179.92,43345.0,14191.0,14191.0
1077,80.760,159.250,80.73,159.36,1179.92,40611.0,12640.0,12640.0
1078,80.760,159.250,80.74,159.35,1179.92,40135.0,12931.0,12931.0
1079,80.760,159.250,80.79,159.42,1179.92,39012.0,10541.0,10541.0
1080,80.760,159.250,80.84,159.29,1179.92,39925.0,12535.0,12535.0
1081,80.760,159.250,80.72,159.57,1179.92,38756.0,11294.0,11294.0
1082,80.760,159.250,80.89,159.22,1179.92,37379.0,8796.0,8796.0
1083,80.760,159.250,80.97,159.29,1179.92,43007.0,14032.0,14032.0
1084,80.760,159.250,80.7,159.48,1179.92,36586.0,9290.0,9290.0
1085,80.760,159.250,80.84,159.45,1179.92,40514.0,13340.0,13340.0
1086,80.760,159.250,80.97,159.22,1179.92,38876.0,11437.0,11437.0
1087,80.760,159.250,80.93,159.42,1179.92,38097.0,10395.0,10395.0
1088,80.760,159.250,80.93,159.4,1179.92,42975.0,13819.0,13819.0
1089,80.760,159.250,80.61,159.4,1179.92,43584.0,14995.0,14995.0
1090,80.760,159.250,80.83,159.1,1179.92,39374.0,11517.0,11517.0
1091,80.760,159.250,80.8,159.42,1179.92,41313.0,12415.0,12415.0
1092,80.760,159.250,80.76,159.25,1179.92,41458.0,12217.0,12217.0
1093,80.760,159.250,80.76,159.25,1179.92,26736.0,539.0,539.0
1094,80.760,159.250,80.76,159.25,1179.92,23998.0,0.0,0.0
1095,80.760,159.250,80.76,159.25,1179.92,26341.0,12.0,12.0
1096,80.760,159.250,80.76,159.25,1179.92,25661.0,0.0,0.0
1097,80.760,159.250,80.76,159.25,1179.92,26005.0,0.0,0.0
1098,80.760,159.250,80.76,159.25,1179.92,24257.0,0.0,0.0
1099,80.760,159.250,80.76,159.25,1179.92,23685.0,0.0,0.0
1100,80.760,159.250,80.76,159.25,1179.92,23720.0,0.0,0.0
1101,80.760,159.250,80.76,159.25,1179.92,24693.0,0.0,0.0
1102,80.760,159.250,80.76,159.25,1179.92,26505.0,141.0,141.0
1103,80.760,159.250,80.76,159.25,1179.92,23826.0,0.0,0.0
1104,80.760,159.250,80.76,159.25,1179.92,24353.0,0.0,0.0
1105,80.760,159.250,80.76,159.25,1179.92,24775.0,0.0,0.0
1106,80.760,159.250,80.76,159.25,1179.92,23103.0,0.0,0.0
1107,80.760,159.250,80.76,159.25,1179.92,26494.0,83.0,83.0
1108,80.760,159.250,80.76,159.25,1179.92,25148.0,0.0,0.0
1109,80.760,159.250,80.76,159.25,1179.92,23349.0,0.0,0.0
1110,80.760,159.250,80.76,159.25,1179.92,23594.0,0.0,0.0
1111,80.760,159.250,80.76,159.25,1179.92,25605.0,0.0,0.0
1112,80.760,159.250,80.76,159.25,1179.92,24555.0,0.0,0.0
1113,80.760,159.250,80.76,159.25,1179.92,24356.0,0.0,0.0
1114,80.760,159.250,80.76,159.25,1179.92,24733.0,0.0,0.0
1115,80.760,159.250,80.76,159.25,1179.92,24514.0,0.0,0.0
1116,80.760,159.250,80.76,159.25,1179.92,24936.0,0.0,0.0
1117,80.760,159.250,80.76,159.25,1179.92,27215.0,301.0,301.0
1118,80.760,159.250,80.76,159.25,1179.92,24397.0,0.0,0.0
1119,80.760,159.250,80.76,159.25,1179.92,24845.0,0.0,0.0
1120,80.760,159.250,80.76,159.25,1179.92,24404.0,0.0,0.0
1121,80.760,159.250,80.76,159.25,1179.92,25306.0,0.0,0.0
1122,80.760,159.250,80.76,159.25,1179.92,25213.0,279.0,279.0
1123,80.760,159.250,80.76,159.25,1179.92,22461.0,0.0,0.0
1124,80.760,159.250,80.76,159.25,1179.92,23905.0,0.0,0.0
1125,80.760,159.250,80.76,159.25,1179.92,25046.0,0.0,0.0
1126,80.760,159.250,80.76,159.25,1179.92,23924.0,0.0,0.0
1127,80.760,159.250,80.76,159.25,1179.92,26115.0,559.0,559.0
1128,80.760,159.250,80.76,159.25,1179.92,24669.0,0.0,0.0
1129,80.760,159.250,80.76,159.25,1179.92,23846.0,0.0,0.0
1130,80.760,159.250,80.76,159.25,1179.92,24651.0,0.0,0.0
1131,80.760,159.250,80.76,159.25,1179.92,25406.0,0.0,0.0
1132,80.760,159.250,80.76,159.25,1179.92,24410.0,0.0,0.0
1133,80.760,159.250,80.76,159.25,1179.92,23784.0,0.0,0.0
1134,80.760,159.250,80.76,159.25,1179.92,24176.0,0.0,0.0
1135,80.760,159.250,80.76,159.25,1179.92,26175.0,0.0,0.0
1136,80.760,159.250,80.76,159.25,1179.92,24393.0,0.0,0.0
1137,80.760,159.250,80.76,159.25,1179.92,22611.0,0.0,0.0
1138,80.760,159.250,80.76,159.25,1179.92,23641.0,0.0,0.0
1139,80.760,159.250,80.76,159.25,1179.92,26747.0,0.0,0.0
1140,80.760,159.250,80.76,159.25,1179.92,24565.0,0.0,0.0
1141,80.760,159.250,80.76,159.25,1179.92,24778.0,0.0,0.0
1142,80.760,159.250,80.76,159.25,1179.92,24656.0,0.0,0.0
1143,80.760,159.250,80.76,159.25,1179.92,24065.0,0.0,0.0
1144,80.760,159.250,80.76,159.25,1179.92,25093.0,0.0,0.0
1145,80.760,159.250,80.76,159.25,1179.92,24307.0,0.0,0.0
1146,80.760,159.250,80.76,159.25,1179.92,24860.0,0.0,0.0
1147,80.760,159.250,80.76,159.25,1179.92,25675.0,757.0,757.0
1148,80.760,159.250,80.76,159.25,1179.92,25454.0,0.0,0.0
1149,80.760,159.250,80.76,159.25,1179.92,23995.0,0.0,0.0
1150,80.760,159.250,80.76,159.25,1179.92,24300.0,0.0,0.0
1151,80.760,159.250,80.76,159.25,1179.92,23553.0,0.0,0.0
1152,80.760,159.250,80.76,159.25,1179.92,24178.0,0.0,0.0
1153,80.760,159.250,80.76,159.25,1179.92,23359.0,0.0,0.0
1154,80.760,159.250,80.76,159.25,1179.92,24774.0,0.0,0.0
1155,80.760,159.250,80.76,159.25,1179.92,24156.0,0.0,0.0
1156,80.760,159.250,80.76,159.25,1179.92,27534.0,1376.0,1376.0
1157,80.760,159.250,80.76,159.25,1179.92,24101.0,0.0,0.0
1158,80.760,159.250,80.76,159.25,1179.92,24424.0,0.0,0.0
1159,80.760,159.250,80.76,159.25,1179.92,25815.0,0.0,0.0
1160,80.760,159.250,80.76,159.25,1179.92,25063.0,368.0,368.0
1161,80.760,159.250,80.76,159.25,1179.92,25121.0,0.0,0.0
1162,80.760,159.250,80.76,159.25,1179.92,24530.0,0.0,0.0
1163,80.760,159.250,80.76,159.25,1179.92,25045.0,0.0,0.0
1164,80.760,159.250,80.76,159.25,1179.92,26536.0,778.0,778.0
1165,80.760,159.250,80.76,159.25,1179.92,24153.0,0.0,0.0
1166,80.760,159.250,80.76,159.25,1179.92,23839.0,0.0,0.0
1167,80.760,159.250,80.76,159.25,1179.92,25123.0,0.0,0.0
1168,80.760,159.250,80.76,159.25,1179.92,24506.0,0.0,0.0
1169,80.760,159.250,80.76,159.25,1179.92,23653.0,0.0,0.0
1170,80.760,159.250,80.76,159.25,1179.92,25933.0,0.0,0.0
1171,80.760,159.250,80.76,159.25,1179.92,24035.0,0.0,0.0
1172,80.760,159.250,80.76,159.25,1179.92,25853.0,0.0,0.0
1173,80.760,159.250,80.76,159.25,1179.92,23926.0,0.0,0.0
1174,80.760,159.250,80.76,159.25,1179.92,23884.0,0.0,0.0
1175,80.760,159.250,80.76,159.25,1179.92,25144.0,0.0,0.0
1176,80.760,159.250,80.76,159.25,1179.92,25027.0,0.0,0.0
1177,80.760,159.250,80.76,159.25,1179.92,25043.0,0.0,0.0
1178,80.760,159.250,80.76,159.25,1179.92,24024.0,0.0,0.0
1179,80.760,159.250,80.76,159.25,1179.92,26220.0,0.0,0.0
1180,80.760,159.250,80.76,159.25,1179.92,25437.0,0.0,0.0
1181,80.760,159.250,80.76,159.25,1179.92,23087.0,0.0,0.0
1182,80.760,159.250,80.76,159.25,1179.92,25429.0,0.0,0.0
1183,80.760,159.250,80.76,159.25,1179.92,24048.0,0.0,0.0
1184,80.760,159.250,80.76,159.25,1179.92,24261.0,0.0,0.0
1185,80.760,159.250,80.76,159.25,1179.92,24163.0,0.0,0.0
1186,80.760,159.250,80.76,159.25,1179.92,23522.0,0.0,0.0
1187,80.760,159.250,80.76,159.25,1179.92,25789.0,0.0,0.0
1188,80.760,159.250,80.76,159.25,1179.92,25461.0,473.0,473.0
1189,80.760,159.250,80.76,159.25,1179.92,24661.0,0.0,0.0
1190,80.760,159.250,80.76,159.25,1179.92,24375.0,0.0,0.0
1191,80.760,159.250,80.76,159.25,1179.92,25129.0,0.0,0.0
1192,80.760,159.250,80.76,159.25,1179.92,24232.0,0.0,0.0
1193,80.760,159.250,80.76,159.25,1179.92,24589.0,0.0,0.0
1194,80.760,159.250,80.76,159.25,1179.92,25043.0,0.0,0.0
1195,80.760,159.250,80.76,159.25,1179.92,23913.0,0.0,0.0
1196,80.760,159.250,80.76,159.25,1179.92,24509.0,0.0,0.0
1197,80.760,159.250,80.76,159.25,1179.92,24087.0,0.0,0.0
1198,80.760,159.250,80.76,159.25,1179.92,24355.0,0.0,0.0
1199,80.760,159.250,80.76,159.25,1179.92,24553.0,0.0,0.0
1200,80.760,159.250,80.76,159.25,1179.92,25661.0,0.0,0.0
1201,80.760,159.250,80.76,159.25,1179.92,24835.0,0.0,0.0
1202,80.760,159.250,80.76,159.25,1179.92,25053.0,298.0,298.0
1203,80.760,159.250,80.76,159.25,1179.92,25501.0,0.0,0.0
1204,80.760,159.250,80.76,159.25,1179.92,26096.0,0.0,0.0
1205,80.760,159.250,80.76,159.25,1179.92,25059.0,0.0,0.0
1206,80.760,159.250,80.76,159.25,1179.92,23946.0,0.0,0.0
1207,80.760,159.250,80.76,159.25,1179.92,23864.0,0.0,0.0
1208,80.760,159.250,80.76,159.25,1179.92,24101.0,0.0,0.0
1209,80.760,159.250,80.76,159.25,1179.92,25220.0,0.0,0.0
1210,80.760,159.250,80.76,159.25,1179.92,24876.0,0.0,0.0
1211,80.760,159.250,80.76,159.25,1179.92,24139.0,0.0,0.0
1212,80.760,159.250,80.76,159.25,1179.92,24692.0,0.0,0.0
1213,80.760,159.250,80.76,159.25,1179.92,24368.0,0.0,0.0
1214,80.760,159.250,80.76,159.25,1179.92,24535.0,0.0,0.0
1215,80.760,159.250,80.76,159.25,1179.92,24524.0,0.0,0.0
1216,80.760,159.250,80.76,159.25,1179.92,24463.0,0.0,0.0
1217,80.760,159.250,80.76,159.25,1179.92,26624.0,120.0,120.0
1218,80.760,159.250,80.76,159.25,1179.92,26378.0,251.0,251.0
1219,80.760,159.250,80.76,159.25,1179.92,26263.0,0.0,0.0
1220,80.760,159.250,80.76,159.25,1179.92,26486.0,1009.0,1009.0
1221,80.760,159.250,80.76,159.25,1179.92,24811.0,0.0,0.0
1222,80.760,159.250,80.76,159.25,1179.92,24859.0,0.0,0.0
1223,80.760,159.250,80.76,159.25,1179.92,24611.0,0.0,0.0
1224,80.760,159.250,80.76,159.25,1179.92,24580.0,0.0,0.0
1225,80.760,159.250,80.76,159.25,1179.92,23960.0,0.0,0.0
1226,80.760,159.250,80.76,159.25,1179.92,23631.0,0.0,0.0
1227,80.760,159.250,80.76,159.25,1179.92,26406.0,1184.0,1184.0
1228,80.760,159.250,80.76,159.25,1179.92,25638.0,0.0,0.0
1229,80.760,159.250,80.76,159.25,1179.92,24934.0,0.0,0.0
1230,80.760,159.250,80.76,159.25,1179.92,26503.0,899.0,899.0
1231,80.760,159.250,80.76,159.25,1179.92,25909.0,0.0,0.0
1232,80.760,159.250,80.76,159.25,1179.92,23581.0,0.0,0.0
1233,80.760,159.250,80.76,159.25,1179.92,24573.0,0.0,0.0
1234,80.760,159.250,80.76,159.25,1179.92,24810.0,0.0,0.0
1235,80.760,159.250,80.76,159.25,1179.92,24287.0,0.0,0.0
1236,80.760,159.250,80.76,159.25,1179.92,24928.0,0.0,0.0
1237,80.760,159.250,80.76,159.25,1179.92,24739.0,0.0,0.0
1238,80.760,159.250,80.76,159.25,1179.92,25322.0,0.0,0.0
1239,80.760,159.250,80.76,159.25,1179.92,25310.0,0.0,0.0
1240,80.760,159.250,80.76,159.25,1179.92,25535.0,0.0,0.0
1241,80.760,159.250,80.76,159.25,1179.92,24214.0,0.0,0.0
1242,80.760,159.250,80.76,159.25,1179.92,23685.0,0.0,0.0
1243,80.760,159.250,80.76,159.25,1179.92,26567.0,239.0,239.0
1244,80.760,159.250,80.76,159.25,1179.92,25614.0,0.0,0.0
1245,80.760,159.250,80.76,159.25,1179.92,25432.0,561.0,561.0
1246,80.760,159.250,80.76,159.25,1179.92,25719.0,0.0,0.0
1247,80.760,159.250,80.76,159.25,1179.92,25481.0,0.0,0.0
1248,80.760,159.250,80.76,159.25,1179.92,24106.0,0.0,0.0
1249,80.760,159.250,80.76,159.25,1179.92,24278.0,0.0,0.0
1250,80.760,159.250,80.76,159.25,1179.92,24065.0,0.0,0.0
1251,80.760,159.250,80.76,159.25,1179.92,24443.0,0.0,0.0
1252,80.760,159.250,80.76,159.25,1179.92,24870.0,0.0,0.0
1253,80.760,159.250,80.76,159.25,1179.92,24258.0,0.0,0.0
1254,80.760,159.250,80.76,159.25,1179.92,24835.0,0.0,0.0
1255,80.760,159.250,80.76,159.25,1179.92,26254.0,0.0,0.0
1256,80.760,159.250,80.76,159.25,1179.92,24507.0,0.0,0.0
1257,80.760,159.250,80.76,159.25,1179.92,24152.0,0.0,0.0
1258,80.760,159.250,80.76,159.25,1179.92,24226.0,0.0,0.0
1259,80.760,159.250,80.76,159.25,1179.92,23874.0,0.0,0.0
1260,80.760,159.250,80.76,159.25,1179.92,25628.0,0.0,0.0
1261,80.760,159.250,80.76,159.25,1179.92,24028.0,0.0,0.0
1262,80.760,159.250,80.76,159.25,1179.92,23249.0,0.0,0.0
1263,80.760,159.250,80.76,159.25,1179.92,26118.0,263.0,263.0
1264,80.760,159.250,80.76,159.25,1179.92,24983.0,0.0,0.0
1265,80.760,159.250,80.76,159.25,1179.92,24958.0,0.0,0.0
1266,80.760,159.250,80.76,159.25,1179.92,24618.0,0.0,0.0
1267,80.760,159.250,80.76,159.25,1179.92,26473.0,900.0,900.0
1268,80.760,159.250,80.76,159.25,1179.92,25984.0,0.0,0.0
1269,80.760,159.250,80.76,159.25,1179.92,23038.0,0.0,0.0
1270,80.760,159.250,80.76,159.25,1179.92,23997.0,0.0,0.0
1271,80.760,159.250,80.76,159.25,1179.92,24214.0,0.0,0.0
1272,80.760,159.250,80.76,159.25,1179.92,25264.0,0.0,0.0
1273,80.760,159.250,80.76,159.25,1179.92,25298.0,0.0,0.0
1274,80.760,159.250,80.76,159.25,1179.92,23566.0,0.0,0.0
1275,80.760,159.250,80.76,159.25,1179.92,24061.0,0.0,0.0
1276,80.760,159.250,80.76,159.25,1179.92,24886.0,0.0,0.0
1277,80.760,159.250,80.76,159.25,1179.92,24705.0,0.0,0.0
1278,80.760,159.250,80.76,159.25,1179.92,24031.0,0.0,0.0
1279,80.760,159.250,80.76,159.25,1179.92,24349.0,0.0,0.0
1280,80.760,159.250,80.76,159.25,1179.92,23123.0,0.0,0.0
1281,80.760,159.250,80.76,159.25,1179.92,25103.0,0.0,0.0
1282,80.760,159.250,80.76,159.25,1179.92,25872.0,0.0,0.0
1283,80.760,159.250,80.76,159.25,1179.92,23898.0,0.0,0.0
1284,80.760,159.250,80.76,159.25,1179.92,24883.0,0.0,0.0
1285,80.760,159.250,80.76,159.25,1179.92,25923.0,579.0,579.0
1286,80.760,159.250,80.76,159.25,1179.92,25299.0,0.0,0.0
1287,80.760,159.250,80.76,159.25,1179.92,24929.0,0.0,0.0
1288,80.760,159.250,80.76,159.25,1179.92,25189.0,369.0,369.0
1289,80.760,159.250,80.76,159.25,1179.92,23819.0,0.0,0.0
1290,80.760,159.250,80.76,159.25,1179.92,25438.0,0.0,0.0
1291,80.760,159.250,80.76,159.25,1179.92,25404.0,401.0,401.0
1292,80.760,159.250,80.76,159.25,1179.92,26257.0,0.0,0.0
1293,80.760,159.250,80.76,159.25,1179.92,23425.0,0.0,0.0
1294,80.760,159.250,80.76,159.25,1179.92,25231.0,0.0,0.0
1295,80.760,159.250,80.76,159.25,1179.92,24785.0,0.0,0.0
1296,80.760,159.250,80.76,159.25,1179.92,25840.0,0.0,0.0
1297,80.760,159.250,80.76,159.25,1179.92,25915.0,0.0,0.0
1298,80.760,159.250,80.76,159.25,1179.92,24444.0,0.0,0.0
1299,80.760,159.250,80.76,159.25,1179.92,25671.0,0.0,0.0
1300,80.760,159.250,80.76,159.25,1179.92,26878.0,1182.0,1182.0
1301,80.760,159.250,80.76,159.25,1179.92,25258.0,570.0,570.0
1302,80.760,159.250,80.76,159.25,1179.92,26116.0,343.0,343.0
1303,80.760,159.250,80.76,159.25,1179.92,24706.0,0.0,0.0
1304,80.760,159.250,80.76,159.25,1179.92,23964.0,0.0,0.0
1305,80.760,159.250,80.76,159.25,1179.92,24473.0,0.0,0.0
1306,80.760,159.250,80.76,159.25,1179.92,24453.0,0.0,0.0
1307,80.760,159.250,80.76,159.25,1179.92,23933.0,0.0,0.0
1308,80.760,159.250,80.76,159.25,1179.92,24600.0,0.0,0.0
1309,80.760,159.250,80.76,159.25,1179.92,27043.0,1077.0,1077.0
1310,80.760,159.250,80.76,159.25,1179.92,25565.0,0.0,0.0
1311,80.760,159.250,80.76,159.25,1179.92,30349.0,0.0,0.0
1312,80.760,159.250,80.76,159.25,1179.92,30387.0,0.0,0.0
1313,80.760,159.250,80.76,159.25,1179.92,27194.0,0.0,0.0
1314,80.760,159.250,80.76,159.25,1179.92,30658.0,0.0,0.0
1315,80.760,159.250,80.76,159.25,1179.92,28419.0,0.0,0.0
1316,80.760,159.250,80.76,159.25,1179.92,30291.0,0.0,0.0
1317,80.760,159.250,80.76,159.25,1179.92,28864.0,0.0,0.0
1318,80.760,159.250,80.76,159.25,1179.92,29691.0,0.0,0.0
1319,80.760,159.250,80.76,159.25,1179.92,29493.0,0.0,0.0
1320,80.760,159.250,80.76,159.25,1179.92,30443.0,0.0,0.0
1321,80.760,159.250,80.76,159.25,1179.92,30009.0,0.0,0.0
1322,80.760,159.250,80.76,159.25,1179.92,32913.0,1444.0,1444.0
1323,80.760,159.250,80.76,159.25,1179.92,30469.0,0.0,0.0
1324,80.760,159.250,80.76,159.25,1179.92,30150.0,0.0,0.0
1325,80.760,159.250,80.76,159.25,1179.92,29586.0,0.0,0.0
1326,80.760,159.250,80.76,159.25,1179.92,30208.0,0.0,0.0
1327,80.760,159.250,80.76,159.25,1179.92,31968.0,179.0,179.0
1328,80.760,159.250,80.76,159.25,1179.92,31457.0,0.0,0.0
1329,80.760,159.250,80.76,159.25,1179.92,28424.0,0.0,0.0
1330,80.760,159.250,80.76,159.25,1179.92,30674.0,0.0,0.0
1331,80.760,159.250,80.76,159.25,1179.92,29373.0,0.0,0.0
1332,80.760,159.250,80.76,159.25,1179.92,30625.0,3.0,3.0
