id,avg_x,avg_y,x,y,bg,Square_intensity,circular_intensity,Gaussian_intensity
727,180.360,104.850,179.98,104.98,1211.36,39023.0,9860.0,9860.0
728,180.360,104.850,179.98,104.98,1211.36,45104.0,15798.0,15798.0
729,180.360,104.850,179.98,104.98,1211.36,41848.0,11624.0,11624.0
730,180.360,104.850,179.98,104.98,1211.36,37118.0,7851.0,7851.0
731,180.360,104.850,179.98,104.98,1211.36,43326.0,12764.0,12764.0
732,180.360,104.850,179.98,104.98,1211.36,41047.0,11713.0,11713.0
733,180.360,104.850,179.98,104.98,1211.36,38667.0,9792.0,9792.0
734,180.360,104.850,179.98,104.98,1211.36,38861.0,10758.0,10758.0
735,180.360,104.850,179.98,104.98,1211.36,37950.0,9277.0,9277.0
736,180.360,104.850,179.98,104.98,1211.36,33056.0,4197.0,4197.0
737,180.360,104.850,179.98,104.98,1211.36,41963.0,11860.0,11860.0
738,180.360,104.850,179.98,104.98,1211.36,37347.0,7980.0,7980.0
739,180.360,104.850,179.98,104.98,1211.36,38583.0,9051.0,9051.0
740,180.360,104.850,179.98,104.98,1211.36,35895.0,6566.0,6566.0
741,180.360,104.850,179.98,104.98,1211.36,39384.0,9163.0,9163.0
742,180.360,104.850,179.98,104.98,1211.36,38881.0,10696.0,10696.0
743,180.360,104.850,179.98,104.98,1211.36,34602.0,6931.0,6931.0
744,180.360,104.850,179.98,104.98,1211.36,40880.0,11173.0,11173.0
745,180.360,104.850,179.98,104.98,1211.36,38539.0,9162.0,9162.0
746,180.360,104.850,179.98,104.98,1211.36,41644.0,11470.0,11470.0
747,180.360,104.850,179.98,104.98,1211.36,40211.0,10682.0,10682.0
748,180.360,104.850,179.98,104.98,1211.36,40052.0,11163.0,11163.0
749,180.360,104.850,179.98,104.98,1211.36,39546.0,10719.0,10719.0
750,180.360,104.850,179.98,104.98,1211.36,40368.0,11179.0,11179.0
751,180.360,104.850,179.98,104.98,1211.36,42450.0,12200.0,12200.0
752,180.360,104.850,179.98,104.98,1211.36,43031.0,12915.0,12915.0
753,180.360,104.850,179.98,104.98,1211.36,43244.0,12461.0,12461.0
754,180.360,104.850,179.98,104.98,1211.36,42649.0,11829.0,11829.0
755,180.360,104.850,179.98,104.98,1211.36,42230.0,12606.0,12606.0
756,180.360,104.850,179.98,104.98,1211.36,41698.0,13269.0,13269.0
757,180.360,104.850,179.98,104.98,1211.36,38956.0,10486.0,10486.0
758,180.360,104.850,179.98,104.98,1211.36,36148.0,8346.0,8346.0
759,180.360,104.850,179.98,104.98,1211.36,37568.0,7892.0,7892.0
760,180.360,104.850,179.98,104.98,1211.36,40905.0,11659.0,11659.0
761,180.360,104.850,179.98,104.98,1211.36,40824.0,10388.0,10388.0
762,180.360,104.850,179.98,104.98,1211.36,39749.0,10116.0,10116.0
763,180.360,104.850,179.98,104.98,1211.36,36125.0,7419.0,7419.0
764,180.360,104.850,179.98,104.98,1211.36,39939.0,10417.0,10417.0
765,180.360,104.850,179.98,104.98,1211.36,40213.0,10639.0,10639.0
766,180.360,104.850,179.98,104.98,1211.36,37036.0,8063.0,8063.0
767,180.360,104.850,179.98,104.98,1211.36,40162.0,11081.0,11081.0
768,180.360,104.850,179.98,104.98,1211.36,37196.0,9439.0,9439.0
769,180.360,104.850,179.98,104.98,1211.36,41322.0,12859.0,12859.0
770,180.360,104.850,179.98,104.98,1211.36,36955.0,8357.0,8357.0
771,180.360,104.850,179.98,104.98,1211.36,37488.0,9030.0,9030.0
772,180.360,104.850,179.98,104.98,1211.36,39530.0,9914.0,9914.0
773,180.360,104.850,179.98,104.98,1211.36,39672.0,8914.0,8914.0
774,180.360,104.850,179.98,104.98,1211.36,36971.0,8562.0,8562.0
775,180.360,104.850,179.98,104.98,1211.36,33514.0,5075.0,5075.0
776,180.360,104.850,179.98,104.98,1211.36,34542.0,4576.0,4576.0
777,180.360,104.850,179.98,104.98,1211.36,35317.0,7061.0,7061.0
778,180.360,104.850,179.98,104.98,1211.36,34778.0,6011.0,6011.0
779,180.360,104.850,179.98,104.98,1211.36,34817.0,5736.0,5736.0
780,180.360,104.850,179.98,104.98,1211.36,28846.0,2013.0,2013.0
781,180.360,104.850,179.98,104.98,1211.36,31810.0,3917.0,3917.0
782,180.360,104.850,179.98,104.98,1211.36,34285.0,6056.0,6056.0
783,180.360,104.850,179.98,104.98,1211.36,30419.0,3048.0,3048.0
784,180.360,104.850,179.98,104.98,1211.36,32164.0,4399.0,4399.0
785,180.360,104.850,179.98,104.98,1211.36,29458.0,2013.0,2013.0
786,180.360,104.850,179.98,104.98,1211.36,30978.0,2787.0,2787.0
787,180.360,104.850,179.98,104.98,1211.36,28962.0,1638.0,1638.0
788,180.360,104.850,179.98,104.98,1211.36,34147.0,5113.0,5113.0
789,180.360,104.850,179.98,104.98,1211.36,31125.0,2917.0,2917.0
790,180.360,104.850,179.98,104.98,1211.36,33546.0,5524.0,5524.0
791,180.360,104.850,179.98,104.98,1211.36,34325.0,3759.0,3759.0
792,180.360,104.850,179.98,104.98,1211.36,27974.0,1805.0,1805.0
793,180.360,104.850,179.98,104.98,1211.36,33446.0,4623.0,4623.0
794,180.360,104.850,179.98,104.98,1211.36,34361.0,6698.0,6698.0
795,180.360,104.850,179.98,104.98,1211.36,32851.0,5027.0,5027.0
796,180.360,104.850,179.98,104.98,1211.36,34605.0,6969.0,6969.0
797,180.360,104.850,179.98,104.98,1211.36,32650.0,5146.0,5146.0
798,180.360,104.850,179.98,104.98,1211.36,28943.0,1718.0,1718.0
799,180.360,104.850,179.98,104.98,1211.36,31835.0,3563.0,3563.0
800,180.360,104.850,179.98,104.98,1211.36,32906.0,5521.0,5521.0
801,180.360,104.850,179.98,104.98,1211.36,37172.0,9423.0,9423.0
802,180.360,104.850,179.98,104.98,1211.36,32563.0,5631.0,5631.0
803,180.360,104.850,179.98,104.98,1211.36,35949.0,6708.0,6708.0
804,180.360,104.850,179.98,104.98,1211.36,32798.0,4522.0,4522.0
805,180.360,104.850,179.98,104.98,1211.36,34432.0,5947.0,5947.0
806,180.360,104.850,179.98,104.98,1211.36,33361.0,5506.0,5506.0
807,180.360,104.850,179.98,104.98,1211.36,35504.0,6909.0,6909.0
808,180.360,104.850,179.98,104.98,1211.36,30024.0,2647.0,2647.0
809,180.360,104.850,179.98,104.98,1211.36,32366.0,4305.0,4305.0
810,180.360,104.850,179.98,104.98,1211.36,32736.0,4687.0,4687.0
811,180.360,104.850,179.98,104.98,1211.36,31663.0,4707.0,4707.0
812,180.360,104.850,179.98,104.98,1211.36,34045.0,5899.0,5899.0
813,180.360,104.850,179.98,104.98,1211.36,33376.0,5534.0,5534.0
814,180.360,104.850,179.98,104.98,1211.36,30475.0,3850.0,3850.0
815,180.360,104.850,179.98,104.98,1211.36,30428.0,3423.0,3423.0
816,180.360,104.850,179.98,104.98,1211.36,33675.0,5433.0,5433.0
817,180.360,104.850,179.98,104.98,1211.36,37801.0,9675.0,9675.0
818,180.360,104.850,179.98,104.98,1211.36,37400.0,8534.0,8534.0
819,180.360,104.850,179.98,104.98,1211.36,37640.0,9364.0,9364.0
820,180.360,104.850,179.98,104.98,1211.36,32261.0,4838.0,4838.0
821,180.360,104.850,179.98,104.98,1211.36,34524.0,5441.0,5441.0
822,180.360,104.850,179.98,104.98,1211.36,38016.0,9440.0,9440.0
823,180.360,104.850,179.98,104.98,1211.36,36307.0,7438.0,7438.0
824,180.360,104.850,179.98,104.98,1211.36,36417.0,7022.0,7022.0
825,180.360,104.850,179.98,104.98,1211.36,36042.0,8476.0,8476.0
826,180.360,104.850,179.98,104.98,1211.36,29946.0,2397.0,2397.0
827,180.360,104.850,179.98,104.98,1211.36,35085.0,4985.0,4985.0
828,180.360,104.850,179.98,104.98,1211.36,35781.0,7048.0,7048.0
829,180.360,104.850,179.98,104.98,1211.36,30903.0,3401.0,3401.0
830,180.360,104.850,179.98,104.98,1211.36,34730.0,5822.0,5822.0
831,180.360,104.850,179.98,104.98,1211.36,34906.0,7169.0,7169.0
832,180.360,104.850,179.98,104.98,1211.36,34042.0,6407.0,6407.0
833,180.360,104.850,179.98,104.98,1211.36,34888.0,6743.0,6743.0
834,180.360,104.850,179.98,104.98,1211.36,35279.0,5692.0,5692.0
835,180.360,104.850,179.98,104.98,1211.36,29584.0,2328.0,2328.0
836,180.360,104.850,179.98,104.98,1211.36,32035.0,4063.0,4063.0
837,180.360,104.850,179.98,104.98,1211.36,31410.0,3649.0,3649.0
838,180.360,104.850,179.98,104.98,1211.36,33093.0,4893.0,4893.0
839,180.360,104.850,179.98,104.98,1211.36,35938.0,7761.0,7761.0
840,180.360,104.850,179.98,104.98,1211.36,33723.0,5243.0,5243.0
841,180.360,104.850,179.98,104.98,1211.36,31539.0,4053.0,4053.0
842,180.360,104.850,179.98,104.98,1211.36,36487.0,7335.0,7335.0
843,180.360,104.850,179.98,104.98,1211.36,32682.0,5185.0,5185.0
844,180.360,104.850,179.98,104.98,1211.36,31455.0,2780.0,2780.0
845,180.360,104.850,179.98,104.98,1211.36,31774.0,2957.0,2957.0
846,180.360,104.850,179.98,104.98,1211.36,29665.0,2330.0,2330.0
847,180.360,104.850,179.98,104.98,1211.36,30142.0,2207.0,2207.0
848,180.360,104.850,179.98,104.98,1211.36,31642.0,2286.0,2286.0
849,180.360,104.850,179.98,104.98,1211.36,33745.0,4754.0,4754.0
850,180.360,104.850,179.98,104.98,1211.36,36917.0,6887.0,6887.0
851,180.360,104.850,179.98,104.98,1211.36,35366.0,6854.0,6854.0
852,180.360,104.850,179.98,104.98,1211.36,33994.0,6361.0,6361.0
853,180.360,104.850,179.98,104.98,1211.36,33295.0,4591.0,4591.0
854,180.360,104.850,179.98,104.98,1211.36,38671.0,9279.0,9279.0
855,180.360,104.850,179.98,104.98,1211.36,34128.0,5103.0,5103.0
856,180.360,104.850,179.98,104.98,1211.36,34861.0,6172.0,6172.0
857,180.360,104.850,179.98,104.98,1211.36,36514.0,7145.0,7145.0
858,180.360,104.850,179.98,104.98,1211.36,36700.0,7586.0,7586.0
859,180.360,104.850,179.98,104.98,1211.36,35049.0,5453.0,5453.0
860,180.360,104.850,179.98,104.98,1211.36,34623.0,6209.0,6209.0
861,180.360,104.850,179.98,104.98,1211.36,31419.0,2959.0,2959.0
862,180.360,104.850,179.98,104.98,1211.36,31903.0,3923.0,3923.0
863,180.360,104.850,179.98,104.98,1211.36,34426.0,6062.0,6062.0
864,180.360,104.850,179.98,104.98,1211.36,30429.0,2538.0,2538.0
865,180.360,104.850,179.98,104.98,1211.36,31895.0,3489.0,3489.0
866,180.360,104.850,179.98,104.98,1211.36,37976.0,8284.0,8284.0
867,180.360,104.850,179.98,104.98,1211.36,34808.0,5956.0,5956.0
868,180.360,104.850,179.98,104.98,1211.36,32848.0,4411.0,4411.0
869,180.360,104.850,179.98,104.98,1211.36,33612.0,4543.0,4543.0
870,180.360,104.850,179.98,104.98,1211.36,35617.0,5738.0,5738.0
871,180.360,104.850,179.98,104.98,1211.36,32027.0,3731.0,3731.0
872,180.360,104.850,179.98,104.98,1211.36,36161.0,6179.0,6179.0
873,180.360,104.850,179.98,104.98,1211.36,38044.0,8255.0,8255.0
874,180.360,104.850,179.98,104.98,1211.36,29527.0,1755.0,1755.0
875,180.360,104.850,179.98,104.98,1211.36,32765.0,3665.0,3665.0
876,180.360,104.850,179.98,104.98,1211.36,34733.0,6694.0,6694.0
877,180.360,104.850,179.98,104.98,1211.36,37118.0,7386.0,7386.0
878,180.360,104.850,179.98,104.98,1211.36,38708.0,7865.0,7865.0
879,180.360,104.850,179.98,104.98,1211.36,34891.0,5046.0,5046.0
880,180.360,104.850,179.98,104.98,1211.36,35649.0,5592.0,5592.0
881,180.360,104.850,179.98,104.98,1211.36,32620.0,3537.0,3537.0
882,180.360,104.850,179.98,104.98,1211.36,33358.0,4735.0,4735.0
883,180.360,104.850,179.98,104.98,1211.36,36285.0,7223.0,7223.0
884,180.360,104.850,179.98,104.98,1211.36,34236.0,6511.0,6511.0
885,180.360,104.850,179.98,104.98,1211.36,33594.0,4474.0,4474.0
886,180.360,104.850,179.98,104.98,1211.36,41349.0,9929.0,9929.0
887,180.360,104.850,179.98,104.98,1211.36,34568.0,5339.0,5339.0
888,180.360,104.850,179.98,104.98,1211.36,34571.0,5045.0,5045.0
889,180.360,104.850,179.98,104.98,1211.36,34191.0,5380.0,5380.0
890,180.360,104.850,179.98,104.98,1211.36,37964.0,7081.0,7081.0
891,180.360,104.850,179.98,104.98,1211.36,33427.0,5433.0,5433.0
892,180.360,104.850,179.98,104.98,1211.36,30495.0,1464.0,1464.0
893,180.360,104.850,179.98,104.98,1211.36,32148.0,3294.0,3294.0
894,180.360,104.850,179.98,104.98,1211.36,32350.0,3542.0,3542.0
895,180.360,104.850,179.98,104.98,1211.36,31361.0,2588.0,2588.0
896,180.360,104.850,179.98,104.98,1211.36,33923.0,5023.0,5023.0
897,180.360,104.850,179.98,104.98,1211.36,30378.0,2080.0,2080.0
898,180.360,104.850,179.98,104.98,1211.36,30938.0,2186.0,2186.0
899,180.360,104.850,179.98,104.98,1211.36,30074.0,1652.0,1652.0
900,180.360,104.850,179.98,104.98,1211.36,34145.0,5372.0,5372.0
901,180.360,104.850,179.98,104.98,1211.36,29582.0,2098.0,2098.0
902,180.360,104.850,179.98,104.98,1211.36,30930.0,2537.0,2537.0
903,180.360,104.850,179.98,104.98,1211.36,32023.0,3216.0,3216.0
904,180.360,104.850,179.98,104.98,1211.36,32186.0,2972.0,2972.0
905,180.360,104.850,179.98,104.98,1211.36,30835.0,798.0,798.0
906,180.360,104.850,179.98,104.98,1211.36,30904.0,1133.0,1133.0
907,180.360,104.850,179.98,104.98,1211.36,29982.0,598.0,598.0
908,180.360,104.850,179.98,104.98,1211.36,31571.0,1539.0,1539.0
909,180.360,104.850,179.98,104.98,1211.36,33679.0,4088.0,4088.0
910,180.360,104.850,179.98,104.98,1211.36,27700.0,855.0,855.0
911,180.360,104.850,179.98,104.98,1211.36,31511.0,3007.0,3007.0
912,180.360,104.850,179.98,104.98,1211.36,32489.0,4408.0,4408.0
913,180.360,104.850,179.98,104.98,1211.36,37256.0,7786.0,7786.0
914,180.360,104.850,179.98,104.98,1211.36,32570.0,5297.0,5297.0
915,180.360,104.850,179.98,104.98,1211.36,32254.0,4925.0,4925.0
916,180.360,104.850,179.98,104.98,1211.36,37375.0,8172.0,8172.0
917,180.360,104.850,179.98,104.98,1211.36,33227.0,3863.0,3863.0
918,180.360,104.850,179.98,104.98,1211.36,33709.0,5421.0,5421.0
919,180.360,104.850,179.98,104.98,1211.36,35326.0,6617.0,6617.0
920,180.360,104.850,179.98,104.98,1211.36,32164.0,3813.0,3813.0
921,180.360,104.850,179.98,104.98,1211.36,34465.0,3814.0,3814.0
922,180.360,104.850,179.98,104.98,1211.36,37497.0,8504.0,8504.0
923,180.360,104.850,179.98,104.98,1211.36,34101.0,3870.0,3870.0
924,180.360,104.850,179.98,104.98,1211.36,32409.0,3768.0,3768.0
925,180.360,104.850,179.98,104.98,1211.36,34750.0,5981.0,5981.0
926,180.360,104.850,179.98,104.98,1211.36,30810.0,3165.0,3165.0
927,180.360,104.850,179.98,104.98,1211.36,35543.0,6044.0,6044.0
928,180.360,104.850,179.98,104.98,1211.36,30097.0,1873.0,1873.0
929,180.360,104.850,179.98,104.98,1211.36,29324.0,2042.0,2042.0
930,180.360,104.850,179.98,104.98,1211.36,30513.0,2113.0,2113.0
931,180.360,104.850,179.98,104.98,1211.36,29730.0,2108.0,2108.0
932,180.360,104.850,179.98,104.98,1211.36,30227.0,2653.0,2653.0
933,180.360,104.850,179.98,104.98,1211.36,34649.0,5094.0,5094.0
934,180.360,104.850,179.98,104.98,1211.36,28584.0,0.0,0.0
935,180.360,104.850,179.98,104.98,1211.36,32792.0,4392.0,4392.0
936,180.360,104.850,179.98,104.98,1211.36,29864.0,1339.0,1339.0
937,180.360,104.850,179.98,104.98,1211.36,34685.0,5851.0,5851.0
938,180.360,104.850,179.98,104.98,1211.36,32878.0,4714.0,4714.0
939,180.360,104.850,179.98,104.98,1211.36,30174.0,2262.0,2262.0
940,180.360,104.850,179.98,104.98,1211.36,33740.0,5115.0,5115.0
941,180.360,104.850,179.98,104.98,1211.36,29426.0,1797.0,1797.0
942,180.360,104.850,179.98,104.98,1211.36,32032.0,3700.0,3700.0
943,180.360,104.850,179.98,104.98,1211.36,32655.0,4446.0,4446.0
944,180.360,104.850,179.98,104.98,1211.36,32250.0,4146.0,4146.0
945,180.360,104.850,179.98,104.98,1211.36,35532.0,6711.0,6711.0
946,180.360,104.850,179.98,104.98,1211.36,32871.0,4818.0,4818.0
947,180.360,104.850,179.98,104.98,1211.36,34277.0,5359.0,5359.0
948,180.360,104.850,179.98,104.98,1211.36,33804.0,6388.0,6388.0
949,180.360,104.850,179.98,104.98,1211.36,30762.0,2663.0,2663.0
950,180.360,104.850,179.98,104.98,1211.36,33545.0,4152.0,4152.0
951,180.360,104.850,179.98,104.98,1211.36,34888.0,5092.0,5092.0
952,180.360,104.850,179.98,104.98,1211.36,34405.0,3241.0,3241.0
953,180.360,104.850,179.98,104.98,1211.36,34442.0,3643.0,3643.0
954,180.360,104.850,179.98,104.98,1211.36,33404.0,5500.0,5500.0
955,180.360,104.850,179.98,104.98,1211.36,31726.0,4788.0,4788.0
956,180.360,104.850,179.98,104.98,1211.36,33509.0,5336.0,5336.0
957,180.360,104.850,179.98,104.98,1211.36,39444.0,9583.0,9583.0
958,180.360,104.850,179.98,104.98,1211.36,33047.0,4484.0,4484.0
959,180.360,104.850,179.98,104.98,1211.36,31614.0,3227.0,3227.0
960,180.360,104.850,179.98,104.98,1211.36,30887.0,2409.0,2409.0
961,180.360,104.850,179.98,104.98,1211.36,28778.0,869.0,869.0
962,180.360,104.850,179.98,104.98,1211.36,33873.0,4666.0,4666.0
963,180.360,104.850,179.98,104.98,1211.36,32487.0,3603.0,3603.0
964,180.360,104.850,179.98,104.98,1211.36,34544.0,4984.0,4984.0
965,180.360,104.850,179.98,104.98,1211.36,35336.0,6335.0,6335.0
966,180.360,104.850,179.98,104.98,1211.36,31560.0,2537.0,2537.0
967,180.360,104.850,179.98,104.98,1211.36,31653.0,3045.0,3045.0
968,180.360,104.850,179.98,104.98,1211.36,31763.0,2520.0,2520.0
969,180.360,104.850,179.98,104.98,1211.36,31591.0,3945.0,3945.0
970,180.360,104.850,179.98,104.98,1211.36,32781.0,3972.0,3972.0
971,180.360,104.850,179.98,104.98,1211.36,33229.0,4239.0,4239.0
972,180.360,104.850,179.98,104.98,1211.36,31420.0,2891.0,2891.0
973,180.360,104.850,179.98,104.98,1211.36,31822.0,4981.0,4981.0
974,180.360,104.850,179.98,104.98,1211.36,33577.0,4120.0,4120.0
975,180.360,104.850,179.98,104.98,1211.36,35198.0,4578.0,4578.0
976,180.360,104.850,179.98,104.98,1211.36,33690.0,4371.0,4371.0
977,180.360,104.850,179.98,104.98,1211.36,35582.0,6293.0,6293.0
978,180.360,104.850,179.98,104.98,1211.36,32740.0,4299.0,4299.0
979,180.360,104.850,179.98,104.98,1211.36,30619.0,3564.0,3564.0
980,180.360,104.850,179.98,104.98,1211.36,35567.0,6174.0,6174.0
981,180.360,104.850,179.98,104.98,1211.36,35403.0,5972.0,5972.0
982,180.360,104.850,179.98,104.98,1211.36,31358.0,4175.0,4175.0
983,180.360,104.850,179.98,104.98,1211.36,30497.0,2908.0,2908.0
984,180.360,104.850,179.98,104.98,1211.36,33098.0,4791.0,4791.0
985,180.360,104.850,179.98,104.98,1211.36,34112.0,5019.0,5019.0
986,180.360,104.850,179.98,104.98,1211.36,34088.0,4009.0,4009.0
987,180.360,104.850,179.98,104.98,1211.36,33467.0,3522.0,3522.0
988,180.360,104.850,179.98,104.98,1211.36,29085.0,1602.0,1602.0
989,180.360,104.850,179.98,104.98,1211.36,30754.0,3214.0,3214.0
990,180.360,104.850,179.98,104.98,1211.36,32299.0,4046.0,4046.0
991,180.360,104.850,179.98,104.98,1211.36,31185.0,3969.0,3969.0
992,180.360,104.850,179.98,104.98,1211.36,30823.0,3722.0,3722.0
993,180.360,104.850,179.98,104.98,1211.36,30882.0,2652.0,2652.0
994,180.360,104.850,179.98,104.98,1211.36,27399.0,0.0,0.0
995,180.360,104.850,179.98,104.98,1211.36,30569.0,1868.0,1868.0
996,180.360,104.850,179.98,104.98,1211.36,31064.0,3692.0,3692.0
997,180.360,104.850,179.98,104.98,1211.36,32961.0,4926.0,4926.0
998,180.360,104.850,179.98,104.98,1211.36,32323.0,3453.0,3453.0
999,180.360,104.850,179.98,104.98,1211.36,31812.0,4932.0,4932.0
1000,180.360,104.850,179.98,104.98,1211.36,30544.0,2935.0,2935.0
1001,180.360,104.850,179.98,104.98,1211.36,30765.0,2010.0,2010.0
1002,180.360,104.850,179.98,104.98,1211.36,30602.0,3427.0,3427.0
1003,180.360,104.850,179.98,104.98,1211.36,32367.0,5059.0,5059.0
1004,180.360,104.850,179.98,104.98,1211.36,31203.0,3394.0,3394.0
1005,180.360,104.850,179.98,104.98,1211.36,31978.0,3296.0,3296.0
1006,180.360,104.850,179.98,104.98,1211.36,33561.0,4582.0,4582.0
1007,180.360,104.850,179.98,104.98,1211.36,30636.0,4035.0,4035.0
1008,180.360,104.850,179.98,104.98,1211.36,28655.0,1134.0,1134.0
1009,180.360,104.850,179.98,104.98,1211.36,29952.0,1727.0,1727.0
1010,180.360,104.850,179.98,104.98,1211.36,32890.0,4285.0,4285.0
1011,180.360,104.850,179.98,104.98,1211.36,29635.0,2984.0,2984.0
1012,180.360,104.850,179.98,104.98,1211.36,30225.0,1949.0,1949.0
1013,180.360,104.850,179.98,104.98,1211.36,32299.0,4328.0,4328.0
1014,180.360,104.850,179.98,104.98,1211.36,32702.0,4648.0,4648.0
1015,180.360,104.850,179.98,104.98,1211.36,31525.0,4166.0,4166.0
1016,180.360,104.850,179.98,104.98,1211.36,36755.0,8610.0,8610.0
1017,180.360,104.850,179.98,104.98,1211.36,32817.0,5902.0,5902.0
1018,180.360,104.850,179.98,104.98,1211.36,29932.0,3331.0,3331.0
1019,180.360,104.850,179.98,104.98,1211.36,32428.0,3502.0,3502.0
1020,180.360,104.850,179.98,104.98,1211.36,31062.0,3462.0,3462.0
1021,180.360,104.850,179.98,104.98,1211.36,32700.0,4599.0,4599.0
1022,180.360,104.850,179.98,104.98,1211.36,31976.0,3261.0,3261.0
1023,180.360,104.850,179.98,104.98,1211.36,35783.0,5652.0,5652.0
1024,180.360,104.850,179.98,104.98,1211.36,32892.0,4261.0,4261.0
1025,180.360,104.850,179.98,104.98,1211.36,32868.0,4616.0,4616.0
1026,180.360,104.850,179.98,104.98,1211.36,32928.0,4100.0,4100.0
1027,180.360,104.850,179.98,104.98,1211.36,33023.0,5099.0,5099.0
1028,180.360,104.850,179.98,104.98,1211.36,32060.0,2423.0,2423.0
1029,180.360,104.850,179.98,104.98,1211.36,34242.0,5828.0,5828.0
1030,180.360,104.850,179.98,104.98,1211.36,33769.0,5528.0,5528.0
1031,180.360,104.850,179.98,104.98,1211.36,37843.0,8436.0,8436.0
1032,180.360,104.850,179.98,104.98,1211.36,33092.0,3387.0,3387.0
1033,180.360,104.850,179.98,104.98,1211.36,34334.0,6660.0,6660.0
1034,180.360,104.850,179.98,104.98,1211.36,34199.0,5651.0,5651.0
1035,180.360,104.850,179.98,104.98,1211.36,31710.0,4604.0,4604.0
1036,180.360,104.850,179.98,104.98,1211.36,36150.0,6690.0,6690.0
1037,180.360,104.850,179.98,104.98,1211.36,35654.0,6964.0,6964.0
1038,180.360,104.850,179.98,104.98,1211.36,31553.0,3877.0,3877.0
1039,180.360,104.850,179.98,104.98,1211.36,30978.0,3987.0,3987.0
1040,180.360,104.850,179.98,104.98,1211.36,35862.0,6390.0,6390.0
1041,180.360,104.850,179.98,104.98,1211.36,34896.0,6780.0,6780.0
1042,180.360,104.850,179.98,104.98,1211.36,35270.0,5599.0,5599.0
1043,180.360,104.850,179.98,104.98,1211.36,35977.0,7187.0,7187.0
1044,180.360,104.850,179.98,104.98,1211.36,34620.0,6406.0,6406.0
1045,180.360,104.850,179.98,104.98,1211.36,32499.0,6356.0,6356.0
1046,180.360,104.850,179.98,104.98,1211.36,33053.0,5411.0,5411.0
1047,180.360,104.850,179.98,104.98,1211.36,34208.0,5836.0,5836.0
1048,180.360,104.850,179.98,104.98,1211.36,34508.0,7075.0,7075.0
1049,180.360,104.850,179.98,104.98,1211.36,32227.0,4818.0,4818.0
1050,180.360,104.850,179.98,104.98,1211.36,31630.0,4501.0,4501.0
1051,180.360,104.850,179.98,104.98,1211.36,31408.0,3978.0,3978.0
1052,180.360,104.850,179.98,104.98,1211.36,31277.0,2967.0,2967.0
1053,180.360,104.850,179.98,104.98,1211.36,31485.0,3389.0,3389.0
1054,180.360,104.850,179.98,104.98,1211.36,31764.0,4521.0,4521.0
1055,180.360,104.850,179.98,104.98,1211.36,33428.0,5578.0,5578.0
1056,180.360,104.850,179.98,104.98,1211.36,31561.0,4377.0,4377.0
1057,180.360,104.850,179.98,104.98,1211.36,29274.0,2536.0,2536.0
1058,180.360,104.850,179.98,104.98,1211.36,33149.0,5519.0,5519.0
1059,180.360,104.850,179.98,104.98,1211.36,32065.0,3839.0,3839.0
1060,180.360,104.850,179.98,104.98,1211.36,34791.0,7042.0,7042.0
1061,180.360,104.850,179.98,104.98,1211.36,31252.0,3238.0,3238.0
1062,180.360,104.850,179.98,104.98,1211.36,31332.0,4118.0,4118.0
1063,180.360,104.850,179.98,104.98,1211.36,33163.0,5982.0,5982.0
1064,180.360,104.850,179.98,104.98,1211.36,34262.0,6361.0,6361.0
1065,180.360,104.850,179.98,104.98,1211.36,35082.0,7243.0,7243.0
1066,180.360,104.850,179.98,104.98,1211.36,33321.0,5360.0,5360.0
1067,180.360,104.850,179.98,104.98,1211.36,32006.0,4586.0,4586.0
1068,180.360,104.850,179.98,104.98,1211.36,34157.0,6872.0,6872.0
1069,180.360,104.850,179.98,104.98,1211.36,32399.0,5949.0,5949.0
1070,180.360,104.850,179.98,104.98,1211.36,29928.0,4031.0,4031.0
1071,180.360,104.850,179.98,104.98,1211.36,33135.0,6109.0,6109.0
1072,180.360,104.850,179.98,104.98,1211.36,33840.0,6097.0,6097.0
1073,180.360,104.850,179.98,104.98,1211.36,31801.0,3976.0,3976.0
1074,180.360,104.850,179.98,104.98,1211.36,31653.0,4891.0,4891.0
1075,180.360,104.850,179.98,104.98,1211.36,29496.0,1860.0,1860.0
1076,180.360,104.850,179.98,104.98,1211.36,35241.0,7081.0,7081.0
1077,180.360,104.850,179.98,104.98,1211.36,33229.0,5520.0,5520.0
1078,180.360,104.850,179.98,104.98,1211.36,34801.0,7763.0,7763.0
1079,180.360,104.850,179.98,104.98,1211.36,28215.0,2143.0,2143.0
1080,180.360,104.850,179.98,104.98,1211.36,32939.0,5162.0,5162.0
1081,180.360,104.850,179.98,104.98,1211.36,29593.0,3650.0,3650.0
1082,180.360,104.850,179.98,104.98,1211.36,33106.0,5861.0,5861.0
1083,180.360,104.850,179.98,104.98,1211.36,33275.0,5899.0,5899.0
1084,180.360,104.850,179.98,104.98,1211.36,35015.0,7505.0,7505.0
1085,180.360,104.850,179.98,104.98,1211.36,33695.0,6186.0,6186.0
1086,180.360,104.850,179.98,104.98,1211.36,34006.0,6400.0,6400.0
1087,180.360,104.850,179.98,104.98,1211.36,34544.0,5794.0,5794.0
1088,180.360,104.850,179.98,104.98,1211.36,29236.0,3359.0,3359.0
1089,180.360,104.850,179.98,104.98,1211.36,32976.0,5527.0,5527.0
1090,180.360,104.850,179.98,104.98,1211.36,36884.0,9378.0,9378.0
1091,180.360,104.850,179.98,104.98,1211.36,40232.0,12168.0,12168.0
1092,180.360,104.850,179.98,104.98,1211.36,39018.0,11024.0,11024.0
1093,180.360,104.850,179.98,104.98,1211.36,38250.0,9485.0,9485.0
1094,180.360,104.850,179.98,104.98,1211.36,43034.0,13467.0,13467.0
1095,180.360,104.850,179.98,104.98,1211.36,41876.0,12416.0,12416.0
1096,180.360,104.850,179.98,104.98,1211.36,40917.0,12335.0,12335.0
1097,180.360,104.850,179.98,104.98,1211.36,40761.0,12041.0,12041.0
1098,180.360,104.850,179.98,104.98,1211.36,41176.0,11479.0,11479.0
1099,180.360,104.850,179.98,104.98,1211.36,39237.0,9616.0,9616.0
1100,180.360,104.850,179.98,104.98,1211.36,39277.0,10385.0,10385.0
1101,180.360,104.850,179.98,104.98,1211.36,43808.0,13163.0,13163.0
1102,180.360,104.850,179.98,104.98,1211.36,40334.0,10928.0,10928.0
1103,180.360,104.850,179.98,104.98,1211.36,38307.0,9702.0,9702.0
1104,180.360,104.850,179.98,104.98,1211.36,36786.0,8230.0,8230.0
1105,180.360,104.850,179.98,104.98,1211.36,40941.0,11682.0,11682.0
1106,180.360,104.850,179.98,104.98,1211.36,40366.0,10466.0,10466.0
1107,180.360,104.850,179.98,104.98,1211.36,40349.0,10515.0,10515.0
1108,180.360,104.850,179.98,104.98,1211.36,40481.0,11972.0,11972.0
1109,180.360,104.850,179.98,104.98,1211.36,39685.0,11964.0,11964.0
1110,180.360,104.850,179.98,104.98,1211.36,39376.0,10961.0,10961.0
1111,180.360,104.850,179.98,104.98,1211.36,37270.0,8658.0,8658.0
1112,180.360,104.850,179.98,104.98,1211.36,39620.0,10109.0,10109.0
1113,180.360,104.850,179.98,104.98,1211.36,40914.0,11674.0,11674.0
1114,180.360,104.850,179.98,104.98,1211.36,43655.0,14196.0,14196.0
1115,180.360,104.850,179.98,104.98,1211.36,41159.0,11374.0,11374.0
1116,180.360,104.850,179.98,104.98,1211.36,38427.0,10818.0,10818.0
1117,180.360,104.850,179.98,104.98,1211.36,43414.0,14822.0,14822.0
1118,180.360,104.850,179.98,104.98,1211.36,40755.0,11482.0,11482.0
1119,180.360,104.850,179.98,104.98,1211.36,44202.0,15054.0,15054.0
1120,180.360,104.850,179.98,104.98,1211.36,39886.0,11195.0,11195.0
1121,180.360,104.850,179.98,104.98,1211.36,37973.0,9684.0,9684.0
1122,180.360,104.850,179.98,104.98,1211.36,36631.0,7616.0,7616.0
1123,180.360,104.850,179.98,104.98,1211.36,36554.0,7629.0,7629.0
1124,180.360,104.850,179.98,104.98,1211.36,36994.0,7589.0,7589.0
1125,180.360,104.850,179.98,104.98,1211.36,37469.0,9376.0,9376.0
1126,180.360,104.850,179.98,104.98,1211.36,35134.0,6984.0,6984.0
1127,180.360,104.850,179.98,104.98,1211.36,38614.0,9905.0,9905.0
1128,180.360,104.850,179.98,104.98,1211.36,43366.0,12806.0,12806.0
1129,180.360,104.850,179.98,104.98,1211.36,38174.0,8228.0,8228.0
1130,180.360,104.850,179.98,104.98,1211.36,38955.0,10066.0,10066.0
1131,180.360,104.850,179.98,104.98,1211.36,38226.0,9105.0,9105.0
1132,180.360,104.850,179.98,104.98,1211.36,38345.0,8871.0,8871.0
1133,180.360,104.850,179.98,104.98,1211.36,35159.0,6287.0,6287.0
1134,180.360,104.850,179.98,104.98,1211.36,38210.0,8935.0,8935.0
1135,180.360,104.850,179.98,104.98,1211.36,36402.0,7524.0,7524.0
1136,180.360,104.850,179.98,104.98,1211.36,37126.0,8571.0,8571.0
1137,180.360,104.850,179.98,104.98,1211.36,42342.0,12795.0,12795.0
1138,180.360,104.850,179.98,104.98,1211.36,37605.0,8357.0,8357.0
1139,180.360,104.850,179.98,104.98,1211.36,40401.0,10163.0,10163.0
1140,180.360,104.850,179.98,104.98,1211.36,41695.0,11335.0,11335.0
1141,180.360,104.850,179.98,104.98,1211.36,36186.0,7446.0,7446.0
1142,180.360,104.850,179.98,104.98,1211.36,39345.0,9585.0,9585.0
1143,180.360,104.850,179.98,104.98,1211.36,39828.0,9465.0,9465.0
1144,180.360,104.850,179.98,104.98,1211.36,39059.0,10195.0,10195.0
1145,180.360,104.850,179.98,104.98,1211.36,38863.0,8824.0,8824.0
1146,180.360,104.850,179.98,104.98,1211.36,38185.0,10127.0,10127.0
1147,180.360,104.850,179.98,104.98,1211.36,42770.0,12003.0,12003.0
1148,180.360,104.850,179.98,104.98,1211.36,42390.0,11056.0,11056.0
1149,180.360,104.850,179.98,104.98,1211.36,38731.0,10298.0,10298.0
1150,180.360,104.850,179.98,104.98,1211.36,35847.0,5934.0,5934.0
1151,180.360,104.850,179.98,104.98,1211.36,29843.0,1746.0,1746.0
1152,180.360,104.850,179.98,104.98,1211.36,31648.0,3880.0,3880.0
1153,180.360,104.850,179.98,104.98,1211.36,33762.0,6330.0,6330.0
1154,180.360,104.850,179.98,104.98,1211.36,31563.0,3188.0,3188.0
1155,180.360,104.850,179.98,104.98,1211.36,30493.0,2872.0,2872.0
1156,180.360,104.850,179.98,104.98,1211.36,30421.0,2232.0,2232.0
1157,180.360,104.850,179.98,104.98,1211.36,29574.0,2358.0,2358.0
1158,180.360,104.850,179.98,104.98,1211.36,34248.0,6476.0,6476.0
1159,180.360,104.850,179.98,104.98,1211.36,30401.0,3123.0,3123.0
1160,180.360,104.850,179.98,104.98,1211.36,32236.0,4062.0,4062.0
1161,180.360,104.850,179.98,104.98,1211.36,27815.0,762.0,762.0
1162,180.360,104.850,179.98,104.98,1211.36,30659.0,3059.0,3059.0
1163,180.360,104.850,179.98,104.98,1211.36,31918.0,3712.0,3712.0
1164,180.360,104.850,179.98,104.98,1211.36,36345.0,5008.0,5008.0
1165,180.360,104.850,179.98,104.98,1211.36,29936.0,1996.0,1996.0
1166,180.360,104.850,179.98,104.98,1211.36,31116.0,2990.0,2990.0
1167,180.360,104.850,179.98,104.98,1211.36,32279.0,4471.0,4471.0
1168,180.360,104.850,179.98,104.98,1211.36,31407.0,2960.0,2960.0
1169,180.360,104.850,179.98,104.98,1211.36,40397.0,9481.0,9481.0
1170,180.360,104.850,179.98,104.98,1211.36,38264.0,7857.0,7857.0
1171,180.360,104.850,179.98,104.98,1211.36,31604.0,3406.0,3406.0
1172,180.360,104.850,179.98,104.98,1211.36,33475.0,4647.0,4647.0
1173,180.360,104.850,179.98,104.98,1211.36,31112.0,3542.0,3542.0
1174,180.360,104.850,179.98,104.98,1211.36,28869.0,1284.0,1284.0
1175,180.360,104.850,179.98,104.98,1211.36,34032.0,4897.0,4897.0
1176,180.360,104.850,179.98,104.98,1211.36,30418.0,3892.0,3892.0
1177,180.360,104.850,179.98,104.98,1211.36,35629.0,4584.0,4584.0
1178,180.360,104.850,179.98,104.98,1211.36,45296.0,10783.0,10783.0
1179,180.360,104.850,179.98,104.98,1211.36,42253.0,10893.0,10893.0
1180,180.360,104.850,179.98,104.98,1211.36,46578.0,14292.0,14292.0
1181,180.360,104.850,179.98,104.98,1211.36,40804.0,8587.0,8587.0
1182,180.360,104.850,179.98,104.98,1211.36,44947.0,10912.0,10912.0
1183,180.360,104.850,179.98,104.98,1211.36,44063.0,11928.0,11928.0
1184,180.360,104.850,179.98,104.98,1211.36,42885.0,10227.0,10227.0
1185,180.360,104.850,179.98,104.98,1211.36,33606.0,3504.0,3504.0
1186,180.360,104.850,179.98,104.98,1211.36,30897.0,2686.0,2686.0
1187,180.360,104.850,179.98,104.98,1211.36,31521.0,2954.0,2954.0
1188,180.360,104.850,179.98,104.98,1211.36,30641.0,3359.0,3359.0
1189,180.360,104.850,179.98,104.98,1211.36,33308.0,5060.0,5060.0
1190,180.360,104.850,179.98,104.98,1211.36,30869.0,2447.0,2447.0
1191,180.360,104.850,179.98,104.98,1211.36,30994.0,2240.0,2240.0
1192,180.360,104.850,179.98,104.98,1211.36,30273.0,2462.0,2462.0
1193,180.360,104.850,179.98,104.98,1211.36,35831.0,5033.0,5033.0
1194,180.360,104.850,179.98,104.98,1211.36,31800.0,4074.0,4074.0
1195,180.360,104.850,179.98,104.98,1211.36,33683.0,4945.0,4945.0
1196,180.360,104.850,179.98,104.98,1211.36,31423.0,3727.0,3727.0
1197,180.360,104.850,179.98,104.98,1211.36,30145.0,2150.0,2150.0
1198,180.360,104.850,179.98,104.98,1211.36,35921.0,6808.0,6808.0
1199,180.360,104.850,179.98,104.98,1211.36,34538.0,5580.0,5580.0
1200,180.360,104.850,179.98,104.98,1211.36,34168.0,4960.0,4960.0
1201,180.360,104.850,179.98,104.98,1211.36,32030.0,4970.0,4970.0
1202,180.360,104.850,179.98,104.98,1211.36,34670.0,6991.0,6991.0
1203,180.360,104.850,179.98,104.98,1211.36,33896.0,5437.0,5437.0
1204,180.360,104.850,179.98,104.98,1211.36,31466.0,4011.0,4011.0
1205,180.360,104.850,179.98,104.98,1211.36,34035.0,5999.0,5999.0
1206,180.360,104.850,179.98,104.98,1211.36,32127.0,3347.0,3347.0
1207,180.360,104.850,179.98,104.98,1211.36,35232.0,6094.0,6094.0
1208,180.360,104.850,179.98,104.98,1211.36,30708.0,3181.0,3181.0
1209,180.360,104.850,179.98,104.98,1211.36,32133.0,2593.0,2593.0
1210,180.360,104.850,179.98,104.98,1211.36,31007.0,2304.0,2304.0
1211,180.360,104.850,179.98,104.98,1211.36,29697.0,1759.0,1759.0
1212,180.360,104.850,179.98,104.98,1211.36,32697.0,3744.0,3744.0
1213,180.360,104.850,179.98,104.98,1211.36,33080.0,4262.0,4262.0
1214,180.360,104.850,179.98,104.98,1211.36,32432.0,3791.0,3791.0
1215,180.360,104.850,179.98,104.98,1211.36,26818.0,158.0,158.0
1216,180.360,104.850,179.98,104.98,1211.36,28727.0,1075.0,1075.0
1217,180.360,104.850,179.98,104.98,1211.36,29107.0,1536.0,1536.0
1218,180.360,104.850,179.98,104.98,1211.36,31144.0,2420.0,2420.0
1219,180.360,104.850,179.98,104.98,1211.36,32013.0,4805.0,4805.0
1220,180.360,104.850,179.98,104.98,1211.36,29460.0,2206.0,2206.0
1221,180.360,104.850,179.98,104.98,1211.36,30691.0,2694.0,2694.0
1222,180.360,104.850,179.98,104.98,1211.36,33270.0,5190.0,5190.0
1223,180.360,104.850,179.98,104.98,1211.36,30330.0,1502.0,1502.0
1224,180.360,104.850,179.98,104.98,1211.36,33052.0,3648.0,3648.0
1225,180.360,104.850,179.98,104.98,1211.36,32641.0,4078.0,4078.0
1226,180.360,104.850,179.98,104.98,1211.36,30279.0,2649.0,2649.0
1227,180.360,104.850,179.98,104.98,1211.36,36875.0,8344.0,8344.0
1228,180.360,104.850,179.98,104.98,1211.36,31512.0,2858.0,2858.0
1229,180.360,104.850,180.34,105.24,1211.36,36007.0,7495.0,7495.0
1230,180.360,104.850,179.98,104.98,1211.36,31564.0,3294.0,3294.0
1231,180.360,104.850,180.1,105.2,1211.36,39318.0,8854.0,8854.0
1232,180.360,104.850,180.69,105.01,1211.36,34818.0,8096.0,8096.0
1233,180.360,104.850,180.52,105.33,1211.36,35456.0,6152.0,6152.0
1234,180.360,104.850,179.98,104.98,1211.36,32668.0,5208.0,5208.0
1235,180.360,104.850,180.62,104.94,1211.36,39625.0,10336.0,10336.0
1236,180.360,104.850,180.21,105.14,1211.36,38537.0,9315.0,9315.0
1237,180.360,104.850,180.28,104.93,1211.36,41066.0,11092.0,11092.0
1238,180.360,104.850,180.39,104.56,1211.36,38668.0,11457.0,11457.0
1239,180.360,104.850,180.19,105.08,1211.36,36239.0,6551.0,6551.0
1240,180.360,104.850,180.25,105.09,1211.36,38585.0,9096.0,9096.0
1241,180.360,104.850,179.98,104.98,1211.36,33855.0,4471.0,4471.0
1242,180.360,104.850,180.11,105.04,1211.36,41916.0,11336.0,11336.0
1243,180.360,104.850,180.51,104.73,1211.36,38790.0,10335.0,10335.0
1244,180.360,104.850,180.25,105.07,1211.36,39024.0,10632.0,10632.0
1245,180.360,104.850,180.32,104.92,1211.36,41655.0,11871.0,11871.0
1246,180.360,104.850,180.01,104.96,1211.36,38215.0,8551.0,8551.0
1247,180.360,104.850,180.1,104.96,1211.36,39224.0,8977.0,8977.0
1248,180.360,104.850,180.25,104.95,1211.36,43723.0,13551.0,13551.0
1249,180.360,104.850,180.21,104.9,1211.36,41476.0,11623.0,11623.0
1250,180.360,104.850,180.58,105.15,1211.36,44637.0,13391.0,13391.0
1251,180.360,104.850,180.36,104.95,1211.36,55139.0,21821.0,21821.0
1252,180.360,104.850,180.33,104.97,1211.36,50244.0,18619.0,18619.0
1253,180.360,104.850,180.25,105.02,1211.36,47344.0,16676.0,16676.0
1254,180.360,104.850,180.33,104.99,1211.36,46975.0,16537.0,16537.0
1255,180.360,104.850,180.26,105.05,1211.36,49205.0,17749.0,17749.0
1256,180.360,104.850,180.21,105.11,1211.36,44370.0,13723.0,13723.0
1257,180.360,104.850,180.33,104.89,1211.36,52761.0,21170.0,21170.0
1258,180.360,104.850,180.28,104.97,1211.36,59283.0,25988.0,25988.0
1259,180.360,104.850,180.5,104.92,1211.36,51350.0,19893.0,19893.0
1260,180.360,104.850,180.34,104.85,1211.36,51970.0,20644.0,20644.0
1261,180.360,104.850,180.33,104.97,1211.36,49929.0,18429.0,18429.0
1262,180.360,104.850,180.38,105.02,1211.36,50581.0,18712.0,18712.0
1263,180.360,104.850,180.24,105.12,1211.36,45655.0,15812.0,15812.0
1264,180.360,104.850,180.35,105.01,1211.36,50185.0,18189.0,18189.0
1265,180.360,104.850,180.19,105.04,1211.36,48973.0,17119.0,17119.0
1266,180.360,104.850,180.19,104.8,1211.36,47624.0,17353.0,17353.0
1267,180.360,104.850,180.43,104.67,1211.36,50444.0,19467.0,19467.0
1268,180.360,104.850,180.31,104.59,1211.36,45524.0,16081.0,16081.0
1269,180.360,104.850,180.17,104.91,1211.36,53395.0,21482.0,21482.0
1270,180.360,104.850,180.5,104.96,1211.36,47890.0,17064.0,17064.0
1271,180.360,104.850,180.16,105.11,1211.36,45888.0,15121.0,15121.0
1272,180.360,104.850,180.35,105.03,1211.36,49856.0,19356.0,19356.0
1273,180.360,104.850,180.18,105,1211.36,52212.0,20671.0,20671.0
1274,180.360,104.850,180.15,104.92,1211.36,47620.0,18537.0,18537.0
1275,180.360,104.850,180.39,105.22,1211.36,53982.0,22426.0,22426.0
1276,180.360,104.850,180.18,105.03,1211.36,49394.0,18227.0,18227.0
1277,180.360,104.850,180.2,104.97,1211.36,51420.0,19622.0,19622.0
1278,180.360,104.850,180.16,105.11,1211.36,45015.0,14026.0,14026.0
1279,180.360,104.850,180.13,104.97,1211.36,53395.0,22892.0,22892.0
1280,180.360,104.850,180.15,105.03,1211.36,50774.0,20090.0,20090.0
1281,180.360,104.850,180.27,104.95,1211.36,45699.0,14675.0,14675.0
1282,180.360,104.850,180.19,104.86,1211.36,50921.0,18839.0,18839.0
1283,180.360,104.850,180.39,105.02,1211.36,50583.0,18477.0,18477.0
1284,180.360,104.850,180.53,104.84,1211.36,52718.0,21664.0,21664.0
1285,180.360,104.850,180.32,104.95,1211.36,55012.0,21300.0,21300.0
1286,180.360,104.850,180.27,104.92,1211.36,52438.0,21313.0,21313.0
1287,180.360,104.850,180.28,104.88,1211.36,54842.0,23447.0,23447.0
1288,180.360,104.850,180.34,104.94,1211.36,50793.0,19661.0,19661.0
1289,180.360,104.850,180.44,104.94,1211.36,48200.0,17233.0,17233.0
1290,180.360,104.850,180.07,105.13,1211.36,45045.0,13590.0,13590.0
1291,180.360,104.850,180.2,105.08,1211.36,50437.0,18752.0,18752.0
1292,180.360,104.850,180.44,105,1211.36,47055.0,15818.0,15818.0
1293,180.360,104.850,180.34,105.03,1211.36,45024.0,15676.0,15676.0
1294,180.360,104.850,180.34,105.02,1211.36,43620.0,13641.0,13641.0
1295,180.360,104.850,180.31,104.86,1211.36,51321.0,20376.0,20376.0
1296,180.360,104.850,180.37,104.84,1211.36,42778.0,12655.0,12655.0
1297,180.360,104.850,180.4,104.95,1211.36,46066.0,16486.0,16486.0
1298,180.360,104.850,180.41,104.53,1211.36,41680.0,12592.0,12592.0
1299,180.360,104.850,180.27,105.07,1211.36,37822.0,8007.0,8007.0
1300,180.360,104.850,180.17,105.09,1211.36,44492.0,14153.0,14153.0
1301,180.360,104.850,180.56,104.89,1211.36,42411.0,13424.0,13424.0
1302,180.360,104.850,180.38,105,1211.36,47792.0,16462.0,16462.0
1303,180.360,104.850,180.14,104.95,1211.36,42070.0,11171.0,11171.0
1304,180.360,104.850,180.2,105.04,1211.36,40861.0,11193.0,11193.0
1305,180.360,104.850,180.38,104.94,1211.36,50931.0,19200.0,19200.0
1306,180.360,104.850,180.3,105.04,1211.36,49084.0,17336.0,17336.0
1307,180.360,104.850,180.21,104.96,1211.36,46761.0,14592.0,14592.0
1308,180.360,104.850,180.33,104.89,1211.36,48639.0,16450.0,16450.0
1309,180.360,104.850,180.21,104.83,1211.36,47730.0,17154.0,17154.0
1310,180.360,104.850,180.17,104.89,1211.36,47307.0,16007.0,16007.0
1311,180.360,104.850,180.18,104.94,1211.36,46857.0,16206.0,16206.0
1312,180.360,104.850,180.36,104.63,1211.36,44610.0,15249.0,15249.0
1313,180.360,104.850,180.33,105.1,1211.36,48272.0,16904.0,16904.0
1314,180.360,104.850,180.39,104.84,1211.36,52437.0,20929.0,20929.0
1315,180.360,104.850,180.33,105.02,1211.36,41283.0,11251.0,11251.0
1316,180.360,104.850,180.36,104.96,1211.36,54904.0,22427.0,22427.0
1317,180.360,104.850,180.33,104.87,1211.36,57790.0,25958.0,25958.0
1318,180.360,104.850,180.27,104.94,1211.36,50677.0,18565.0,18565.0
1319,180.360,104.850,180.52,104.96,1211.36,49861.0,17253.0,17253.0
1320,180.360,104.850,180.34,104.91,1211.36,48401.0,17248.0,17248.0
1321,180.360,104.850,180.41,105.03,1211.36,49431.0,18614.0,18614.0
1322,180.360,104.850,180.41,104.84,1211.36,51833.0,19840.0,19840.0
1323,180.360,104.850,180.41,104.96,1211.36,41484.0,12245.0,12245.0
1324,180.360,104.850,180.32,105,1211.36,43757.0,13199.0,13199.0
1325,180.360,104.850,180.09,104.95,1211.36,45535.0,15515.0,15515.0
1326,180.360,104.850,180.26,104.98,1211.36,47078.0,15866.0,15866.0
1327,180.360,104.850,180.39,104.88,1211.36,45605.0,14742.0,14742.0
1328,180.360,104.850,180.41,105.06,1211.36,41634.0,11587.0,11587.0
1329,180.360,104.850,180.21,105.08,1211.36,46756.0,16060.0,16060.0
1330,180.360,104.850,180.24,104.72,1211.36,42003.0,12236.0,12236.0
1331,180.360,104.850,180.4,104.96,1211.36,44975.0,13730.0,13730.0
1332,180.360,104.850,180.36,104.94,1211.36,43763.0,13965.0,13965.0
1333,180.360,104.850,180.32,104.97,1211.36,45406.0,14281.0,14281.0
1334,180.360,104.850,180.37,104.89,1211.36,50171.0,19194.0,19194.0
1335,180.360,104.850,180.42,105,1211.36,48521.0,17426.0,17426.0
1336,180.360,104.850,180.34,104.93,1211.36,47850.0,16456.0,16456.0
1337,180.360,104.850,180.18,105.04,1211.36,52031.0,21594.0,21594.0
1338,180.360,104.850,180.19,104.84,1211.36,49439.0,18640.0,18640.0
1339,180.360,104.850,180.57,104.97,1211.36,48319.0,17284.0,17284.0
1340,180.360,104.850,180.29,104.9,1211.36,51406.0,20719.0,20719.0
1341,180.360,104.850,180.3,104.8,1211.36,54676.0,22989.0,22989.0
1342,180.360,104.850,180.37,104.88,1211.36,51656.0,19623.0,19623.0
1343,180.360,104.850,180.29,105.19,1211.36,49383.0,18237.0,18237.0
1344,180.360,104.850,180.47,105.15,1211.36,52764.0,20551.0,20551.0
1345,180.360,104.850,180.33,105.02,1211.36,48459.0,16275.0,16275.0
1346,180.360,104.850,180.38,104.88,1211.36,52287.0,20602.0,20602.0
1347,180.360,104.850,180.63,104.89,1211.36,44671.0,14244.0,14244.0
1348,180.360,104.850,180.35,104.91,1211.36,47993.0,17717.0,17717.0
1349,180.360,104.850,180.26,104.81,1211.36,43352.0,12384.0,12384.0
1350,180.360,104.850,180.25,104.94,1211.36,42986.0,12332.0,12332.0
1351,180.360,104.850,180.43,104.97,1211.36,45625.0,14607.0,14607.0
1352,180.360,104.850,180.19,104.85,1211.36,41189.0,10091.0,10091.0
1353,180.360,104.850,180.3,104.96,1211.36,43101.0,13052.0,13052.0
1354,180.360,104.850,180.15,104.94,1211.36,45362.0,15456.0,15456.0
1355,180.360,104.850,180.36,105.01,1211.36,50893.0,17481.0,17481.0
1356,180.360,104.850,180.29,104.94,1211.36,51568.0,20300.0,20300.0
1357,180.360,104.850,180.42,104.75,1211.36,45477.0,14279.0,14279.0
1358,180.360,104.850,180.36,104.96,1211.36,49745.0,17377.0,17377.0
1359,180.360,104.850,180.22,105.05,1211.36,40101.0,10370.0,10370.0
1360,180.360,104.850,180.44,104.91,1211.36,43714.0,12914.0,12914.0
1361,180.360,104.850,180.12,104.86,1211.36,44969.0,14356.0,14356.0
1362,180.360,104.850,180.36,104.78,1211.36,51944.0,20327.0,20327.0
1363,180.360,104.850,180.3,104.91,1211.36,53976.0,21446.0,21446.0
1364,180.360,104.850,180.24,104.9,1211.36,53631.0,19826.0,19826.0
1365,180.360,104.850,180.35,104.97,1211.36,55659.0,22248.0,22248.0
1366,180.360,104.850,180.27,104.94,1211.36,52048.0,20131.0,20131.0
1367,180.360,104.850,180.44,104.88,1211.36,52451.0,20665.0,20665.0
1368,180.360,104.850,180.19,104.9,1211.36,54367.0,21950.0,21950.0
1369,180.360,104.850,180.39,104.89,1211.36,55157.0,22055.0,22055.0
1370,180.360,104.850,180.45,104.7,1211.36,57809.0,26049.0,26049.0
1371,180.360,104.850,180.6,104.92,1211.36,52827.0,19738.0,19738.0
1372,180.360,104.850,180.23,104.99,1211.36,63176.0,28183.0,28183.0
1373,180.360,104.850,180.34,104.81,1211.36,55726.0,23391.0,23391.0
1374,180.360,104.850,180.5,104.81,1211.36,55045.0,23040.0,23040.0
1375,180.360,104.850,180.3,104.85,1211.36,54218.0,22619.0,22619.0
1376,180.360,104.850,180.51,104.98,1211.36,51400.0,19492.0,19492.0
1377,180.360,104.850,180.38,104.81,1211.36,54159.0,21942.0,21942.0
1378,180.360,104.850,180.44,104.86,1211.36,54907.0,21487.0,21487.0
1379,180.360,104.850,180.28,104.78,1211.36,57519.0,22081.0,22081.0
1380,180.360,104.850,180.28,104.84,1211.36,57875.0,24136.0,24136.0
1381,180.360,104.850,180.27,104.93,1211.36,60512.0,25349.0,25349.0
1382,180.360,104.850,180.4,104.91,1211.36,48978.0,17160.0,17160.0
1383,180.360,104.850,180.05,104.84,1211.36,42504.0,12113.0,12113.0
1384,180.360,104.850,180.22,104.72,1211.36,49933.0,17444.0,17444.0
1385,180.360,104.850,180.3,104.93,1211.36,51069.0,18815.0,18815.0
1386,180.360,104.850,180.27,104.77,1211.36,47939.0,15898.0,15898.0
1387,180.360,104.850,180.2,104.93,1211.36,48865.0,15874.0,15874.0
1388,180.360,104.850,180.32,104.89,1211.36,44666.0,12178.0,12178.0
1389,180.360,104.850,180.23,104.95,1211.36,47152.0,15241.0,15241.0
1390,180.360,104.850,180.28,104.84,1211.36,46261.0,14700.0,14700.0
1391,180.360,104.850,180.58,104.87,1211.36,40457.0,9684.0,9684.0
1392,180.360,104.850,180.42,104.78,1211.36,47368.0,15527.0,15527.0
1393,180.360,104.850,180.41,104.7,1211.36,43490.0,12329.0,12329.0
1394,180.360,104.850,180.43,105,1211.36,44305.0,12313.0,12313.0
1395,180.360,104.850,180.1,104.77,1211.36,41229.0,9911.0,9911.0
1396,180.360,104.850,180.21,104.84,1211.36,46798.0,13540.0,13540.0
1397,180.360,104.850,180.28,105,1211.36,46968.0,14286.0,14286.0
1398,180.360,104.850,180.26,104.66,1211.36,43586.0,11203.0,11203.0
1399,180.360,104.850,180.34,105.03,1211.36,56842.0,23201.0,23201.0
1400,180.360,104.850,180.28,104.86,1211.36,50890.0,17603.0,17603.0
1401,180.360,104.850,180.28,104.71,1211.36,51277.0,19041.0,19041.0
1402,180.360,104.850,180.32,104.91,1211.36,45852.0,14252.0,14252.0
1403,180.360,104.850,180.54,105.11,1211.36,42411.0,10733.0,10733.0
1404,180.360,104.850,180.13,104.9,1211.36,43865.0,12799.0,12799.0
1405,180.360,104.850,180.54,104.89,1211.36,43133.0,12165.0,12165.0
1406,180.360,104.850,180.23,105.04,1211.36,44840.0,13826.0,13826.0
1407,180.360,104.850,180.42,104.55,1211.36,42665.0,11959.0,11959.0
1408,180.360,104.850,180.12,104.8,1211.36,45380.0,13363.0,13363.0
1409,180.360,104.850,180.33,104.8,1211.36,41896.0,10535.0,10535.0
1410,180.360,104.850,180.19,104.97,1211.36,40912.0,9133.0,9133.0
1411,180.360,104.850,180.05,104.94,1211.36,46013.0,13368.0,13368.0
1412,180.360,104.850,180.34,105.01,1211.36,47095.0,13321.0,13321.0
1413,180.360,104.850,180.21,104.85,1211.36,46115.0,13689.0,13689.0
1414,180.360,104.850,180.46,104.9,1211.36,46344.0,14431.0,14431.0
1415,180.360,104.850,180.21,104.99,1211.36,41633.0,9579.0,9579.0
1416,180.360,104.850,180.2,104.89,1211.36,41623.0,10557.0,10557.0
1417,180.360,104.850,180.36,104.61,1211.36,49558.0,16608.0,16608.0
1418,180.360,104.850,180.38,105.37,1211.36,51124.0,18350.0,18350.0
1419,180.360,104.850,180.54,104.9,1211.36,44234.0,12550.0,12550.0
1420,180.360,104.850,180.23,104.8,1211.36,49285.0,17351.0,17351.0
1421,180.360,104.850,180.15,104.9,1211.36,53892.0,20343.0,20343.0
1422,180.360,104.850,180.44,105.01,1211.36,52296.0,19246.0,19246.0
1423,180.360,104.850,180.39,104.86,1211.36,48859.0,15990.0,15990.0
1424,180.360,104.850,180.41,104.94,1211.36,48365.0,14998.0,14998.0
1425,180.360,104.850,180.4,104.81,1211.36,47542.0,15438.0,15438.0
1426,180.360,104.850,180.23,104.86,1211.36,50899.0,19204.0,19204.0
1427,180.360,104.850,180.32,104.86,1211.36,49821.0,16593.0,16593.0
1428,180.360,104.850,180.53,104.93,1211.36,46526.0,14069.0,14069.0
1429,180.360,104.850,180.42,104.77,1211.36,43784.0,11591.0,11591.0
1430,180.360,104.850,180.31,104.89,1211.36,42619.0,11085.0,11085.0
1431,180.360,104.850,180.31,104.79,1211.36,47310.0,14833.0,14833.0
1432,180.360,104.850,180.46,105.1,1211.36,47564.0,16202.0,16202.0
1433,180.360,104.850,180.42,105.04,1211.36,44493.0,12661.0,12661.0
1434,180.360,104.850,180.48,104.92,1211.36,46558.0,14870.0,14870.0
1435,180.360,104.850,180.46,104.97,1211.36,50769.0,18675.0,18675.0
1436,180.360,104.850,180.35,104.94,1211.36,44265.0,13259.0,13259.0
1437,180.360,104.850,180.35,104.87,1211.36,52098.0,18762.0,18762.0
1438,180.360,104.850,180.34,105.07,1211.36,47676.0,16286.0,16286.0
1439,180.360,104.850,180.22,104.85,1211.36,50928.0,17809.0,17809.0
1440,180.360,104.850,180.18,105.01,1211.36,47188.0,13189.0,13189.0
1441,180.360,104.850,180.24,104.79,1211.36,48222.0,14456.0,14456.0
1442,180.360,104.850,180.02,105.05,1211.36,40108.0,8122.0,8122.0
1443,180.360,104.850,180.08,104.99,1211.36,37431.0,7520.0,7520.0
1444,180.360,104.850,180.2,104.91,1211.36,37547.0,6275.0,6275.0
1445,180.360,104.850,180.26,104.91,1211.36,48187.0,14959.0,14959.0
1446,180.360,104.850,180.24,104.87,1211.36,43758.0,10172.0,10172.0
1447,180.360,104.850,180.47,104.92,1211.36,41184.0,9567.0,9567.0
1448,180.360,104.850,180.48,105.03,1211.36,34601.0,5220.0,5220.0
1449,180.360,104.850,180.43,104.86,1211.36,41512.0,9508.0,9508.0
1450,180.360,104.850,180.06,104.94,1211.36,40016.0,7655.0,7655.0
1451,180.360,104.850,180.45,104.65,1211.36,39443.0,9050.0,9050.0
1452,180.360,104.850,180.16,105.07,1211.36,34890.0,4681.0,4681.0
1453,180.360,104.850,180.33,104.86,1211.36,41227.0,10074.0,10074.0
1454,180.360,104.850,180.33,104.74,1211.36,41638.0,10686.0,10686.0
1455,180.360,104.850,180.27,104.87,1211.36,38026.0,7118.0,7118.0
1456,180.360,104.850,180.13,104.72,1211.36,48814.0,16383.0,16383.0
1457,180.360,104.850,180.19,104.92,1211.36,49923.0,16480.0,16480.0
1458,180.360,104.850,180.33,104.93,1211.36,46407.0,13652.0,13652.0
1459,180.360,104.850,180.41,104.6,1211.36,44810.0,12850.0,12850.0
1460,180.360,104.850,180.21,104.85,1211.36,42243.0,11705.0,11705.0
1461,180.360,104.850,180.38,104.85,1211.36,46388.0,15878.0,15878.0
1462,180.360,104.850,180.38,104.87,1211.36,44364.0,11453.0,11453.0
1463,180.360,104.850,180.23,104.85,1211.36,49186.0,17045.0,17045.0
1464,180.360,104.850,180.22,104.96,1211.36,41023.0,9388.0,9388.0
1465,180.360,104.850,179.98,104.98,1211.36,34890.0,3475.0,3475.0
1466,180.360,104.850,180.34,104.79,1211.36,43461.0,11624.0,11624.0
1467,180.360,104.850,180.41,104.77,1211.36,47339.0,14358.0,14358.0
1468,180.360,104.850,180.26,104.71,1211.36,49021.0,17033.0,17033.0
1469,180.360,104.850,180.12,104.86,1211.36,43396.0,11245.0,11245.0
1470,180.360,104.850,180.45,104.8,1211.36,44608.0,12252.0,12252.0
1471,180.360,104.850,180.09,104.78,1211.36,39295.0,7712.0,7712.0
1472,180.360,104.850,180.21,104.8,1211.36,48869.0,16253.0,16253.0
1473,180.360,104.850,180.26,104.81,1211.36,46158.0,14361.0,14361.0
1474,180.360,104.850,180.42,104.58,1211.36,50751.0,18903.0,18903.0
1475,180.360,104.850,180.24,104.82,1211.36,37594.0,6622.0,6622.0
1476,180.360,104.850,180.26,104.81,1211.36,47785.0,15648.0,15648.0
1477,180.360,104.850,180.37,104.65,1211.36,45421.0,14118.0,14118.0
1478,180.360,104.850,180.29,104.94,1211.36,49601.0,16888.0,16888.0
1479,180.360,104.850,180.34,104.88,1211.36,45875.0,14180.0,14180.0
1480,180.360,104.850,180.18,104.73,1211.36,48670.0,16859.0,16859.0
1481,180.360,104.850,180.31,104.76,1211.36,44376.0,12041.0,12041.0
1482,180.360,104.850,180.3,104.64,1211.36,44074.0,12095.0,12095.0
1483,180.360,104.850,180.38,104.62,1211.36,42431.0,10813.0,10813.0
1484,180.360,104.850,180.47,104.68,1211.36,45490.0,15505.0,15505.0
1485,180.360,104.850,180.53,105,1211.36,36065.0,6052.0,6052.0
1486,180.360,104.850,180.33,104.52,1211.36,36135.0,5990.0,5990.0
1487,180.360,104.850,180.35,104.73,1211.36,40329.0,8762.0,8762.0
1488,180.360,104.850,180.18,104.73,1211.36,41590.0,9322.0,9322.0
1489,180.360,104.850,180.41,104.92,1211.36,37981.0,8114.0,8114.0
1490,180.360,104.850,180.36,104.82,1211.36,42387.0,11117.0,11117.0
1491,180.360,104.850,180.38,104.5,1211.36,38400.0,8102.0,8102.0
1492,180.360,104.850,180.4,104.76,1211.36,46411.0,14647.0,14647.0
1493,180.360,104.850,180.08,104.8,1211.36,47276.0,15216.0,15216.0
1494,180.360,104.850,180.15,104.94,1211.36,46243.0,14096.0,14096.0
1495,180.360,104.850,180.41,105.06,1211.36,43770.0,11606.0,11606.0
1496,180.360,104.850,180.36,104.9,1211.36,48048.0,16176.0,16176.0
1497,180.360,104.850,180.17,104.68,1211.36,40975.0,9557.0,9557.0
1498,180.360,104.850,180.49,104.96,1211.36,41787.0,10397.0,10397.0
1499,180.360,104.850,180.32,104.69,1211.36,40432.0,8428.0,8428.0
1500,180.360,104.850,180.36,104.85,1211.36,42376.0,10899.0,10899.0
