id,avg_x,avg_y,x,y,bg,Square_intensity,circular_intensity,Gaussian_intensity
565,102.110,231.320,102.06,231.14,1032.89,27771.0,3524.0,3524.0
566,102.110,231.320,102.06,231.14,1032.89,26680.0,1735.0,1735.0
567,102.110,231.320,102.06,231.14,1032.89,26478.0,1718.0,1718.0
568,102.110,231.320,102.06,231.14,1032.89,27523.0,2433.0,2433.0
569,102.110,231.320,102.06,231.14,1032.89,26079.0,1203.0,1203.0
570,102.110,231.320,102.06,231.14,1032.89,26828.0,1427.0,1427.0
571,102.110,231.320,102.06,231.14,1032.89,26395.0,1197.0,1197.0
572,102.110,231.320,102.06,231.14,1032.89,27808.0,2161.0,2161.0
573,102.110,231.320,102.06,231.14,1032.89,23592.0,0.0,0.0
574,102.110,231.320,102.06,231.14,1032.89,24285.0,1261.0,1261.0
575,102.110,231.320,102.06,231.14,1032.89,26781.0,2099.0,2099.0
576,102.110,231.320,102.06,231.14,1032.89,26498.0,1947.0,1947.0
577,102.110,231.320,102.06,231.14,1032.89,25525.0,1128.0,1128.0
578,102.110,231.320,102.06,231.14,1032.89,27089.0,2135.0,2135.0
579,102.110,231.320,102.06,231.14,1032.89,28049.0,3539.0,3539.0
580,102.110,231.320,102.06,231.14,1032.89,25228.0,1188.0,1188.0
581,102.110,231.320,102.06,231.14,1032.89,27492.0,2385.0,2385.0
582,102.110,231.320,102.06,231.14,1032.89,30212.0,4499.0,4499.0
583,102.110,231.320,102.06,231.14,1032.89,27565.0,2712.0,2712.0
584,102.110,231.320,102.06,231.14,1032.89,27779.0,3391.0,3391.0
585,102.110,231.320,102.06,231.14,1032.89,28164.0,2806.0,2806.0
586,102.110,231.320,102.06,231.14,1032.89,28940.0,2776.0,2776.0
587,102.110,231.320,102.06,231.14,1032.89,28265.0,2751.0,2751.0
588,102.110,231.320,102.06,231.14,1032.89,27904.0,3059.0,3059.0
589,102.110,231.320,102.06,231.14,1032.89,28295.0,2690.0,2690.0
590,102.110,231.320,102.06,231.14,1032.89,27842.0,2708.0,2708.0
591,102.110,231.320,102.06,231.14,1032.89,28365.0,3823.0,3823.0
592,102.110,231.320,102.06,231.14,1032.89,26811.0,2709.0,2709.0
593,102.110,231.320,102.06,231.14,1032.89,25533.0,2012.0,2012.0
594,102.110,231.320,102.06,231.14,1032.89,26604.0,2407.0,2407.0
595,102.110,231.320,102.06,231.14,1032.89,26855.0,1598.0,1598.0
596,102.110,231.320,102.06,231.14,1032.89,29541.0,4571.0,4571.0
597,102.110,231.320,102.06,231.14,1032.89,28381.0,3353.0,3353.0
598,102.110,231.320,102.06,231.14,1032.89,27420.0,2640.0,2640.0
599,102.110,231.320,102.06,231.14,1032.89,26683.0,2323.0,2323.0
600,102.110,231.320,102.06,231.14,1032.89,26023.0,1331.0,1331.0
601,102.110,231.320,102.06,231.14,1032.89,27172.0,1621.0,1621.0
602,102.110,231.320,102.06,231.14,1032.89,28886.0,3473.0,3473.0
603,102.110,231.320,102.06,231.14,1032.89,27399.0,2293.0,2293.0
604,102.110,231.320,102.06,231.14,1032.89,32769.0,6800.0,6800.0
605,102.110,231.320,102.06,231.14,1032.89,30082.0,4732.0,4732.0
606,102.110,231.320,102.06,231.14,1032.89,31017.0,4858.0,4858.0
607,102.110,231.320,102.06,231.14,1032.89,32713.0,7908.0,7908.0
608,102.110,231.320,102.06,231.14,1032.89,33869.0,7992.0,7992.0
609,102.110,231.320,102.06,231.14,1032.89,35094.0,9165.0,9165.0
610,102.110,231.320,102.06,231.14,1032.89,33920.0,7648.0,7648.0
611,102.110,231.320,102.06,231.14,1032.89,33458.0,7876.0,7876.0
612,102.110,231.320,102.06,231.14,1032.89,35508.0,10160.0,10160.0
613,102.110,231.320,102.06,231.14,1032.89,32407.0,5956.0,5956.0
614,102.110,231.320,102.06,231.14,1032.89,32950.0,7161.0,7161.0
615,102.110,231.320,102.06,231.14,1032.89,29563.0,4182.0,4182.0
616,102.110,231.320,102.06,231.14,1032.89,30727.0,4631.0,4631.0
617,102.110,231.320,102.06,231.14,1032.89,30570.0,4313.0,4313.0
618,102.110,231.320,102.06,231.14,1032.89,31457.0,6581.0,6581.0
619,102.110,231.320,102.06,231.14,1032.89,30960.0,5946.0,5946.0
620,102.110,231.320,102.06,231.14,1032.89,29715.0,5783.0,5783.0
621,102.110,231.320,102.06,231.14,1032.89,29285.0,5316.0,5316.0
622,102.110,231.320,102.06,231.14,1032.89,28200.0,2866.0,2866.0
623,102.110,231.320,102.06,231.14,1032.89,31189.0,5701.0,5701.0
624,102.110,231.320,102.06,231.14,1032.89,27917.0,3158.0,3158.0
625,102.110,231.320,102.06,231.14,1032.89,29841.0,4632.0,4632.0
626,102.110,231.320,102.06,231.14,1032.89,27593.0,3113.0,3113.0
627,102.110,231.320,102.06,231.14,1032.89,28705.0,2953.0,2953.0
628,102.110,231.320,102.06,231.14,1032.89,29037.0,3905.0,3905.0
629,102.110,231.320,102.06,231.14,1032.89,29126.0,3974.0,3974.0
630,102.110,231.320,102.06,231.14,1032.89,29397.0,4436.0,4436.0
631,102.110,231.320,102.06,231.14,1032.89,30966.0,5722.0,5722.0
632,102.110,231.320,102.06,231.14,1032.89,29172.0,4404.0,4404.0
633,102.110,231.320,102.06,231.14,1032.89,29055.0,3135.0,3135.0
634,102.110,231.320,102.06,231.14,1032.89,29761.0,5100.0,5100.0
635,102.110,231.320,102.06,231.14,1032.89,28027.0,2575.0,2575.0
636,102.110,231.320,102.06,231.14,1032.89,28713.0,3983.0,3983.0
637,102.110,231.320,102.06,231.14,1032.89,30623.0,5239.0,5239.0
638,102.110,231.320,102.06,231.14,1032.89,30004.0,4181.0,4181.0
639,102.110,231.320,102.06,231.14,1032.89,29689.0,4458.0,4458.0
640,102.110,231.320,102.06,231.14,1032.89,31175.0,4779.0,4779.0
641,102.110,231.320,102.06,231.14,1032.89,27939.0,2971.0,2971.0
642,102.110,231.320,102.06,231.14,1032.89,29358.0,3824.0,3824.0
643,102.110,231.320,102.06,231.14,1032.89,28765.0,3838.0,3838.0
644,102.110,231.320,102.06,231.14,1032.89,27902.0,3625.0,3625.0
645,102.110,231.320,102.06,231.14,1032.89,29679.0,4848.0,4848.0
646,102.110,231.320,102.06,231.14,1032.89,28998.0,3740.0,3740.0
647,102.110,231.320,102.06,231.14,1032.89,30288.0,5014.0,5014.0
648,102.110,231.320,102.06,231.14,1032.89,27699.0,2477.0,2477.0
649,102.110,231.320,102.06,231.14,1032.89,26998.0,2073.0,2073.0
650,102.110,231.320,102.06,231.14,1032.89,28272.0,3641.0,3641.0
651,102.110,231.320,102.06,231.14,1032.89,29139.0,4289.0,4289.0
652,102.110,231.320,102.06,231.14,1032.89,30422.0,5391.0,5391.0
653,102.110,231.320,102.06,231.14,1032.89,30153.0,4590.0,4590.0
654,102.110,231.320,102.06,231.14,1032.89,29772.0,5048.0,5048.0
655,102.110,231.320,102.06,231.14,1032.89,29859.0,4580.0,4580.0
656,102.110,231.320,102.06,231.14,1032.89,29505.0,4078.0,4078.0
657,102.110,231.320,102.06,231.14,1032.89,32657.0,6897.0,6897.0
658,102.110,231.320,102.06,231.14,1032.89,30552.0,4883.0,4883.0
659,102.110,231.320,102.06,231.14,1032.89,29616.0,3926.0,3926.0
660,102.110,231.320,102.06,231.14,1032.89,29677.0,4527.0,4527.0
661,102.110,231.320,102.06,231.14,1032.89,29054.0,4135.0,4135.0
662,102.110,231.320,102.06,231.14,1032.89,27576.0,2125.0,2125.0
663,102.110,231.320,102.06,231.14,1032.89,28225.0,2885.0,2885.0
664,102.110,231.320,102.06,231.14,1032.89,25288.0,1280.0,1280.0
665,102.110,231.320,102.06,231.14,1032.89,27385.0,2381.0,2381.0
666,102.110,231.320,102.06,231.14,1032.89,27255.0,2787.0,2787.0
667,102.110,231.320,102.06,231.14,1032.89,27492.0,2650.0,2650.0
668,102.110,231.320,102.06,231.14,1032.89,26494.0,1064.0,1064.0
669,102.110,231.320,102.06,231.14,1032.89,25431.0,983.0,983.0
670,102.110,231.320,102.06,231.14,1032.89,26849.0,1989.0,1989.0
671,102.110,231.320,102.06,231.14,1032.89,27328.0,3156.0,3156.0
672,102.110,231.320,102.06,231.14,1032.89,27922.0,2700.0,2700.0
673,102.110,231.320,102.06,231.14,1032.89,25468.0,1011.0,1011.0
674,102.110,231.320,102.06,231.14,1032.89,25693.0,1753.0,1753.0
675,102.110,231.320,102.06,231.14,1032.89,25276.0,729.0,729.0
676,102.110,231.320,102.06,231.14,1032.89,26719.0,2527.0,2527.0
677,102.110,231.320,102.06,231.14,1032.89,27812.0,2677.0,2677.0
678,102.110,231.320,102.06,231.14,1032.89,28001.0,3445.0,3445.0
679,102.110,231.320,102.06,231.14,1032.89,27140.0,2766.0,2766.0
680,102.110,231.320,102.06,231.14,1032.89,27185.0,2822.0,2822.0
681,102.110,231.320,102.06,231.14,1032.89,26938.0,2091.0,2091.0
682,102.110,231.320,102.06,231.14,1032.89,25117.0,629.0,629.0
683,102.110,231.320,102.06,231.14,1032.89,25728.0,1556.0,1556.0
684,102.110,231.320,102.06,231.14,1032.89,26143.0,1204.0,1204.0
685,102.110,231.320,102.06,231.14,1032.89,27579.0,3058.0,3058.0
686,102.110,231.320,102.06,231.14,1032.89,25359.0,997.0,997.0
687,102.110,231.320,102.06,231.14,1032.89,25041.0,1328.0,1328.0
688,102.110,231.320,102.06,231.14,1032.89,27108.0,2256.0,2256.0
689,102.110,231.320,102.06,231.14,1032.89,27806.0,2910.0,2910.0
690,102.110,231.320,102.06,231.14,1032.89,25595.0,1544.0,1544.0
691,102.110,231.320,102.06,231.14,1032.89,26180.0,1530.0,1530.0
692,102.110,231.320,102.06,231.14,1032.89,28470.0,4165.0,4165.0
693,102.110,231.320,102.06,231.14,1032.89,30425.0,4964.0,4964.0
694,102.110,231.320,102.06,231.14,1032.89,32209.0,6566.0,6566.0
695,102.110,231.320,102.06,231.14,1032.89,29464.0,3821.0,3821.0
696,102.110,231.320,102.06,231.14,1032.89,30797.0,4945.0,4945.0
697,102.110,231.320,102.06,231.14,1032.89,31888.0,5463.0,5463.0
698,102.110,231.320,102.06,231.14,1032.89,30877.0,6261.0,6261.0
699,102.110,231.320,102.06,231.14,1032.89,30414.0,5129.0,5129.0
700,102.110,231.320,102.06,231.14,1032.89,31904.0,5703.0,5703.0
701,102.110,231.320,102.06,231.14,1032.89,29317.0,4337.0,4337.0
702,102.110,231.320,102.06,231.14,1032.89,28178.0,3321.0,3321.0
703,102.110,231.320,102.06,231.14,1032.89,29162.0,3917.0,3917.0
704,102.110,231.320,102.06,231.14,1032.89,29566.0,4415.0,4415.0
705,102.110,231.320,102.06,231.14,1032.89,32373.0,5988.0,5988.0
706,102.110,231.320,102.06,231.14,1032.89,28240.0,3479.0,3479.0
707,102.110,231.320,102.06,231.14,1032.89,29803.0,4531.0,4531.0
708,102.110,231.320,102.06,231.14,1032.89,32428.0,6649.0,6649.0
709,102.110,231.320,102.06,231.14,1032.89,29225.0,4521.0,4521.0
710,102.110,231.320,102.06,231.14,1032.89,28469.0,3566.0,3566.0
711,102.110,231.320,102.06,231.14,1032.89,28428.0,3102.0,3102.0
712,102.110,231.320,102.06,231.14,1032.89,28732.0,3456.0,3456.0
713,102.110,231.320,102.06,231.14,1032.89,30359.0,4756.0,4756.0
714,102.110,231.320,102.06,231.14,1032.89,28567.0,3055.0,3055.0
715,102.110,231.320,102.06,231.14,1032.89,28689.0,4117.0,4117.0
716,102.110,231.320,102.06,231.14,1032.89,29148.0,4487.0,4487.0
717,102.110,231.320,102.06,231.14,1032.89,30577.0,4651.0,4651.0
718,102.110,231.320,102.06,231.14,1032.89,28087.0,3681.0,3681.0
719,102.110,231.320,102.06,231.14,1032.89,30031.0,4650.0,4650.0
720,102.110,231.320,102.06,231.14,1032.89,30040.0,4569.0,4569.0
721,102.110,231.320,102.06,231.14,1032.89,30510.0,5234.0,5234.0
722,102.110,231.320,102.06,231.14,1032.89,29540.0,4501.0,4501.0
723,102.110,231.320,102.06,231.14,1032.89,31152.0,5818.0,5818.0
724,102.110,231.320,102.06,231.14,1032.89,31505.0,5957.0,5957.0
725,102.110,231.320,102.06,231.14,1032.89,29904.0,5409.0,5409.0
726,102.110,231.320,102.06,231.14,1032.89,28258.0,2500.0,2500.0
727,102.110,231.320,102.06,231.14,1032.89,28301.0,3540.0,3540.0
728,102.110,231.320,102.06,231.14,1032.89,27546.0,2729.0,2729.0
729,102.110,231.320,102.06,231.14,1032.89,28810.0,4089.0,4089.0
730,102.110,231.320,102.06,231.14,1032.89,30803.0,5403.0,5403.0
731,102.110,231.320,102.06,231.14,1032.89,28621.0,4209.0,4209.0
732,102.110,231.320,102.06,231.14,1032.89,29055.0,3581.0,3581.0
733,102.110,231.320,102.06,231.14,1032.89,29729.0,3169.0,3169.0
734,102.110,231.320,102.06,231.14,1032.89,31195.0,5730.0,5730.0
735,102.110,231.320,102.06,231.14,1032.89,28505.0,3269.0,3269.0
736,102.110,231.320,102.06,231.14,1032.89,28969.0,3927.0,3927.0
737,102.110,231.320,102.06,231.14,1032.89,27016.0,1986.0,1986.0
738,102.110,231.320,102.06,231.14,1032.89,30877.0,4751.0,4751.0
739,102.110,231.320,102.06,231.14,1032.89,30353.0,5066.0,5066.0
740,102.110,231.320,102.06,231.14,1032.89,30400.0,4197.0,4197.0
741,102.110,231.320,102.06,231.14,1032.89,29734.0,4367.0,4367.0
742,102.110,231.320,102.06,231.14,1032.89,29269.0,4085.0,4085.0
743,102.110,231.320,102.06,231.14,1032.89,31033.0,5356.0,5356.0
744,102.110,231.320,102.06,231.14,1032.89,29087.0,4682.0,4682.0
745,102.110,231.320,102.06,231.14,1032.89,30257.0,3878.0,3878.0
746,102.110,231.320,102.06,231.14,1032.89,30989.0,4862.0,4862.0
747,102.110,231.320,102.06,231.14,1032.89,28430.0,3169.0,3169.0
748,102.110,231.320,102.06,231.14,1032.89,30414.0,5667.0,5667.0
749,102.110,231.320,102.06,231.14,1032.89,29060.0,3518.0,3518.0
750,102.110,231.320,102.06,231.14,1032.89,28714.0,2611.0,2611.0
751,102.110,231.320,102.06,231.14,1032.89,29967.0,3985.0,3985.0
752,102.110,231.320,102.06,231.14,1032.89,31335.0,5526.0,5526.0
753,102.110,231.320,102.06,231.14,1032.89,29455.0,4082.0,4082.0
754,102.110,231.320,102.06,231.14,1032.89,29332.0,3448.0,3448.0
755,102.110,231.320,102.06,231.14,1032.89,33087.0,7343.0,7343.0
756,102.110,231.320,102.06,231.14,1032.89,34137.0,8074.0,8074.0
757,102.110,231.320,102.06,231.14,1032.89,36027.0,9622.0,9622.0
758,102.110,231.320,102.06,231.14,1032.89,33629.0,7465.0,7465.0
759,102.110,231.320,102.06,231.14,1032.89,36750.0,10489.0,10489.0
760,102.110,231.320,102.06,231.14,1032.89,33880.0,6909.0,6909.0
761,102.110,231.320,102.06,231.14,1032.89,32823.0,6828.0,6828.0
762,102.110,231.320,102.06,231.14,1032.89,35848.0,8946.0,8946.0
763,102.110,231.320,102.06,231.14,1032.89,34266.0,7950.0,7950.0
764,102.110,231.320,102.06,231.14,1032.89,35386.0,9486.0,9486.0
765,102.110,231.320,102.06,231.14,1032.89,36278.0,9700.0,9700.0
766,102.110,231.320,102.06,231.14,1032.89,33867.0,7620.0,7620.0
767,102.110,231.320,102.06,231.14,1032.89,34538.0,8492.0,8492.0
768,102.110,231.320,102.06,231.14,1032.89,35180.0,9214.0,9214.0
769,102.110,231.320,102.06,231.14,1032.89,34055.0,8192.0,8192.0
770,102.110,231.320,102.06,231.14,1032.89,34982.0,8044.0,8044.0
771,102.110,231.320,102.06,231.14,1032.89,34783.0,9664.0,9664.0
772,102.110,231.320,102.06,231.14,1032.89,37858.0,10192.0,10192.0
773,102.110,231.320,102.06,231.14,1032.89,36413.0,10228.0,10228.0
774,102.110,231.320,102.06,231.14,1032.89,30873.0,5391.0,5391.0
775,102.110,231.320,102.06,231.14,1032.89,27362.0,2575.0,2575.0
776,102.110,231.320,102.06,231.14,1032.89,29365.0,4040.0,4040.0
777,102.110,231.320,102.06,231.14,1032.89,29509.0,4839.0,4839.0
778,102.110,231.320,102.06,231.14,1032.89,29501.0,4207.0,4207.0
779,102.110,231.320,102.06,231.14,1032.89,29064.0,4319.0,4319.0
780,102.110,231.320,102.06,231.14,1032.89,30228.0,5215.0,5215.0
781,102.110,231.320,102.06,231.14,1032.89,30897.0,4789.0,4789.0
782,102.110,231.320,102.06,231.14,1032.89,28019.0,3243.0,3243.0
783,102.110,231.320,102.06,231.14,1032.89,30261.0,5044.0,5044.0
784,102.110,231.320,102.06,231.14,1032.89,32342.0,7032.0,7032.0
785,102.110,231.320,102.06,231.14,1032.89,27951.0,3173.0,3173.0
786,102.110,231.320,102.06,231.14,1032.89,32810.0,7275.0,7275.0
787,102.110,231.320,102.06,231.14,1032.89,28871.0,4409.0,4409.0
788,102.110,231.320,102.06,231.14,1032.89,31200.0,5480.0,5480.0
789,102.110,231.320,102.06,231.14,1032.89,28447.0,4020.0,4020.0
790,102.110,231.320,102.06,231.14,1032.89,32749.0,5815.0,5815.0
791,102.110,231.320,102.06,231.14,1032.89,28936.0,4023.0,4023.0
792,102.110,231.320,102.06,231.14,1032.89,28624.0,3825.0,3825.0
793,102.110,231.320,102.06,231.14,1032.89,30482.0,5906.0,5906.0
794,102.110,231.320,102.06,231.14,1032.89,31070.0,5655.0,5655.0
795,102.110,231.320,102.06,231.14,1032.89,30994.0,5064.0,5064.0
796,102.110,231.320,102.06,231.14,1032.89,30122.0,5397.0,5397.0
797,102.110,231.320,102.06,231.14,1032.89,29146.0,4282.0,4282.0
798,102.110,231.320,102.06,231.14,1032.89,32316.0,6141.0,6141.0
799,102.110,231.320,102.06,231.14,1032.89,29284.0,3824.0,3824.0
800,102.110,231.320,102.06,231.14,1032.89,30125.0,5103.0,5103.0
801,102.110,231.320,102.06,231.14,1032.89,28598.0,3605.0,3605.0
802,102.110,231.320,102.06,231.14,1032.89,29842.0,5162.0,5162.0
803,102.110,231.320,102.06,231.14,1032.89,29524.0,4925.0,4925.0
804,102.110,231.320,102.06,231.14,1032.89,29305.0,4775.0,4775.0
805,102.110,231.320,102.06,231.14,1032.89,29220.0,3726.0,3726.0
806,102.110,231.320,102.06,231.14,1032.89,28946.0,3648.0,3648.0
807,102.110,231.320,102.06,231.14,1032.89,30041.0,4510.0,4510.0
808,102.110,231.320,102.06,231.14,1032.89,29419.0,3767.0,3767.0
809,102.110,231.320,102.06,231.14,1032.89,28831.0,3819.0,3819.0
810,102.110,231.320,102.06,231.14,1032.89,28430.0,3867.0,3867.0
811,102.110,231.320,102.06,231.14,1032.89,29537.0,4279.0,4279.0
812,102.110,231.320,102.06,231.14,1032.89,28805.0,3901.0,3901.0
813,102.110,231.320,102.06,231.14,1032.89,27853.0,3585.0,3585.0
814,102.110,231.320,102.06,231.14,1032.89,28961.0,3682.0,3682.0
815,102.110,231.320,102.06,231.14,1032.89,31993.0,5268.0,5268.0
816,102.110,231.320,102.06,231.14,1032.89,28231.0,3732.0,3732.0
817,102.110,231.320,102.06,231.14,1032.89,29101.0,3146.0,3146.0
818,102.110,231.320,102.06,231.14,1032.89,29817.0,4614.0,4614.0
819,102.110,231.320,102.06,231.14,1032.89,33415.0,6832.0,6832.0
820,102.110,231.320,102.06,231.14,1032.89,30103.0,5489.0,5489.0
821,102.110,231.320,102.06,231.14,1032.89,32944.0,6819.0,6819.0
822,102.110,231.320,102.06,231.14,1032.89,32893.0,7341.0,7341.0
823,102.110,231.320,102.06,231.14,1032.89,31891.0,6068.0,6068.0
824,102.110,231.320,102.06,231.14,1032.89,37340.0,10043.0,10043.0
825,102.110,231.320,102.06,231.14,1032.89,36957.0,10008.0,10008.0
826,102.110,231.320,102.06,231.14,1032.89,36848.0,10444.0,10444.0
827,102.110,231.320,102.06,231.14,1032.89,33827.0,8182.0,8182.0
828,102.110,231.320,102.06,231.14,1032.89,33464.0,7647.0,7647.0
829,102.110,231.320,102.06,231.14,1032.89,35346.0,8984.0,8984.0
830,102.110,231.320,102.06,231.14,1032.89,35176.0,8626.0,8626.0
831,102.110,231.320,102.06,231.14,1032.89,35796.0,9379.0,9379.0
832,102.110,231.320,102.06,231.14,1032.89,38094.0,11130.0,11130.0
833,102.110,231.320,102.06,231.14,1032.89,35582.0,9382.0,9382.0
834,102.110,231.320,102.06,231.14,1032.89,31748.0,6222.0,6222.0
835,102.110,231.320,102.06,231.14,1032.89,32372.0,7442.0,7442.0
836,102.110,231.320,102.06,231.14,1032.89,32966.0,7231.0,7231.0
837,102.110,231.320,102.06,231.14,1032.89,36009.0,9878.0,9878.0
838,102.110,231.320,102.06,231.14,1032.89,37495.0,10663.0,10663.0
839,102.110,231.320,102.06,231.14,1032.89,34610.0,8939.0,8939.0
840,102.110,231.320,102.06,231.14,1032.89,38092.0,11049.0,11049.0
841,102.110,231.320,102.06,231.14,1032.89,36655.0,9302.0,9302.0
842,102.110,231.320,102.06,231.14,1032.89,35980.0,9329.0,9329.0
843,102.110,231.320,102.06,231.14,1032.89,37349.0,10415.0,10415.0
844,102.110,231.320,102.06,231.14,1032.89,38176.0,11094.0,11094.0
845,102.110,231.320,102.06,231.14,1032.89,33809.0,8365.0,8365.0
846,102.110,231.320,102.06,231.14,1032.89,35323.0,9041.0,9041.0
847,102.110,231.320,102.06,231.14,1032.89,38643.0,11740.0,11740.0
848,102.110,231.320,102.06,231.14,1032.89,37595.0,10451.0,10451.0
849,102.110,231.320,102.06,231.14,1032.89,36189.0,9640.0,9640.0
850,102.110,231.320,102.06,231.14,1032.89,38405.0,11368.0,11368.0
851,102.110,231.320,102.06,231.14,1032.89,35447.0,9959.0,9959.0
852,102.110,231.320,102.06,231.14,1032.89,38635.0,11892.0,11892.0
853,102.110,231.320,102.06,231.14,1032.89,37525.0,10470.0,10470.0
854,102.110,231.320,102.06,231.14,1032.89,35318.0,9647.0,9647.0
855,102.110,231.320,102.06,231.14,1032.89,39328.0,11734.0,11734.0
856,102.110,231.320,102.06,231.14,1032.89,38277.0,11512.0,11512.0
857,102.110,231.320,102.06,231.14,1032.89,36694.0,9306.0,9306.0
858,102.110,231.320,102.06,231.14,1032.89,36533.0,10657.0,10657.0
859,102.110,231.320,102.06,231.14,1032.89,37584.0,11213.0,11213.0
860,102.110,231.320,102.06,231.14,1032.89,38342.0,11853.0,11853.0
861,102.110,231.320,102.06,231.14,1032.89,38539.0,11842.0,11842.0
862,102.110,231.320,102.06,231.14,1032.89,36130.0,10032.0,10032.0
863,102.110,231.320,102.06,231.14,1032.89,29306.0,4355.0,4355.0
864,102.110,231.320,102.06,231.14,1032.89,29499.0,4013.0,4013.0
865,102.110,231.320,102.06,231.14,1032.89,29444.0,4470.0,4470.0
866,102.110,231.320,102.06,231.14,1032.89,29179.0,5094.0,5094.0
867,102.110,231.320,102.06,231.14,1032.89,29014.0,4054.0,4054.0
868,102.110,231.320,102.06,231.14,1032.89,27998.0,2646.0,2646.0
869,102.110,231.320,102.06,231.14,1032.89,29027.0,3830.0,3830.0
870,102.110,231.320,102.06,231.14,1032.89,30862.0,5377.0,5377.0
871,102.110,231.320,102.06,231.14,1032.89,31188.0,4952.0,4952.0
872,102.110,231.320,102.06,231.14,1032.89,29205.0,4088.0,4088.0
873,102.110,231.320,102.06,231.14,1032.89,30014.0,4914.0,4914.0
874,102.110,231.320,102.06,231.14,1032.89,28351.0,3672.0,3672.0
875,102.110,231.320,102.06,231.14,1032.89,31084.0,4984.0,4984.0
876,102.110,231.320,102.06,231.14,1032.89,27755.0,2990.0,2990.0
877,102.110,231.320,102.06,231.14,1032.89,30316.0,5471.0,5471.0
878,102.110,231.320,102.06,231.14,1032.89,27079.0,2749.0,2749.0
879,102.110,231.320,102.06,231.14,1032.89,30667.0,4928.0,4928.0
880,102.110,231.320,102.06,231.14,1032.89,28800.0,3698.0,3698.0
881,102.110,231.320,102.06,231.14,1032.89,28895.0,4045.0,4045.0
882,102.110,231.320,102.06,231.14,1032.89,26167.0,2016.0,2016.0
883,102.110,231.320,102.06,231.14,1032.89,26580.0,2422.0,2422.0
884,102.110,231.320,102.06,231.14,1032.89,28680.0,4415.0,4415.0
885,102.110,231.320,102.06,231.14,1032.89,28775.0,4219.0,4219.0
886,102.110,231.320,102.06,231.14,1032.89,29200.0,4461.0,4461.0
887,102.110,231.320,102.06,231.14,1032.89,26625.0,2162.0,2162.0
888,102.110,231.320,102.06,231.14,1032.89,24325.0,0.0,0.0
889,102.110,231.320,102.06,231.14,1032.89,23470.0,0.0,0.0
890,102.110,231.320,102.06,231.14,1032.89,25540.0,828.0,828.0
891,102.110,231.320,102.06,231.14,1032.89,22111.0,0.0,0.0
892,102.110,231.320,102.06,231.14,1032.89,26018.0,1214.0,1214.0
893,102.110,231.320,102.06,231.14,1032.89,25458.0,1268.0,1268.0
894,102.110,231.320,102.06,231.14,1032.89,25805.0,1785.0,1785.0
895,102.110,231.320,102.06,231.14,1032.89,25900.0,1291.0,1291.0
896,102.110,231.320,102.06,231.14,1032.89,27119.0,2034.0,2034.0
897,102.110,231.320,102.06,231.14,1032.89,26490.0,2366.0,2366.0
898,102.110,231.320,102.06,231.14,1032.89,25035.0,767.0,767.0
899,102.110,231.320,102.06,231.14,1032.89,23677.0,817.0,817.0
900,102.110,231.320,102.06,231.14,1032.89,25771.0,1223.0,1223.0
901,102.110,231.320,102.06,231.14,1032.89,24294.0,628.0,628.0
902,102.110,231.320,102.06,231.14,1032.89,26997.0,2551.0,2551.0
903,102.110,231.320,102.06,231.14,1032.89,26539.0,1207.0,1207.0
904,102.110,231.320,102.06,231.14,1032.89,26431.0,1606.0,1606.0
905,102.110,231.320,102.06,231.14,1032.89,24766.0,728.0,728.0
906,102.110,231.320,102.06,231.14,1032.89,24797.0,578.0,578.0
907,102.110,231.320,102.06,231.14,1032.89,25803.0,1831.0,1831.0
908,102.110,231.320,102.06,231.14,1032.89,24906.0,1268.0,1268.0
909,102.110,231.320,102.06,231.14,1032.89,25521.0,1156.0,1156.0
910,102.110,231.320,102.06,231.14,1032.89,31502.0,6705.0,6705.0
911,102.110,231.320,102.06,231.14,1032.89,30531.0,5195.0,5195.0
912,102.110,231.320,102.06,231.14,1032.89,31649.0,6222.0,6222.0
913,102.110,231.320,102.06,231.14,1032.89,28361.0,4239.0,4239.0
914,102.110,231.320,102.06,231.14,1032.89,28783.0,3691.0,3691.0
915,102.110,231.320,102.06,231.14,1032.89,32231.0,6599.0,6599.0
916,102.110,231.320,102.06,231.14,1032.89,28118.0,3414.0,3414.0
917,102.110,231.320,102.06,231.14,1032.89,30468.0,5347.0,5347.0
918,102.110,231.320,102.06,231.14,1032.89,32025.0,5616.0,5616.0
919,102.110,231.320,102.06,231.14,1032.89,30741.0,5081.0,5081.0
920,102.110,231.320,102.06,231.14,1032.89,31931.0,5583.0,5583.0
921,102.110,231.320,102.06,231.14,1032.89,31381.0,6308.0,6308.0
922,102.110,231.320,102.06,231.14,1032.89,29894.0,5427.0,5427.0
923,102.110,231.320,102.06,231.14,1032.89,30962.0,5860.0,5860.0
924,102.110,231.320,102.06,231.14,1032.89,27718.0,3575.0,3575.0
925,102.110,231.320,102.06,231.14,1032.89,28815.0,3771.0,3771.0
926,102.110,231.320,102.06,231.14,1032.89,29399.0,3469.0,3469.0
927,102.110,231.320,102.06,231.14,1032.89,32925.0,7603.0,7603.0
928,102.110,231.320,102.06,231.14,1032.89,31943.0,5997.0,5997.0
929,102.110,231.320,102.06,231.14,1032.89,32081.0,6372.0,6372.0
930,102.110,231.320,102.06,231.14,1032.89,32217.0,6560.0,6560.0
931,102.110,231.320,102.06,231.14,1032.89,32540.0,7768.0,7768.0
932,102.110,231.320,102.06,231.14,1032.89,32194.0,5658.0,5658.0
933,102.110,231.320,102.06,231.14,1032.89,30156.0,4526.0,4526.0
934,102.110,231.320,102.06,231.14,1032.89,28115.0,3901.0,3901.0
935,102.110,231.320,102.06,231.14,1032.89,26555.0,2644.0,2644.0
936,102.110,231.320,102.06,231.14,1032.89,28499.0,3949.0,3949.0
937,102.110,231.320,102.06,231.14,1032.89,28663.0,3635.0,3635.0
938,102.110,231.320,102.06,231.14,1032.89,28864.0,3773.0,3773.0
939,102.110,231.320,102.06,231.14,1032.89,25448.0,1623.0,1623.0
940,102.110,231.320,102.06,231.14,1032.89,27062.0,2135.0,2135.0
941,102.110,231.320,102.06,231.14,1032.89,26547.0,1195.0,1195.0
942,102.110,231.320,102.06,231.14,1032.89,27915.0,3640.0,3640.0
943,102.110,231.320,102.06,231.14,1032.89,24166.0,673.0,673.0
944,102.110,231.320,102.06,231.14,1032.89,29128.0,4276.0,4276.0
945,102.110,231.320,102.06,231.14,1032.89,24954.0,1522.0,1522.0
946,102.110,231.320,102.06,231.14,1032.89,24061.0,76.0,76.0
947,102.110,231.320,102.06,231.14,1032.89,23925.0,211.0,211.0
948,102.110,231.320,102.06,231.14,1032.89,22825.0,0.0,0.0
949,102.110,231.320,102.06,231.14,1032.89,25562.0,2137.0,2137.0
950,102.110,231.320,102.06,231.14,1032.89,24352.0,1269.0,1269.0
951,102.110,231.320,102.06,231.14,1032.89,24718.0,885.0,885.0
952,102.110,231.320,102.06,231.14,1032.89,26388.0,2246.0,2246.0
953,102.110,231.320,102.06,231.14,1032.89,27078.0,2964.0,2964.0
954,102.110,231.320,102.06,231.14,1032.89,30174.0,4734.0,4734.0
955,102.110,231.320,102.06,231.14,1032.89,26658.0,2267.0,2267.0
956,102.110,231.320,102.06,231.14,1032.89,27418.0,3677.0,3677.0
957,102.110,231.320,102.06,231.14,1032.89,29479.0,4548.0,4548.0
958,102.110,231.320,102.06,231.14,1032.89,28785.0,4469.0,4469.0
959,102.110,231.320,102.06,231.14,1032.89,28646.0,3622.0,3622.0
960,102.110,231.320,102.06,231.14,1032.89,29710.0,4931.0,4931.0
961,102.110,231.320,102.06,231.14,1032.89,31159.0,6098.0,6098.0
962,102.110,231.320,102.06,231.14,1032.89,29223.0,3887.0,3887.0
963,102.110,231.320,102.06,231.14,1032.89,28199.0,3798.0,3798.0
964,102.110,231.320,102.06,231.14,1032.89,28971.0,3839.0,3839.0
965,102.110,231.320,102.06,231.14,1032.89,29098.0,3827.0,3827.0
966,102.110,231.320,102.06,231.14,1032.89,28105.0,3594.0,3594.0
967,102.110,231.320,102.06,231.14,1032.89,28012.0,2823.0,2823.0
968,102.110,231.320,102.06,231.14,1032.89,28592.0,5513.0,5513.0
969,102.110,231.320,102.06,231.14,1032.89,29656.0,4245.0,4245.0
970,102.110,231.320,102.06,231.14,1032.89,28427.0,3054.0,3054.0
971,102.110,231.320,102.06,231.14,1032.89,27390.0,2177.0,2177.0
972,102.110,231.320,102.06,231.14,1032.89,28584.0,4136.0,4136.0
973,102.110,231.320,102.06,231.14,1032.89,28878.0,5161.0,5161.0
974,102.110,231.320,102.06,231.14,1032.89,27826.0,3454.0,3454.0
975,102.110,231.320,102.06,231.14,1032.89,27199.0,3026.0,3026.0
976,102.110,231.320,102.06,231.14,1032.89,28522.0,3863.0,3863.0
977,102.110,231.320,102.06,231.14,1032.89,27571.0,2919.0,2919.0
978,102.110,231.320,102.06,231.14,1032.89,27700.0,3815.0,3815.0
979,102.110,231.320,102.06,231.14,1032.89,27730.0,3055.0,3055.0
980,102.110,231.320,102.06,231.14,1032.89,30862.0,5529.0,5529.0
981,102.110,231.320,102.06,231.14,1032.89,27444.0,3144.0,3144.0
982,102.110,231.320,102.06,231.14,1032.89,29851.0,4376.0,4376.0
983,102.110,231.320,102.06,231.14,1032.89,26682.0,1979.0,1979.0
984,102.110,231.320,102.06,231.14,1032.89,30023.0,4301.0,4301.0
985,102.110,231.320,102.06,231.14,1032.89,30442.0,5018.0,5018.0
986,102.110,231.320,102.06,231.14,1032.89,32297.0,7328.0,7328.0
987,102.110,231.320,102.06,231.14,1032.89,30257.0,5481.0,5481.0
988,102.110,231.320,102.06,231.14,1032.89,29141.0,4228.0,4228.0
989,102.110,231.320,102.06,231.14,1032.89,30490.0,5290.0,5290.0
990,102.110,231.320,102.06,231.14,1032.89,28686.0,4021.0,4021.0
991,102.110,231.320,102.06,231.14,1032.89,28292.0,3700.0,3700.0
992,102.110,231.320,102.06,231.14,1032.89,29519.0,4380.0,4380.0
993,102.110,231.320,102.06,231.14,1032.89,30465.0,4868.0,4868.0
994,102.110,231.320,102.06,231.14,1032.89,29940.0,3985.0,3985.0
995,102.110,231.320,102.06,231.14,1032.89,27067.0,2897.0,2897.0
996,102.110,231.320,102.06,231.14,1032.89,30027.0,4176.0,4176.0
997,102.110,231.320,102.06,231.14,1032.89,29606.0,4225.0,4225.0
998,102.110,231.320,102.06,231.14,1032.89,28905.0,3551.0,3551.0
999,102.110,231.320,102.06,231.14,1032.89,27990.0,2536.0,2536.0
1000,102.110,231.320,102.06,231.14,1032.89,27724.0,3951.0,3951.0
1001,102.110,231.320,102.06,231.14,1032.89,27523.0,3699.0,3699.0
1002,102.110,231.320,102.06,231.14,1032.89,27676.0,2580.0,2580.0
1003,102.110,231.320,102.06,231.14,1032.89,28454.0,4662.0,4662.0
1004,102.110,231.320,102.06,231.14,1032.89,28435.0,3326.0,3326.0
1005,102.110,231.320,102.06,231.14,1032.89,29413.0,4792.0,4792.0
1006,102.110,231.320,102.06,231.14,1032.89,30621.0,5320.0,5320.0
1007,102.110,231.320,102.06,231.14,1032.89,30532.0,5124.0,5124.0
1008,102.110,231.320,102.06,231.14,1032.89,27702.0,3002.0,3002.0
1009,102.110,231.320,102.06,231.14,1032.89,30244.0,5564.0,5564.0
1010,102.110,231.320,102.06,231.14,1032.89,32443.0,7656.0,7656.0
1011,102.110,231.320,102.06,231.14,1032.89,34936.0,7837.0,7837.0
1012,102.110,231.320,102.06,231.14,1032.89,34543.0,9126.0,9126.0
1013,102.110,231.320,102.06,231.14,1032.89,30534.0,6045.0,6045.0
1014,102.110,231.320,102.06,231.14,1032.89,31749.0,6455.0,6455.0
1015,102.110,231.320,102.06,231.14,1032.89,29422.0,4275.0,4275.0
1016,102.110,231.320,102.06,231.14,1032.89,30627.0,5830.0,5830.0
1017,102.110,231.320,102.06,231.14,1032.89,30431.0,6033.0,6033.0
1018,102.110,231.320,102.06,231.14,1032.89,28571.0,3977.0,3977.0
1019,102.110,231.320,102.06,231.14,1032.89,29567.0,4631.0,4631.0
1020,102.110,231.320,102.06,231.14,1032.89,29160.0,4325.0,4325.0
1021,102.110,231.320,102.06,231.14,1032.89,30110.0,4346.0,4346.0
1022,102.110,231.320,102.06,231.14,1032.89,30538.0,6043.0,6043.0
1023,102.110,231.320,102.06,231.14,1032.89,29611.0,4734.0,4734.0
1024,102.110,231.320,102.06,231.14,1032.89,30448.0,5293.0,5293.0
1025,102.110,231.320,102.06,231.14,1032.89,30169.0,5294.0,5294.0
1026,102.110,231.320,102.06,231.14,1032.89,32958.0,6841.0,6841.0
1027,102.110,231.320,102.06,231.14,1032.89,32412.0,7547.0,7547.0
1028,102.110,231.320,102.06,231.14,1032.89,31403.0,6852.0,6852.0
1029,102.110,231.320,102.06,231.14,1032.89,32720.0,6996.0,6996.0
1030,102.110,231.320,102.06,231.14,1032.89,32066.0,6427.0,6427.0
1031,102.110,231.320,102.06,231.14,1032.89,31949.0,6764.0,6764.0
1032,102.110,231.320,102.06,231.14,1032.89,33701.0,8658.0,8658.0
1033,102.110,231.320,102.06,231.14,1032.89,29664.0,4553.0,4553.0
1034,102.110,231.320,102.06,231.14,1032.89,30973.0,5237.0,5237.0
1035,102.110,231.320,102.06,231.14,1032.89,31163.0,5796.0,5796.0
1036,102.110,231.320,102.06,231.14,1032.89,25799.0,1788.0,1788.0
1037,102.110,231.320,102.06,231.14,1032.89,27813.0,2166.0,2166.0
1038,102.110,231.320,102.06,231.14,1032.89,25859.0,1595.0,1595.0
1039,102.110,231.320,102.06,231.14,1032.89,25865.0,2046.0,2046.0
1040,102.110,231.320,102.06,231.14,1032.89,27007.0,2648.0,2648.0
1041,102.110,231.320,102.06,231.14,1032.89,25464.0,2156.0,2156.0
1042,102.110,231.320,102.06,231.14,1032.89,26271.0,1342.0,1342.0
1043,102.110,231.320,102.06,231.14,1032.89,25953.0,1172.0,1172.0
1044,102.110,231.320,102.06,231.14,1032.89,23978.0,1157.0,1157.0
1045,102.110,231.320,102.06,231.14,1032.89,24598.0,778.0,778.0
1046,102.110,231.320,102.06,231.14,1032.89,27125.0,2416.0,2416.0
1047,102.110,231.320,102.06,231.14,1032.89,25964.0,1590.0,1590.0
1048,102.110,231.320,102.06,231.14,1032.89,24473.0,119.0,119.0
1049,102.110,231.320,102.06,231.14,1032.89,23844.0,0.0,0.0
1050,102.110,231.320,102.06,231.14,1032.89,24525.0,988.0,988.0
1051,102.110,231.320,102.06,231.14,1032.89,23611.0,0.0,0.0
1052,102.110,231.320,102.06,231.14,1032.89,25852.0,995.0,995.0
1053,102.110,231.320,102.06,231.14,1032.89,23153.0,160.0,160.0
1054,102.110,231.320,102.06,231.14,1032.89,27083.0,2990.0,2990.0
1055,102.110,231.320,102.06,231.14,1032.89,27263.0,2339.0,2339.0
1056,102.110,231.320,102.06,231.14,1032.89,25858.0,2029.0,2029.0
1057,102.110,231.320,102.06,231.14,1032.89,25348.0,471.0,471.0
1058,102.110,231.320,102.06,231.14,1032.89,27423.0,3425.0,3425.0
1059,102.110,231.320,102.06,231.14,1032.89,25727.0,1035.0,1035.0
1060,102.110,231.320,102.06,231.14,1032.89,24243.0,854.0,854.0
1061,102.110,231.320,102.06,231.14,1032.89,25538.0,1023.0,1023.0
1062,102.110,231.320,102.06,231.14,1032.89,24125.0,612.0,612.0
1063,102.110,231.320,102.06,231.14,1032.89,23286.0,0.0,0.0
1064,102.110,231.320,102.06,231.14,1032.89,29911.0,4551.0,4551.0
1065,102.110,231.320,102.06,231.14,1032.89,39695.0,12732.0,12732.0
1066,102.110,231.320,102,231.17,1032.89,42051.0,14693.0,14693.0
1067,102.110,231.320,101.91,231.19,1032.89,39102.0,13135.0,13135.0
1068,102.110,231.320,101.95,231.43,1032.89,39498.0,13251.0,13251.0
1069,102.110,231.320,101.9,231.43,1032.89,42219.0,15483.0,15483.0
1070,102.110,231.320,102.01,231.31,1032.89,45542.0,17218.0,17218.0
1071,102.110,231.320,101.94,231.19,1032.89,38963.0,12600.0,12600.0
1072,102.110,231.320,101.99,231.07,1032.89,41908.0,14282.0,14282.0
1073,102.110,231.320,101.93,231.18,1032.89,45183.0,17067.0,17067.0
1074,102.110,231.320,102.28,231.18,1032.89,37907.0,11828.0,11828.0
1075,102.110,231.320,101.94,231.26,1032.89,42538.0,16282.0,16282.0
1076,102.110,231.320,101.64,231.4,1032.89,36354.0,9280.0,9280.0
1077,102.110,231.320,101.98,231.22,1032.89,36043.0,9883.0,9883.0
1078,102.110,231.320,101.87,231.22,1032.89,37169.0,11400.0,11400.0
1079,102.110,231.320,102.19,231.25,1032.89,36494.0,11039.0,11039.0
1080,102.110,231.320,102.15,231.12,1032.89,38063.0,11744.0,11744.0
1081,102.110,231.320,101.86,231.25,1032.89,41825.0,15265.0,15265.0
1082,102.110,231.320,101.94,231.14,1032.89,39711.0,12624.0,12624.0
1083,102.110,231.320,102.03,231.21,1032.89,39400.0,12264.0,12264.0
1084,102.110,231.320,101.79,231.19,1032.89,37631.0,11161.0,11161.0
1085,102.110,231.320,102.2,231.04,1032.89,33748.0,7611.0,7611.0
1086,102.110,231.320,102.15,231.28,1032.89,34602.0,8456.0,8456.0
1087,102.110,231.320,102.18,231.01,1032.89,34771.0,8243.0,8243.0
1088,102.110,231.320,101.88,231.04,1032.89,38766.0,11373.0,11373.0
1089,102.110,231.320,101.56,231.03,1032.89,43156.0,14894.0,14894.0
1090,102.110,231.320,101.88,231.31,1032.89,39699.0,13690.0,13690.0
1091,102.110,231.320,101.7,231.37,1032.89,38095.0,11694.0,11694.0
1092,102.110,231.320,101.8,231.25,1032.89,37178.0,11344.0,11344.0
1093,102.110,231.320,102.15,231.12,1032.89,39341.0,12578.0,12578.0
1094,102.110,231.320,101.86,231.32,1032.89,42469.0,16123.0,16123.0
1095,102.110,231.320,102.02,230.96,1032.89,42209.0,16162.0,16162.0
1096,102.110,231.320,101.92,231.06,1032.89,43219.0,15946.0,15946.0
1097,102.110,231.320,101.99,231.1,1032.89,45333.0,17824.0,17824.0
1098,102.110,231.320,102.2,231.12,1032.89,39820.0,12243.0,12243.0
1099,102.110,231.320,101.85,231.17,1032.89,39024.0,11550.0,11550.0
1100,102.110,231.320,101.98,231.33,1032.89,35353.0,9891.0,9891.0
1101,102.110,231.320,101.85,231.05,1032.89,35174.0,9645.0,9645.0
1102,102.110,231.320,101.95,231.02,1032.89,33891.0,7942.0,7942.0
1103,102.110,231.320,101.86,231.09,1032.89,41040.0,14004.0,14004.0
1104,102.110,231.320,101.91,231.16,1032.89,39761.0,13240.0,13240.0
1105,102.110,231.320,102.35,231.25,1032.89,35385.0,9469.0,9469.0
1106,102.110,231.320,102.06,231.14,1032.89,31862.0,6403.0,6403.0
1107,102.110,231.320,102.28,231.15,1032.89,36826.0,10145.0,10145.0
1108,102.110,231.320,102.06,231.14,1032.89,29616.0,5296.0,5296.0
1109,102.110,231.320,102.06,231.14,1032.89,31072.0,5257.0,5257.0
1110,102.110,231.320,101.89,231.16,1032.89,31661.0,6574.0,6574.0
1111,102.110,231.320,102.06,231.14,1032.89,31832.0,6147.0,6147.0
1112,102.110,231.320,101.82,231.4,1032.89,34711.0,9341.0,9341.0
1113,102.110,231.320,102.02,231.35,1032.89,39756.0,13164.0,13164.0
1114,102.110,231.320,102.1,231.28,1032.89,36308.0,10050.0,10050.0
1115,102.110,231.320,102.19,231.3,1032.89,37410.0,11942.0,11942.0
1116,102.110,231.320,101.89,231.15,1032.89,36633.0,10396.0,10396.0
1117,102.110,231.320,102.14,231.19,1032.89,36556.0,10910.0,10910.0
1118,102.110,231.320,102.07,231.14,1032.89,36529.0,10312.0,10312.0
1119,102.110,231.320,102.12,231.17,1032.89,38364.0,12052.0,12052.0
1120,102.110,231.320,102.04,231.37,1032.89,39203.0,13168.0,13168.0
1121,102.110,231.320,102.04,230.96,1032.89,38612.0,12045.0,12045.0
1122,102.110,231.320,102.06,231.02,1032.89,37463.0,12197.0,12197.0
1123,102.110,231.320,102.04,231.23,1032.89,35782.0,10231.0,10231.0
1124,102.110,231.320,102.03,231.16,1032.89,36158.0,11072.0,11072.0
1125,102.110,231.320,102.06,231.07,1032.89,33294.0,8204.0,8204.0
1126,102.110,231.320,101.71,231.47,1032.89,32790.0,7595.0,7595.0
1127,102.110,231.320,101.57,231,1032.89,33617.0,7398.0,7398.0
1128,102.110,231.320,102.06,231.16,1032.89,33242.0,7825.0,7825.0
1129,102.110,231.320,102.06,231.14,1032.89,31449.0,6348.0,6348.0
1130,102.110,231.320,101.94,231.05,1032.89,34375.0,8218.0,8218.0
1131,102.110,231.320,101.92,231.31,1032.89,36705.0,11562.0,11562.0
1132,102.110,231.320,102.01,231.22,1032.89,39644.0,13408.0,13408.0
1133,102.110,231.320,101.92,231.33,1032.89,38619.0,12392.0,12392.0
1134,102.110,231.320,101.95,231.1,1032.89,41666.0,14404.0,14404.0
1135,102.110,231.320,101.98,231.17,1032.89,44304.0,17922.0,17922.0
1136,102.110,231.320,102.05,231.19,1032.89,36852.0,11097.0,11097.0
1137,102.110,231.320,101.94,231.09,1032.89,40564.0,13969.0,13969.0
1138,102.110,231.320,101.93,231.19,1032.89,43008.0,15124.0,15124.0
1139,102.110,231.320,101.94,231.14,1032.89,44298.0,16779.0,16779.0
1140,102.110,231.320,101.88,231.14,1032.89,46305.0,18757.0,18757.0
1141,102.110,231.320,102.02,231.18,1032.89,43260.0,16333.0,16333.0
1142,102.110,231.320,101.86,231.06,1032.89,42940.0,15942.0,15942.0
1143,102.110,231.320,102,231.06,1032.89,43250.0,16260.0,16260.0
1144,102.110,231.320,101.93,231.14,1032.89,47524.0,18860.0,18860.0
1145,102.110,231.320,102.12,231.25,1032.89,43673.0,16675.0,16675.0
1146,102.110,231.320,102,231.18,1032.89,45703.0,17876.0,17876.0
1147,102.110,231.320,102.06,231.19,1032.89,41721.0,14835.0,14835.0
1148,102.110,231.320,102.04,231.29,1032.89,39507.0,13036.0,13036.0
1149,102.110,231.320,101.94,231.14,1032.89,40010.0,13929.0,13929.0
1150,102.110,231.320,102.22,231.14,1032.89,38937.0,12975.0,12975.0
1151,102.110,231.320,102.03,231,1032.89,42590.0,15727.0,15727.0
1152,102.110,231.320,101.85,231.22,1032.89,37353.0,12319.0,12319.0
1153,102.110,231.320,102.04,230.97,1032.89,42019.0,15002.0,15002.0
1154,102.110,231.320,101.9,231.12,1032.89,44394.0,18316.0,18316.0
1155,102.110,231.320,102.03,231.18,1032.89,44797.0,18264.0,18264.0
1156,102.110,231.320,102.08,231.32,1032.89,42204.0,14989.0,14989.0
1157,102.110,231.320,101.97,231.18,1032.89,39245.0,13555.0,13555.0
1158,102.110,231.320,101.89,231.11,1032.89,39688.0,12739.0,12739.0
1159,102.110,231.320,101.91,231.17,1032.89,43635.0,16083.0,16083.0
1160,102.110,231.320,102.01,231.15,1032.89,47209.0,18571.0,18571.0
1161,102.110,231.320,101.95,231.1,1032.89,45995.0,18343.0,18343.0
1162,102.110,231.320,102.21,230.93,1032.89,45761.0,17646.0,17646.0
1163,102.110,231.320,102.13,231.14,1032.89,39985.0,13202.0,13202.0
1164,102.110,231.320,102.09,231.1,1032.89,47609.0,18826.0,18826.0
1165,102.110,231.320,102,231.31,1032.89,39462.0,12798.0,12798.0
1166,102.110,231.320,101.98,231.21,1032.89,43138.0,15712.0,15712.0
1167,102.110,231.320,101.91,231.11,1032.89,41480.0,14033.0,14033.0
1168,102.110,231.320,101.86,231.31,1032.89,45746.0,18935.0,18935.0
1169,102.110,231.320,102.08,231.1,1032.89,42544.0,15122.0,15122.0
1170,102.110,231.320,102.05,231.03,1032.89,40341.0,13890.0,13890.0
1171,102.110,231.320,101.76,231.18,1032.89,39241.0,13116.0,13116.0
1172,102.110,231.320,102,231.18,1032.89,38167.0,12377.0,12377.0
1173,102.110,231.320,102.01,231.06,1032.89,33555.0,8201.0,8201.0
1174,102.110,231.320,102.3,230.95,1032.89,32653.0,7622.0,7622.0
1175,102.110,231.320,102.06,231.14,1032.89,34780.0,8368.0,8368.0
1176,102.110,231.320,102.17,231.19,1032.89,34402.0,9288.0,9288.0
1177,102.110,231.320,101.94,231.22,1032.89,35259.0,9594.0,9594.0
1178,102.110,231.320,102.18,231.08,1032.89,35995.0,10318.0,10318.0
1179,102.110,231.320,101.61,231.28,1032.89,41286.0,14775.0,14775.0
1180,102.110,231.320,101.96,230.99,1032.89,39719.0,12308.0,12308.0
1181,102.110,231.320,102,231.04,1032.89,38619.0,11895.0,11895.0
1182,102.110,231.320,102.46,231,1032.89,41524.0,13502.0,13502.0
1183,102.110,231.320,101.91,231.14,1032.89,41339.0,14249.0,14249.0
1184,102.110,231.320,101.97,231.07,1032.89,40486.0,12987.0,12987.0
1185,102.110,231.320,102.09,231.16,1032.89,51282.0,23971.0,23971.0
1186,102.110,231.320,102.09,230.97,1032.89,44863.0,18100.0,18100.0
1187,102.110,231.320,101.95,231.11,1032.89,41415.0,14633.0,14633.0
1188,102.110,231.320,102.16,231.13,1032.89,40620.0,14543.0,14543.0
1189,102.110,231.320,102,231.08,1032.89,43040.0,15802.0,15802.0
1190,102.110,231.320,101.95,231.31,1032.89,44951.0,16712.0,16712.0
1191,102.110,231.320,102.05,231.09,1032.89,43988.0,16593.0,16593.0
1192,102.110,231.320,101.95,231.1,1032.89,39375.0,11792.0,11792.0
1193,102.110,231.320,101.81,231.21,1032.89,42610.0,15704.0,15704.0
1194,102.110,231.320,101.92,231.17,1032.89,40954.0,14836.0,14836.0
1195,102.110,231.320,101.89,231.36,1032.89,43428.0,16049.0,16049.0
1196,102.110,231.320,102.05,231.02,1032.89,40103.0,13561.0,13561.0
1197,102.110,231.320,101.86,231.08,1032.89,41566.0,13762.0,13762.0
1198,102.110,231.320,102.21,231.15,1032.89,39895.0,13992.0,13992.0
1199,102.110,231.320,102.43,231.46,1032.89,39347.0,13355.0,13355.0
1200,102.110,231.320,101.99,230.92,1032.89,41436.0,13378.0,13378.0
1201,102.110,231.320,102.08,231.46,1032.89,38082.0,11804.0,11804.0
1202,102.110,231.320,102.02,231.16,1032.89,36943.0,11094.0,11094.0
1203,102.110,231.320,102.07,231.13,1032.89,40918.0,13702.0,13702.0
1204,102.110,231.320,102.04,230.87,1032.89,40615.0,13136.0,13136.0
1205,102.110,231.320,102.2,231.16,1032.89,39092.0,11874.0,11874.0
1206,102.110,231.320,101.72,231.37,1032.89,39663.0,13449.0,13449.0
1207,102.110,231.320,102.25,231.13,1032.89,39031.0,12038.0,12038.0
1208,102.110,231.320,101.88,231.12,1032.89,37211.0,10679.0,10679.0
1209,102.110,231.320,101.92,231.1,1032.89,37188.0,10666.0,10666.0
1210,102.110,231.320,102.04,231.1,1032.89,41481.0,13694.0,13694.0
1211,102.110,231.320,101.95,230.91,1032.89,38085.0,10764.0,10764.0
1212,102.110,231.320,101.98,231.1,1032.89,39449.0,11905.0,11905.0
1213,102.110,231.320,102.05,230.98,1032.89,37442.0,10954.0,10954.0
1214,102.110,231.320,102,230.87,1032.89,42594.0,15443.0,15443.0
1215,102.110,231.320,101.85,231.05,1032.89,40449.0,14109.0,14109.0
1216,102.110,231.320,101.7,231.15,1032.89,38417.0,11909.0,11909.0
1217,102.110,231.320,102.12,231.05,1032.89,37906.0,10066.0,10066.0
1218,102.110,231.320,102.07,231.13,1032.89,36798.0,11168.0,11168.0
1219,102.110,231.320,102.03,231.06,1032.89,41256.0,13759.0,13759.0
1220,102.110,231.320,102.26,231.36,1032.89,36614.0,10828.0,10828.0
1221,102.110,231.320,101.9,230.97,1032.89,38778.0,12101.0,12101.0
1222,102.110,231.320,101.91,230.88,1032.89,39244.0,12731.0,12731.0
1223,102.110,231.320,102.01,231.13,1032.89,40619.0,12202.0,12202.0
1224,102.110,231.320,101.76,231.47,1032.89,40138.0,13471.0,13471.0
1225,102.110,231.320,101.95,231.07,1032.89,36582.0,10346.0,10346.0
1226,102.110,231.320,101.95,231.05,1032.89,40199.0,12747.0,12747.0
1227,102.110,231.320,101.96,231.1,1032.89,39106.0,11488.0,11488.0
1228,102.110,231.320,102.06,231.2,1032.89,40433.0,12246.0,12246.0
1229,102.110,231.320,101.85,231.14,1032.89,40294.0,13720.0,13720.0
1230,102.110,231.320,102.1,231.21,1032.89,36896.0,12202.0,12202.0
1231,102.110,231.320,102.18,231.05,1032.89,36730.0,10673.0,10673.0
1232,102.110,231.320,102.04,230.97,1032.89,39246.0,12253.0,12253.0
1233,102.110,231.320,102.07,231.03,1032.89,41053.0,14289.0,14289.0
1234,102.110,231.320,101.97,230.76,1032.89,39664.0,13176.0,13176.0
1235,102.110,231.320,102.22,231.32,1032.89,39742.0,12865.0,12865.0
1236,102.110,231.320,102.16,231.16,1032.89,37270.0,11527.0,11527.0
1237,102.110,231.320,101.91,231.11,1032.89,40534.0,13160.0,13160.0
1238,102.110,231.320,101.85,231.09,1032.89,36339.0,10810.0,10810.0
1239,102.110,231.320,102.04,231.12,1032.89,40066.0,12666.0,12666.0
1240,102.110,231.320,101.87,230.96,1032.89,38348.0,11733.0,11733.0
1241,102.110,231.320,101.63,230.94,1032.89,41056.0,13834.0,13834.0
1242,102.110,231.320,102.01,231.22,1032.89,38773.0,11627.0,11627.0
1243,102.110,231.320,102.15,231.39,1032.89,37221.0,10470.0,10470.0
1244,102.110,231.320,101.96,230.89,1032.89,36877.0,10972.0,10972.0
1245,102.110,231.320,102.41,231.32,1032.89,36733.0,10184.0,10184.0
1246,102.110,231.320,102.11,231.32,1032.89,39457.0,13579.0,13579.0
1247,102.110,231.320,102.11,231.32,1032.89,29883.0,4956.0,4956.0
1248,102.110,231.320,102.11,231.32,1032.89,24437.0,673.0,673.0
1249,102.110,231.320,102.11,231.32,1032.89,23861.0,0.0,0.0
1250,102.110,231.320,102.11,231.32,1032.89,25463.0,1332.0,1332.0
1251,102.110,231.320,102.11,231.32,1032.89,24216.0,1010.0,1010.0
1252,102.110,231.320,102.11,231.32,1032.89,25311.0,792.0,792.0
1253,102.110,231.320,102.11,231.32,1032.89,23962.0,0.0,0.0
1254,102.110,231.320,102.11,231.32,1032.89,23295.0,0.0,0.0
1255,102.110,231.320,102.11,231.32,1032.89,24472.0,552.0,552.0
1256,102.110,231.320,102.11,231.32,1032.89,23067.0,0.0,0.0
1257,102.110,231.320,102.11,231.32,1032.89,24224.0,532.0,532.0
1258,102.110,231.320,102.11,231.32,1032.89,23967.0,376.0,376.0
1259,102.110,231.320,102.11,231.32,1032.89,24839.0,328.0,328.0
1260,102.110,231.320,102.11,231.32,1032.89,23920.0,0.0,0.0
1261,102.110,231.320,102.11,231.32,1032.89,22991.0,0.0,0.0
1262,102.110,231.320,102.11,231.32,1032.89,26467.0,1902.0,1902.0
1263,102.110,231.320,102.11,231.32,1032.89,22604.0,0.0,0.0
1264,102.110,231.320,102.11,231.32,1032.89,25077.0,1072.0,1072.0
1265,102.110,231.320,102.11,231.32,1032.89,25759.0,1534.0,1534.0
1266,102.110,231.320,102.11,231.32,1032.89,23534.0,0.0,0.0
1267,102.110,231.320,102.11,231.32,1032.89,24181.0,0.0,0.0
1268,102.110,231.320,102.11,231.32,1032.89,23494.0,0.0,0.0
1269,102.110,231.320,102.11,231.32,1032.89,24524.0,229.0,229.0
1270,102.110,231.320,102.11,231.32,1032.89,24602.0,269.0,269.0
1271,102.110,231.320,102.11,231.32,1032.89,23823.0,526.0,526.0
1272,102.110,231.320,102.11,231.32,1032.89,23246.0,0.0,0.0
1273,102.110,231.320,102.11,231.32,1032.89,24226.0,674.0,674.0
1274,102.110,231.320,102.11,231.32,1032.89,23489.0,381.0,381.0
1275,102.110,231.320,102.11,231.32,1032.89,24889.0,1502.0,1502.0
1276,102.110,231.320,102.11,231.32,1032.89,25501.0,1461.0,1461.0
1277,102.110,231.320,102.11,231.32,1032.89,23487.0,0.0,0.0
1278,102.110,231.320,102.11,231.32,1032.89,24966.0,1342.0,1342.0
1279,102.110,231.320,102.11,231.32,1032.89,22202.0,0.0,0.0
1280,102.110,231.320,102.11,231.32,1032.89,24022.0,517.0,517.0
1281,102.110,231.320,102.11,231.32,1032.89,24072.0,197.0,197.0
1282,102.110,231.320,102.11,231.32,1032.89,24551.0,412.0,412.0
1283,102.110,231.320,102.11,231.32,1032.89,23946.0,509.0,509.0
1284,102.110,231.320,102.11,231.32,1032.89,24264.0,703.0,703.0
1285,102.110,231.320,102.11,231.32,1032.89,25156.0,1608.0,1608.0
1286,102.110,231.320,102.11,231.32,1032.89,23827.0,160.0,160.0
1287,102.110,231.320,102.11,231.32,1032.89,24010.0,42.0,42.0
1288,102.110,231.320,102.11,231.32,1032.89,24816.0,564.0,564.0
1289,102.110,231.320,102.11,231.32,1032.89,25931.0,2080.0,2080.0
1290,102.110,231.320,102.11,231.32,1032.89,24777.0,627.0,627.0
1291,102.110,231.320,102.11,231.32,1032.89,23218.0,0.0,0.0
1292,102.110,231.320,102.11,231.32,1032.89,23581.0,0.0,0.0
1293,102.110,231.320,102.11,231.32,1032.89,23938.0,171.0,171.0
1294,102.110,231.320,102.11,231.32,1032.89,24969.0,1752.0,1752.0
1295,102.110,231.320,102.11,231.32,1032.89,23902.0,154.0,154.0
1296,102.110,231.320,102.11,231.32,1032.89,23584.0,0.0,0.0
1297,102.110,231.320,102.11,231.32,1032.89,23186.0,0.0,0.0
1298,102.110,231.320,102.11,231.32,1032.89,22503.0,0.0,0.0
1299,102.110,231.320,102.11,231.32,1032.89,25536.0,928.0,928.0
1300,102.110,231.320,102.11,231.32,1032.89,25227.0,1392.0,1392.0
1301,102.110,231.320,102.11,231.32,1032.89,23855.0,0.0,0.0
1302,102.110,231.320,102.11,231.32,1032.89,24597.0,663.0,663.0
1303,102.110,231.320,102.11,231.32,1032.89,23806.0,152.0,152.0
1304,102.110,231.320,102.11,231.32,1032.89,23468.0,0.0,0.0
1305,102.110,231.320,102.11,231.32,1032.89,22492.0,0.0,0.0
1306,102.110,231.320,102.11,231.32,1032.89,26330.0,1081.0,1081.0
1307,102.110,231.320,102.11,231.32,1032.89,23538.0,0.0,0.0
1308,102.110,231.320,102.11,231.32,1032.89,22319.0,0.0,0.0
1309,102.110,231.320,102.11,231.32,1032.89,23911.0,16.0,16.0
1310,102.110,231.320,102.11,231.32,1032.89,24065.0,209.0,209.0
1311,102.110,231.320,102.11,231.32,1032.89,24535.0,650.0,650.0
1312,102.110,231.320,102.11,231.32,1032.89,23692.0,0.0,0.0
1313,102.110,231.320,102.11,231.32,1032.89,22662.0,0.0,0.0
1314,102.110,231.320,102.11,231.32,1032.89,23539.0,207.0,207.0
1315,102.110,231.320,102.11,231.32,1032.89,23122.0,176.0,176.0
1316,102.110,231.320,102.11,231.32,1032.89,24086.0,367.0,367.0
1317,102.110,231.320,102.11,231.32,1032.89,24079.0,1615.0,1615.0
1318,102.110,231.320,102.11,231.32,1032.89,24390.0,804.0,804.0
1319,102.110,231.320,102.11,231.32,1032.89,23688.0,100.0,100.0
1320,102.110,231.320,102.11,231.32,1032.89,23941.0,39.0,39.0
1321,102.110,231.320,102.11,231.32,1032.89,22200.0,0.0,0.0
1322,102.110,231.320,102.11,231.32,1032.89,21823.0,0.0,0.0
1323,102.110,231.320,102.11,231.32,1032.89,22485.0,0.0,0.0
1324,102.110,231.320,102.11,231.32,1032.89,24177.0,56.0,56.0
1325,102.110,231.320,102.11,231.32,1032.89,24363.0,858.0,858.0
1326,102.110,231.320,102.11,231.32,1032.89,23099.0,0.0,0.0
1327,102.110,231.320,102.11,231.32,1032.89,23620.0,0.0,0.0
1328,102.110,231.320,102.11,231.32,1032.89,23485.0,461.0,461.0
1329,102.110,231.320,102.11,231.32,1032.89,24167.0,263.0,263.0
1330,102.110,231.320,102.11,231.32,1032.89,24491.0,256.0,256.0
1331,102.110,231.320,102.11,231.32,1032.89,23704.0,0.0,0.0
1332,102.110,231.320,102.11,231.32,1032.89,24392.0,717.0,717.0
1333,102.110,231.320,102.11,231.32,1032.89,24541.0,0.0,0.0
1334,102.110,231.320,102.11,231.32,1032.89,23214.0,0.0,0.0
1335,102.110,231.320,102.11,231.32,1032.89,23762.0,0.0,0.0
1336,102.110,231.320,102.11,231.32,1032.89,25291.0,1027.0,1027.0
1337,102.110,231.320,102.11,231.32,1032.89,23386.0,0.0,0.0
1338,102.110,231.320,102.11,231.32,1032.89,22619.0,0.0,0.0
1339,102.110,231.320,102.11,231.32,1032.89,24684.0,253.0,253.0
1340,102.110,231.320,102.11,231.32,1032.89,23260.0,0.0,0.0
1341,102.110,231.320,102.11,231.32,1032.89,22804.0,0.0,0.0
1342,102.110,231.320,102.11,231.32,1032.89,21820.0,0.0,0.0
1343,102.110,231.320,102.11,231.32,1032.89,21407.0,0.0,0.0
1344,102.110,231.320,102.11,231.32,1032.89,24579.0,326.0,326.0
1345,102.110,231.320,102.11,231.32,1032.89,22969.0,0.0,0.0
1346,102.110,231.320,102.11,231.32,1032.89,23128.0,0.0,0.0
1347,102.110,231.320,102.11,231.32,1032.89,22664.0,0.0,0.0
1348,102.110,231.320,102.11,231.32,1032.89,23512.0,321.0,321.0
1349,102.110,231.320,102.11,231.32,1032.89,22442.0,0.0,0.0
1350,102.110,231.320,102.11,231.32,1032.89,22220.0,0.0,0.0
1351,102.110,231.320,102.11,231.32,1032.89,24879.0,1092.0,1092.0
1352,102.110,231.320,102.11,231.32,1032.89,22834.0,0.0,0.0
1353,102.110,231.320,102.11,231.32,1032.89,25279.0,1255.0,1255.0
1354,102.110,231.320,102.11,231.32,1032.89,24586.0,814.0,814.0
1355,102.110,231.320,102.11,231.32,1032.89,21801.0,0.0,0.0
1356,102.110,231.320,102.11,231.32,1032.89,24010.0,1152.0,1152.0
1357,102.110,231.320,102.11,231.32,1032.89,24409.0,464.0,464.0
1358,102.110,231.320,102.11,231.32,1032.89,23067.0,233.0,233.0
1359,102.110,231.320,102.11,231.32,1032.89,23257.0,330.0,330.0
1360,102.110,231.320,102.11,231.32,1032.89,24785.0,19.0,19.0
1361,102.110,231.320,102.11,231.32,1032.89,24900.0,1948.0,1948.0
1362,102.110,231.320,102.11,231.32,1032.89,23878.0,1220.0,1220.0
1363,102.110,231.320,102.11,231.32,1032.89,24267.0,0.0,0.0
1364,102.110,231.320,102.11,231.32,1032.89,25617.0,356.0,356.0
1365,102.110,231.320,102.11,231.32,1032.89,25496.0,2090.0,2090.0
1366,102.110,231.320,102.11,231.32,1032.89,23188.0,0.0,0.0
1367,102.110,231.320,102.11,231.32,1032.89,24173.0,350.0,350.0
1368,102.110,231.320,102.11,231.32,1032.89,23742.0,0.0,0.0
1369,102.110,231.320,102.11,231.32,1032.89,22895.0,0.0,0.0
1370,102.110,231.320,102.11,231.32,1032.89,23359.0,0.0,0.0
1371,102.110,231.320,102.11,231.32,1032.89,25117.0,1261.0,1261.0
1372,102.110,231.320,102.11,231.32,1032.89,24266.0,696.0,696.0
1373,102.110,231.320,102.11,231.32,1032.89,22954.0,215.0,215.0
1374,102.110,231.320,102.11,231.32,1032.89,22447.0,0.0,0.0
1375,102.110,231.320,102.11,231.32,1032.89,23371.0,0.0,0.0
1376,102.110,231.320,102.11,231.32,1032.89,25328.0,1308.0,1308.0
1377,102.110,231.320,102.11,231.32,1032.89,23559.0,0.0,0.0
1378,102.110,231.320,102.11,231.32,1032.89,22485.0,0.0,0.0
1379,102.110,231.320,102.11,231.32,1032.89,23483.0,0.0,0.0
1380,102.110,231.320,102.11,231.32,1032.89,24810.0,1173.0,1173.0
1381,102.110,231.320,102.11,231.32,1032.89,23651.0,1113.0,1113.0
1382,102.110,231.320,102.11,231.32,1032.89,24014.0,929.0,929.0
1383,102.110,231.320,102.11,231.32,1032.89,23594.0,0.0,0.0
1384,102.110,231.320,102.11,231.32,1032.89,23313.0,0.0,0.0
1385,102.110,231.320,102.11,231.32,1032.89,23679.0,562.0,562.0
1386,102.110,231.320,102.11,231.32,1032.89,22621.0,0.0,0.0
1387,102.110,231.320,102.11,231.32,1032.89,22773.0,0.0,0.0
1388,102.110,231.320,102.11,231.32,1032.89,22454.0,0.0,0.0
1389,102.110,231.320,102.11,231.32,1032.89,24594.0,558.0,558.0
1390,102.110,231.320,102.11,231.32,1032.89,23805.0,686.0,686.0
1391,102.110,231.320,102.11,231.32,1032.89,23742.0,667.0,667.0
1392,102.110,231.320,102.11,231.32,1032.89,24080.0,382.0,382.0
1393,102.110,231.320,102.11,231.32,1032.89,24095.0,304.0,304.0
1394,102.110,231.320,102.11,231.32,1032.89,23609.0,413.0,413.0
1395,102.110,231.320,102.11,231.32,1032.89,24372.0,0.0,0.0
1396,102.110,231.320,102.11,231.32,1032.89,24483.0,1330.0,1330.0
1397,102.110,231.320,102.11,231.32,1032.89,23830.0,404.0,404.0
1398,102.110,231.320,102.11,231.32,1032.89,24284.0,736.0,736.0
1399,102.110,231.320,102.11,231.32,1032.89,22203.0,0.0,0.0
1400,102.110,231.320,102.11,231.32,1032.89,22659.0,0.0,0.0
1401,102.110,231.320,102.11,231.32,1032.89,25116.0,233.0,233.0
1402,102.110,231.320,102.11,231.32,1032.89,23266.0,0.0,0.0
1403,102.110,231.320,102.11,231.32,1032.89,23183.0,0.0,0.0
1404,102.110,231.320,102.11,231.32,1032.89,23458.0,0.0,0.0
1405,102.110,231.320,102.11,231.32,1032.89,23216.0,0.0,0.0
1406,102.110,231.320,102.11,231.32,1032.89,23697.0,0.0,0.0
1407,102.110,231.320,102.11,231.32,1032.89,24900.0,647.0,647.0
1408,102.110,231.320,102.11,231.32,1032.89,22395.0,0.0,0.0
1409,102.110,231.320,102.11,231.32,1032.89,24251.0,978.0,978.0
1410,102.110,231.320,102.11,231.32,1032.89,22303.0,0.0,0.0
1411,102.110,231.320,102.11,231.32,1032.89,23339.0,174.0,174.0
1412,102.110,231.320,102.11,231.32,1032.89,21906.0,0.0,0.0
1413,102.110,231.320,102.11,231.32,1032.89,24124.0,390.0,390.0
1414,102.110,231.320,102.11,231.32,1032.89,23582.0,766.0,766.0
1415,102.110,231.320,102.11,231.32,1032.89,24246.0,601.0,601.0
1416,102.110,231.320,102.11,231.32,1032.89,22019.0,0.0,0.0
1417,102.110,231.320,102.11,231.32,1032.89,23516.0,0.0,0.0
1418,102.110,231.320,102.11,231.32,1032.89,23277.0,0.0,0.0
1419,102.110,231.320,102.11,231.32,1032.89,23367.0,77.0,77.0
1420,102.110,231.320,102.11,231.32,1032.89,24240.0,1749.0,1749.0
1421,102.110,231.320,102.11,231.32,1032.89,24320.0,927.0,927.0
1422,102.110,231.320,102.11,231.32,1032.89,22539.0,0.0,0.0
1423,102.110,231.320,102.11,231.32,1032.89,22261.0,0.0,0.0
1424,102.110,231.320,102.11,231.32,1032.89,23910.0,279.0,279.0
1425,102.110,231.320,102.11,231.32,1032.89,25099.0,1675.0,1675.0
1426,102.110,231.320,102.11,231.32,1032.89,24294.0,581.0,581.0
1427,102.110,231.320,102.11,231.32,1032.89,24995.0,2000.0,2000.0
1428,102.110,231.320,102.11,231.32,1032.89,25105.0,1790.0,1790.0
1429,102.110,231.320,102.11,231.32,1032.89,23643.0,0.0,0.0
1430,102.110,231.320,102.11,231.32,1032.89,23462.0,0.0,0.0
1431,102.110,231.320,102.11,231.32,1032.89,23074.0,0.0,0.0
1432,102.110,231.320,102.11,231.32,1032.89,23065.0,0.0,0.0
1433,102.110,231.320,102.11,231.32,1032.89,25219.0,977.0,977.0
1434,102.110,231.320,102.11,231.32,1032.89,22723.0,0.0,0.0
1435,102.110,231.320,102.11,231.32,1032.89,23256.0,177.0,177.0
1436,102.110,231.320,102.11,231.32,1032.89,25550.0,953.0,953.0
1437,102.110,231.320,102.11,231.32,1032.89,23897.0,216.0,216.0
1438,102.110,231.320,102.11,231.32,1032.89,23157.0,388.0,388.0
1439,102.110,231.320,102.11,231.32,1032.89,23203.0,194.0,194.0
1440,102.110,231.320,102.11,231.32,1032.89,22838.0,0.0,0.0
1441,102.110,231.320,102.11,231.32,1032.89,23534.0,0.0,0.0
1442,102.110,231.320,102.11,231.32,1032.89,24371.0,265.0,265.0
1443,102.110,231.320,102.11,231.32,1032.89,23890.0,533.0,533.0
1444,102.110,231.320,102.11,231.32,1032.89,23292.0,0.0,0.0
1445,102.110,231.320,102.11,231.32,1032.89,23730.0,184.0,184.0
1446,102.110,231.320,102.11,231.32,1032.89,24150.0,1034.0,1034.0
