id,avg_x,avg_y,x,y,bg,Square_intensity,circular_intensity,Gaussian_intensity
425,223.590,248.540,223.56,248.57,1006.22,24564.0,0.0,0.0
426,223.590,248.540,223.56,248.57,1006.22,23328.0,0.0,0.0
427,223.590,248.540,223.56,248.57,1006.22,23378.0,0.0,0.0
428,223.590,248.540,223.56,248.57,1006.22,23717.0,0.0,0.0
429,223.590,248.540,223.56,248.57,1006.22,24091.0,0.0,0.0
430,223.590,248.540,223.56,248.57,1006.22,24088.0,0.0,0.0
431,223.590,248.540,223.56,248.57,1006.22,23446.0,0.0,0.0
432,223.590,248.540,223.56,248.57,1006.22,22941.0,0.0,0.0
433,223.590,248.540,223.56,248.57,1006.22,23230.0,0.0,0.0
434,223.590,248.540,223.56,248.57,1006.22,24665.0,0.0,0.0
435,223.590,248.540,223.56,248.57,1006.22,24756.0,530.0,530.0
436,223.590,248.540,223.56,248.57,1006.22,24275.0,213.0,213.0
437,223.590,248.540,223.56,248.57,1006.22,25375.0,1094.0,1094.0
438,223.590,248.540,223.56,248.57,1006.22,25021.0,0.0,0.0
439,223.590,248.540,223.56,248.57,1006.22,23907.0,0.0,0.0
440,223.590,248.540,223.56,248.57,1006.22,22927.0,0.0,0.0
441,223.590,248.540,223.56,248.57,1006.22,24868.0,0.0,0.0
442,223.590,248.540,223.56,248.57,1006.22,23591.0,0.0,0.0
443,223.590,248.540,223.56,248.57,1006.22,22444.0,0.0,0.0
444,223.590,248.540,223.56,248.57,1006.22,23978.0,0.0,0.0
445,223.590,248.540,223.56,248.57,1006.22,22855.0,0.0,0.0
446,223.590,248.540,223.56,248.57,1006.22,24146.0,875.0,875.0
447,223.590,248.540,223.56,248.57,1006.22,22509.0,0.0,0.0
448,223.590,248.540,223.56,248.57,1006.22,24010.0,0.0,0.0
449,223.590,248.540,223.56,248.57,1006.22,23566.0,0.0,0.0
450,223.590,248.540,223.56,248.57,1006.22,22436.0,0.0,0.0
451,223.590,248.540,223.56,248.57,1006.22,23638.0,0.0,0.0
452,223.590,248.540,223.56,248.57,1006.22,25495.0,489.0,489.0
453,223.590,248.540,223.56,248.57,1006.22,24536.0,559.0,559.0
454,223.590,248.540,223.56,248.57,1006.22,23427.0,0.0,0.0
455,223.590,248.540,223.56,248.57,1006.22,22772.0,0.0,0.0
456,223.590,248.540,223.56,248.57,1006.22,22464.0,0.0,0.0
457,223.590,248.540,223.56,248.57,1006.22,24545.0,752.0,752.0
458,223.590,248.540,223.56,248.57,1006.22,21929.0,0.0,0.0
459,223.590,248.540,223.56,248.57,1006.22,22821.0,0.0,0.0
460,223.590,248.540,223.56,248.57,1006.22,23311.0,0.0,0.0
461,223.590,248.540,223.56,248.57,1006.22,24481.0,543.0,543.0
462,223.590,248.540,223.56,248.57,1006.22,23790.0,195.0,195.0
463,223.590,248.540,223.56,248.57,1006.22,23172.0,130.0,130.0
464,223.590,248.540,223.56,248.57,1006.22,25234.0,0.0,0.0
465,223.590,248.540,223.56,248.57,1006.22,22245.0,0.0,0.0
466,223.590,248.540,223.56,248.57,1006.22,22992.0,0.0,0.0
467,223.590,248.540,223.56,248.57,1006.22,24960.0,525.0,525.0
468,223.590,248.540,223.56,248.57,1006.22,24965.0,1162.0,1162.0
469,223.590,248.540,223.56,248.57,1006.22,23716.0,0.0,0.0
470,223.590,248.540,223.56,248.57,1006.22,23257.0,0.0,0.0
471,223.590,248.540,223.56,248.57,1006.22,24483.0,1205.0,1205.0
472,223.590,248.540,223.56,248.57,1006.22,23013.0,0.0,0.0
473,223.590,248.540,223.56,248.57,1006.22,21677.0,0.0,0.0
474,223.590,248.540,223.56,248.57,1006.22,24445.0,427.0,427.0
475,223.590,248.540,223.56,248.57,1006.22,23090.0,0.0,0.0
476,223.590,248.540,223.56,248.57,1006.22,23728.0,0.0,0.0
477,223.590,248.540,223.56,248.57,1006.22,23367.0,0.0,0.0
478,223.590,248.540,223.56,248.57,1006.22,24670.0,609.0,609.0
479,223.590,248.540,223.56,248.57,1006.22,23125.0,0.0,0.0
480,223.590,248.540,223.56,248.57,1006.22,24240.0,307.0,307.0
481,223.590,248.540,223.56,248.57,1006.22,23650.0,0.0,0.0
482,223.590,248.540,223.56,248.57,1006.22,23856.0,694.0,694.0
483,223.590,248.540,223.56,248.57,1006.22,25289.0,1653.0,1653.0
484,223.590,248.540,223.56,248.57,1006.22,25005.0,1077.0,1077.0
485,223.590,248.540,223.56,248.57,1006.22,25345.0,1782.0,1782.0
486,223.590,248.540,223.56,248.57,1006.22,24454.0,434.0,434.0
487,223.590,248.540,223.56,248.57,1006.22,23310.0,0.0,0.0
488,223.590,248.540,223.56,248.57,1006.22,21806.0,0.0,0.0
489,223.590,248.540,223.56,248.57,1006.22,23144.0,0.0,0.0
490,223.590,248.540,223.56,248.57,1006.22,23626.0,0.0,0.0
491,223.590,248.540,223.56,248.57,1006.22,23431.0,0.0,0.0
492,223.590,248.540,223.56,248.57,1006.22,24139.0,0.0,0.0
493,223.590,248.540,223.56,248.57,1006.22,23222.0,0.0,0.0
494,223.590,248.540,223.56,248.57,1006.22,22803.0,0.0,0.0
495,223.590,248.540,223.56,248.57,1006.22,23924.0,0.0,0.0
496,223.590,248.540,223.56,248.57,1006.22,22691.0,0.0,0.0
497,223.590,248.540,223.56,248.57,1006.22,24454.0,1130.0,1130.0
498,223.590,248.540,223.56,248.57,1006.22,21563.0,0.0,0.0
499,223.590,248.540,223.56,248.57,1006.22,23789.0,0.0,0.0
500,223.590,248.540,223.56,248.57,1006.22,24087.0,111.0,111.0
501,223.590,248.540,223.56,248.57,1006.22,23925.0,992.0,992.0
502,223.590,248.540,223.56,248.57,1006.22,23786.0,0.0,0.0
503,223.590,248.540,223.56,248.57,1006.22,25823.0,2098.0,2098.0
504,223.590,248.540,223.56,248.57,1006.22,23105.0,0.0,0.0
505,223.590,248.540,223.56,248.57,1006.22,22709.0,0.0,0.0
506,223.590,248.540,223.56,248.57,1006.22,24214.0,0.0,0.0
507,223.590,248.540,223.56,248.57,1006.22,23479.0,253.0,253.0
508,223.590,248.540,223.56,248.57,1006.22,23311.0,0.0,0.0
509,223.590,248.540,223.56,248.57,1006.22,23907.0,0.0,0.0
510,223.590,248.540,223.56,248.57,1006.22,22773.0,0.0,0.0
511,223.590,248.540,223.56,248.57,1006.22,24462.0,1149.0,1149.0
512,223.590,248.540,223.56,248.57,1006.22,24035.0,74.0,74.0
513,223.590,248.540,223.56,248.57,1006.22,23905.0,0.0,0.0
514,223.590,248.540,223.56,248.57,1006.22,22801.0,0.0,0.0
515,223.590,248.540,223.56,248.57,1006.22,24667.0,905.0,905.0
516,223.590,248.540,223.56,248.57,1006.22,23293.0,0.0,0.0
517,223.590,248.540,223.56,248.57,1006.22,25858.0,1016.0,1016.0
518,223.590,248.540,223.56,248.57,1006.22,25097.0,1189.0,1189.0
519,223.590,248.540,223.56,248.57,1006.22,22804.0,0.0,0.0
520,223.590,248.540,223.56,248.57,1006.22,23850.0,578.0,578.0
521,223.590,248.540,223.56,248.57,1006.22,23749.0,138.0,138.0
522,223.590,248.540,223.56,248.57,1006.22,22297.0,0.0,0.0
523,223.590,248.540,223.56,248.57,1006.22,22620.0,0.0,0.0
524,223.590,248.540,223.56,248.57,1006.22,23858.0,0.0,0.0
525,223.590,248.540,223.56,248.57,1006.22,24774.0,1168.0,1168.0
526,223.590,248.540,223.56,248.57,1006.22,24108.0,0.0,0.0
527,223.590,248.540,223.56,248.57,1006.22,23385.0,0.0,0.0
528,223.590,248.540,223.56,248.57,1006.22,22411.0,0.0,0.0
529,223.590,248.540,223.56,248.57,1006.22,23362.0,0.0,0.0
530,223.590,248.540,223.56,248.57,1006.22,22924.0,0.0,0.0
531,223.590,248.540,223.56,248.57,1006.22,24603.0,678.0,678.0
532,223.590,248.540,223.56,248.57,1006.22,24427.0,596.0,596.0
533,223.590,248.540,223.56,248.57,1006.22,25483.0,1787.0,1787.0
534,223.590,248.540,223.56,248.57,1006.22,23364.0,0.0,0.0
535,223.590,248.540,223.56,248.57,1006.22,25373.0,1539.0,1539.0
536,223.590,248.540,223.56,248.57,1006.22,22648.0,0.0,0.0
537,223.590,248.540,223.56,248.57,1006.22,23462.0,0.0,0.0
538,223.590,248.540,223.56,248.57,1006.22,23859.0,0.0,0.0
539,223.590,248.540,223.56,248.57,1006.22,23844.0,0.0,0.0
540,223.590,248.540,223.56,248.57,1006.22,23937.0,542.0,542.0
541,223.590,248.540,223.56,248.57,1006.22,24338.0,542.0,542.0
542,223.590,248.540,223.56,248.57,1006.22,26140.0,2037.0,2037.0
543,223.590,248.540,223.56,248.57,1006.22,24902.0,964.0,964.0
544,223.590,248.540,223.56,248.57,1006.22,23583.0,969.0,969.0
545,223.590,248.540,223.56,248.57,1006.22,22960.0,0.0,0.0
546,223.590,248.540,223.56,248.57,1006.22,24520.0,438.0,438.0
547,223.590,248.540,223.56,248.57,1006.22,23908.0,0.0,0.0
548,223.590,248.540,223.56,248.57,1006.22,23803.0,488.0,488.0
549,223.590,248.540,223.56,248.57,1006.22,24513.0,100.0,100.0
550,223.590,248.540,223.56,248.57,1006.22,23072.0,0.0,0.0
551,223.590,248.540,223.56,248.57,1006.22,24543.0,728.0,728.0
552,223.590,248.540,223.56,248.57,1006.22,23998.0,0.0,0.0
553,223.590,248.540,223.56,248.57,1006.22,22587.0,0.0,0.0
554,223.590,248.540,223.56,248.57,1006.22,23094.0,0.0,0.0
555,223.590,248.540,223.56,248.57,1006.22,22310.0,0.0,0.0
556,223.590,248.540,223.56,248.57,1006.22,22425.0,0.0,0.0
557,223.590,248.540,223.56,248.57,1006.22,23285.0,0.0,0.0
558,223.590,248.540,223.56,248.57,1006.22,23863.0,515.0,515.0
559,223.590,248.540,223.56,248.57,1006.22,24487.0,865.0,865.0
560,223.590,248.540,223.56,248.57,1006.22,23575.0,84.0,84.0
561,223.590,248.540,223.56,248.57,1006.22,23765.0,38.0,38.0
562,223.590,248.540,223.56,248.57,1006.22,23629.0,116.0,116.0
563,223.590,248.540,223.56,248.57,1006.22,22850.0,0.0,0.0
564,223.590,248.540,223.56,248.57,1006.22,23163.0,0.0,0.0
565,223.590,248.540,223.56,248.57,1006.22,24090.0,250.0,250.0
566,223.590,248.540,223.56,248.57,1006.22,23703.0,118.0,118.0
567,223.590,248.540,223.56,248.57,1006.22,23468.0,111.0,111.0
568,223.590,248.540,223.56,248.57,1006.22,24809.0,1266.0,1266.0
569,223.590,248.540,223.56,248.57,1006.22,23952.0,129.0,129.0
570,223.590,248.540,223.56,248.57,1006.22,23691.0,0.0,0.0
571,223.590,248.540,223.56,248.57,1006.22,24854.0,319.0,319.0
572,223.590,248.540,223.56,248.57,1006.22,23789.0,0.0,0.0
573,223.590,248.540,223.56,248.57,1006.22,22771.0,0.0,0.0
574,223.590,248.540,223.56,248.57,1006.22,22801.0,0.0,0.0
575,223.590,248.540,223.56,248.57,1006.22,23621.0,0.0,0.0
576,223.590,248.540,223.56,248.57,1006.22,24457.0,1002.0,1002.0
577,223.590,248.540,223.56,248.57,1006.22,23171.0,0.0,0.0
578,223.590,248.540,223.56,248.57,1006.22,23388.0,105.0,105.0
579,223.590,248.540,223.56,248.57,1006.22,22330.0,0.0,0.0
580,223.590,248.540,223.56,248.57,1006.22,23885.0,570.0,570.0
581,223.590,248.540,223.56,248.57,1006.22,23309.0,0.0,0.0
582,223.590,248.540,223.56,248.57,1006.22,24277.0,448.0,448.0
583,223.590,248.540,223.56,248.57,1006.22,24225.0,486.0,486.0
584,223.590,248.540,223.56,248.57,1006.22,22090.0,0.0,0.0
585,223.590,248.540,223.56,248.57,1006.22,21971.0,0.0,0.0
586,223.590,248.540,223.56,248.57,1006.22,22389.0,0.0,0.0
587,223.590,248.540,223.56,248.57,1006.22,24299.0,344.0,344.0
588,223.590,248.540,223.56,248.57,1006.22,24565.0,964.0,964.0
589,223.590,248.540,223.56,248.57,1006.22,22718.0,0.0,0.0
590,223.590,248.540,223.56,248.57,1006.22,22887.0,0.0,0.0
591,223.590,248.540,223.56,248.57,1006.22,23169.0,1003.0,1003.0
592,223.590,248.540,223.56,248.57,1006.22,23977.0,888.0,888.0
593,223.590,248.540,223.56,248.57,1006.22,23429.0,0.0,0.0
594,223.590,248.540,223.56,248.57,1006.22,22614.0,0.0,0.0
595,223.590,248.540,223.56,248.57,1006.22,23279.0,0.0,0.0
596,223.590,248.540,223.56,248.57,1006.22,22999.0,0.0,0.0
597,223.590,248.540,223.56,248.57,1006.22,24353.0,0.0,0.0
598,223.590,248.540,223.56,248.57,1006.22,23521.0,0.0,0.0
599,223.590,248.540,223.56,248.57,1006.22,23105.0,0.0,0.0
600,223.590,248.540,223.56,248.57,1006.22,22351.0,0.0,0.0
601,223.590,248.540,223.56,248.57,1006.22,23262.0,0.0,0.0
602,223.590,248.540,223.56,248.57,1006.22,24946.0,1410.0,1410.0
603,223.590,248.540,223.56,248.57,1006.22,21988.0,0.0,0.0
604,223.590,248.540,223.56,248.57,1006.22,25345.0,2172.0,2172.0
605,223.590,248.540,223.56,248.57,1006.22,23809.0,74.0,74.0
606,223.590,248.540,223.56,248.57,1006.22,23391.0,0.0,0.0
607,223.590,248.540,223.56,248.57,1006.22,22763.0,0.0,0.0
608,223.590,248.540,223.56,248.57,1006.22,23807.0,449.0,449.0
609,223.590,248.540,223.56,248.57,1006.22,22853.0,0.0,0.0
610,223.590,248.540,223.56,248.57,1006.22,22824.0,0.0,0.0
611,223.590,248.540,223.56,248.57,1006.22,23903.0,0.0,0.0
612,223.590,248.540,223.56,248.57,1006.22,24224.0,234.0,234.0
613,223.590,248.540,223.56,248.57,1006.22,24288.0,610.0,610.0
614,223.590,248.540,223.56,248.57,1006.22,23387.0,340.0,340.0
615,223.590,248.540,223.56,248.57,1006.22,22749.0,211.0,211.0
616,223.590,248.540,223.56,248.57,1006.22,23810.0,0.0,0.0
617,223.590,248.540,223.56,248.57,1006.22,24362.0,50.0,50.0
618,223.590,248.540,223.56,248.57,1006.22,24171.0,530.0,530.0
619,223.590,248.540,223.56,248.57,1006.22,23713.0,0.0,0.0
620,223.590,248.540,223.56,248.57,1006.22,24618.0,1255.0,1255.0
621,223.590,248.540,223.56,248.57,1006.22,22697.0,0.0,0.0
622,223.590,248.540,223.56,248.57,1006.22,24813.0,1024.0,1024.0
623,223.590,248.540,223.56,248.57,1006.22,22315.0,0.0,0.0
624,223.590,248.540,223.56,248.57,1006.22,23307.0,513.0,513.0
625,223.590,248.540,223.56,248.57,1006.22,24766.0,772.0,772.0
626,223.590,248.540,223.56,248.57,1006.22,23827.0,0.0,0.0
627,223.590,248.540,223.56,248.57,1006.22,23734.0,360.0,360.0
628,223.590,248.540,223.56,248.57,1006.22,23505.0,171.0,171.0
629,223.590,248.540,223.56,248.57,1006.22,23578.0,244.0,244.0
630,223.590,248.540,223.56,248.57,1006.22,23694.0,787.0,787.0
631,223.590,248.540,223.56,248.57,1006.22,24212.0,7.0,7.0
632,223.590,248.540,223.56,248.57,1006.22,23232.0,277.0,277.0
633,223.590,248.540,223.56,248.57,1006.22,23708.0,101.0,101.0
634,223.590,248.540,223.56,248.57,1006.22,24320.0,1067.0,1067.0
635,223.590,248.540,223.56,248.57,1006.22,22889.0,0.0,0.0
636,223.590,248.540,223.56,248.57,1006.22,21470.0,0.0,0.0
637,223.590,248.540,223.56,248.57,1006.22,24246.0,684.0,684.0
638,223.590,248.540,223.56,248.57,1006.22,24057.0,430.0,430.0
639,223.590,248.540,223.56,248.57,1006.22,23269.0,0.0,0.0
640,223.590,248.540,223.56,248.57,1006.22,23506.0,0.0,0.0
641,223.590,248.540,223.56,248.57,1006.22,23051.0,719.0,719.0
642,223.590,248.540,223.56,248.57,1006.22,24896.0,1750.0,1750.0
643,223.590,248.540,223.56,248.57,1006.22,23542.0,0.0,0.0
644,223.590,248.540,223.56,248.57,1006.22,23555.0,0.0,0.0
645,223.590,248.540,223.56,248.57,1006.22,22389.0,0.0,0.0
646,223.590,248.540,223.56,248.57,1006.22,21500.0,0.0,0.0
647,223.590,248.540,223.56,248.57,1006.22,21854.0,0.0,0.0
648,223.590,248.540,223.56,248.57,1006.22,23205.0,0.0,0.0
649,223.590,248.540,223.56,248.57,1006.22,25295.0,2297.0,2297.0
650,223.590,248.540,223.56,248.57,1006.22,22409.0,0.0,0.0
651,223.590,248.540,223.56,248.57,1006.22,23715.0,0.0,0.0
652,223.590,248.540,223.56,248.57,1006.22,21752.0,0.0,0.0
653,223.590,248.540,223.56,248.57,1006.22,23889.0,341.0,341.0
654,223.590,248.540,223.56,248.57,1006.22,23699.0,0.0,0.0
655,223.590,248.540,223.56,248.57,1006.22,20929.0,0.0,0.0
656,223.590,248.540,223.56,248.57,1006.22,21965.0,0.0,0.0
657,223.590,248.540,223.56,248.57,1006.22,23285.0,0.0,0.0
658,223.590,248.540,223.56,248.57,1006.22,23052.0,0.0,0.0
659,223.590,248.540,223.56,248.57,1006.22,24508.0,474.0,474.0
660,223.590,248.540,223.56,248.57,1006.22,26410.0,1950.0,1950.0
661,223.590,248.540,223.56,248.57,1006.22,27631.0,3458.0,3458.0
662,223.590,248.540,223.56,248.57,1006.22,24964.0,381.0,381.0
663,223.590,248.540,223.56,248.57,1006.22,27569.0,4127.0,4127.0
664,223.590,248.540,223.56,248.57,1006.22,27180.0,3223.0,3223.0
665,223.590,248.540,223.56,248.57,1006.22,29453.0,5835.0,5835.0
666,223.590,248.540,223.56,248.57,1006.22,27111.0,3431.0,3431.0
667,223.590,248.540,223.56,248.57,1006.22,24736.0,1664.0,1664.0
668,223.590,248.540,223.56,248.57,1006.22,26332.0,2572.0,2572.0
669,223.590,248.540,223.56,248.57,1006.22,26194.0,1020.0,1020.0
670,223.590,248.540,223.56,248.57,1006.22,27235.0,3535.0,3535.0
671,223.590,248.540,223.56,248.57,1006.22,26273.0,2193.0,2193.0
672,223.590,248.540,223.56,248.57,1006.22,27369.0,2914.0,2914.0
673,223.590,248.540,223.56,248.57,1006.22,28110.0,3397.0,3397.0
674,223.590,248.540,223.56,248.57,1006.22,26994.0,3111.0,3111.0
675,223.590,248.540,223.56,248.57,1006.22,27645.0,3357.0,3357.0
676,223.590,248.540,223.56,248.57,1006.22,27523.0,3690.0,3690.0
677,223.590,248.540,223.56,248.57,1006.22,27296.0,3157.0,3157.0
678,223.590,248.540,223.56,248.57,1006.22,27757.0,4167.0,4167.0
679,223.590,248.540,223.56,248.57,1006.22,27730.0,3984.0,3984.0
680,223.590,248.540,223.56,248.57,1006.22,25849.0,2092.0,2092.0
681,223.590,248.540,223.56,248.57,1006.22,28219.0,3925.0,3925.0
682,223.590,248.540,223.56,248.57,1006.22,27026.0,2225.0,2225.0
683,223.590,248.540,223.56,248.57,1006.22,27894.0,3992.0,3992.0
684,223.590,248.540,223.56,248.57,1006.22,25940.0,1721.0,1721.0
685,223.590,248.540,223.56,248.57,1006.22,27556.0,2995.0,2995.0
686,223.590,248.540,223.56,248.57,1006.22,28469.0,4157.0,4157.0
687,223.590,248.540,223.56,248.57,1006.22,27632.0,3914.0,3914.0
688,223.590,248.540,223.56,248.57,1006.22,27614.0,3239.0,3239.0
689,223.590,248.540,223.56,248.57,1006.22,26710.0,2643.0,2643.0
690,223.590,248.540,223.56,248.57,1006.22,27734.0,3822.0,3822.0
691,223.590,248.540,223.56,248.57,1006.22,25474.0,1670.0,1670.0
692,223.590,248.540,223.56,248.57,1006.22,26716.0,3277.0,3277.0
693,223.590,248.540,223.56,248.57,1006.22,27322.0,3476.0,3476.0
694,223.590,248.540,223.56,248.57,1006.22,27045.0,2849.0,2849.0
695,223.590,248.540,223.56,248.57,1006.22,28232.0,4035.0,4035.0
696,223.590,248.540,223.56,248.57,1006.22,27835.0,4062.0,4062.0
697,223.590,248.540,223.56,248.57,1006.22,28159.0,4049.0,4049.0
698,223.590,248.540,223.56,248.57,1006.22,30604.0,6076.0,6076.0
699,223.590,248.540,223.56,248.57,1006.22,27097.0,3532.0,3532.0
700,223.590,248.540,223.56,248.57,1006.22,27983.0,3799.0,3799.0
701,223.590,248.540,223.56,248.57,1006.22,28192.0,4173.0,4173.0
702,223.590,248.540,223.56,248.57,1006.22,26744.0,3798.0,3798.0
703,223.590,248.540,223.56,248.57,1006.22,26886.0,3046.0,3046.0
704,223.590,248.540,223.56,248.57,1006.22,27064.0,3694.0,3694.0
705,223.590,248.540,223.56,248.57,1006.22,26186.0,2029.0,2029.0
706,223.590,248.540,223.56,248.57,1006.22,28470.0,4771.0,4771.0
707,223.590,248.540,223.56,248.57,1006.22,28192.0,5194.0,5194.0
708,223.590,248.540,223.56,248.57,1006.22,26273.0,2819.0,2819.0
709,223.590,248.540,223.56,248.57,1006.22,25645.0,1861.0,1861.0
710,223.590,248.540,223.56,248.57,1006.22,28764.0,3968.0,3968.0
711,223.590,248.540,223.56,248.57,1006.22,26449.0,3255.0,3255.0
712,223.590,248.540,223.56,248.57,1006.22,27144.0,2518.0,2518.0
713,223.590,248.540,223.56,248.57,1006.22,24998.0,1477.0,1477.0
714,223.590,248.540,223.56,248.57,1006.22,28369.0,4171.0,4171.0
715,223.590,248.540,223.56,248.57,1006.22,25923.0,2330.0,2330.0
716,223.590,248.540,223.56,248.57,1006.22,26174.0,2611.0,2611.0
717,223.590,248.540,223.56,248.57,1006.22,27293.0,3624.0,3624.0
718,223.590,248.540,223.56,248.57,1006.22,24703.0,1548.0,1548.0
719,223.590,248.540,223.56,248.57,1006.22,24977.0,1275.0,1275.0
720,223.590,248.540,223.56,248.57,1006.22,24229.0,708.0,708.0
721,223.590,248.540,223.56,248.57,1006.22,26320.0,2093.0,2093.0
722,223.590,248.540,223.56,248.57,1006.22,24733.0,1364.0,1364.0
723,223.590,248.540,223.56,248.57,1006.22,24956.0,1495.0,1495.0
724,223.590,248.540,223.56,248.57,1006.22,26082.0,2672.0,2672.0
725,223.590,248.540,223.56,248.57,1006.22,26584.0,2337.0,2337.0
726,223.590,248.540,223.56,248.57,1006.22,26919.0,2169.0,2169.0
727,223.590,248.540,223.56,248.57,1006.22,25066.0,994.0,994.0
728,223.590,248.540,223.56,248.57,1006.22,25761.0,2417.0,2417.0
729,223.590,248.540,223.56,248.57,1006.22,27621.0,3841.0,3841.0
730,223.590,248.540,223.56,248.57,1006.22,29467.0,5717.0,5717.0
731,223.590,248.540,223.56,248.57,1006.22,27530.0,3609.0,3609.0
732,223.590,248.540,223.56,248.57,1006.22,25355.0,1945.0,1945.0
733,223.590,248.540,223.56,248.57,1006.22,28960.0,4242.0,4242.0
734,223.590,248.540,223.56,248.57,1006.22,27639.0,4078.0,4078.0
735,223.590,248.540,223.56,248.57,1006.22,27516.0,3263.0,3263.0
736,223.590,248.540,223.56,248.57,1006.22,30045.0,6230.0,6230.0
737,223.590,248.540,223.56,248.57,1006.22,26709.0,2793.0,2793.0
738,223.590,248.540,223.56,248.57,1006.22,28086.0,4061.0,4061.0
739,223.590,248.540,223.56,248.57,1006.22,29257.0,4087.0,4087.0
740,223.590,248.540,223.56,248.57,1006.22,27941.0,4032.0,4032.0
741,223.590,248.540,223.56,248.57,1006.22,26787.0,3142.0,3142.0
742,223.590,248.540,223.56,248.57,1006.22,27943.0,4925.0,4925.0
743,223.590,248.540,223.56,248.57,1006.22,27246.0,3384.0,3384.0
744,223.590,248.540,223.56,248.57,1006.22,28019.0,4659.0,4659.0
745,223.590,248.540,223.56,248.57,1006.22,26290.0,1831.0,1831.0
746,223.590,248.540,223.56,248.57,1006.22,28459.0,4774.0,4774.0
747,223.590,248.540,223.56,248.57,1006.22,29264.0,4787.0,4787.0
748,223.590,248.540,223.56,248.57,1006.22,28565.0,4937.0,4937.0
749,223.590,248.540,223.56,248.57,1006.22,29196.0,5243.0,5243.0
750,223.590,248.540,223.56,248.57,1006.22,29480.0,4586.0,4586.0
751,223.590,248.540,223.56,248.57,1006.22,27810.0,3689.0,3689.0
752,223.590,248.540,223.56,248.57,1006.22,27990.0,3201.0,3201.0
753,223.590,248.540,223.56,248.57,1006.22,28215.0,4458.0,4458.0
754,223.590,248.540,223.56,248.57,1006.22,28037.0,4083.0,4083.0
755,223.590,248.540,223.56,248.57,1006.22,26974.0,2822.0,2822.0
756,223.590,248.540,223.56,248.57,1006.22,27405.0,3005.0,3005.0
757,223.590,248.540,223.56,248.57,1006.22,27553.0,4316.0,4316.0
758,223.590,248.540,223.56,248.57,1006.22,25248.0,2033.0,2033.0
759,223.590,248.540,223.56,248.57,1006.22,25919.0,3139.0,3139.0
760,223.590,248.540,223.56,248.57,1006.22,26154.0,2894.0,2894.0
761,223.590,248.540,223.56,248.57,1006.22,27741.0,3963.0,3963.0
762,223.590,248.540,223.56,248.57,1006.22,28192.0,3219.0,3219.0
763,223.590,248.540,223.56,248.57,1006.22,31263.0,6973.0,6973.0
764,223.590,248.540,223.56,248.57,1006.22,26057.0,2169.0,2169.0
765,223.590,248.540,223.56,248.57,1006.22,26115.0,2106.0,2106.0
766,223.590,248.540,223.56,248.57,1006.22,30243.0,7065.0,7065.0
767,223.590,248.540,223.56,248.57,1006.22,27545.0,4305.0,4305.0
768,223.590,248.540,223.56,248.57,1006.22,29062.0,4512.0,4512.0
769,223.590,248.540,223.56,248.57,1006.22,25168.0,867.0,867.0
770,223.590,248.540,223.56,248.57,1006.22,28211.0,4096.0,4096.0
771,223.590,248.540,223.56,248.57,1006.22,29262.0,4627.0,4627.0
772,223.590,248.540,223.56,248.57,1006.22,32517.0,7539.0,7539.0
773,223.590,248.540,223.56,248.57,1006.22,32334.0,8261.0,8261.0
774,223.590,248.540,223.56,248.57,1006.22,28395.0,4236.0,4236.0
775,223.590,248.540,223.56,248.57,1006.22,27804.0,3862.0,3862.0
776,223.590,248.540,223.56,248.57,1006.22,29601.0,5444.0,5444.0
777,223.590,248.540,223.56,248.57,1006.22,28977.0,5190.0,5190.0
778,223.590,248.540,223.56,248.57,1006.22,29913.0,5197.0,5197.0
779,223.590,248.540,223.56,248.57,1006.22,27588.0,3780.0,3780.0
780,223.590,248.540,223.56,248.57,1006.22,29187.0,5578.0,5578.0
781,223.590,248.540,223.56,248.57,1006.22,30321.0,5562.0,5562.0
782,223.590,248.540,223.56,248.57,1006.22,29059.0,5397.0,5397.0
783,223.590,248.540,223.56,248.57,1006.22,31627.0,7451.0,7451.0
784,223.590,248.540,223.56,248.57,1006.22,30762.0,5653.0,5653.0
785,223.590,248.540,223.56,248.57,1006.22,28147.0,4473.0,4473.0
786,223.590,248.540,223.56,248.57,1006.22,28230.0,3945.0,3945.0
787,223.590,248.540,223.56,248.57,1006.22,27836.0,3505.0,3505.0
788,223.590,248.540,223.56,248.57,1006.22,30054.0,5489.0,5489.0
789,223.590,248.540,223.56,248.57,1006.22,31039.0,7143.0,7143.0
790,223.590,248.540,223.56,248.57,1006.22,28534.0,4291.0,4291.0
791,223.590,248.540,223.56,248.57,1006.22,30097.0,5881.0,5881.0
792,223.590,248.540,223.56,248.57,1006.22,27773.0,3893.0,3893.0
793,223.590,248.540,223.56,248.57,1006.22,30970.0,7520.0,7520.0
794,223.590,248.540,223.56,248.57,1006.22,30481.0,6650.0,6650.0
795,223.590,248.540,223.56,248.57,1006.22,28881.0,4121.0,4121.0
796,223.590,248.540,223.56,248.57,1006.22,32450.0,8133.0,8133.0
797,223.590,248.540,223.56,248.57,1006.22,30966.0,6978.0,6978.0
798,223.590,248.540,223.56,248.57,1006.22,28534.0,5099.0,5099.0
799,223.590,248.540,223.56,248.57,1006.22,26536.0,2668.0,2668.0
800,223.590,248.540,223.56,248.57,1006.22,26473.0,2548.0,2548.0
801,223.590,248.540,223.56,248.57,1006.22,28023.0,3938.0,3938.0
802,223.590,248.540,223.56,248.57,1006.22,27916.0,3792.0,3792.0
803,223.590,248.540,223.56,248.57,1006.22,30924.0,6268.0,6268.0
804,223.590,248.540,223.56,248.57,1006.22,31738.0,7793.0,7793.0
805,223.590,248.540,223.56,248.57,1006.22,31614.0,7486.0,7486.0
806,223.590,248.540,223.56,248.57,1006.22,30019.0,6559.0,6559.0
807,223.590,248.540,223.56,248.57,1006.22,30319.0,6439.0,6439.0
808,223.590,248.540,223.56,248.57,1006.22,31725.0,7263.0,7263.0
809,223.590,248.540,223.56,248.57,1006.22,34820.0,10501.0,10501.0
810,223.590,248.540,223.56,248.57,1006.22,30631.0,5799.0,5799.0
811,223.590,248.540,223.56,248.57,1006.22,32364.0,8038.0,8038.0
812,223.590,248.540,223.56,248.57,1006.22,31011.0,7354.0,7354.0
813,223.590,248.540,223.56,248.57,1006.22,28797.0,3749.0,3749.0
814,223.590,248.540,223.56,248.57,1006.22,30306.0,5953.0,5953.0
815,223.590,248.540,223.56,248.57,1006.22,31070.0,6947.0,6947.0
816,223.590,248.540,223.56,248.57,1006.22,33365.0,8792.0,8792.0
817,223.590,248.540,223.56,248.57,1006.22,30834.0,7607.0,7607.0
818,223.590,248.540,223.56,248.57,1006.22,30397.0,6415.0,6415.0
819,223.590,248.540,223.56,248.57,1006.22,31325.0,7187.0,7187.0
820,223.590,248.540,223.56,248.57,1006.22,30949.0,7156.0,7156.0
821,223.590,248.540,223.56,248.57,1006.22,29283.0,5814.0,5814.0
822,223.590,248.540,223.56,248.57,1006.22,30121.0,5604.0,5604.0
823,223.590,248.540,223.56,248.57,1006.22,29763.0,5642.0,5642.0
824,223.590,248.540,223.56,248.57,1006.22,30768.0,6518.0,6518.0
825,223.590,248.540,223.56,248.57,1006.22,30998.0,6625.0,6625.0
826,223.590,248.540,223.71,248.75,1006.22,33069.0,8514.0,8514.0
827,223.590,248.540,223.56,248.57,1006.22,32237.0,7159.0,7159.0
828,223.590,248.540,223.58,248.24,1006.22,32264.0,8261.0,8261.0
829,223.590,248.540,223.56,248.57,1006.22,30702.0,6577.0,6577.0
830,223.590,248.540,223.56,248.57,1006.22,31462.0,7070.0,7070.0
831,223.590,248.540,223.33,248.38,1006.22,31384.0,7724.0,7724.0
832,223.590,248.540,223.6,248.7,1006.22,30382.0,5946.0,5946.0
833,223.590,248.540,223.56,248.57,1006.22,30561.0,6270.0,6270.0
834,223.590,248.540,223.56,248.57,1006.22,32255.0,7736.0,7736.0
835,223.590,248.540,223.5,248.5,1006.22,33043.0,8334.0,8334.0
836,223.590,248.540,223.82,248.17,1006.22,31232.0,6889.0,6889.0
837,223.590,248.540,223.56,248.57,1006.22,31588.0,7246.0,7246.0
838,223.590,248.540,223.42,248.61,1006.22,33752.0,9001.0,9001.0
839,223.590,248.540,223.84,248.73,1006.22,32143.0,7616.0,7616.0
840,223.590,248.540,223.54,248.36,1006.22,32619.0,7209.0,7209.0
841,223.590,248.540,223.68,248.71,1006.22,32391.0,7934.0,7934.0
842,223.590,248.540,223.56,248.57,1006.22,33178.0,8497.0,8497.0
843,223.590,248.540,223.56,248.57,1006.22,28479.0,5482.0,5482.0
844,223.590,248.540,223.56,248.57,1006.22,32901.0,8745.0,8745.0
845,223.590,248.540,223.47,248.41,1006.22,37992.0,13063.0,13063.0
846,223.590,248.540,223.62,248.49,1006.22,33538.0,8864.0,8864.0
847,223.590,248.540,223.69,248.48,1006.22,31329.0,6938.0,6938.0
848,223.590,248.540,223.63,248.48,1006.22,32988.0,9396.0,9396.0
849,223.590,248.540,223.56,248.57,1006.22,31496.0,6924.0,6924.0
850,223.590,248.540,223.22,248.27,1006.22,34655.0,9717.0,9717.0
851,223.590,248.540,223.56,248.57,1006.22,31673.0,7362.0,7362.0
852,223.590,248.540,223.56,248.57,1006.22,29638.0,6732.0,6732.0
853,223.590,248.540,223.65,248.3,1006.22,34168.0,8454.0,8454.0
854,223.590,248.540,223.57,248.74,1006.22,32669.0,8203.0,8203.0
855,223.590,248.540,223.49,248.56,1006.22,34047.0,9468.0,9468.0
856,223.590,248.540,223.6,248.42,1006.22,38133.0,11745.0,11745.0
857,223.590,248.540,223.51,248.39,1006.22,36707.0,11429.0,11429.0
858,223.590,248.540,223.58,248.41,1006.22,35465.0,9958.0,9958.0
859,223.590,248.540,223.56,248.57,1006.22,28413.0,4061.0,4061.0
860,223.590,248.540,223.27,248.51,1006.22,31687.0,7532.0,7532.0
861,223.590,248.540,223.56,248.57,1006.22,29874.0,6312.0,6312.0
862,223.590,248.540,223.56,248.57,1006.22,29245.0,5870.0,5870.0
863,223.590,248.540,223.5,248.55,1006.22,33451.0,8790.0,8790.0
864,223.590,248.540,223.73,248.35,1006.22,33053.0,8356.0,8356.0
865,223.590,248.540,223.56,248.57,1006.22,30260.0,6725.0,6725.0
866,223.590,248.540,223.53,248.53,1006.22,33771.0,9449.0,9449.0
867,223.590,248.540,223.56,248.57,1006.22,32372.0,7351.0,7351.0
868,223.590,248.540,223.47,248.46,1006.22,33894.0,9332.0,9332.0
869,223.590,248.540,223.43,248.33,1006.22,33045.0,7688.0,7688.0
870,223.590,248.540,223.59,248.49,1006.22,32138.0,7285.0,7285.0
871,223.590,248.540,223.57,248.47,1006.22,33971.0,9801.0,9801.0
872,223.590,248.540,223.64,248.5,1006.22,33540.0,9341.0,9341.0
873,223.590,248.540,223.46,248.54,1006.22,34178.0,9454.0,9454.0
874,223.590,248.540,223.45,248.4,1006.22,36505.0,11027.0,11027.0
875,223.590,248.540,223.43,248.36,1006.22,37092.0,11654.0,11654.0
876,223.590,248.540,223.55,248.42,1006.22,35353.0,10328.0,10328.0
877,223.590,248.540,223.8,248.17,1006.22,36474.0,11716.0,11716.0
878,223.590,248.540,223.68,248.18,1006.22,37468.0,12777.0,12777.0
879,223.590,248.540,223.6,248.69,1006.22,32838.0,8933.0,8933.0
880,223.590,248.540,223.56,248.48,1006.22,39964.0,13988.0,13988.0
881,223.590,248.540,223.71,248.5,1006.22,38413.0,12911.0,12911.0
882,223.590,248.540,223.6,248.25,1006.22,36840.0,10959.0,10959.0
883,223.590,248.540,223.65,248.55,1006.22,39497.0,12793.0,12793.0
884,223.590,248.540,223.64,248.37,1006.22,37446.0,13519.0,13519.0
885,223.590,248.540,223.59,248.33,1006.22,34514.0,9737.0,9737.0
886,223.590,248.540,223.47,248.5,1006.22,37035.0,12558.0,12558.0
887,223.590,248.540,223.53,248.28,1006.22,34421.0,9495.0,9495.0
888,223.590,248.540,223.61,248.58,1006.22,35922.0,11014.0,11014.0
889,223.590,248.540,223.59,248.47,1006.22,32536.0,7853.0,7853.0
890,223.590,248.540,223.52,248.37,1006.22,38077.0,12530.0,12530.0
891,223.590,248.540,223.61,248.69,1006.22,36490.0,11293.0,11293.0
892,223.590,248.540,223.32,248.55,1006.22,34380.0,9203.0,9203.0
893,223.590,248.540,223.53,248.43,1006.22,34525.0,10376.0,10376.0
894,223.590,248.540,223.61,248.49,1006.22,33407.0,8745.0,8745.0
895,223.590,248.540,223.32,248.66,1006.22,30956.0,6222.0,6222.0
896,223.590,248.540,223.44,248.58,1006.22,32281.0,8548.0,8548.0
897,223.590,248.540,223.56,248.45,1006.22,33921.0,8429.0,8429.0
898,223.590,248.540,223.52,248.48,1006.22,31099.0,7095.0,7095.0
899,223.590,248.540,223.56,248.57,1006.22,32336.0,7055.0,7055.0
900,223.590,248.540,223.56,248.57,1006.22,32651.0,7700.0,7700.0
901,223.590,248.540,223.54,248.5,1006.22,34013.0,9504.0,9504.0
902,223.590,248.540,223.63,248.47,1006.22,35324.0,10561.0,10561.0
903,223.590,248.540,223.67,248.48,1006.22,31379.0,6667.0,6667.0
904,223.590,248.540,223.61,248.32,1006.22,31332.0,6425.0,6425.0
905,223.590,248.540,223.51,248.6,1006.22,31225.0,7750.0,7750.0
906,223.590,248.540,223.6,248.16,1006.22,34475.0,9341.0,9341.0
907,223.590,248.540,223.73,248.36,1006.22,33163.0,8286.0,8286.0
908,223.590,248.540,223.67,248.78,1006.22,32991.0,8502.0,8502.0
909,223.590,248.540,223.79,248.26,1006.22,33512.0,8975.0,8975.0
910,223.590,248.540,223.71,248.33,1006.22,35583.0,10009.0,10009.0
911,223.590,248.540,223.65,248.38,1006.22,37444.0,11957.0,11957.0
912,223.590,248.540,223.57,248.45,1006.22,36345.0,10736.0,10736.0
913,223.590,248.540,223.59,248.54,1006.22,35853.0,10445.0,10445.0
914,223.590,248.540,223.59,248.54,1006.22,30761.0,7061.0,7061.0
915,223.590,248.540,223.59,248.54,1006.22,29086.0,5173.0,5173.0
916,223.590,248.540,223.59,248.54,1006.22,30829.0,6297.0,6297.0
917,223.590,248.540,223.59,248.54,1006.22,28650.0,4307.0,4307.0
918,223.590,248.540,223.59,248.54,1006.22,29245.0,5332.0,5332.0
919,223.590,248.540,223.59,248.54,1006.22,28297.0,4543.0,4543.0
920,223.590,248.540,223.59,248.54,1006.22,33070.0,7975.0,7975.0
921,223.590,248.540,223.59,248.54,1006.22,32025.0,7639.0,7639.0
922,223.590,248.540,223.59,248.54,1006.22,33351.0,8677.0,8677.0
923,223.590,248.540,223.59,248.54,1006.22,34064.0,8854.0,8854.0
924,223.590,248.540,223.59,248.54,1006.22,31284.0,6466.0,6466.0
925,223.590,248.540,223.59,248.54,1006.22,33185.0,8718.0,8718.0
926,223.590,248.540,223.59,248.54,1006.22,32162.0,7866.0,7866.0
927,223.590,248.540,223.59,248.54,1006.22,33377.0,9268.0,9268.0
928,223.590,248.540,223.59,248.54,1006.22,32446.0,8124.0,8124.0
929,223.590,248.540,223.59,248.54,1006.22,33478.0,8343.0,8343.0
930,223.590,248.540,223.59,248.54,1006.22,30591.0,6304.0,6304.0
931,223.590,248.540,223.59,248.54,1006.22,36255.0,11380.0,11380.0
932,223.590,248.540,223.59,248.54,1006.22,36018.0,11110.0,11110.0
933,223.590,248.540,223.59,248.54,1006.22,34994.0,9957.0,9957.0
934,223.590,248.540,223.59,248.54,1006.22,32216.0,8348.0,8348.0
935,223.590,248.540,223.59,248.54,1006.22,34261.0,9691.0,9691.0
936,223.590,248.540,223.59,248.54,1006.22,34165.0,9352.0,9352.0
937,223.590,248.540,223.59,248.54,1006.22,33179.0,9384.0,9384.0
938,223.590,248.540,223.59,248.54,1006.22,32205.0,8274.0,8274.0
939,223.590,248.540,223.59,248.54,1006.22,33378.0,7880.0,7880.0
940,223.590,248.540,223.59,248.54,1006.22,34375.0,9448.0,9448.0
941,223.590,248.540,223.59,248.54,1006.22,34638.0,9558.0,9558.0
942,223.590,248.540,223.59,248.54,1006.22,34105.0,9603.0,9603.0
943,223.590,248.540,223.59,248.54,1006.22,35759.0,10643.0,10643.0
944,223.590,248.540,223.59,248.54,1006.22,37147.0,11703.0,11703.0
945,223.590,248.540,223.59,248.54,1006.22,35014.0,9900.0,9900.0
946,223.590,248.540,223.59,248.54,1006.22,33900.0,9028.0,9028.0
947,223.590,248.540,223.59,248.54,1006.22,33368.0,9166.0,9166.0
948,223.590,248.540,223.59,248.54,1006.22,32792.0,7543.0,7543.0
949,223.590,248.540,223.59,248.54,1006.22,31114.0,6407.0,6407.0
950,223.590,248.540,223.59,248.54,1006.22,28610.0,4551.0,4551.0
951,223.590,248.540,223.59,248.54,1006.22,29082.0,5188.0,5188.0
952,223.590,248.540,223.59,248.54,1006.22,28489.0,4168.0,4168.0
953,223.590,248.540,223.59,248.54,1006.22,28681.0,3960.0,3960.0
954,223.590,248.540,223.59,248.54,1006.22,30183.0,6821.0,6821.0
955,223.590,248.540,223.59,248.54,1006.22,30153.0,5309.0,5309.0
956,223.590,248.540,223.59,248.54,1006.22,27665.0,4070.0,4070.0
957,223.590,248.540,223.59,248.54,1006.22,28393.0,4369.0,4369.0
958,223.590,248.540,223.59,248.54,1006.22,29332.0,5367.0,5367.0
959,223.590,248.540,223.59,248.54,1006.22,30029.0,5369.0,5369.0
960,223.590,248.540,223.59,248.54,1006.22,30237.0,5536.0,5536.0
961,223.590,248.540,223.59,248.54,1006.22,29619.0,5151.0,5151.0
962,223.590,248.540,223.59,248.54,1006.22,33099.0,8189.0,8189.0
963,223.590,248.540,223.59,248.54,1006.22,29426.0,5380.0,5380.0
964,223.590,248.540,223.59,248.54,1006.22,32732.0,8016.0,8016.0
965,223.590,248.540,223.59,248.54,1006.22,27297.0,3332.0,3332.0
966,223.590,248.540,223.59,248.54,1006.22,31479.0,6839.0,6839.0
967,223.590,248.540,223.59,248.54,1006.22,29383.0,5097.0,5097.0
968,223.590,248.540,223.59,248.54,1006.22,31478.0,6648.0,6648.0
969,223.590,248.540,223.59,248.54,1006.22,30981.0,6033.0,6033.0
970,223.590,248.540,223.59,248.54,1006.22,28615.0,4605.0,4605.0
971,223.590,248.540,223.59,248.54,1006.22,32074.0,6858.0,6858.0
972,223.590,248.540,223.59,248.54,1006.22,31443.0,7186.0,7186.0
973,223.590,248.540,223.59,248.54,1006.22,31668.0,7540.0,7540.0
974,223.590,248.540,223.59,248.54,1006.22,32275.0,7832.0,7832.0
975,223.590,248.540,223.59,248.54,1006.22,30976.0,6766.0,6766.0
976,223.590,248.540,223.59,248.54,1006.22,28009.0,4277.0,4277.0
977,223.590,248.540,223.59,248.54,1006.22,25295.0,1395.0,1395.0
978,223.590,248.540,223.59,248.54,1006.22,26558.0,3140.0,3140.0
979,223.590,248.540,223.59,248.54,1006.22,27751.0,3292.0,3292.0
980,223.590,248.540,223.59,248.54,1006.22,25445.0,1620.0,1620.0
981,223.590,248.540,223.59,248.54,1006.22,28498.0,4321.0,4321.0
982,223.590,248.540,223.59,248.54,1006.22,31666.0,7226.0,7226.0
983,223.590,248.540,223.59,248.54,1006.22,29620.0,5547.0,5547.0
984,223.590,248.540,223.59,248.54,1006.22,30179.0,4938.0,4938.0
985,223.590,248.540,223.59,248.54,1006.22,31656.0,7513.0,7513.0
986,223.590,248.540,223.59,248.54,1006.22,28632.0,4727.0,4727.0
987,223.590,248.540,223.59,248.54,1006.22,31001.0,6359.0,6359.0
988,223.590,248.540,223.59,248.54,1006.22,30918.0,5857.0,5857.0
989,223.590,248.540,223.59,248.54,1006.22,28643.0,4619.0,4619.0
990,223.590,248.540,223.59,248.54,1006.22,30886.0,6265.0,6265.0
991,223.590,248.540,223.59,248.54,1006.22,30746.0,5472.0,5472.0
992,223.590,248.540,223.59,248.54,1006.22,26893.0,2734.0,2734.0
993,223.590,248.540,223.59,248.54,1006.22,28264.0,4349.0,4349.0
994,223.590,248.540,223.59,248.54,1006.22,28389.0,3722.0,3722.0
995,223.590,248.540,223.59,248.54,1006.22,31862.0,7193.0,7193.0
996,223.590,248.540,223.59,248.54,1006.22,26417.0,2540.0,2540.0
997,223.590,248.540,223.59,248.54,1006.22,27629.0,3495.0,3495.0
998,223.590,248.540,223.59,248.54,1006.22,28220.0,4034.0,4034.0
999,223.590,248.540,223.59,248.54,1006.22,30060.0,4836.0,4836.0
1000,223.590,248.540,223.59,248.54,1006.22,31086.0,7578.0,7578.0
1001,223.590,248.540,223.59,248.54,1006.22,31974.0,7379.0,7379.0
1002,223.590,248.540,223.59,248.54,1006.22,29529.0,4734.0,4734.0
1003,223.590,248.540,223.59,248.54,1006.22,31168.0,6751.0,6751.0
1004,223.590,248.540,223.59,248.54,1006.22,30799.0,6647.0,6647.0
1005,223.590,248.540,223.59,248.54,1006.22,31895.0,7957.0,7957.0
1006,223.590,248.540,223.59,248.54,1006.22,30970.0,5570.0,5570.0
1007,223.590,248.540,223.59,248.54,1006.22,29006.0,3997.0,3997.0
1008,223.590,248.540,223.59,248.54,1006.22,32945.0,7781.0,7781.0
1009,223.590,248.540,223.59,248.54,1006.22,28566.0,3865.0,3865.0
1010,223.590,248.540,223.59,248.54,1006.22,32567.0,7806.0,7806.0
1011,223.590,248.540,223.59,248.54,1006.22,33447.0,8779.0,8779.0
1012,223.590,248.540,223.59,248.54,1006.22,31417.0,6803.0,6803.0
1013,223.590,248.540,223.59,248.54,1006.22,30349.0,5669.0,5669.0
1014,223.590,248.540,223.59,248.54,1006.22,30006.0,5785.0,5785.0
1015,223.590,248.540,223.59,248.54,1006.22,30147.0,5522.0,5522.0
1016,223.590,248.540,223.59,248.54,1006.22,31336.0,6099.0,6099.0
1017,223.590,248.540,223.59,248.54,1006.22,33303.0,8566.0,8566.0
1018,223.590,248.540,223.59,248.54,1006.22,30173.0,5819.0,5819.0
1019,223.590,248.540,223.59,248.54,1006.22,28917.0,5060.0,5060.0
1020,223.590,248.540,223.59,248.54,1006.22,33190.0,8647.0,8647.0
1021,223.590,248.540,223.59,248.54,1006.22,35076.0,10144.0,10144.0
1022,223.590,248.540,223.59,248.54,1006.22,33116.0,7816.0,7816.0
1023,223.590,248.540,223.59,248.54,1006.22,33603.0,8050.0,8050.0
1024,223.590,248.540,223.59,248.54,1006.22,33600.0,8604.0,8604.0
1025,223.590,248.540,223.59,248.54,1006.22,32364.0,7748.0,7748.0
1026,223.590,248.540,223.59,248.54,1006.22,30664.0,6886.0,6886.0
1027,223.590,248.540,223.59,248.54,1006.22,32946.0,9049.0,9049.0
1028,223.590,248.540,223.59,248.54,1006.22,31685.0,7009.0,7009.0
1029,223.590,248.540,223.59,248.54,1006.22,31304.0,6580.0,6580.0
1030,223.590,248.540,223.59,248.54,1006.22,30235.0,5261.0,5261.0
1031,223.590,248.540,223.59,248.54,1006.22,32951.0,7503.0,7503.0
1032,223.590,248.540,223.59,248.54,1006.22,31653.0,7134.0,7134.0
1033,223.590,248.540,223.59,248.54,1006.22,29971.0,5119.0,5119.0
1034,223.590,248.540,223.59,248.54,1006.22,29893.0,5351.0,5351.0
1035,223.590,248.540,223.59,248.54,1006.22,31005.0,5821.0,5821.0
1036,223.590,248.540,223.59,248.54,1006.22,32952.0,8608.0,8608.0
1037,223.590,248.540,223.59,248.54,1006.22,31024.0,7030.0,7030.0
1038,223.590,248.540,223.59,248.54,1006.22,31384.0,6038.0,6038.0
1039,223.590,248.540,223.59,248.54,1006.22,33311.0,8413.0,8413.0
1040,223.590,248.540,223.59,248.54,1006.22,34341.0,9565.0,9565.0
1041,223.590,248.540,223.59,248.54,1006.22,31617.0,7208.0,7208.0
1042,223.590,248.540,223.59,248.54,1006.22,31514.0,6473.0,6473.0
1043,223.590,248.540,223.59,248.54,1006.22,31166.0,7380.0,7380.0
1044,223.590,248.540,223.59,248.54,1006.22,32678.0,8592.0,8592.0
1045,223.590,248.540,223.59,248.54,1006.22,35556.0,10806.0,10806.0
1046,223.590,248.540,223.59,248.54,1006.22,34068.0,9169.0,9169.0
1047,223.590,248.540,223.59,248.54,1006.22,32007.0,8029.0,8029.0
1048,223.590,248.540,223.59,248.54,1006.22,33537.0,7946.0,7946.0
1049,223.590,248.540,223.59,248.54,1006.22,32101.0,7656.0,7656.0
1050,223.590,248.540,223.59,248.54,1006.22,33290.0,8455.0,8455.0
1051,223.590,248.540,223.59,248.54,1006.22,33519.0,9120.0,9120.0
1052,223.590,248.540,223.59,248.54,1006.22,34780.0,10102.0,10102.0
1053,223.590,248.540,223.59,248.54,1006.22,32702.0,8102.0,8102.0
1054,223.590,248.540,223.59,248.54,1006.22,32207.0,7876.0,7876.0
1055,223.590,248.540,223.59,248.54,1006.22,33937.0,9293.0,9293.0
1056,223.590,248.540,223.59,248.54,1006.22,34127.0,8918.0,8918.0
1057,223.590,248.540,223.59,248.54,1006.22,32753.0,8212.0,8212.0
1058,223.590,248.540,223.59,248.54,1006.22,31857.0,7478.0,7478.0
1059,223.590,248.540,223.59,248.54,1006.22,32675.0,8223.0,8223.0
1060,223.590,248.540,223.59,248.54,1006.22,36273.0,11499.0,11499.0
1061,223.590,248.540,223.59,248.54,1006.22,37758.0,12413.0,12413.0
1062,223.590,248.540,223.59,248.54,1006.22,39292.0,13878.0,13878.0
1063,223.590,248.540,223.59,248.54,1006.22,36282.0,10098.0,10098.0
1064,223.590,248.540,223.59,248.54,1006.22,36326.0,10707.0,10707.0
1065,223.590,248.540,223.59,248.54,1006.22,36776.0,12125.0,12125.0
1066,223.590,248.540,223.59,248.54,1006.22,35561.0,9883.0,9883.0
1067,223.590,248.540,223.59,248.54,1006.22,32951.0,8123.0,8123.0
1068,223.590,248.540,223.59,248.54,1006.22,34943.0,10046.0,10046.0
1069,223.590,248.540,223.59,248.54,1006.22,34657.0,9498.0,9498.0
1070,223.590,248.540,223.59,248.54,1006.22,36208.0,10169.0,10169.0
1071,223.590,248.540,223.59,248.54,1006.22,35985.0,10861.0,10861.0
1072,223.590,248.540,223.59,248.54,1006.22,34249.0,9368.0,9368.0
1073,223.590,248.540,223.59,248.54,1006.22,38619.0,12841.0,12841.0
1074,223.590,248.540,223.59,248.54,1006.22,35416.0,11000.0,11000.0
1075,223.590,248.540,223.59,248.54,1006.22,37080.0,11726.0,11726.0
1076,223.590,248.540,223.59,248.54,1006.22,36541.0,12125.0,12125.0
1077,223.590,248.540,223.59,248.54,1006.22,32239.0,7743.0,7743.0
1078,223.590,248.540,223.59,248.54,1006.22,31120.0,7477.0,7477.0
1079,223.590,248.540,223.59,248.54,1006.22,33742.0,8398.0,8398.0
1080,223.590,248.540,223.59,248.54,1006.22,35810.0,11120.0,11120.0
1081,223.590,248.540,223.59,248.54,1006.22,37620.0,11466.0,11466.0
1082,223.590,248.540,223.59,248.54,1006.22,35839.0,11223.0,11223.0
1083,223.590,248.540,223.59,248.54,1006.22,37529.0,12687.0,12687.0
1084,223.590,248.540,223.59,248.54,1006.22,34697.0,9788.0,9788.0
1085,223.590,248.540,223.59,248.54,1006.22,36103.0,11455.0,11455.0
1086,223.590,248.540,223.59,248.54,1006.22,32207.0,8033.0,8033.0
1087,223.590,248.540,223.59,248.54,1006.22,33821.0,8019.0,8019.0
1088,223.590,248.540,223.59,248.54,1006.22,31221.0,7106.0,7106.0
1089,223.590,248.540,223.59,248.54,1006.22,33391.0,8498.0,8498.0
1090,223.590,248.540,223.59,248.54,1006.22,36422.0,10650.0,10650.0
1091,223.590,248.540,223.59,248.54,1006.22,33248.0,9030.0,9030.0
1092,223.590,248.540,223.59,248.54,1006.22,34789.0,10224.0,10224.0
1093,223.590,248.540,223.59,248.54,1006.22,34311.0,9300.0,9300.0
1094,223.590,248.540,223.59,248.54,1006.22,37271.0,11726.0,11726.0
1095,223.590,248.540,223.59,248.54,1006.22,36610.0,12049.0,12049.0
1096,223.590,248.540,223.59,248.54,1006.22,34981.0,9963.0,9963.0
1097,223.590,248.540,223.59,248.54,1006.22,34288.0,9552.0,9552.0
1098,223.590,248.540,223.59,248.54,1006.22,35942.0,10125.0,10125.0
1099,223.590,248.540,223.59,248.54,1006.22,35899.0,10319.0,10319.0
1100,223.590,248.540,223.59,248.54,1006.22,35624.0,10104.0,10104.0
1101,223.590,248.540,223.59,248.54,1006.22,39034.0,14186.0,14186.0
1102,223.590,248.540,223.59,248.54,1006.22,34471.0,9351.0,9351.0
1103,223.590,248.540,223.59,248.54,1006.22,35792.0,10246.0,10246.0
1104,223.590,248.540,223.59,248.54,1006.22,39423.0,13017.0,13017.0
1105,223.590,248.540,223.59,248.54,1006.22,38176.0,12619.0,12619.0
1106,223.590,248.540,223.59,248.54,1006.22,36782.0,11693.0,11693.0
1107,223.590,248.540,223.59,248.54,1006.22,39249.0,13671.0,13671.0
1108,223.590,248.540,223.59,248.54,1006.22,39966.0,13668.0,13668.0
1109,223.590,248.540,223.59,248.54,1006.22,39105.0,12837.0,12837.0
1110,223.590,248.540,223.59,248.54,1006.22,43555.0,17811.0,17811.0
1111,223.590,248.540,223.59,248.54,1006.22,39215.0,14047.0,14047.0
1112,223.590,248.540,223.59,248.54,1006.22,40235.0,14296.0,14296.0
1113,223.590,248.540,223.59,248.54,1006.22,38663.0,12719.0,12719.0
1114,223.590,248.540,223.59,248.54,1006.22,38277.0,13535.0,13535.0
1115,223.590,248.540,223.59,248.54,1006.22,40723.0,15189.0,15189.0
1116,223.590,248.540,223.59,248.54,1006.22,41589.0,15730.0,15730.0
1117,223.590,248.540,223.59,248.54,1006.22,41017.0,16022.0,16022.0
1118,223.590,248.540,223.59,248.54,1006.22,39527.0,13831.0,13831.0
1119,223.590,248.540,223.59,248.54,1006.22,39960.0,13570.0,13570.0
1120,223.590,248.540,223.59,248.54,1006.22,41685.0,15852.0,15852.0
1121,223.590,248.540,223.59,248.54,1006.22,40168.0,14330.0,14330.0
1122,223.590,248.540,223.59,248.54,1006.22,41043.0,14544.0,14544.0
1123,223.590,248.540,223.59,248.54,1006.22,37936.0,12877.0,12877.0
1124,223.590,248.540,223.59,248.54,1006.22,40393.0,14794.0,14794.0
1125,223.590,248.540,223.59,248.54,1006.22,43190.0,17211.0,17211.0
1126,223.590,248.540,223.59,248.54,1006.22,37867.0,11492.0,11492.0
1127,223.590,248.540,223.59,248.54,1006.22,40205.0,14603.0,14603.0
1128,223.590,248.540,223.59,248.54,1006.22,39947.0,14894.0,14894.0
1129,223.590,248.540,223.59,248.54,1006.22,38602.0,12708.0,12708.0
1130,223.590,248.540,223.59,248.54,1006.22,39645.0,13721.0,13721.0
1131,223.590,248.540,223.59,248.54,1006.22,38263.0,13524.0,13524.0
1132,223.590,248.540,223.59,248.54,1006.22,38881.0,13155.0,13155.0
1133,223.590,248.540,223.59,248.54,1006.22,39986.0,14412.0,14412.0
1134,223.590,248.540,223.59,248.54,1006.22,40136.0,14596.0,14596.0
1135,223.590,248.540,223.59,248.54,1006.22,41780.0,15335.0,15335.0
1136,223.590,248.540,223.59,248.54,1006.22,39124.0,14022.0,14022.0
1137,223.590,248.540,223.59,248.54,1006.22,40410.0,14177.0,14177.0
1138,223.590,248.540,223.59,248.54,1006.22,41449.0,16117.0,16117.0
1139,223.590,248.540,223.59,248.54,1006.22,42287.0,15842.0,15842.0
1140,223.590,248.540,223.59,248.54,1006.22,42851.0,17516.0,17516.0
1141,223.590,248.540,223.59,248.54,1006.22,40586.0,14656.0,14656.0
1142,223.590,248.540,223.59,248.54,1006.22,40128.0,14769.0,14769.0
1143,223.590,248.540,223.59,248.54,1006.22,41126.0,14609.0,14609.0
1144,223.590,248.540,223.59,248.54,1006.22,41936.0,15826.0,15826.0
1145,223.590,248.540,223.59,248.54,1006.22,44851.0,18208.0,18208.0
1146,223.590,248.540,223.59,248.54,1006.22,43134.0,17424.0,17424.0
1147,223.590,248.540,223.59,248.54,1006.22,41896.0,15508.0,15508.0
1148,223.590,248.540,223.59,248.54,1006.22,46096.0,19778.0,19778.0
1149,223.590,248.540,223.59,248.54,1006.22,40661.0,14920.0,14920.0
1150,223.590,248.540,223.59,248.54,1006.22,37971.0,12455.0,12455.0
1151,223.590,248.540,223.59,248.54,1006.22,36233.0,11299.0,11299.0
1152,223.590,248.540,223.59,248.54,1006.22,38512.0,12454.0,12454.0
1153,223.590,248.540,223.59,248.54,1006.22,37288.0,12256.0,12256.0
