id,avg_x,avg_y,x,y,bg,Square_intensity,circular_intensity,Gaussian_intensity
189,30.960,136.940,30.88,137.33,987.4,28279.0,652.0,652.0
190,30.960,136.940,30.88,137.33,987.4,36048.0,7922.0,7922.0
191,30.960,136.940,30.88,137.33,987.4,38570.0,10590.0,10590.0
192,30.960,136.940,30.88,137.33,987.4,38691.0,9266.0,9266.0
193,30.960,136.940,30.88,137.33,987.4,39263.0,10216.0,10216.0
194,30.960,136.940,30.88,137.33,987.4,41179.0,12299.0,12299.0
195,30.960,136.940,30.88,137.33,987.4,37284.0,10168.0,10168.0
196,30.960,136.940,30.88,137.33,987.4,40401.0,10912.0,10912.0
197,30.960,136.940,30.88,137.33,987.4,41107.0,12900.0,12900.0
198,30.960,136.940,30.88,137.33,987.4,39582.0,10552.0,10552.0
199,30.960,136.940,30.88,137.33,987.4,38607.0,10135.0,10135.0
200,30.960,136.940,30.88,137.33,987.4,42000.0,12105.0,12105.0
201,30.960,136.940,30.88,137.33,987.4,38828.0,10628.0,10628.0
202,30.960,136.940,30.88,137.33,987.4,40520.0,10968.0,10968.0
203,30.960,136.940,30.88,137.33,987.4,40530.0,12212.0,12212.0
204,30.960,136.940,30.88,137.33,987.4,42161.0,12645.0,12645.0
205,30.960,136.940,30.88,137.33,987.4,41325.0,12394.0,12394.0
206,30.960,136.940,30.88,137.33,987.4,38508.0,9700.0,9700.0
207,30.960,136.940,30.88,137.33,987.4,39942.0,11815.0,11815.0
208,30.960,136.940,30.88,137.33,987.4,39022.0,10563.0,10563.0
209,30.960,136.940,30.88,137.33,987.4,38398.0,9412.0,9412.0
210,30.960,136.940,30.88,137.33,987.4,39146.0,10480.0,10480.0
211,30.960,136.940,30.88,137.33,987.4,37979.0,8374.0,8374.0
212,30.960,136.940,30.88,137.33,987.4,41590.0,13387.0,13387.0
213,30.960,136.940,30.88,137.33,987.4,38311.0,9710.0,9710.0
214,30.960,136.940,30.88,137.33,987.4,40737.0,11707.0,11707.0
215,30.960,136.940,30.88,137.33,987.4,40102.0,10377.0,10377.0
216,30.960,136.940,30.88,137.33,987.4,39772.0,10579.0,10579.0
217,30.960,136.940,30.88,137.33,987.4,39677.0,11186.0,11186.0
218,30.960,136.940,30.88,137.33,987.4,40592.0,10673.0,10673.0
219,30.960,136.940,30.88,137.33,987.4,37267.0,9277.0,9277.0
220,30.960,136.940,30.88,137.33,987.4,39686.0,11125.0,11125.0
221,30.960,136.940,30.88,137.33,987.4,41813.0,13681.0,13681.0
222,30.960,136.940,30.88,137.33,987.4,36594.0,8752.0,8752.0
223,30.960,136.940,30.88,137.33,987.4,39625.0,11073.0,11073.0
224,30.960,136.940,30.88,137.33,987.4,38795.0,9401.0,9401.0
225,30.960,136.940,30.88,137.33,987.4,36706.0,9557.0,9557.0
226,30.960,136.940,30.88,137.33,987.4,40685.0,13368.0,13368.0
227,30.960,136.940,30.88,137.33,987.4,39766.0,10823.0,10823.0
228,30.960,136.940,30.88,137.33,987.4,39811.0,11207.0,11207.0
229,30.960,136.940,30.88,137.33,987.4,40603.0,11763.0,11763.0
230,30.960,136.940,30.88,137.33,987.4,34115.0,6669.0,6669.0
231,30.960,136.940,30.88,137.33,987.4,38460.0,10360.0,10360.0
232,30.960,136.940,30.88,137.33,987.4,39425.0,10940.0,10940.0
233,30.960,136.940,30.88,137.33,987.4,39694.0,10942.0,10942.0
234,30.960,136.940,30.88,137.33,987.4,39032.0,10814.0,10814.0
235,30.960,136.940,30.88,137.33,987.4,38872.0,10985.0,10985.0
236,30.960,136.940,30.88,137.33,987.4,39533.0,11125.0,11125.0
237,30.960,136.940,30.88,137.33,987.4,37867.0,10111.0,10111.0
238,30.960,136.940,30.88,137.33,987.4,37286.0,8366.0,8366.0
239,30.960,136.940,30.88,137.33,987.4,39959.0,11642.0,11642.0
240,30.960,136.940,30.88,137.33,987.4,37355.0,9092.0,9092.0
241,30.960,136.940,30.88,137.33,987.4,38887.0,10041.0,10041.0
242,30.960,136.940,30.88,137.33,987.4,37349.0,9691.0,9691.0
243,30.960,136.940,30.88,137.33,987.4,39839.0,11173.0,11173.0
244,30.960,136.940,30.88,137.33,987.4,39135.0,11977.0,11977.0
245,30.960,136.940,30.88,137.33,987.4,37362.0,9103.0,9103.0
246,30.960,136.940,30.88,137.33,987.4,39703.0,11520.0,11520.0
247,30.960,136.940,30.88,137.33,987.4,39676.0,11516.0,11516.0
248,30.960,136.940,30.88,137.33,987.4,39004.0,11097.0,11097.0
249,30.960,136.940,30.88,137.33,987.4,39788.0,11673.0,11673.0
250,30.960,136.940,30.88,137.33,987.4,39471.0,10011.0,10011.0
251,30.960,136.940,30.88,137.33,987.4,36967.0,8894.0,8894.0
252,30.960,136.940,30.88,137.33,987.4,39437.0,10574.0,10574.0
253,30.960,136.940,30.88,137.33,987.4,37984.0,10342.0,10342.0
254,30.960,136.940,30.88,137.33,987.4,41282.0,12759.0,12759.0
255,30.960,136.940,30.88,137.33,987.4,39433.0,11780.0,11780.0
256,30.960,136.940,30.88,137.33,987.4,37124.0,9300.0,9300.0
257,30.960,136.940,30.88,137.33,987.4,40801.0,12631.0,12631.0
258,30.960,136.940,30.88,137.33,987.4,39931.0,11544.0,11544.0
259,30.960,136.940,30.88,137.33,987.4,38135.0,10086.0,10086.0
260,30.960,136.940,30.88,137.33,987.4,39326.0,11040.0,11040.0
261,30.960,136.940,30.88,137.33,987.4,38820.0,10086.0,10086.0
262,30.960,136.940,30.88,137.33,987.4,40530.0,12206.0,12206.0
263,30.960,136.940,30.88,137.33,987.4,39228.0,10839.0,10839.0
264,30.960,136.940,30.88,137.33,987.4,40349.0,13320.0,13320.0
265,30.960,136.940,30.88,137.33,987.4,39502.0,11535.0,11535.0
266,30.960,136.940,30.88,137.33,987.4,40494.0,12193.0,12193.0
267,30.960,136.940,30.88,137.33,987.4,39261.0,10498.0,10498.0
268,30.960,136.940,30.88,137.33,987.4,37459.0,9931.0,9931.0
269,30.960,136.940,30.88,137.33,987.4,38064.0,10298.0,10298.0
270,30.960,136.940,30.88,137.33,987.4,39823.0,11276.0,11276.0
271,30.960,136.940,30.88,137.33,987.4,41065.0,13208.0,13208.0
272,30.960,136.940,30.88,137.33,987.4,37794.0,10005.0,10005.0
273,30.960,136.940,30.88,137.33,987.4,36876.0,9465.0,9465.0
274,30.960,136.940,30.88,137.33,987.4,40055.0,10771.0,10771.0
275,30.960,136.940,30.88,137.33,987.4,35196.0,7637.0,7637.0
276,30.960,136.940,30.88,137.33,987.4,37112.0,9198.0,9198.0
277,30.960,136.940,30.88,137.33,987.4,40964.0,13223.0,13223.0
278,30.960,136.940,30.88,137.33,987.4,38996.0,10876.0,10876.0
279,30.960,136.940,30.88,137.33,987.4,40087.0,11270.0,11270.0
280,30.960,136.940,30.88,137.33,987.4,41267.0,12561.0,12561.0
281,30.960,136.940,30.88,137.33,987.4,39639.0,12347.0,12347.0
282,30.960,136.940,30.88,137.33,987.4,39330.0,10807.0,10807.0
283,30.960,136.940,30.88,137.33,987.4,39145.0,10137.0,10137.0
284,30.960,136.940,30.88,137.33,987.4,37375.0,10679.0,10679.0
285,30.960,136.940,30.88,137.33,987.4,38356.0,10392.0,10392.0
286,30.960,136.940,30.88,137.33,987.4,39133.0,10981.0,10981.0
287,30.960,136.940,30.88,137.33,987.4,37863.0,9737.0,9737.0
288,30.960,136.940,30.88,137.33,987.4,36691.0,9070.0,9070.0
289,30.960,136.940,30.88,137.33,987.4,37966.0,10239.0,10239.0
290,30.960,136.940,30.88,137.33,987.4,40683.0,12341.0,12341.0
291,30.960,136.940,30.88,137.33,987.4,39960.0,11945.0,11945.0
292,30.960,136.940,30.88,137.33,987.4,38675.0,11070.0,11070.0
293,30.960,136.940,30.88,137.33,987.4,39659.0,11224.0,11224.0
294,30.960,136.940,30.88,137.33,987.4,35795.0,8675.0,8675.0
295,30.960,136.940,30.88,137.33,987.4,37806.0,10569.0,10569.0
296,30.960,136.940,30.88,137.33,987.4,38587.0,10593.0,10593.0
297,30.960,136.940,30.88,137.33,987.4,39190.0,11676.0,11676.0
298,30.960,136.940,30.88,137.33,987.4,37771.0,9911.0,9911.0
299,30.960,136.940,30.88,137.33,987.4,37711.0,11041.0,11041.0
300,30.960,136.940,30.88,137.33,987.4,38524.0,10513.0,10513.0
301,30.960,136.940,30.88,137.33,987.4,39844.0,11725.0,11725.0
302,30.960,136.940,30.88,137.33,987.4,39697.0,10802.0,10802.0
303,30.960,136.940,30.88,137.33,987.4,37366.0,10508.0,10508.0
304,30.960,136.940,30.88,137.33,987.4,38691.0,10476.0,10476.0
305,30.960,136.940,30.88,137.33,987.4,38279.0,10197.0,10197.0
306,30.960,136.940,30.88,137.33,987.4,39520.0,12479.0,12479.0
307,30.960,136.940,30.88,137.33,987.4,39537.0,10861.0,10861.0
308,30.960,136.940,30.88,137.33,987.4,40202.0,11549.0,11549.0
309,30.960,136.940,30.88,137.33,987.4,40105.0,11315.0,11315.0
310,30.960,136.940,30.88,137.33,987.4,38388.0,11404.0,11404.0
311,30.960,136.940,30.88,137.33,987.4,35667.0,8435.0,8435.0
312,30.960,136.940,30.88,137.33,987.4,39170.0,10751.0,10751.0
313,30.960,136.940,30.88,137.33,987.4,39315.0,11326.0,11326.0
314,30.960,136.940,30.88,137.33,987.4,38796.0,11357.0,11357.0
315,30.960,136.940,30.88,137.33,987.4,36290.0,9081.0,9081.0
316,30.960,136.940,30.88,137.33,987.4,40074.0,11755.0,11755.0
317,30.960,136.940,30.88,137.33,987.4,39990.0,11340.0,11340.0
318,30.960,136.940,30.88,137.33,987.4,38582.0,10828.0,10828.0
319,30.960,136.940,30.88,137.33,987.4,37781.0,9661.0,9661.0
320,30.960,136.940,30.88,137.33,987.4,38469.0,10193.0,10193.0
321,30.960,136.940,30.88,137.33,987.4,37151.0,10806.0,10806.0
322,30.960,136.940,30.88,137.33,987.4,38837.0,10046.0,10046.0
323,30.960,136.940,30.88,137.33,987.4,40009.0,12975.0,12975.0
324,30.960,136.940,30.88,137.33,987.4,39902.0,11767.0,11767.0
325,30.960,136.940,30.88,137.33,987.4,39146.0,9354.0,9354.0
326,30.960,136.940,30.88,137.33,987.4,36736.0,10192.0,10192.0
327,30.960,136.940,30.88,137.33,987.4,40409.0,11646.0,11646.0
328,30.960,136.940,30.88,137.33,987.4,37031.0,10123.0,10123.0
329,30.960,136.940,30.88,137.33,987.4,37956.0,10395.0,10395.0
330,30.960,136.940,30.88,137.33,987.4,37750.0,10008.0,10008.0
331,30.960,136.940,30.88,137.33,987.4,38843.0,10269.0,10269.0
332,30.960,136.940,30.88,137.33,987.4,38794.0,10570.0,10570.0
333,30.960,136.940,30.88,137.33,987.4,37342.0,11144.0,11144.0
334,30.960,136.940,30.88,137.33,987.4,37538.0,9673.0,9673.0
335,30.960,136.940,30.88,137.33,987.4,39328.0,11503.0,11503.0
336,30.960,136.940,30.88,137.33,987.4,38767.0,11186.0,11186.0
337,30.960,136.940,30.88,137.33,987.4,38613.0,10499.0,10499.0
338,30.960,136.940,30.88,137.33,987.4,37297.0,10321.0,10321.0
339,30.960,136.940,30.88,137.33,987.4,38832.0,10323.0,10323.0
340,30.960,136.940,30.88,137.33,987.4,38987.0,12047.0,12047.0
341,30.960,136.940,30.88,137.33,987.4,38125.0,10056.0,10056.0
342,30.960,136.940,30.88,137.33,987.4,38474.0,11169.0,11169.0
343,30.960,136.940,30.88,137.33,987.4,39923.0,11961.0,11961.0
344,30.960,136.940,30.88,137.33,987.4,28259.0,1633.0,1633.0
345,30.960,136.940,30.88,137.33,987.4,28519.0,2837.0,2837.0
346,30.960,136.940,30.88,137.33,987.4,29025.0,2775.0,2775.0
347,30.960,136.940,30.88,137.33,987.4,28290.0,1854.0,1854.0
348,30.960,136.940,30.88,137.33,987.4,27431.0,1489.0,1489.0
349,30.960,136.940,30.88,137.33,987.4,28472.0,2451.0,2451.0
350,30.960,136.940,30.88,137.33,987.4,27358.0,1805.0,1805.0
351,30.960,136.940,30.88,137.33,987.4,28949.0,2891.0,2891.0
352,30.960,136.940,30.88,137.33,987.4,27689.0,2283.0,2283.0
353,30.960,136.940,30.88,137.33,987.4,28217.0,2736.0,2736.0
354,30.960,136.940,30.88,137.33,987.4,28847.0,2793.0,2793.0
355,30.960,136.940,30.88,137.33,987.4,27416.0,2010.0,2010.0
356,30.960,136.940,30.88,137.33,987.4,29999.0,4477.0,4477.0
357,30.960,136.940,30.88,137.33,987.4,26455.0,1250.0,1250.0
358,30.960,136.940,30.88,137.33,987.4,28541.0,2029.0,2029.0
359,30.960,136.940,30.88,137.33,987.4,27163.0,1903.0,1903.0
360,30.960,136.940,30.88,137.33,987.4,29109.0,2718.0,2718.0
361,30.960,136.940,30.88,137.33,987.4,29888.0,3680.0,3680.0
362,30.960,136.940,30.88,137.33,987.4,28366.0,2046.0,2046.0
363,30.960,136.940,30.88,137.33,987.4,29306.0,2438.0,2438.0
364,30.960,136.940,30.88,137.33,987.4,27581.0,1459.0,1459.0
365,30.960,136.940,30.88,137.33,987.4,27954.0,2068.0,2068.0
366,30.960,136.940,30.88,137.33,987.4,29830.0,3616.0,3616.0
367,30.960,136.940,30.88,137.33,987.4,30170.0,3403.0,3403.0
368,30.960,136.940,30.88,137.33,987.4,28916.0,2737.0,2737.0
369,30.960,136.940,30.88,137.33,987.4,27927.0,1604.0,1604.0
370,30.960,136.940,30.88,137.33,987.4,28926.0,3052.0,3052.0
371,30.960,136.940,30.88,137.33,987.4,27847.0,1445.0,1445.0
372,30.960,136.940,30.88,137.33,987.4,29374.0,2561.0,2561.0
373,30.960,136.940,30.88,137.33,987.4,27483.0,2080.0,2080.0
374,30.960,136.940,30.88,137.33,987.4,27137.0,1257.0,1257.0
375,30.960,136.940,30.88,137.33,987.4,30168.0,2521.0,2521.0
376,30.960,136.940,30.88,137.33,987.4,28331.0,2094.0,2094.0
377,30.960,136.940,30.88,137.33,987.4,28863.0,2782.0,2782.0
378,30.960,136.940,30.88,137.33,987.4,28288.0,1826.0,1826.0
379,30.960,136.940,30.88,137.33,987.4,30938.0,4294.0,4294.0
380,30.960,136.940,30.88,137.33,987.4,29932.0,3359.0,3359.0
381,30.960,136.940,30.88,137.33,987.4,28438.0,2593.0,2593.0
382,30.960,136.940,30.88,137.33,987.4,29097.0,2595.0,2595.0
383,30.960,136.940,30.88,137.33,987.4,28669.0,2091.0,2091.0
384,30.960,136.940,30.88,137.33,987.4,27843.0,681.0,681.0
385,30.960,136.940,30.88,137.33,987.4,29547.0,3395.0,3395.0
386,30.960,136.940,30.88,137.33,987.4,29729.0,3308.0,3308.0
387,30.960,136.940,30.88,137.33,987.4,29488.0,3598.0,3598.0
388,30.960,136.940,30.88,137.33,987.4,28326.0,1139.0,1139.0
389,30.960,136.940,30.88,137.33,987.4,42200.0,13483.0,13483.0
390,30.960,136.940,30.74,137.34,987.4,42668.0,13553.0,13553.0
391,30.960,136.940,31.01,137,987.4,42633.0,13990.0,13990.0
392,30.960,136.940,31.06,137.05,987.4,40419.0,12384.0,12384.0
393,30.960,136.940,30.97,137.23,987.4,41560.0,13362.0,13362.0
394,30.960,136.940,30.98,137.18,987.4,42195.0,14503.0,14503.0
395,30.960,136.940,30.8,137.11,987.4,42635.0,13670.0,13670.0
396,30.960,136.940,30.8,137.18,987.4,43713.0,14363.0,14363.0
397,30.960,136.940,30.78,136.98,987.4,41421.0,12542.0,12542.0
398,30.960,136.940,30.79,137.1,987.4,40950.0,13240.0,13240.0
399,30.960,136.940,30.95,137.3,987.4,39265.0,9567.0,9567.0
400,30.960,136.940,30.83,137.08,987.4,40216.0,11811.0,11811.0
401,30.960,136.940,30.86,137.37,987.4,41979.0,14289.0,14289.0
402,30.960,136.940,30.7,137.17,987.4,43308.0,15041.0,15041.0
403,30.960,136.940,30.84,137.37,987.4,43046.0,14340.0,14340.0
404,30.960,136.940,30.94,137.08,987.4,40894.0,11415.0,11415.0
405,30.960,136.940,30.75,137.37,987.4,39063.0,11509.0,11509.0
406,30.960,136.940,30.85,137.2,987.4,41054.0,13148.0,13148.0
407,30.960,136.940,30.79,137.23,987.4,39890.0,11585.0,11585.0
408,30.960,136.940,31.03,137.18,987.4,40338.0,12199.0,12199.0
409,30.960,136.940,30.82,137.03,987.4,39524.0,11436.0,11436.0
410,30.960,136.940,30.98,137.11,987.4,41561.0,12846.0,12846.0
411,30.960,136.940,30.82,136.97,987.4,41897.0,13574.0,13574.0
412,30.960,136.940,30.8,137.08,987.4,39069.0,10996.0,10996.0
413,30.960,136.940,30.7,137.16,987.4,41726.0,12617.0,12617.0
414,30.960,136.940,31.01,136.95,987.4,41626.0,12670.0,12670.0
415,30.960,136.940,30.71,137.33,987.4,39135.0,11805.0,11805.0
416,30.960,136.940,30.82,137,987.4,39203.0,12373.0,12373.0
417,30.960,136.940,31.14,137.07,987.4,39354.0,11891.0,11891.0
418,30.960,136.940,30.66,137.07,987.4,39500.0,11943.0,11943.0
419,30.960,136.940,30.88,137.3,987.4,41914.0,13525.0,13525.0
420,30.960,136.940,30.9,137.04,987.4,42905.0,14455.0,14455.0
421,30.960,136.940,30.78,137.1,987.4,40608.0,13002.0,13002.0
422,30.960,136.940,30.88,137.06,987.4,38555.0,11415.0,11415.0
423,30.960,136.940,30.69,137.19,987.4,41446.0,13563.0,13563.0
424,30.960,136.940,31.02,137.19,987.4,41828.0,13876.0,13876.0
425,30.960,136.940,30.62,137.21,987.4,41810.0,13561.0,13561.0
426,30.960,136.940,30.45,137.23,987.4,40654.0,12672.0,12672.0
427,30.960,136.940,30.68,137,987.4,38915.0,10665.0,10665.0
428,30.960,136.940,31.45,137.28,987.4,41580.0,12697.0,12697.0
429,30.960,136.940,30.84,137.19,987.4,39692.0,11345.0,11345.0
430,30.960,136.940,30.99,137.09,987.4,40801.0,12176.0,12176.0
431,30.960,136.940,30.89,137.16,987.4,39850.0,11330.0,11330.0
432,30.960,136.940,30.91,137.09,987.4,41595.0,13320.0,13320.0
433,30.960,136.940,30.69,137.14,987.4,41329.0,13798.0,13798.0
434,30.960,136.940,30.75,136.99,987.4,43378.0,14161.0,14161.0
435,30.960,136.940,30.99,137.16,987.4,41615.0,12548.0,12548.0
436,30.960,136.940,30.97,137.11,987.4,40324.0,12575.0,12575.0
437,30.960,136.940,31.07,137.12,987.4,39465.0,11693.0,11693.0
438,30.960,136.940,30.92,137,987.4,41170.0,12391.0,12391.0
439,30.960,136.940,30.81,137.15,987.4,42213.0,12843.0,12843.0
440,30.960,136.940,30.66,136.86,987.4,39241.0,11442.0,11442.0
441,30.960,136.940,30.99,137.09,987.4,41440.0,13405.0,13405.0
442,30.960,136.940,30.88,137.04,987.4,41648.0,12335.0,12335.0
443,30.960,136.940,30.85,136.8,987.4,38896.0,11251.0,11251.0
444,30.960,136.940,30.91,137.03,987.4,41027.0,13772.0,13772.0
445,30.960,136.940,31.37,136.91,987.4,41087.0,13474.0,13474.0
446,30.960,136.940,30.87,136.8,987.4,42953.0,15334.0,15334.0
447,30.960,136.940,30.85,137.17,987.4,42950.0,15165.0,15165.0
448,30.960,136.940,30.83,137.15,987.4,40306.0,11800.0,11800.0
449,30.960,136.940,30.74,136.73,987.4,39951.0,11751.0,11751.0
450,30.960,136.940,30.53,136.75,987.4,41970.0,14395.0,14395.0
451,30.960,136.940,30.77,137.24,987.4,40446.0,11857.0,11857.0
452,30.960,136.940,30.97,137.19,987.4,38190.0,10918.0,10918.0
453,30.960,136.940,30.79,137.32,987.4,40629.0,11915.0,11915.0
454,30.960,136.940,30.86,137.11,987.4,40501.0,13057.0,13057.0
455,30.960,136.940,30.88,137.01,987.4,40694.0,12310.0,12310.0
456,30.960,136.940,30.61,137.29,987.4,42319.0,13973.0,13973.0
457,30.960,136.940,30.95,137.04,987.4,41402.0,14112.0,14112.0
458,30.960,136.940,31.07,137.04,987.4,38289.0,11030.0,11030.0
459,30.960,136.940,30.79,137.14,987.4,39425.0,12618.0,12618.0
460,30.960,136.940,30.97,137.09,987.4,40918.0,12620.0,12620.0
461,30.960,136.940,30.97,137.21,987.4,40648.0,12009.0,12009.0
462,30.960,136.940,30.76,137.07,987.4,40152.0,11845.0,11845.0
463,30.960,136.940,30.92,137.05,987.4,39549.0,11561.0,11561.0
464,30.960,136.940,30.64,136.9,987.4,40942.0,12066.0,12066.0
465,30.960,136.940,30.96,137.21,987.4,41875.0,13472.0,13472.0
466,30.960,136.940,30.91,137.07,987.4,38995.0,10771.0,10771.0
467,30.960,136.940,30.72,137.21,987.4,42706.0,14468.0,14468.0
468,30.960,136.940,31,136.92,987.4,41943.0,12871.0,12871.0
469,30.960,136.940,30.54,137.06,987.4,39965.0,12265.0,12265.0
470,30.960,136.940,30.81,137.14,987.4,43684.0,15592.0,15592.0
471,30.960,136.940,30.88,137.02,987.4,41205.0,12929.0,12929.0
472,30.960,136.940,30.79,136.94,987.4,38868.0,10197.0,10197.0
473,30.960,136.940,30.9,136.96,987.4,42529.0,13315.0,13315.0
474,30.960,136.940,30.87,137.17,987.4,40971.0,12684.0,12684.0
475,30.960,136.940,31.09,137.3,987.4,41385.0,13420.0,13420.0
476,30.960,136.940,31.07,136.96,987.4,42521.0,13632.0,13632.0
477,30.960,136.940,30.79,137.06,987.4,39240.0,10892.0,10892.0
478,30.960,136.940,30.84,137.15,987.4,41654.0,14021.0,14021.0
479,30.960,136.940,30.76,137.06,987.4,41199.0,13363.0,13363.0
480,30.960,136.940,30.93,137.03,987.4,41070.0,12751.0,12751.0
481,30.960,136.940,30.82,137.23,987.4,40041.0,11817.0,11817.0
482,30.960,136.940,30.97,136.99,987.4,39586.0,11720.0,11720.0
483,30.960,136.940,30.88,137.26,987.4,39976.0,12088.0,12088.0
484,30.960,136.940,30.85,137.09,987.4,42844.0,14900.0,14900.0
485,30.960,136.940,30.62,137.35,987.4,41723.0,13440.0,13440.0
486,30.960,136.940,30.79,137.11,987.4,41821.0,14285.0,14285.0
487,30.960,136.940,30.88,136.94,987.4,38484.0,10835.0,10835.0
488,30.960,136.940,30.83,136.91,987.4,38252.0,11453.0,11453.0
489,30.960,136.940,30.8,136.97,987.4,40757.0,12436.0,12436.0
490,30.960,136.940,30.7,137.37,987.4,40367.0,13410.0,13410.0
491,30.960,136.940,30.82,137.03,987.4,39514.0,12083.0,12083.0
492,30.960,136.940,30.87,136.84,987.4,40381.0,12130.0,12130.0
493,30.960,136.940,31.07,137.19,987.4,41072.0,13570.0,13570.0
494,30.960,136.940,30.83,136.97,987.4,39253.0,11021.0,11021.0
495,30.960,136.940,31.32,136.99,987.4,40822.0,12035.0,12035.0
496,30.960,136.940,30.94,137.14,987.4,41146.0,11987.0,11987.0
497,30.960,136.940,30.98,136.54,987.4,40257.0,12222.0,12222.0
498,30.960,136.940,30.66,137.08,987.4,38009.0,10460.0,10460.0
499,30.960,136.940,30.8,137.03,987.4,42595.0,14985.0,14985.0
500,30.960,136.940,31.28,137.47,987.4,39647.0,11908.0,11908.0
501,30.960,136.940,30.69,137.39,987.4,40204.0,12997.0,12997.0
502,30.960,136.940,31.06,137.1,987.4,40594.0,12789.0,12789.0
503,30.960,136.940,30.95,137.04,987.4,43342.0,15252.0,15252.0
504,30.960,136.940,31,137.06,987.4,43170.0,15031.0,15031.0
505,30.960,136.940,30.7,137.18,987.4,41898.0,13783.0,13783.0
506,30.960,136.940,30.65,137.39,987.4,39693.0,12550.0,12550.0
507,30.960,136.940,30.98,137.09,987.4,38903.0,11577.0,11577.0
508,30.960,136.940,30.88,136.93,987.4,37993.0,11257.0,11257.0
509,30.960,136.940,30.85,136.92,987.4,41471.0,13439.0,13439.0
510,30.960,136.940,30.96,137.26,987.4,41061.0,13076.0,13076.0
511,30.960,136.940,30.92,136.95,987.4,40666.0,12216.0,12216.0
512,30.960,136.940,30.92,137.05,987.4,40400.0,12605.0,12605.0
513,30.960,136.940,30.93,137.08,987.4,43181.0,14359.0,14359.0
514,30.960,136.940,30.73,137.24,987.4,42151.0,14202.0,14202.0
515,30.960,136.940,30.85,137.02,987.4,40832.0,12768.0,12768.0
516,30.960,136.940,30.87,137.04,987.4,39187.0,11882.0,11882.0
517,30.960,136.940,31.01,137.2,987.4,40696.0,12824.0,12824.0
518,30.960,136.940,30.92,136.81,987.4,38717.0,10990.0,10990.0
519,30.960,136.940,30.89,137,987.4,38041.0,9958.0,9958.0
520,30.960,136.940,30.85,136.93,987.4,43127.0,13664.0,13664.0
521,30.960,136.940,31.02,137.19,987.4,39588.0,11689.0,11689.0
522,30.960,136.940,30.65,137.37,987.4,41883.0,13598.0,13598.0
523,30.960,136.940,30.58,136.99,987.4,39620.0,11127.0,11127.0
524,30.960,136.940,30.81,137.02,987.4,40395.0,13920.0,13920.0
525,30.960,136.940,30.86,137.05,987.4,43394.0,14661.0,14661.0
526,30.960,136.940,30.92,136.77,987.4,41400.0,13413.0,13413.0
527,30.960,136.940,30.88,136.94,987.4,43207.0,14020.0,14020.0
528,30.960,136.940,30.93,136.65,987.4,36369.0,8715.0,8715.0
529,30.960,136.940,30.75,137.05,987.4,40623.0,12738.0,12738.0
530,30.960,136.940,31.15,137.01,987.4,43276.0,14585.0,14585.0
531,30.960,136.940,30.89,137.1,987.4,40956.0,12385.0,12385.0
532,30.960,136.940,30.5,136.98,987.4,40327.0,12201.0,12201.0
533,30.960,136.940,30.73,136.88,987.4,39456.0,11942.0,11942.0
534,30.960,136.940,30.9,137.03,987.4,44312.0,14716.0,14716.0
535,30.960,136.940,30.88,136.96,987.4,40293.0,11531.0,11531.0
536,30.960,136.940,30.75,137.09,987.4,40576.0,13375.0,13375.0
537,30.960,136.940,30.95,137.15,987.4,40438.0,12433.0,12433.0
538,30.960,136.940,30.78,137.16,987.4,39516.0,11957.0,11957.0
539,30.960,136.940,30.9,137.08,987.4,39827.0,11511.0,11511.0
540,30.960,136.940,30.75,136.58,987.4,43101.0,14431.0,14431.0
541,30.960,136.940,30.9,136.95,987.4,40914.0,12585.0,12585.0
542,30.960,136.940,30.85,137.01,987.4,39265.0,12396.0,12396.0
543,30.960,136.940,30.81,137.24,987.4,40124.0,13024.0,13024.0
544,30.960,136.940,30.73,136.99,987.4,42193.0,12989.0,12989.0
545,30.960,136.940,30.92,136.99,987.4,38369.0,10957.0,10957.0
546,30.960,136.940,31,137.41,987.4,40021.0,12350.0,12350.0
547,30.960,136.940,30.8,137.12,987.4,39961.0,12389.0,12389.0
548,30.960,136.940,30.96,137.24,987.4,40225.0,12785.0,12785.0
549,30.960,136.940,30.83,137.12,987.4,40357.0,12303.0,12303.0
550,30.960,136.940,30.82,137.1,987.4,39136.0,11238.0,11238.0
551,30.960,136.940,30.77,136.99,987.4,42008.0,13387.0,13387.0
552,30.960,136.940,30.96,137.3,987.4,41367.0,13827.0,13827.0
553,30.960,136.940,30.79,137.06,987.4,37774.0,9607.0,9607.0
554,30.960,136.940,30.95,137.08,987.4,38547.0,11139.0,11139.0
555,30.960,136.940,30.89,137.12,987.4,40778.0,13038.0,13038.0
556,30.960,136.940,30.72,136.56,987.4,40924.0,13523.0,13523.0
557,30.960,136.940,30.6,136.63,987.4,42416.0,14902.0,14902.0
558,30.960,136.940,30.81,136.97,987.4,40973.0,12819.0,12819.0
559,30.960,136.940,30.84,137.02,987.4,38920.0,11137.0,11137.0
560,30.960,136.940,30.68,137.19,987.4,41691.0,14927.0,14927.0
561,30.960,136.940,30.67,137.18,987.4,39444.0,11778.0,11778.0
562,30.960,136.940,30.96,137.14,987.4,40726.0,12204.0,12204.0
563,30.960,136.940,30.65,137.43,987.4,39069.0,11598.0,11598.0
564,30.960,136.940,30.88,137.36,987.4,36276.0,8717.0,8717.0
565,30.960,136.940,30.99,137.01,987.4,37268.0,9453.0,9453.0
566,30.960,136.940,30.93,136.97,987.4,37657.0,10101.0,10101.0
567,30.960,136.940,30.76,136.96,987.4,38943.0,11123.0,11123.0
568,30.960,136.940,30.65,137.02,987.4,39140.0,11983.0,11983.0
569,30.960,136.940,31.1,137.05,987.4,36538.0,9562.0,9562.0
570,30.960,136.940,31.06,137.1,987.4,36826.0,9581.0,9581.0
571,30.960,136.940,31.04,137.09,987.4,40541.0,11889.0,11889.0
572,30.960,136.940,30.53,137.07,987.4,38257.0,10021.0,10021.0
573,30.960,136.940,30.68,136.78,987.4,38289.0,11638.0,11638.0
574,30.960,136.940,31.52,136.68,987.4,37684.0,9756.0,9756.0
575,30.960,136.940,30.94,137.08,987.4,36899.0,9960.0,9960.0
576,30.960,136.940,31.24,137.16,987.4,37977.0,11220.0,11220.0
577,30.960,136.940,30.65,136.87,987.4,38696.0,10932.0,10932.0
578,30.960,136.940,30.99,137.2,987.4,34823.0,7546.0,7546.0
579,30.960,136.940,31,137.07,987.4,37350.0,9184.0,9184.0
580,30.960,136.940,31.23,136.73,987.4,37109.0,10338.0,10338.0
581,30.960,136.940,30.94,137.39,987.4,37221.0,9953.0,9953.0
582,30.960,136.940,30.84,137.01,987.4,37439.0,9331.0,9331.0
583,30.960,136.940,30.99,136.85,987.4,35818.0,8844.0,8844.0
584,30.960,136.940,30.68,137.43,987.4,38320.0,11465.0,11465.0
585,30.960,136.940,30.81,137.07,987.4,36432.0,9928.0,9928.0
586,30.960,136.940,30.7,137.12,987.4,36669.0,10248.0,10248.0
587,30.960,136.940,30.62,136.63,987.4,37349.0,10289.0,10289.0
588,30.960,136.940,30.7,137.27,987.4,37497.0,9809.0,9809.0
589,30.960,136.940,30.78,137.13,987.4,41090.0,13650.0,13650.0
590,30.960,136.940,30.83,136.94,987.4,35093.0,8747.0,8747.0
591,30.960,136.940,30.92,137.2,987.4,38634.0,12030.0,12030.0
592,30.960,136.940,30.55,137.22,987.4,38084.0,10609.0,10609.0
593,30.960,136.940,30.67,137.44,987.4,38418.0,11382.0,11382.0
594,30.960,136.940,31.34,136.68,987.4,36791.0,9409.0,9409.0
595,30.960,136.940,30.97,137.13,987.4,35265.0,7941.0,7941.0
596,30.960,136.940,30.94,136.99,987.4,37297.0,9964.0,9964.0
597,30.960,136.940,30.98,137.19,987.4,38937.0,11647.0,11647.0
598,30.960,136.940,31.01,137.01,987.4,35842.0,8619.0,8619.0
599,30.960,136.940,30.9,137.13,987.4,36067.0,8338.0,8338.0
600,30.960,136.940,30.98,137.05,987.4,37142.0,10598.0,10598.0
601,30.960,136.940,30.91,137.03,987.4,35140.0,7850.0,7850.0
602,30.960,136.940,31.02,136.65,987.4,39961.0,11978.0,11978.0
603,30.960,136.940,30.92,137.1,987.4,40524.0,11786.0,11786.0
604,30.960,136.940,30.67,136.56,987.4,37358.0,10177.0,10177.0
605,30.960,136.940,31.2,137.44,987.4,38534.0,10186.0,10186.0
606,30.960,136.940,30.59,136.63,987.4,38575.0,10923.0,10923.0
607,30.960,136.940,30.78,137.1,987.4,38074.0,10082.0,10082.0
608,30.960,136.940,31.06,136.69,987.4,34721.0,8223.0,8223.0
609,30.960,136.940,30.86,136.97,987.4,37938.0,10802.0,10802.0
610,30.960,136.940,31.05,136.99,987.4,35258.0,8407.0,8407.0
611,30.960,136.940,30.61,136.73,987.4,37342.0,10711.0,10711.0
612,30.960,136.940,30.97,136.75,987.4,36954.0,9679.0,9679.0
613,30.960,136.940,30.57,137.02,987.4,38969.0,10770.0,10770.0
614,30.960,136.940,31.08,137.02,987.4,35829.0,9033.0,9033.0
615,30.960,136.940,31.1,136.98,987.4,37798.0,10508.0,10508.0
616,30.960,136.940,30.67,137.01,987.4,37976.0,10003.0,10003.0
617,30.960,136.940,30.79,137.07,987.4,37852.0,10315.0,10315.0
618,30.960,136.940,30.97,137.12,987.4,36403.0,8871.0,8871.0
619,30.960,136.940,30.73,137.04,987.4,39034.0,12099.0,12099.0
620,30.960,136.940,30.97,137.11,987.4,35873.0,9256.0,9256.0
621,30.960,136.940,30.92,136.81,987.4,39481.0,10230.0,10230.0
622,30.960,136.940,31.13,137.41,987.4,38759.0,10883.0,10883.0
623,30.960,136.940,30.89,136.96,987.4,34584.0,8244.0,8244.0
624,30.960,136.940,30.9,136.86,987.4,38437.0,11398.0,11398.0
625,30.960,136.940,30.98,137.42,987.4,40753.0,12849.0,12849.0
626,30.960,136.940,30.84,137.07,987.4,37420.0,10339.0,10339.0
627,30.960,136.940,30.87,136.9,987.4,37421.0,10090.0,10090.0
628,30.960,136.940,30.77,136.94,987.4,37628.0,10424.0,10424.0
629,30.960,136.940,30.67,137.46,987.4,36073.0,9102.0,9102.0
630,30.960,136.940,30.94,137.03,987.4,37394.0,10848.0,10848.0
631,30.960,136.940,31,137.02,987.4,37787.0,8877.0,8877.0
632,30.960,136.940,30.62,137.08,987.4,38449.0,11777.0,11777.0
633,30.960,136.940,31.35,137.47,987.4,37070.0,9208.0,9208.0
634,30.960,136.940,31,137.15,987.4,38565.0,10756.0,10756.0
635,30.960,136.940,31.06,137.01,987.4,36427.0,9103.0,9103.0
636,30.960,136.940,30.98,136.93,987.4,40619.0,12258.0,12258.0
637,30.960,136.940,31.16,136.86,987.4,36684.0,9350.0,9350.0
638,30.960,136.940,30.73,137.01,987.4,38356.0,11635.0,11635.0
639,30.960,136.940,31.08,137.06,987.4,37469.0,8469.0,8469.0
640,30.960,136.940,30.92,137.14,987.4,37410.0,10186.0,10186.0
641,30.960,136.940,30.86,136.97,987.4,38225.0,10995.0,10995.0
642,30.960,136.940,31.02,136.95,987.4,38957.0,10974.0,10974.0
643,30.960,136.940,30.88,136.94,987.4,38257.0,11451.0,11451.0
644,30.960,136.940,30.88,136.91,987.4,38507.0,11103.0,11103.0
645,30.960,136.940,30.93,136.93,987.4,37880.0,9565.0,9565.0
646,30.960,136.940,31.04,136.67,987.4,36575.0,9818.0,9818.0
647,30.960,136.940,30.92,137.03,987.4,37710.0,10520.0,10520.0
648,30.960,136.940,30.48,136.74,987.4,37832.0,10146.0,10146.0
649,30.960,136.940,31,137.12,987.4,36758.0,10639.0,10639.0
650,30.960,136.940,30.78,136.84,987.4,36365.0,11115.0,11115.0
651,30.960,136.940,31.03,137.15,987.4,38040.0,11084.0,11084.0
652,30.960,136.940,30.95,136.89,987.4,38037.0,10012.0,10012.0
653,30.960,136.940,31.19,137.41,987.4,37153.0,10437.0,10437.0
654,30.960,136.940,31.04,136.99,987.4,38636.0,11281.0,11281.0
655,30.960,136.940,30.55,137.18,987.4,36902.0,10620.0,10620.0
656,30.960,136.940,31.06,137.05,987.4,39319.0,11559.0,11559.0
657,30.960,136.940,30.98,137.1,987.4,37644.0,9546.0,9546.0
658,30.960,136.940,31,136.88,987.4,39270.0,10558.0,10558.0
659,30.960,136.940,31.01,137.08,987.4,35654.0,8151.0,8151.0
660,30.960,136.940,30.82,136.9,987.4,37237.0,9424.0,9424.0
661,30.960,136.940,30.58,136.96,987.4,36830.0,10494.0,10494.0
662,30.960,136.940,31.04,136.95,987.4,37251.0,9430.0,9430.0
663,30.960,136.940,31.1,137.06,987.4,39089.0,11538.0,11538.0
664,30.960,136.940,30.91,137.1,987.4,40749.0,11957.0,11957.0
665,30.960,136.940,31.09,136.98,987.4,37132.0,9489.0,9489.0
666,30.960,136.940,30.7,136.54,987.4,36561.0,9467.0,9467.0
667,30.960,136.940,31.32,137.44,987.4,36680.0,8988.0,8988.0
668,30.960,136.940,31.19,136.99,987.4,38687.0,11166.0,11166.0
669,30.960,136.940,30.79,136.99,987.4,38413.0,11442.0,11442.0
670,30.960,136.940,31.08,137.13,987.4,38941.0,11883.0,11883.0
671,30.960,136.940,30.86,137.27,987.4,38849.0,11230.0,11230.0
672,30.960,136.940,31.05,137.01,987.4,40488.0,12774.0,12774.0
673,30.960,136.940,31.04,136.83,987.4,38670.0,11208.0,11208.0
674,30.960,136.940,30.92,136.94,987.4,37193.0,9893.0,9893.0
675,30.960,136.940,30.91,137.21,987.4,37332.0,9392.0,9392.0
676,30.960,136.940,31.04,137.09,987.4,39632.0,11429.0,11429.0
677,30.960,136.940,30.73,136.99,987.4,40719.0,12698.0,12698.0
678,30.960,136.940,30.99,137.17,987.4,40409.0,12014.0,12014.0
679,30.960,136.940,30.67,137.33,987.4,38643.0,12556.0,12556.0
680,30.960,136.940,31.23,136.52,987.4,36627.0,9557.0,9557.0
681,30.960,136.940,31.27,137.13,987.4,36569.0,9311.0,9311.0
682,30.960,136.940,30.67,136.61,987.4,37100.0,10352.0,10352.0
683,30.960,136.940,31.05,137,987.4,37289.0,9877.0,9877.0
684,30.960,136.940,30.88,136.97,987.4,39164.0,10935.0,10935.0
685,30.960,136.940,30.97,136.96,987.4,39428.0,11726.0,11726.0
686,30.960,136.940,30.67,137.39,987.4,37545.0,10722.0,10722.0
687,30.960,136.940,30.58,137.02,987.4,36972.0,9518.0,9518.0
688,30.960,136.940,30.99,137.08,987.4,38440.0,10715.0,10715.0
689,30.960,136.940,31.06,137.05,987.4,37306.0,9985.0,9985.0
690,30.960,136.940,30.74,137.13,987.4,39102.0,11857.0,11857.0
691,30.960,136.940,30.81,136.86,987.4,37055.0,9691.0,9691.0
692,30.960,136.940,30.81,136.93,987.4,38426.0,11124.0,11124.0
693,30.960,136.940,30.66,136.6,987.4,38297.0,11967.0,11967.0
694,30.960,136.940,31.02,137.01,987.4,37162.0,9350.0,9350.0
695,30.960,136.940,30.94,136.93,987.4,37559.0,10962.0,10962.0
696,30.960,136.940,31.06,136.88,987.4,39763.0,11881.0,11881.0
697,30.960,136.940,30.93,137.16,987.4,34588.0,8380.0,8380.0
698,30.960,136.940,30.88,137.15,987.4,39122.0,10592.0,10592.0
699,30.960,136.940,31.37,136.94,987.4,41805.0,12774.0,12774.0
700,30.960,136.940,30.76,137.3,987.4,40024.0,11935.0,11935.0
701,30.960,136.940,30.58,136.71,987.4,37922.0,10512.0,10512.0
702,30.960,136.940,30.56,137.28,987.4,35438.0,9273.0,9273.0
703,30.960,136.940,30.9,136.96,987.4,39114.0,11399.0,11399.0
704,30.960,136.940,30.92,136.9,987.4,65535.0,31164.0,31164.0
705,30.960,136.940,30.95,137,987.4,45003.0,16094.0,16094.0
706,30.960,136.940,30.81,136.75,987.4,35178.0,8535.0,8535.0
707,30.960,136.940,30.97,137.46,987.4,38750.0,10544.0,10544.0
708,30.960,136.940,30.92,137.13,987.4,37028.0,9347.0,9347.0
709,30.960,136.940,31.17,136.89,987.4,38761.0,10226.0,10226.0
710,30.960,136.940,30.65,136.89,987.4,35707.0,9519.0,9519.0
711,30.960,136.940,30.97,136.9,987.4,36102.0,9066.0,9066.0
712,30.960,136.940,30.94,136.86,987.4,37401.0,10727.0,10727.0
713,30.960,136.940,31.17,137.04,987.4,40134.0,11836.0,11836.0
714,30.960,136.940,30.69,136.64,987.4,36772.0,8808.0,8808.0
715,30.960,136.940,30.94,137.08,987.4,35783.0,8465.0,8465.0
716,30.960,136.940,30.98,136.85,987.4,38113.0,10853.0,10853.0
717,30.960,136.940,30.92,137.04,987.4,38108.0,10567.0,10567.0
718,30.960,136.940,31,137.1,987.4,38082.0,10034.0,10034.0
719,30.960,136.940,31.17,137.05,987.4,40191.0,11646.0,11646.0
720,30.960,136.940,30.95,137.11,987.4,40219.0,11925.0,11925.0
721,30.960,136.940,30.67,136.92,987.4,38234.0,11260.0,11260.0
722,30.960,136.940,30.95,137.08,987.4,37745.0,10631.0,10631.0
723,30.960,136.940,30.96,136.96,987.4,38068.0,10634.0,10634.0
724,30.960,136.940,30.96,136.71,987.4,39474.0,12743.0,12743.0
725,30.960,136.940,30.9,136.93,987.4,37913.0,10460.0,10460.0
726,30.960,136.940,30.58,137.41,987.4,35811.0,9243.0,9243.0
727,30.960,136.940,30.66,136.64,987.4,36774.0,9264.0,9264.0
728,30.960,136.940,31.09,137.07,987.4,38256.0,9650.0,9650.0
729,30.960,136.940,31,136.9,987.4,38107.0,9896.0,9896.0
730,30.960,136.940,30.82,137.16,987.4,38398.0,10418.0,10418.0
731,30.960,136.940,30.86,137.08,987.4,38967.0,11265.0,11265.0
732,30.960,136.940,30.92,136.91,987.4,36160.0,9345.0,9345.0
733,30.960,136.940,31.07,136.87,987.4,36609.0,10446.0,10446.0
734,30.960,136.940,30.78,136.97,987.4,37551.0,10889.0,10889.0
735,30.960,136.940,31.03,137.03,987.4,39913.0,11459.0,11459.0
736,30.960,136.940,30.61,136.85,987.4,37995.0,11750.0,11750.0
737,30.960,136.940,30.88,136.96,987.4,39274.0,11912.0,11912.0
738,30.960,136.940,30.7,136.66,987.4,41428.0,14894.0,14894.0
739,30.960,136.940,30.99,136.92,987.4,38134.0,10358.0,10358.0
740,30.960,136.940,31.16,137.12,987.4,35492.0,8001.0,8001.0
741,30.960,136.940,30.76,136.93,987.4,38540.0,8618.0,8618.0
742,30.960,136.940,31.08,137.16,987.4,36020.0,8718.0,8718.0
743,30.960,136.940,30.88,136.85,987.4,37140.0,9686.0,9686.0
744,30.960,136.940,31.01,136.95,987.4,39069.0,11510.0,11510.0
745,30.960,136.940,31.18,136.98,987.4,37215.0,10507.0,10507.0
746,30.960,136.940,30.85,136.84,987.4,36046.0,9481.0,9481.0
747,30.960,136.940,31.17,137.05,987.4,37312.0,10787.0,10787.0
748,30.960,136.940,31.23,136.92,987.4,38289.0,10737.0,10737.0
749,30.960,136.940,30.82,137.34,987.4,35327.0,8055.0,8055.0
750,30.960,136.940,31.04,136.7,987.4,38172.0,10808.0,10808.0
751,30.960,136.940,30.63,136.93,987.4,34754.0,8347.0,8347.0
752,30.960,136.940,30.44,136.79,987.4,39525.0,12056.0,12056.0
753,30.960,136.940,31.39,136.99,987.4,39055.0,9786.0,9786.0
754,30.960,136.940,31.01,136.59,987.4,37301.0,9169.0,9169.0
755,30.960,136.940,30.9,137.11,987.4,34533.0,8572.0,8572.0
756,30.960,136.940,30.97,136.97,987.4,37957.0,11452.0,11452.0
757,30.960,136.940,31.06,136.82,987.4,34959.0,7682.0,7682.0
758,30.960,136.940,30.68,136.56,987.4,39720.0,12516.0,12516.0
759,30.960,136.940,31.11,136.98,987.4,39096.0,11543.0,11543.0
760,30.960,136.940,30.89,137.06,987.4,38403.0,10771.0,10771.0
761,30.960,136.940,31.12,136.96,987.4,38378.0,10488.0,10488.0
762,30.960,136.940,30.66,137.12,987.4,35501.0,8966.0,8966.0
763,30.960,136.940,30.98,137.21,987.4,38588.0,11526.0,11526.0
764,30.960,136.940,31.46,136.98,987.4,36064.0,9250.0,9250.0
765,30.960,136.940,31.35,136.6,987.4,37237.0,10229.0,10229.0
766,30.960,136.940,30.98,136.89,987.4,39207.0,10973.0,10973.0
767,30.960,136.940,30.88,136.99,987.4,35919.0,9496.0,9496.0
768,30.960,136.940,31.06,137.1,987.4,35361.0,8003.0,8003.0
769,30.960,136.940,30.87,137.04,987.4,39572.0,11646.0,11646.0
770,30.960,136.940,30.86,136.89,987.4,41588.0,13782.0,13782.0
771,30.960,136.940,31.28,137.43,987.4,36416.0,9493.0,9493.0
772,30.960,136.940,30.49,137.49,987.4,37781.0,10792.0,10792.0
773,30.960,136.940,31.18,137.04,987.4,37924.0,10422.0,10422.0
774,30.960,136.940,30.89,137.18,987.4,36560.0,9094.0,9094.0
775,30.960,136.940,30.97,136.98,987.4,37583.0,10846.0,10846.0
776,30.960,136.940,30.92,137.03,987.4,36820.0,9525.0,9525.0
777,30.960,136.940,30.71,136.92,987.4,36297.0,9651.0,9651.0
778,30.960,136.940,31.01,136.89,987.4,38530.0,10581.0,10581.0
779,30.960,136.940,30.94,136.89,987.4,37936.0,11332.0,11332.0
780,30.960,136.940,30.97,137.11,987.4,38211.0,11494.0,11494.0
781,30.960,136.940,31.48,136.63,987.4,38839.0,11697.0,11697.0
782,30.960,136.940,31.32,136.57,987.4,35636.0,9239.0,9239.0
783,30.960,136.940,30.72,137.05,987.4,36647.0,8704.0,8704.0
784,30.960,136.940,31.15,137.01,987.4,36486.0,9304.0,9304.0
785,30.960,136.940,31,136.99,987.4,39321.0,12787.0,12787.0
786,30.960,136.940,30.89,136.95,987.4,39285.0,11995.0,11995.0
787,30.960,136.940,31.15,136.95,987.4,37202.0,10255.0,10255.0
788,30.960,136.940,31.44,136.66,987.4,39224.0,11348.0,11348.0
789,30.960,136.940,31.18,137.01,987.4,36262.0,10205.0,10205.0
790,30.960,136.940,31.11,136.6,987.4,36251.0,9219.0,9219.0
791,30.960,136.940,30.86,136.99,987.4,39087.0,12098.0,12098.0
792,30.960,136.940,31.06,137.05,987.4,36600.0,9661.0,9661.0
793,30.960,136.940,31.14,136.97,987.4,37916.0,10931.0,10931.0
794,30.960,136.940,30.67,137.35,987.4,35478.0,8916.0,8916.0
795,30.960,136.940,30.96,136.92,987.4,38514.0,10699.0,10699.0
796,30.960,136.940,30.95,136.54,987.4,36716.0,10122.0,10122.0
797,30.960,136.940,30.78,136.75,987.4,38300.0,10475.0,10475.0
798,30.960,136.940,30.98,137.24,987.4,38183.0,12471.0,12471.0
799,30.960,136.940,30.83,137.43,987.4,36816.0,10027.0,10027.0
800,30.960,136.940,30.96,137.04,987.4,38181.0,10728.0,10728.0
801,30.960,136.940,31.09,137.02,987.4,36787.0,9873.0,9873.0
802,30.960,136.940,31.1,136.82,987.4,37784.0,10862.0,10862.0
803,30.960,136.940,30.58,137.04,987.4,39257.0,11514.0,11514.0
804,30.960,136.940,30.6,137.41,987.4,36509.0,9689.0,9689.0
805,30.960,136.940,30.68,137.04,987.4,37976.0,11138.0,11138.0
806,30.960,136.940,31.05,136.8,987.4,40146.0,12052.0,12052.0
807,30.960,136.940,31.03,136.96,987.4,38403.0,11200.0,11200.0
808,30.960,136.940,30.89,137.05,987.4,36989.0,9248.0,9248.0
809,30.960,136.940,30.96,136.99,987.4,37993.0,11512.0,11512.0
810,30.960,136.940,30.89,137.03,987.4,34924.0,8178.0,8178.0
811,30.960,136.940,30.64,136.9,987.4,36854.0,8800.0,8800.0
812,30.960,136.940,30.85,137.07,987.4,38919.0,11672.0,11672.0
813,30.960,136.940,31,137.06,987.4,39749.0,11941.0,11941.0
814,30.960,136.940,30.66,136.65,987.4,35556.0,9066.0,9066.0
815,30.960,136.940,31.14,136.92,987.4,36685.0,8963.0,8963.0
816,30.960,136.940,30.51,137.04,987.4,36569.0,8865.0,8865.0
817,30.960,136.940,31.08,136.95,987.4,38916.0,10889.0,10889.0
818,30.960,136.940,30.83,136.97,987.4,34727.0,8087.0,8087.0
819,30.960,136.940,31.04,136.96,987.4,33843.0,7671.0,7671.0
820,30.960,136.940,30.97,136.96,987.4,37894.0,10629.0,10629.0
821,30.960,136.940,30.9,136.9,987.4,36376.0,9719.0,9719.0
822,30.960,136.940,31.01,137.02,987.4,38017.0,11509.0,11509.0
823,30.960,136.940,31.06,136.81,987.4,35385.0,7408.0,7408.0
824,30.960,136.940,30.94,137.09,987.4,35455.0,8806.0,8806.0
825,30.960,136.940,31.31,136.87,987.4,37016.0,9397.0,9397.0
826,30.960,136.940,30.61,136.62,987.4,39731.0,12587.0,12587.0
827,30.960,136.940,30.88,137.01,987.4,39335.0,11743.0,11743.0
828,30.960,136.940,31.13,136.99,987.4,41242.0,12444.0,12444.0
829,30.960,136.940,31.4,136.61,987.4,35825.0,9067.0,9067.0
830,30.960,136.940,30.82,137.21,987.4,37315.0,11170.0,11170.0
831,30.960,136.940,30.82,136.83,987.4,38752.0,10754.0,10754.0
832,30.960,136.940,30.98,137.02,987.4,38525.0,10901.0,10901.0
833,30.960,136.940,31.02,136.97,987.4,37798.0,10181.0,10181.0
834,30.960,136.940,30.81,137.36,987.4,36323.0,8752.0,8752.0
835,30.960,136.940,31,136.96,987.4,40145.0,12054.0,12054.0
836,30.960,136.940,31.32,137.17,987.4,34851.0,8946.0,8946.0
837,30.960,136.940,31,136.85,987.4,37625.0,10532.0,10532.0
838,30.960,136.940,31,136.91,987.4,35633.0,8625.0,8625.0
839,30.960,136.940,31.04,136.79,987.4,38694.0,11414.0,11414.0
840,30.960,136.940,31.3,137.37,987.4,37929.0,11450.0,11450.0
841,30.960,136.940,31.01,136.86,987.4,38164.0,10832.0,10832.0
842,30.960,136.940,31.03,136.92,987.4,37676.0,11038.0,11038.0
843,30.960,136.940,30.91,137,987.4,40414.0,12584.0,12584.0
844,30.960,136.940,30.9,137.16,987.4,36276.0,7783.0,7783.0
845,30.960,136.940,31.06,136.89,987.4,35481.0,7862.0,7862.0
846,30.960,136.940,30.93,136.58,987.4,37854.0,10159.0,10159.0
847,30.960,136.940,31.51,136.76,987.4,38930.0,10838.0,10838.0
848,30.960,136.940,30.97,137.05,987.4,39167.0,10222.0,10222.0
849,30.960,136.940,30.69,137.04,987.4,36959.0,9393.0,9393.0
850,30.960,136.940,30.94,136.99,987.4,38305.0,9112.0,9112.0
851,30.960,136.940,31.01,136.85,987.4,35850.0,8109.0,8109.0
852,30.960,136.940,30.96,136.72,987.4,39115.0,10288.0,10288.0
853,30.960,136.940,30.69,136.84,987.4,39716.0,10437.0,10437.0
854,30.960,136.940,31.05,136.96,987.4,38054.0,8459.0,8459.0
855,30.960,136.940,30.75,136.59,987.4,37696.0,9491.0,9491.0
856,30.960,136.940,30.9,136.85,987.4,37427.0,9089.0,9089.0
857,30.960,136.940,30.95,137.12,987.4,39159.0,9115.0,9115.0
858,30.960,136.940,30.92,136.55,987.4,40998.0,11574.0,11574.0
859,30.960,136.940,30.97,137.02,987.4,37201.0,9324.0,9324.0
860,30.960,136.940,30.83,137.21,987.4,38411.0,9771.0,9771.0
861,30.960,136.940,30.88,136.61,987.4,37343.0,8921.0,8921.0
862,30.960,136.940,30.95,136.75,987.4,37866.0,10280.0,10280.0
863,30.960,136.940,31.09,137.45,987.4,41140.0,11662.0,11662.0
864,30.960,136.940,31.07,137.27,987.4,39484.0,10394.0,10394.0
865,30.960,136.940,31.22,136.88,987.4,38204.0,9059.0,9059.0
866,30.960,136.940,31.08,137.1,987.4,38720.0,9814.0,9814.0
867,30.960,136.940,30.64,136.6,987.4,36190.0,7983.0,7983.0
868,30.960,136.940,30.59,136.67,987.4,39007.0,10166.0,10166.0
869,30.960,136.940,30.95,137.04,987.4,38998.0,10492.0,10492.0
870,30.960,136.940,30.63,137.31,987.4,37206.0,9209.0,9209.0
871,30.960,136.940,31.13,136.83,987.4,40654.0,11007.0,11007.0
872,30.960,136.940,30.54,136.81,987.4,39015.0,10941.0,10941.0
873,30.960,136.940,31.14,136.98,987.4,37579.0,7969.0,7969.0
874,30.960,136.940,30.57,137.02,987.4,38638.0,9544.0,9544.0
875,30.960,136.940,31.12,137.01,987.4,40231.0,11490.0,11490.0
876,30.960,136.940,31.31,136.6,987.4,38040.0,9578.0,9578.0
877,30.960,136.940,30.93,136.83,987.4,40164.0,10898.0,10898.0
878,30.960,136.940,30.96,136.94,987.4,38541.0,11087.0,11087.0
879,30.960,136.940,30.96,136.94,987.4,33210.0,5403.0,5403.0
880,30.960,136.940,30.96,136.94,987.4,24851.0,0.0,0.0
881,30.960,136.940,30.96,136.94,987.4,26329.0,29.0,29.0
882,30.960,136.940,30.96,136.94,987.4,25456.0,0.0,0.0
883,30.960,136.940,30.96,136.94,987.4,25632.0,91.0,91.0
884,30.960,136.940,30.96,136.94,987.4,24852.0,0.0,0.0
885,30.960,136.940,30.96,136.94,987.4,24594.0,0.0,0.0
886,30.960,136.940,30.96,136.94,987.4,24507.0,0.0,0.0
887,30.960,136.940,30.96,136.94,987.4,23310.0,0.0,0.0
888,30.960,136.940,30.96,136.94,987.4,27114.0,0.0,0.0
889,30.960,136.940,30.96,136.94,987.4,26664.0,301.0,301.0
890,30.960,136.940,30.96,136.94,987.4,26823.0,0.0,0.0
891,30.960,136.940,30.96,136.94,987.4,26954.0,67.0,67.0
892,30.960,136.940,30.96,136.94,987.4,26789.0,632.0,632.0
893,30.960,136.940,30.96,136.94,987.4,25027.0,0.0,0.0
894,30.960,136.940,30.96,136.94,987.4,26111.0,0.0,0.0
895,30.960,136.940,30.96,136.94,987.4,24870.0,0.0,0.0
896,30.960,136.940,30.96,136.94,987.4,26228.0,0.0,0.0
897,30.960,136.940,30.96,136.94,987.4,26030.0,0.0,0.0
898,30.960,136.940,30.96,136.94,987.4,26387.0,0.0,0.0
899,30.960,136.940,30.96,136.94,987.4,24942.0,0.0,0.0
900,30.960,136.940,30.96,136.94,987.4,24542.0,0.0,0.0
901,30.960,136.940,30.96,136.94,987.4,25652.0,0.0,0.0
902,30.960,136.940,30.96,136.94,987.4,27815.0,625.0,625.0
903,30.960,136.940,30.96,136.94,987.4,25863.0,0.0,0.0
904,30.960,136.940,30.96,136.94,987.4,25849.0,613.0,613.0
905,30.960,136.940,30.96,136.94,987.4,24397.0,0.0,0.0
906,30.960,136.940,30.96,136.94,987.4,25662.0,387.0,387.0
907,30.960,136.940,30.96,136.94,987.4,26037.0,0.0,0.0
908,30.960,136.940,30.96,136.94,987.4,25443.0,0.0,0.0
909,30.960,136.940,30.96,136.94,987.4,25504.0,0.0,0.0
910,30.960,136.940,30.96,136.94,987.4,24691.0,0.0,0.0
911,30.960,136.940,30.96,136.94,987.4,25519.0,0.0,0.0
912,30.960,136.940,30.96,136.94,987.4,24464.0,0.0,0.0
913,30.960,136.940,30.96,136.94,987.4,24818.0,51.0,51.0
914,30.960,136.940,30.96,136.94,987.4,25858.0,0.0,0.0
915,30.960,136.940,30.96,136.94,987.4,26683.0,545.0,545.0
916,30.960,136.940,30.96,136.94,987.4,24379.0,0.0,0.0
917,30.960,136.940,30.96,136.94,987.4,24891.0,0.0,0.0
918,30.960,136.940,30.96,136.94,987.4,24913.0,0.0,0.0
919,30.960,136.940,30.96,136.94,987.4,26593.0,0.0,0.0
920,30.960,136.940,30.96,136.94,987.4,26038.0,0.0,0.0
921,30.960,136.940,30.96,136.94,987.4,23900.0,0.0,0.0
922,30.960,136.940,30.96,136.94,987.4,26716.0,294.0,294.0
923,30.960,136.940,30.96,136.94,987.4,24832.0,0.0,0.0
924,30.960,136.940,30.96,136.94,987.4,25929.0,0.0,0.0
925,30.960,136.940,30.96,136.94,987.4,27421.0,78.0,78.0
926,30.960,136.940,30.96,136.94,987.4,25914.0,0.0,0.0
927,30.960,136.940,30.96,136.94,987.4,25915.0,0.0,0.0
928,30.960,136.940,30.96,136.94,987.4,25191.0,0.0,0.0
929,30.960,136.940,30.96,136.94,987.4,26333.0,169.0,169.0
930,30.960,136.940,30.96,136.94,987.4,24630.0,0.0,0.0
931,30.960,136.940,30.96,136.94,987.4,25993.0,0.0,0.0
932,30.960,136.940,30.96,136.94,987.4,26109.0,45.0,45.0
933,30.960,136.940,30.96,136.94,987.4,24400.0,0.0,0.0
934,30.960,136.940,30.96,136.94,987.4,26618.0,0.0,0.0
935,30.960,136.940,30.96,136.94,987.4,26066.0,0.0,0.0
936,30.960,136.940,30.96,136.94,987.4,26237.0,0.0,0.0
937,30.960,136.940,30.96,136.94,987.4,26655.0,0.0,0.0
938,30.960,136.940,30.96,136.94,987.4,25345.0,0.0,0.0
939,30.960,136.940,30.96,136.94,987.4,25866.0,0.0,0.0
940,30.960,136.940,30.96,136.94,987.4,26431.0,0.0,0.0
941,30.960,136.940,30.96,136.94,987.4,24267.0,0.0,0.0
942,30.960,136.940,30.96,136.94,987.4,25330.0,0.0,0.0
943,30.960,136.940,30.96,136.94,987.4,23648.0,0.0,0.0
944,30.960,136.940,30.96,136.94,987.4,26651.0,158.0,158.0
945,30.960,136.940,30.96,136.94,987.4,27257.0,659.0,659.0
946,30.960,136.940,30.96,136.94,987.4,25183.0,0.0,0.0
947,30.960,136.940,30.96,136.94,987.4,25307.0,0.0,0.0
948,30.960,136.940,30.96,136.94,987.4,25071.0,0.0,0.0
949,30.960,136.940,30.96,136.94,987.4,23859.0,0.0,0.0
950,30.960,136.940,30.96,136.94,987.4,25601.0,0.0,0.0
951,30.960,136.940,30.96,136.94,987.4,25670.0,0.0,0.0
952,30.960,136.940,30.96,136.94,987.4,23729.0,0.0,0.0
953,30.960,136.940,30.96,136.94,987.4,26542.0,208.0,208.0
954,30.960,136.940,30.96,136.94,987.4,23849.0,0.0,0.0
955,30.960,136.940,30.96,136.94,987.4,26428.0,231.0,231.0
956,30.960,136.940,30.96,136.94,987.4,25564.0,0.0,0.0
957,30.960,136.940,30.96,136.94,987.4,24587.0,0.0,0.0
958,30.960,136.940,30.96,136.94,987.4,24336.0,0.0,0.0
959,30.960,136.940,30.96,136.94,987.4,25886.0,1142.0,1142.0
960,30.960,136.940,30.96,136.94,987.4,26200.0,912.0,912.0
961,30.960,136.940,30.96,136.94,987.4,26230.0,0.0,0.0
962,30.960,136.940,30.96,136.94,987.4,25706.0,0.0,0.0
963,30.960,136.940,30.96,136.94,987.4,27025.0,0.0,0.0
964,30.960,136.940,30.96,136.94,987.4,27044.0,27.0,27.0
965,30.960,136.940,30.96,136.94,987.4,25365.0,0.0,0.0
966,30.960,136.940,30.96,136.94,987.4,25717.0,0.0,0.0
967,30.960,136.940,30.96,136.94,987.4,25918.0,0.0,0.0
968,30.960,136.940,30.96,136.94,987.4,25917.0,0.0,0.0
969,30.960,136.940,30.96,136.94,987.4,25637.0,0.0,0.0
970,30.960,136.940,30.96,136.94,987.4,27175.0,1172.0,1172.0
971,30.960,136.940,30.96,136.94,987.4,25281.0,0.0,0.0
972,30.960,136.940,30.96,136.94,987.4,26022.0,0.0,0.0
973,30.960,136.940,30.96,136.94,987.4,25807.0,219.0,219.0
974,30.960,136.940,30.96,136.94,987.4,25042.0,0.0,0.0
975,30.960,136.940,30.96,136.94,987.4,26757.0,384.0,384.0
976,30.960,136.940,30.96,136.94,987.4,26251.0,69.0,69.0
977,30.960,136.940,30.96,136.94,987.4,25570.0,0.0,0.0
978,30.960,136.940,30.96,136.94,987.4,26442.0,0.0,0.0
979,30.960,136.940,30.96,136.94,987.4,25990.0,0.0,0.0
980,30.960,136.940,30.96,136.94,987.4,26634.0,133.0,133.0
981,30.960,136.940,30.96,136.94,987.4,24319.0,0.0,0.0
982,30.960,136.940,30.96,136.94,987.4,24689.0,0.0,0.0
983,30.960,136.940,30.96,136.94,987.4,24331.0,0.0,0.0
984,30.960,136.940,30.96,136.94,987.4,23539.0,0.0,0.0
985,30.960,136.940,30.96,136.94,987.4,25403.0,0.0,0.0
986,30.960,136.940,30.96,136.94,987.4,25722.0,0.0,0.0
987,30.960,136.940,30.96,136.94,987.4,25148.0,0.0,0.0
988,30.960,136.940,30.96,136.94,987.4,26050.0,697.0,697.0
989,30.960,136.940,30.96,136.94,987.4,25851.0,83.0,83.0
990,30.960,136.940,30.96,136.94,987.4,25636.0,0.0,0.0
991,30.960,136.940,30.96,136.94,987.4,22959.0,0.0,0.0
992,30.960,136.940,30.96,136.94,987.4,24193.0,0.0,0.0
993,30.960,136.940,30.96,136.94,987.4,24749.0,0.0,0.0
994,30.960,136.940,30.96,136.94,987.4,23710.0,0.0,0.0
995,30.960,136.940,30.96,136.94,987.4,25104.0,0.0,0.0
996,30.960,136.940,30.96,136.94,987.4,25597.0,0.0,0.0
997,30.960,136.940,30.96,136.94,987.4,26313.0,0.0,0.0
998,30.960,136.940,30.96,136.94,987.4,24778.0,0.0,0.0
999,30.960,136.940,30.96,136.94,987.4,24769.0,0.0,0.0
1000,30.960,136.940,30.96,136.94,987.4,25403.0,0.0,0.0
1001,30.960,136.940,30.96,136.94,987.4,26418.0,0.0,0.0
1002,30.960,136.940,30.96,136.94,987.4,25690.0,0.0,0.0
1003,30.960,136.940,30.96,136.94,987.4,25379.0,0.0,0.0
1004,30.960,136.940,30.96,136.94,987.4,26481.0,330.0,330.0
1005,30.960,136.940,30.96,136.94,987.4,24780.0,0.0,0.0
1006,30.960,136.940,30.96,136.94,987.4,25430.0,0.0,0.0
1007,30.960,136.940,30.96,136.94,987.4,25790.0,3.0,3.0
1008,30.960,136.940,30.96,136.94,987.4,26514.0,0.0,0.0
1009,30.960,136.940,30.96,136.94,987.4,25931.0,146.0,146.0
1010,30.960,136.940,30.96,136.94,987.4,22980.0,0.0,0.0
1011,30.960,136.940,30.96,136.94,987.4,24156.0,0.0,0.0
1012,30.960,136.940,30.96,136.94,987.4,26432.0,304.0,304.0
1013,30.960,136.940,30.96,136.94,987.4,25834.0,0.0,0.0
1014,30.960,136.940,30.96,136.94,987.4,26205.0,0.0,0.0
1015,30.960,136.940,30.96,136.94,987.4,25549.0,0.0,0.0
1016,30.960,136.940,30.96,136.94,987.4,26224.0,354.0,354.0
1017,30.960,136.940,30.96,136.94,987.4,25709.0,0.0,0.0
1018,30.960,136.940,30.96,136.94,987.4,25330.0,0.0,0.0
1019,30.960,136.940,30.96,136.94,987.4,25131.0,0.0,0.0
1020,30.960,136.940,30.96,136.94,987.4,25969.0,0.0,0.0
1021,30.960,136.940,30.96,136.94,987.4,24953.0,0.0,0.0
1022,30.960,136.940,30.96,136.94,987.4,26465.0,315.0,315.0
1023,30.960,136.940,30.96,136.94,987.4,25991.0,0.0,0.0
1024,30.960,136.940,30.96,136.94,987.4,24178.0,0.0,0.0
1025,30.960,136.940,30.96,136.94,987.4,24872.0,0.0,0.0
1026,30.960,136.940,30.96,136.94,987.4,25184.0,103.0,103.0
1027,30.960,136.940,30.96,136.94,987.4,24026.0,0.0,0.0
1028,30.960,136.940,30.96,136.94,987.4,25004.0,0.0,0.0
1029,30.960,136.940,30.96,136.94,987.4,24364.0,0.0,0.0
1030,30.960,136.940,30.96,136.94,987.4,24616.0,0.0,0.0
1031,30.960,136.940,30.96,136.94,987.4,24619.0,0.0,0.0
1032,30.960,136.940,30.96,136.94,987.4,23717.0,0.0,0.0
1033,30.960,136.940,30.96,136.94,987.4,23708.0,0.0,0.0
1034,30.960,136.940,30.96,136.94,987.4,25184.0,70.0,70.0
1035,30.960,136.940,30.96,136.94,987.4,25109.0,0.0,0.0
1036,30.960,136.940,30.96,136.94,987.4,25381.0,0.0,0.0
1037,30.960,136.940,30.96,136.94,987.4,25628.0,0.0,0.0
1038,30.960,136.940,30.96,136.94,987.4,23594.0,0.0,0.0
1039,30.960,136.940,30.96,136.94,987.4,24891.0,0.0,0.0
1040,30.960,136.940,30.96,136.94,987.4,22842.0,0.0,0.0
1041,30.960,136.940,30.96,136.94,987.4,23375.0,0.0,0.0
1042,30.960,136.940,30.96,136.94,987.4,24538.0,0.0,0.0
1043,30.960,136.940,30.96,136.94,987.4,24689.0,0.0,0.0
1044,30.960,136.940,30.96,136.94,987.4,25779.0,0.0,0.0
1045,30.960,136.940,30.96,136.94,987.4,25354.0,0.0,0.0
1046,30.960,136.940,30.96,136.94,987.4,25299.0,0.0,0.0
1047,30.960,136.940,30.96,136.94,987.4,26715.0,1556.0,1556.0
1048,30.960,136.940,30.96,136.94,987.4,24886.0,0.0,0.0
1049,30.960,136.940,30.96,136.94,987.4,26498.0,0.0,0.0
1050,30.960,136.940,30.96,136.94,987.4,25453.0,0.0,0.0
1051,30.960,136.940,30.96,136.94,987.4,22549.0,0.0,0.0
1052,30.960,136.940,30.96,136.94,987.4,24645.0,0.0,0.0
1053,30.960,136.940,30.96,136.94,987.4,25065.0,0.0,0.0
1054,30.960,136.940,30.96,136.94,987.4,24995.0,0.0,0.0
1055,30.960,136.940,30.96,136.94,987.4,24297.0,0.0,0.0
1056,30.960,136.940,30.96,136.94,987.4,24395.0,0.0,0.0
1057,30.960,136.940,30.96,136.94,987.4,25748.0,0.0,0.0
1058,30.960,136.940,30.96,136.94,987.4,26016.0,0.0,0.0
1059,30.960,136.940,30.96,136.94,987.4,25398.0,0.0,0.0
1060,30.960,136.940,30.96,136.94,987.4,24577.0,0.0,0.0
1061,30.960,136.940,30.96,136.94,987.4,25950.0,0.0,0.0
1062,30.960,136.940,30.96,136.94,987.4,23611.0,0.0,0.0
1063,30.960,136.940,30.96,136.94,987.4,23679.0,0.0,0.0
1064,30.960,136.940,30.96,136.94,987.4,26856.0,662.0,662.0
1065,30.960,136.940,30.96,136.94,987.4,24037.0,0.0,0.0
1066,30.960,136.940,30.96,136.94,987.4,27431.0,314.0,314.0
1067,30.960,136.940,30.96,136.94,987.4,25491.0,0.0,0.0
1068,30.960,136.940,30.96,136.94,987.4,24608.0,0.0,0.0
1069,30.960,136.940,30.96,136.94,987.4,24188.0,0.0,0.0
1070,30.960,136.940,30.96,136.94,987.4,24621.0,0.0,0.0
1071,30.960,136.940,30.96,136.94,987.4,25637.0,0.0,0.0
1072,30.960,136.940,30.96,136.94,987.4,24044.0,0.0,0.0
1073,30.960,136.940,30.96,136.94,987.4,27568.0,571.0,571.0
1074,30.960,136.940,30.96,136.94,987.4,23567.0,0.0,0.0
1075,30.960,136.940,30.96,136.94,987.4,25002.0,0.0,0.0
1076,30.960,136.940,30.96,136.94,987.4,26080.0,0.0,0.0
1077,30.960,136.940,30.96,136.94,987.4,25826.0,0.0,0.0
1078,30.960,136.940,30.96,136.94,987.4,24629.0,0.0,0.0
